time,pelvis_tilt,pelvis_list,pelvis_rotation,pelvis_tx,pelvis_ty,pelvis_tz,hip_flexion_r,hip_adduction_r,hip_rotation_r,knee_angle_r,knee_angle_r_beta,ankle_angle_r,subtalar_angle_r,hip_flexion_l,hip_adduction_l,hip_rotation_l,knee_angle_l,knee_angle_l_beta,ankle_angle_l,subtalar_angle_l,L5_S1_Flex_Ext,L5_S1_Lat_Bending,L5_S1_axial_rotation,L4_L5_Flex_Ext,L4_L5_Lat_Bending,L4_L5_axial_rotation,L3_L4_Flex_Ext,L3_L4_Lat_Bending,L3_L4_axial_rotation,L2_L3_Flex_Ext,L2_L3_Lat_Bending,L2_L3_axial_rotation,L1_L2_Flex_Ext,L1_L2_Lat_Bending,L1_L2_axial_rotation,L1_T12_Flex_Ext,L1_T12_Lat_Bending,L1_T12_axial_rotation,neck_flexion,neck_bending,neck_rotation,arm_flex_r,arm_add_r,arm_rot_r,elbow_flex_r,pro_sup_r,wrist_flex_r,wrist_dev_r,arm_flex_l,arm_add_l,arm_rot_l,elbow_flex_l,pro_sup_l,wrist_flex_l,wrist_dev_l,pelvis_tilt_speed,pelvis_tilt_acc,pelvis_tilt_jerk,pelvis_list_speed,pelvis_list_acc,pelvis_list_jerk,pelvis_rotation_speed,pelvis_rotation_acc,pelvis_rotation_jerk,pelvis_tx_speed,pelvis_tx_acc,pelvis_tx_jerk,pelvis_ty_speed,pelvis_ty_acc,pelvis_ty_jerk,pelvis_tz_speed,pelvis_tz_acc,pelvis_tz_jerk,hip_flexion_r_speed,hip_flexion_r_acc,hip_flexion_r_jerk,hip_adduction_r_speed,hip_adduction_r_acc,hip_adduction_r_jerk,hip_rotation_r_speed,hip_rotation_r_acc,hip_rotation_r_jerk,knee_angle_r_speed,knee_angle_r_acc,knee_angle_r_jerk,knee_angle_r_beta_speed,knee_angle_r_beta_acc,knee_angle_r_beta_jerk,ankle_angle_r_speed,ankle_angle_r_acc,ankle_angle_r_jerk,subtalar_angle_r_speed,subtalar_angle_r_acc,subtalar_angle_r_jerk,hip_flexion_l_speed,hip_flexion_l_acc,hip_flexion_l_jerk,hip_adduction_l_speed,hip_adduction_l_acc,hip_adduction_l_jerk,hip_rotation_l_speed,hip_rotation_l_acc,hip_rotation_l_jerk,knee_angle_l_speed,knee_angle_l_acc,knee_angle_l_jerk,knee_angle_l_beta_speed,knee_angle_l_beta_acc,knee_angle_l_beta_jerk,ankle_angle_l_speed,ankle_angle_l_acc,ankle_angle_l_jerk,subtalar_angle_l_speed,subtalar_angle_l_acc,subtalar_angle_l_jerk,L5_S1_Flex_Ext_speed,L5_S1_Flex_Ext_acc,L5_S1_Flex_Ext_jerk,L5_S1_Lat_Bending_speed,L5_S1_Lat_Bending_acc,L5_S1_Lat_Bending_jerk,L5_S1_axial_rotation_speed,L5_S1_axial_rotation_acc,L5_S1_axial_rotation_jerk,L4_L5_Flex_Ext_speed,L4_L5_Flex_Ext_acc,L4_L5_Flex_Ext_jerk,L4_L5_Lat_Bending_speed,L4_L5_Lat_Bending_acc,L4_L5_Lat_Bending_jerk,L4_L5_axial_rotation_speed,L4_L5_axial_rotation_acc,L4_L5_axial_rotation_jerk,L3_L4_Flex_Ext_speed,L3_L4_Flex_Ext_acc,L3_L4_Flex_Ext_jerk,L3_L4_Lat_Bending_speed,L3_L4_Lat_Bending_acc,L3_L4_Lat_Bending_jerk,L3_L4_axial_rotation_speed,L3_L4_axial_rotation_acc,L3_L4_axial_rotation_jerk,L2_L3_Flex_Ext_speed,L2_L3_Flex_Ext_acc,L2_L3_Flex_Ext_jerk,L2_L3_Lat_Bending_speed,L2_L3_Lat_Bending_acc,L2_L3_Lat_Bending_jerk,L2_L3_axial_rotation_speed,L2_L3_axial_rotation_acc,L2_L3_axial_rotation_jerk,L1_L2_Flex_Ext_speed,L1_L2_Flex_Ext_acc,L1_L2_Flex_Ext_jerk,L1_L2_Lat_Bending_speed,L1_L2_Lat_Bending_acc,L1_L2_Lat_Bending_jerk,L1_L2_axial_rotation_speed,L1_L2_axial_rotation_acc,L1_L2_axial_rotation_jerk,L1_T12_Flex_Ext_speed,L1_T12_Flex_Ext_acc,L1_T12_Flex_Ext_jerk,L1_T12_Lat_Bending_speed,L1_T12_Lat_Bending_acc,L1_T12_Lat_Bending_jerk,L1_T12_axial_rotation_speed,L1_T12_axial_rotation_acc,L1_T12_axial_rotation_jerk,neck_flexion_speed,neck_flexion_acc,neck_flexion_jerk,neck_bending_speed,neck_bending_acc,neck_bending_jerk,neck_rotation_speed,neck_rotation_acc,neck_rotation_jerk,arm_flex_r_speed,arm_flex_r_acc,arm_flex_r_jerk,arm_add_r_speed,arm_add_r_acc,arm_add_r_jerk,arm_rot_r_speed,arm_rot_r_acc,arm_rot_r_jerk,elbow_flex_r_speed,elbow_flex_r_acc,elbow_flex_r_jerk,pro_sup_r_speed,pro_sup_r_acc,pro_sup_r_jerk,wrist_flex_r_speed,wrist_flex_r_acc,wrist_flex_r_jerk,wrist_dev_r_speed,wrist_dev_r_acc,wrist_dev_r_jerk,arm_flex_l_speed,arm_flex_l_acc,arm_flex_l_jerk,arm_add_l_speed,arm_add_l_acc,arm_add_l_jerk,arm_rot_l_speed,arm_rot_l_acc,arm_rot_l_jerk,elbow_flex_l_speed,elbow_flex_l_acc,elbow_flex_l_jerk,pro_sup_l_speed,pro_sup_l_acc,pro_sup_l_jerk,wrist_flex_l_speed,wrist_flex_l_acc,wrist_flex_l_jerk,wrist_dev_l_speed,wrist_dev_l_acc,wrist_dev_l_jerk,lowerbody_angSpeed_sum,leg_angSpeed_sum,head_angSpeed_sum,arm_angSpeed_sum,pelvis_angSpeed_sum,spine_angSpeed_sum,lowerbody_angAcc_sum,leg_angAcc_sum,head_angAcc_sum,arm_angAcc_sum,pelvis_angAcc_sum,spine_angAcc_sum,lowerbody_angJerk_sum,leg_angJerk_sum,head_angJerk_sum,arm_angJerk_sum,pelvis_angJerk_sum,spine_angJerk_sum,TrialID
0.0,-0.34550121170965276,1.5133407269421926,-1.2111897226111201,0.003904893452660491,0.0024046783239271615,0.0021255197251658434,0.20465287636544058,-0.05005451245966522,-0.340887954854343,0.6064799479385091,0.010585071351498705,0.840627182894198,0.3059339782243897,0.21344381806172816,-0.11051880703628711,-0.19452978203141635,0.6393464590880871,0.011158701818545592,0.8300370546589694,0.26504296162004065,0.00014342625438480504,0.005552161048187851,-0.004810220835166811,0.0002663543647031876,0.007384378358777881,-0.005110860613918009,0.00023563349476416715,0.01349952876778504,-0.005110860613918009,0.00016392140645822418,0.01349952876778504,-0.004208940280333412,0.00013318449611226876,0.011321971219861822,-0.00390830399224072,8.195127014005964e-05,0.008600303122083527,-0.0036076667899279428,0.339757847847247,-0.009404061899879206,-0.0671969364909987,0.07521679188997701,-0.39611505432269417,1.0011297527262608,1.3177812266658169,0.5823506156122733,-0.031492311286166,0.440934002808941,0.18092962655494038,-0.37478920315092196,1.0644590184846672,1.299634515914498,1.1770620551608963,0.23211691097324752,0.49965357259926607,1.244145657248412,-0.01897543531686744,-0.0006256772342894645,-0.024085031239354564,0.0035576076972325603,0.00024108228899588394,-1.2924893757609133,0.01179242158542112,0.0007497710555412473,-3.5759587997577624e-05,6.719102205276724e-06,-1.9615708565099322e-07,-0.000420658306476624,8.897310919084571e-06,-2.0673586782101948e-07,9.358745150103637e-05,1.7119687521674252e-05,-8.168549203428451e-07,-0.09676203990095787,0.003962626342143256,0.00027525940777862226,-0.049720910143328016,0.0045562405413069485,4.022073647106835e-05,0.1379176273453554,0.009748410201955547,-0.00024695062376183267,-0.09685547281364541,-0.004616651968033929,0.00012384287256783644,-0.0016904415677741714,-8.057595302417705e-05,2.1614585541821525e-06,0.04968122335080096,-0.007214309661436396,0.00012234086714852508,0.02449865408799788,-0.00279100375945028,-1.5533266522436155e-05,-0.19153287659104035,0.0032793718313217086,0.0004089826559366766,0.10670658109226293,-0.0031273230181838,-0.00010237576165564736,-0.02969043092057192,-0.011193043254519714,0.00023889209936897094,-0.21896137419375827,-0.0020754989759162773,0.00033109072171699723,-0.0038215930667546204,-3.62244844318359e-05,5.778626288179583e-06,-0.03154290500925334,-0.0027763079054551514,5.1847985327014506e-05,-0.01980571971100869,-0.00012155435403816282,-0.00014396192877545727,0.0002795693566579306,-2.519200961559546e-05,-2.2305829428441105e-07,-0.00919153282442019,0.0003904633914395144,5.744817259707872e-06,0.03279533684826832,-0.0009412062773789482,-4.5847991735648664e-05,0.0005191837812240631,-4.678382472937683e-05,-4.1423789277062503e-07,-0.012224741718759941,0.0005193162605442008,7.640608852017182e-06,0.0348450435906544,-0.0010000314929289997,-4.871350018827683e-05,0.0004593052152144515,-4.138785116580201e-05,-3.664575091717082e-07,-0.0223483087164407,0.0009493730104412106,1.396795485251484e-05,0.0348450435906544,-0.0010000314929289997,-4.871350018827683e-05,0.00031951146592257106,-2.8791450551824784e-05,-2.5493499234189603e-07,-0.0223483087164407,0.0009493730104412106,1.396795485251484e-05,0.028695909685813835,-0.0008235553043916758,-4.011699215554783e-05,0.0002596024575714486,-2.339299516790088e-05,-2.0712612180675009e-07,-0.018743389276596193,0.0007962332621648837,1.1714839674708753e-05,0.026646208784937907,-0.0007647299699121971,-3.725150126448968e-05,0.00015975257474644858,-1.4394878495730782e-05,-1.2745486706179848e-07,-0.014237699473303365,0.0006048279330160871,8.898733102563708e-06,0.02459650664927121,-0.0007059049553981069,-3.438599536060266e-05,-0.020776326848037218,-0.010305742101793735,-0.00015299049223439047,0.12731475042977952,-0.00545115225666245,-9.933713372979852e-05,-0.13907375652296528,0.01295387047705039,4.010382790629273e-05,0.07445189111077477,-0.011978979488142536,-0.0010112888405682324,0.14255002368308364,-0.006298882962059864,-0.00034419113028951863,-0.26078773332013855,-0.026277264283827945,-0.00019361233602562634,0.17163614501209506,-0.023133305454602397,-4.592853057315278e-05,1.353749551387719,0.0031031327334396655,-0.0010201812879937603,0.6559424601270362,-0.01186051491599114,-0.00022433719305772846,-0.123311850518174,-0.018433842434154166,-0.00043185277089001034,-0.05666620255821322,-0.009323813987885054,0.00024475624540222865,-0.16430201465873648,0.007488033784788532,0.000248060009282158,0.04851458387167247,-0.03907169898972784,-0.00025630333891125127,0.02639038744665055,-0.016784434961911506,0.00143671478237409,0.2526342586955896,0.002286865659645735,2.8940095323363925e-05,0.18937464271120003,-0.01441698628225297,0.00011314471161625408,-0.1435440492443335,-0.013281074460189942,0.000243892566264401,1.8162644275493656,0.24859235218422374,0.1896897761812759,1.5984320501035696,1.7941592679094822,0.08619718586999969,0.028090874412546804,0.0096533726237879,0.017427740574446182,0.06511305070697088,0.022622673189358313,0.0028067856194538008,0.001176833531190416,0.0004044972288910341,0.00018676796798303106,0.0021869532839449415,0.0010058578705624004,0.00010828659511354289,0_1_29_p1
16.667,-0.3266645066131743,1.5136322909208337,-1.2315643088846968,0.003905136713424975,0.00239769213270836,0.002128342968786094,0.20371975192571365,-0.05031593890922535,-0.3374433927985608,0.6043298081002492,0.010547544396586383,0.8408226524859941,0.30590674528984996,0.2109324588192674,-0.10911835082582959,-0.19619782609480377,0.6356256288992287,0.01109376110418301,0.8291210809782475,0.2643743536399814,0.00014476155837339456,0.005443795847815051,-0.0044309008510708256,0.00026883413045997206,0.007240252589139958,-0.004707833113704954,0.0002378272954118847,0.013236049410136614,-0.004707833113704954,0.00016544746466741402,0.013236049410136614,-0.0038770354164713618,0.00013442441810168068,0.011100992712161254,-0.0036001065564959457,8.271437013337769e-05,0.008432445201275032,-0.0033231767480783017,0.3376004515264002,-0.00797454328804889,-0.0678862089885131,0.07370831114101675,-0.3949059560260919,0.9928289066656941,1.318218642627837,0.6056883818450907,-0.021694307473716576,0.4359893733320801,0.17865402466206526,-0.3764845958588008,1.0596314698397982,1.29984865961507,1.18187471399614,0.2335159403745971,0.4955131794799729,1.2170295829824145,-0.019504682365280794,-0.0006135481245432352,-0.018745857997679947,0.003739199672921752,0.00023142417635596603,-1.2716250585555882,0.01253081943709561,0.0007468703966058627,-3.1028408965894e-05,6.487676991720979e-06,-1.987139622669732e-07,-0.0004115899416506596,8.672125539267823e-06,-2.0994019660633158e-07,0.00010217822328509073,1.6110358427245088e-05,-8.347669553944959e-07,-0.09005730652557278,0.004198019745924011,0.0002676507342025571,-0.04534409212477213,0.004520576827731,3.006314841049466e-05,0.14573945351928524,0.009409416704849342,-0.00025597764962727716,-0.09926571651484402,-0.004399165738678761,0.00013443809777503055,-0.0017325084530225429,-7.678010646821121e-05,2.3463804917973495e-06,0.043867989200163174,-0.007011233342843366,0.0001321774067208302,0.02168877582341396,-0.002784798361109482,-1.265416043566594e-05,-0.18465697324030608,0.0036330781897442608,0.00039956235718043893,0.1031936225771833,-0.003163967275960679,-9.32224090913727e-05,-0.038538075003502766,-0.010813295839931398,0.00025300481437222203,-0.21780907085609072,-0.0017377816641147314,0.0003312252758842771,-0.0038014818088946004,-3.0330201054165574e-05,5.780974797620662e-06,-0.03366537780370293,-0.002691297120966353,5.526513619517101e-05,-0.021730199301658905,-0.0002749340133359545,-0.00014655940052593224,0.00025134675268640144,-2.512364814827899e-05,-1.9100379684891835e-07,-0.008795662702263722,0.0003895651384390825,4.869560079868926e-06,0.03175277238845976,-0.0009596453704721813,-4.2408804846375945e-05,0.00046677187203987406,-4.665687045974898e-05,-3.5470981899281045e-07,-0.011698234558343665,0.0005181215864467388,6.476516802604748e-06,0.033737318984805906,-0.001019623038982056,-4.505936383111836e-05,0.00041293841138624,-4.1275539227751454e-05,-3.137956065088789e-07,-0.02138578969078443,0.00094718899914516,1.1839853734489138e-05,0.033737318984805906,-0.001019623038982056,-4.505936383111836e-05,0.00028725636776171984,-2.8713330518879377e-05,-2.1830059079364746e-07,-0.02138578969078443,0.00094718899914516,1.1839853734489138e-05,0.027783666071226707,-0.0008396895122006681,-3.710770377974688e-05,0.0002333953198710096,-2.3329515087631215e-05,-1.773608986791784e-07,-0.017936130575873746,0.0007944015467729833,9.93001453917371e-06,0.025799125274486048,-0.0007797117398846067,-3.445716177173137e-05,0.00014362598667964872,-1.4355817520654656e-05,-1.0913875653184775e-07,-0.013624496424191217,0.0006034365491297185,7.542959389205893e-06,0.02381458307254232,-0.0007197342737222191,-3.1806604700767595e-05,-0.0324497387959825,-0.010358599266635952,-0.00014302878168237146,0.12150397873408189,-0.005451930318098599,-8.726095263367824e-05,-0.12701671186348523,0.01276110943143715,1.3603512222878508e-05,0.05720730444818323,-0.012594450013433962,-0.0009576024282052671,0.1349161010644202,-0.0064587568341591605,-0.0003208716704056519,-0.28741719316570313,-0.026107131419188433,-0.000149982929800296,0.15082686098398326,-0.022647171588982856,1.9675059643696886e-05,1.3477976717454216,0.002074839470595029,-0.001012148064786848,0.6404597755388909,-0.012038098924191424,-0.00021996511311100033,-0.14287748075937823,-0.018480964424987326,-0.00038341616707397307,-0.06649188655088673,-0.009210176122474592,0.0002234033110252077,-0.1557803592288674,0.007556173911714029,0.00022454784587176458,0.008440606686317138,-0.038855772070106015,-0.00020266328399919336,0.017886431739455436,-0.01542527410034825,0.001416305614157525,0.2550677394408626,0.002252350206883901,2.2443619406785657e-05,0.17671232831535788,-0.014057634218061426,0.0001396446710020727,-0.15438843097649935,-0.012901778199631812,0.0002574351047668687,1.7821844970696954,0.24761318496683873,0.17874408378671264,1.5884571518821975,1.7602678442221098,0.08322361754240472,0.0286036620263042,0.009306477487169411,0.017316755957201328,0.06437669211849913,0.023482675762547367,0.0028367355928581705,0.0011654320300664843,0.0004122955232281499,0.00016809747704495305,0.0021204436556966594,0.000993888635741828,9.968456461133055e-05,0_1_29_p1
33.333,-0.30782780151669586,1.5139238548994747,-1.2519388951582733,0.0039053799741894588,0.002390705941489558,0.0021311662124063446,0.20278662748598672,-0.05057736535878547,-0.3339988307427786,0.6021796682619892,0.010510017441674062,0.84101812207779,0.30587951235531025,0.20842109957680663,-0.10771789461537207,-0.19786587015819115,0.6319047987103705,0.011028820389820426,0.8282051072975258,0.26370574565992216,0.0001460968623619841,0.0053354306474422495,-0.00405158086697484,0.0002713138962167566,0.007096126819502035,-0.004304805613491899,0.00024002109605960226,0.012972570052488187,-0.004304805613491899,0.0001669735228766039,0.012972570052488187,-0.0035451305526093112,0.0001356643400910926,0.010880014204460685,-0.0032919091207511708,8.347747012669574e-05,0.008264587280466534,-0.0030386867062286607,0.33544305520555356,-0.006545024676218574,-0.0685754814860275,0.07219983039205648,-0.3936968577294897,0.9845280606051277,1.318656058589857,0.629026148077908,-0.01189630366126715,0.43104474385521907,0.17637842276919014,-0.3781799885666796,1.054803921194929,1.3000628033156423,1.1866873728313834,0.23491496977594667,0.49137278636067977,1.189913508716417,-0.020033929413694147,-0.0006014190147970058,-0.01340668475600533,0.003920791648610944,0.00022176606371604812,-1.250760741350263,0.0132692172887701,0.0007439697376704781,-2.6297229934210373e-05,6.256251778165235e-06,-2.0127083888295315e-07,-0.0004025215768246952,8.446940159451077e-06,-2.1314452539164367e-07,0.00011076899506914509,1.5101029332815924e-05,-8.526789904461467e-07,-0.08335257315018771,0.004433413149704766,0.00026004206062649193,-0.04096727410621624,0.004484913114155051,1.990556034992097e-05,0.15356127969321506,0.00907042320774314,-0.00026500467549272165,-0.10167596021604264,-0.004181679509323594,0.00014503332298222463,-0.0017745753382709143,-7.298425991224538e-05,2.5313024294125466e-06,0.03805475504952538,-0.0068081570242503366,0.00014201394629313532,0.018878897558830036,-0.002778592962768684,-9.775054348895725e-06,-0.17778106988957182,0.0039867845481668125,0.00039014205842420125,0.09968066406210367,-0.0032006115337375575,-8.406905652709805e-05,-0.0473857190864336,-0.010433548425343081,0.0002671175293754732,-0.21665676751842317,-0.0014000643523131857,0.000331359830051557,-0.0037813705510345804,-2.443591767649525e-05,5.783323307061741e-06,-0.03578785059815251,-0.0026062863364775543,5.868228706332753e-05,-0.023654678892309117,-0.0004283136726337462,-0.00014915687227640717,0.00022312414871487234,-2.5055286680962525e-05,-1.5894929941342564e-07,-0.008399792580107254,0.0003886668854386506,3.99430290002998e-06,0.0307102079286512,-0.0009780844635654143,-3.8969617957103226e-05,0.00041435996285568504,-4.652991619012113e-05,-2.951817452149959e-07,-0.011171727397927387,0.0005169269123492767,5.312424753192314e-06,0.03262959437895742,-0.0010392145850351125,-4.140522747395989e-05,0.00036657160755802857,-4.116322728970091e-05,-2.611337038460496e-07,-0.02042327066512816,0.0009450049878491094,9.711752616463436e-06,0.03262959437895742,-0.0010392145850351125,-4.140522747395989e-05,0.00025500126960086863,-2.863521048593397e-05,-1.816661892453989e-07,-0.02042327066512816,0.0009450049878491094,9.711752616463436e-06,0.026871422456639576,-0.0008558237200096603,-3.4098415403945926e-05,0.0002071881821705706,-2.326603500736155e-05,-1.475956755516067e-07,-0.0171288718751513,0.0007925698313810828,8.145189403638668e-06,0.024952041764034184,-0.0007946935098570162,-3.166282227897306e-05,0.00012749939861284886,-1.4316756545578529e-05,-9.082264600189701e-08,-0.013011293375079067,0.00060204516524335,6.187185675848078e-06,0.023032659495813426,-0.0007335635920463312,-2.9227214040932524e-05,-0.04412315074392778,-0.010411456431478172,-0.00013306707113035248,0.11569320703838426,-0.005452708379534749,-7.518477153755795e-05,-0.11495966720400519,0.01256834838582391,-1.2896803460535713e-05,0.039962717785591684,-0.013209920538725389,-0.0009039160158423019,0.12728217844575676,-0.006618630706258457,-0.0002975522105217852,-0.31404665301126766,-0.025936998554548917,-0.00010635352357496568,0.13001757695587143,-0.022161037723363315,8.527864986054655e-05,1.3418457921031244,0.0010465462077503922,-0.0010041148415799357,0.6249770909507455,-0.012215682932391708,-0.00021559303316427217,-0.16244311100058248,-0.018528086415820485,-0.0003349795632579358,-0.07631757054356023,-0.009096538257064132,0.0002020503766481868,-0.14725870379899833,0.007624314038639527,0.00020103568246137118,-0.031633370499038194,-0.03863984515048418,-0.00014902322908713546,0.009382476032260317,-0.014066113238784993,0.0013958964459409604,0.2575012201861355,0.002217834754122066,1.594714349020739e-05,0.16405001391951574,-0.013698282153869881,0.0001661446303878913,-0.1652328127086652,-0.012522481939073682,0.00027097764326933644,1.74827666291743,0.24686128679303262,0.16896004163722692,1.5811329061534474,1.7264056604720557,0.08025232029633957,0.029152064658035774,0.008972196471046209,0.01720737733776589,0.06369380300595859,0.024347554310317567,0.00286700081993595,0.001154665575447799,0.0004205101093422877,0.00015338162481165975,0.002060190531062744,0.0009820268845337134,9.112938454402671e-05,0_1_29_p1
50.0,-0.28899109642021736,1.5142154188781158,-1.2723134814318497,0.0039056232349539426,0.002383719750270757,0.002133989456026595,0.2018535030462598,-0.05083879180834561,-0.3305542686869964,0.6000295284237291,0.01047249048676174,0.841213591669586,0.3058522794207704,0.20590974033434586,-0.10631743840491455,-0.19953391422157854,0.6281839685215123,0.010963879675457843,0.8272891336168041,0.2630371376798629,0.00014743216635057364,0.0052270654470694495,-0.003672260882878855,0.0002737936619735411,0.006952001049864112,-0.0039017781132788436,0.00024221489670731984,0.012709090694839761,-0.0039017781132788436,0.00016849958108579373,0.012709090694839761,-0.0032132256887472607,0.00013690426208050452,0.010659035696760117,-0.0029837116850063962,8.424057012001379e-05,0.008096729359658038,-0.0027541966643790197,0.3332856588847068,-0.0051155060643882574,-0.0692647539835419,0.07069134964309622,-0.39248775943288744,0.976227214544561,1.3190934745518772,0.6523639143107254,-0.002098299848817725,0.42610011437835815,0.17410282087631504,-0.37987538127455833,1.04997637255006,1.3002769470162148,1.1915000316666269,0.23631399917729623,0.48723239324138656,1.1627974344504193,-0.020563176462107504,-0.0005892899050507765,-0.008067511514330713,0.004102383624300136,0.0002121079510761302,-1.2298964241449377,0.014007615140444591,0.0007410690787350937,-2.156605090252675e-05,6.02482656460949e-06,-2.0382771549893313e-07,-0.0003934532119987308,8.22175477963433e-06,-2.1634885417695574e-07,0.00011935976685319944,1.4091700238386762e-05,-8.705910254977975e-07,-0.07664783977480263,0.004668806553485521,0.0002524333870504268,-0.03659045608766036,0.004449249400579103,9.74797228934728e-06,0.16138310586714488,0.008731429710636935,-0.00027403170135816614,-0.10408620391724124,-0.0039641932799684265,0.00015562854818941874,-0.0018166422235192858,-6.918841335627953e-05,2.716224367027743e-06,0.03224152089888759,-0.006605080705657307,0.00015185048586544044,0.016069019294246114,-0.0027723875644278862,-6.895948262125512e-06,-0.17090516653883756,0.004340490906589365,0.00038072175966796356,0.09616770554702404,-0.0032372557915144365,-7.491570396282339e-05,-0.05623336316936445,-0.010053801010754766,0.0002812302443787243,-0.21550446418075564,-0.00106234704051164,0.00033149438421883686,-0.0037612592931745605,-1.8541634298824928e-05,5.78567181650282e-06,-0.0379103233926021,-0.002521275551988756,6.209943793148403e-05,-0.025579158482959333,-0.0005816933319315379,-0.00015175434402688213,0.0001949015447433432,-2.498692521364606e-05,-1.2689480197793296e-07,-0.008003922457950787,0.0003877686324382187,3.119045720191033e-06,0.029667643468842642,-0.0009965235566586474,-3.5530431067830506e-05,0.000361948053671496,-4.6402961920493285e-05,-2.3565367143718134e-07,-0.010645220237511108,0.0005157322382518146,4.14833270377988e-06,0.03152186977310893,-0.0010588061310881688,-3.775109111680141e-05,0.0003202048037298171,-4.1050915351650354e-05,-2.0847180118322028e-07,-0.01946075163947189,0.0009428209765530588,7.583651498437733e-06,0.03152186977310893,-0.0010588061310881688,-3.775109111680141e-05,0.00022274617144001744,-2.8557090452988562e-05,-1.450317876971503e-07,-0.01946075163947189,0.0009428209765530588,7.583651498437733e-06,0.025959178842052448,-0.0008719579278186527,-3.108912702814497e-05,0.00018098104447013155,-2.320255492709188e-05,-1.1783045242403503e-07,-0.016321613174428852,0.0007907381159891824,6.360364268103626e-06,0.024104958253582325,-0.0008096752798294257,-2.886848278621475e-05,0.00011137281054604901,-1.4277695570502403e-05,-7.250653547194627e-08,-0.012398090325966919,0.0006006537813569814,4.831411962490262e-06,0.022250735919084535,-0.0007473929103704435,-2.664782338109746e-05,-0.05579656269187307,-0.01046431359632039,-0.0001231053605783335,0.10988243534268663,-0.005453486440970898,-6.310859044143766e-05,-0.10290262254452515,0.012375587340210669,-3.939711914394994e-05,0.02271813112300014,-0.013825391064016816,-0.0008502296034793367,0.11964825582709332,-0.0067785045783577535,-0.0002742327506379185,-0.34067611285683225,-0.025766865689909404,-6.272411734963536e-05,0.10920829292775963,-0.02167490385774377,0.00015088224007739622,1.3358939124608271,1.8252944905755488e-05,-0.0009960816183730234,0.6094944063626002,-0.01239326694059199,-0.00021122095321754404,-0.18200874124178673,-0.018575208406653644,-0.0002865429594418985,-0.08614325453623374,-0.00898290039165367,0.00018069744227116588,-0.13873704836912926,0.007692454165565025,0.00017752351905097778,-0.07170734768439353,-0.03842391823086235,-9.538317417507754e-05,0.0008785203250651977,-0.012706952377221735,0.0013754872777243955,0.2599347009314085,0.0021833193013602314,9.450667573629117e-06,0.1513876995236736,-0.013338930089678338,0.0001926445897737099,-0.17607719444083103,-0.012143185678515552,0.00028452018177180417,1.7145511355161303,0.24633873874718765,0.16055016577882703,1.5764962573583634,1.6925744716107158,0.07728355607897931,0.02973411177074677,0.008651991788096343,0.017099635534688212,0.06306612031902752,0.025216807133483673,0.0028975714221995802,0.0011445520885446999,0.00042911708068520436,0.00014383934436540378,0.00200675754590501,0.0009702765589475229,8.26356073260919e-05,0_1_29_p1
66.667,-0.2701543913237389,1.514506982856757,-1.2926880677054267,0.0039058664957184264,0.0023767335590519556,0.0021368126996468458,0.20092037860653286,-0.051100218257905734,-0.3271097066312142,0.5978793885854693,0.010434963531849417,0.8414090612613819,0.30582504648623066,0.2033983810918851,-0.10491698219445703,-0.20120195828496593,0.624463138332654,0.01089893896109526,0.8263731599360823,0.2623685296998036,0.00014876747033916316,0.005118700246696648,-0.00329294089878287,0.0002762734277303256,0.006807875280226189,-0.003498750613065788,0.0002444086973550374,0.012445611337191333,-0.003498750613065788,0.0001700256392949836,0.012445611337191333,-0.00288132082488521,0.00013814418406991644,0.010438057189059546,-0.0026755142492616217,8.500367011333182e-05,0.00792887143884954,-0.002469706622529379,0.33112826256386013,-0.0036859874525579416,-0.06995402648105631,0.06918286889413595,-0.39127866113628523,0.9679263684839943,1.3195308905138972,0.6757016805435427,0.007699703963631702,0.42115548490149723,0.17182721898343992,-0.38157077398243716,1.045148823905191,1.3004910907167868,1.1963126905018704,0.23771302857864582,0.4830920001220934,1.1356813601844218,-0.021092423510520857,-0.0005771607953045472,-0.002728338272656096,0.004283975599989328,0.0002024498384362123,-1.2090321069396126,0.01474601299211908,0.0007381684197997091,-1.6834871870843126e-05,5.793401351053746e-06,-2.0638459211491308e-07,-0.0003843848471727664,7.996569399817584e-06,-2.1955318296226784e-07,0.0001279505386372538,1.3082371143957597e-05,-8.885030605494484e-07,-0.06994310639941755,0.004904199957266276,0.00024482471347436166,-0.032213638069104475,0.004413585687003153,-4.096157712264102e-07,0.16920493204107473,0.008392436213530733,-0.00028305872722361063,-0.10649644761843985,-0.0037467070506132585,0.00016622377339661285,-0.0018587091087676573,-6.539256680031369e-05,2.9011463046429407e-06,0.026428286748249805,-0.0064020043870642775,0.0001616870254377456,0.013259141029662191,-0.0027661821660870884,-4.016842175355297e-06,-0.1640292631881033,0.004694197265011917,0.0003713014609117259,0.09265474703194443,-0.003273900049291315,-6.576235139854874e-05,-0.06508100725229529,-0.00967405359616645,0.0002953429593819754,-0.21435216084308809,-0.0007246297287100941,0.00033162893838611674,-0.0037411480353145405,-1.2647350921154605e-05,5.788020325943898e-06,-0.04003279618705169,-0.0024362647674999573,6.551658879964054e-05,-0.027503638073609546,-0.0007350729912293295,-0.00015435181577735707,0.0001666789407718141,-2.4918563746329594e-05,-9.484030454244026e-08,-0.007608052335794318,0.0003868703794377868,2.243788540352087e-06,0.028625079009034084,-0.0010149626497518805,-3.209124417855779e-05,0.000309536144487307,-4.627600765086544e-05,-1.7612559765936678e-07,-0.010118713077094832,0.0005145375641543526,2.984240654367446e-06,0.030414145167260438,-0.0010783976771412253,-3.409695475964294e-05,0.0002738379999016056,-4.09386034135998e-05,-1.5580989852039096e-07,-0.01849823261381562,0.0009406369652570082,5.4555503804120315e-06,0.030414145167260438,-0.0010783976771412253,-3.409695475964294e-05,0.00019049107327916623,-2.847897042004315e-05,-1.0839738614890173e-07,-0.01849823261381562,0.0009406369652570082,5.4555503804120315e-06,0.025046935227465317,-0.0008880921356276449,-2.8079838652344016e-05,0.00015477390676969257,-2.3139074846822215e-05,-8.806522929646336e-08,-0.015514354473706408,0.0007889064005972818,4.575539132568583e-06,0.023257874743130465,-0.0008246570498018352,-2.607414329345644e-05,9.524622247924915e-05,-1.4238634595426275e-05,-5.419042494199553e-08,-0.011784887276854769,0.0005992623974706129,3.4756382491324467e-06,0.02146881234235564,-0.0007612222286945556,-2.4068432721262387e-05,-0.06746997463981835,-0.010517170761162608,-0.0001131436500263145,0.10407166364698901,-0.005454264502407048,-5.103240934531739e-05,-0.0908455778850451,0.012182826294597427,-6.589743482736415e-05,0.005473544460408597,-0.014440861589308242,-0.0007965431911163715,0.11201433320842988,-0.00693837845045705,-0.00025091329075405176,-0.36730557270239683,-0.025596732825269888,-1.909471112430502e-05,0.08839900889964782,-0.02118876999212423,0.00021648583029424589,1.3299420328185299,-0.0010100403179388812,-0.0009880483951661113,0.5940117217744548,-0.012570850948792274,-0.00020684887327081588,-0.20157437148299095,-0.018622330397486803,-0.00023810635562586125,-0.09596893852890725,-0.008869262526243208,0.00015934450789414494,-0.1302153929392602,0.007760594292490523,0.00015401135564058438,-0.11178132486974886,-0.03820799131124052,-4.1743119263019636e-05,-0.007625435382129918,-0.011347791515658479,0.0013550781095078305,0.2623681816766815,0.002148803848598397,2.9541916570508484e-06,0.13872538512783145,-0.012979578025486794,0.0002191445491595285,-0.18692157617299687,-0.011763889417957422,0.0002980627202742719,1.6810188875171514,0.24604700209665567,0.15374013032847844,1.5745709482258172,1.6587761740865978,0.0743176284514236,0.03034786760584548,0.00834748347574816,0.016993561681001596,0.06249530750637695,0.026089997016275752,0.002928437836029862,0.0011351090227411636,0.00043809331095573926,0.00014052851761009891,0.0019607023660623587,0.0009586417563119781,7.42243156525367e-05,0_1_29_p1
83.333,-0.2513176862272605,1.514798546835398,-1.3130626539790033,0.0039061097564829102,0.002369747367833154,0.0021396359432670964,0.19998725416680593,-0.05136164470746587,-0.32366514457543194,0.5957292487472092,0.010397436576937095,0.8416045308531779,0.3057978135516909,0.2008870218494243,-0.1035165259839995,-0.2028700023483533,0.6207423081437958,0.010833998246732677,0.8254571862553606,0.2616999217197444,0.00015010277432775268,0.005010335046323848,-0.0029136209146868844,0.0002787531934871102,0.006663749510588267,-0.0030957231128527322,0.000246602498002755,0.012182131979542906,-0.0030957231128527322,0.00017155169750417344,0.012182131979542906,-0.0025494159610231592,0.00013938410605932833,0.010217078681358979,-0.0023673168135168467,8.576677010664987e-05,0.007761013518041044,-0.002185216580679738,0.3289708662430134,-0.0022564688407276257,-0.0706432989785707,0.06767438814517568,-0.39006956283968297,0.9596255224234278,1.3199683064759173,0.6990394467763601,0.017497707776081124,0.4162108554246363,0.1695516170905648,-0.383266166690316,1.0403212752603217,1.300705234417359,1.2011253493371137,0.23911205797999538,0.47895160700280026,1.1085652859184243,-0.02162167055893421,-0.0005650316855583178,0.002610834969018521,0.00446556757567852,0.0001927917257962944,-1.1881677897342875,0.01548441084379357,0.0007352677608643245,-1.21036928391595e-05,5.561976137498001e-06,-2.0894146873089305e-07,-0.00037531648234680193,7.771384020000836e-06,-2.2275751174757994e-07,0.00013654131042130816,1.2073042049528433e-05,-9.064150956010992e-07,-0.06323837302403246,0.005139593361047031,0.0002372160398982965,-0.027836820050548584,0.004377921973427205,-1.05672038318001e-05,0.17702675821500458,0.008053442716424528,-0.0002920857530890551,-0.10890669131963845,-0.003529220821258091,0.00017681899860380693,-0.0019007759940160287,-6.159672024434786e-05,3.0860682422581373e-06,0.020615052597612017,-0.006198928068471248,0.0001715235650100507,0.010449262765078269,-0.00275997676774629,-1.1377360885850818e-06,-0.15715335983736903,0.005047903623434468,0.0003618811621554882,0.0891417885168648,-0.003310544307068194,-5.660899883427408e-05,-0.07392865133522614,-0.009294306181578133,0.0003094556743852265,-0.21319985750542053,-0.00038691241690854816,0.0003317634925533966,-0.0037210367774545205,-6.753067543484282e-06,5.790368835384977e-06,-0.04215526898150128,-0.0023512539830111588,6.893373966779706e-05,-0.029428117664259762,-0.0008884526505271212,-0.00015694928752783203,0.00013845633680028494,-2.4850202279013127e-05,-6.278580710694755e-08,-0.00721218221363785,0.0003859721264373549,1.368531360513141e-06,0.027582514549225525,-0.0010334017428451133,-2.8652057289285067e-05,0.00025712423530311793,-4.614905338123759e-05,-1.1659752388155223e-07,-0.009592205916678555,0.0005133428900568906,1.8201486049550121e-06,0.029306420561411948,-0.0010979892231942816,-3.044281840248447e-05,0.00022747119607339418,-4.0826291475549255e-05,-1.0314799585756162e-07,-0.017535713588159352,0.0009384529539609576,3.32744926238633e-06,0.029306420561411948,-0.0010979892231942816,-3.044281840248447e-05,0.000158235975118315,-2.8400850387097744e-05,-7.176298460065317e-08,-0.017535713588159352,0.0009384529539609576,3.32744926238633e-06,0.02413469161287819,-0.0009042263434366371,-2.5070550276543064e-05,0.00012856676906925353,-2.307559476655255e-05,-5.830000616889168e-08,-0.014707095772983961,0.0007870746852053814,2.7907139970335417e-06,0.022410791232678605,-0.0008396388197742448,-2.327980380069813e-05,7.911963441244929e-05,-1.4199573620350149e-05,-3.58743144120448e-08,-0.011171684227742621,0.0005978710135842443,2.1198645357746316e-06,0.02068688876562675,-0.0007750515470186678,-2.1489042061427323e-05,-0.07914338658776364,-0.010570027926004826,-0.0001031819394742955,0.09826089195129138,-0.005455042563843197,-3.895622824919711e-05,-0.07878853322556506,0.011990065248984187,-9.239775051077839e-05,-0.011771042202182946,-0.015056332114599669,-0.0007428567787534062,0.10438041058976644,-0.007098252322556346,-0.00022759383087018507,-0.39393503254796136,-0.025426599960630375,2.4534695101025315e-05,0.067589724871536,-0.02070263612650469,0.0002820894205110956,1.3239901531762326,-0.0020383335807835174,-0.000980015171959199,0.5785290371863095,-0.012748434956992558,-0.00020247679332408776,-0.22114000172419518,-0.018669452388319963,-0.00018966975180982398,-0.10579462252158076,-0.008755624660832748,0.000137991573517124,-0.12169373750939114,0.00782873441941602,0.00013049919223019098,-0.15185530205510417,-0.03799206439161869,1.1896935649038291e-05,-0.016129391089325033,-0.009988630654095223,0.0013346689412912656,0.2648016624219545,0.002114288395836563,-3.5422842595274234e-06,0.1260630707319893,-0.012620225961295249,0.0002456445085453471,-0.19776595790516271,-0.011384593157399293,0.00031160525877673963,1.647691719276078,0.24598689805902557,0.14874982855613492,1.5753669196465658,1.6250128202008705,0.07135489113045859,0.030991448338312473,0.008060450666362285,0.016889187203792875,0.06198293576485014,0.026966741512458606,0.0029595908061325134,0.001126353240095349,0.0004474165760945525,0.0001438799661263957,0.001922555274884988,0.000947126733997408,6.592708878131323e-05,0_1_29_p1
100.0,-0.23248098113078197,1.5150901108140389,-1.3334372402525798,0.003906353017247394,0.0023627611766143526,0.0021424591868873465,0.19905412972707898,-0.05162307115702599,-0.3202205825196497,0.5935791089089494,0.010359909622024774,0.8418000004449739,0.3057705806171511,0.19837566260696354,-0.10211606977354201,-0.2045380464117407,0.6170214779549376,0.010769057532370093,0.8245412125746389,0.26103131373968513,0.0001514380783163422,0.004901969845951047,-0.0025343009305908992,0.00028123295924389473,0.006519623740950343,-0.002692695612639677,0.00024879629865047254,0.01191865262189448,-0.002692695612639677,0.0001730777557133633,0.01191865262189448,-0.002217511097161109,0.00014062402804874025,0.009996100173658411,-0.002059119377772072,8.652987009996793e-05,0.007593155597232547,-0.001900726538830097,0.3268134699221667,-0.0008269502288973092,-0.07133257147608511,0.06616590739621542,-0.38886046454308076,0.9513246763628611,1.3204057224379375,0.7223772130091775,0.027295711588530554,0.41126622594777534,0.16727601519768967,-0.3849615593981948,1.0354937266154527,1.3009193781179311,1.2059380081723572,0.24051108738134497,0.4748112138835071,1.0814492116524268,-0.022150917607347567,-0.0005529025758120885,0.007950008210693138,0.004647159551367712,0.00018313361315637646,-1.1673034725289624,0.01622280869546806,0.0007323671019289399,-7.372513807475878e-06,5.330550923942257e-06,-2.11498345346873e-07,-0.0003662481175208375,7.54619864018409e-06,-2.2596184053289204e-07,0.00014513208220536252,1.106371295509927e-05,-9.2432713065275e-07,-0.05653363964864738,0.005374986764827786,0.00022960736632223134,-0.0234600020319927,0.004342258259851256,-2.072479189237379e-05,0.1848485843889344,0.007714449219318326,-0.0003011127789544996,-0.11131693502083706,-0.0033117345919029236,0.00018741422381100104,-0.0019428428792644002,-5.780087368838201e-05,3.2709901798733343e-06,0.014801818446974223,-0.0059958517498782185,0.00018136010458235584,0.007639384500494346,-0.002753771369405492,1.7413699981851315e-06,-0.15027745648663476,0.005401609981857021,0.0003524608633992505,0.08562883000178517,-0.003347188564845073,-4.7455646269999415e-05,-0.08277629541815698,-0.008914558766989818,0.0003235683893884776,-0.21204755416775298,-4.919510510700267e-05,0.0003318980467206765,-0.0037009255195945005,-8.58784165813959e-07,5.792717344826056e-06,-0.04427774177595086,-0.0022662431985223603,7.235089053595357e-05,-0.03135259725490998,-0.001041832309824913,-0.000159546759278307,0.00011023373282875582,-2.478184081169666e-05,-3.073130967145487e-08,-0.006816312091481382,0.000385073873436923,4.932741806741941e-07,0.026539950089416967,-0.0010518408359383464,-2.5212870400012348e-05,0.00020471232611892891,-4.602209911160974e-05,-5.7069450103737645e-08,-0.009065698756262277,0.0005121482159594284,6.560565555425776e-07,0.028198695955563458,-0.001117580769247338,-2.6788682045325997e-05,0.0001811043922451827,-4.07139795374987e-05,-5.048609319473233e-08,-0.01657319456250308,0.000936268942664907,1.1993481443606267e-06,0.028198695955563458,-0.001117580769247338,-2.6788682045325997e-05,0.00012598087695746382,-2.8322730354152337e-05,-3.512858305240457e-08,-0.01657319456250308,0.000936268942664907,1.1993481443606267e-06,0.02322244799829106,-0.0009203605512456294,-2.206126190074211e-05,0.00010235963136881452,-2.3012114686282883e-05,-2.853478304131998e-08,-0.013899837072261514,0.000785242969813481,1.0058888614984985e-06,0.02156370772222674,-0.0008546205897466542,-2.0485464307939818e-05,6.299304634564944e-05,-1.4160512645274021e-05,-1.755820388209405e-08,-0.010558481178630473,0.0005964796296978758,7.640908224168156e-07,0.01990496518889786,-0.0007888808653427799,-1.8909651401592255e-05,-0.09081679853570891,-0.010622885090847045,-9.322022892227651e-05,0.09245012025559375,-0.005455820625279347,-2.6880047153076826e-05,-0.06673148856608503,0.011797304203370947,-0.00011889806619419261,-0.02901562886477449,-0.015671802639891097,-0.0006891703663904409,0.09674648797110301,-0.007258126194655643,-0.00020427437098631838,-0.42056449239352595,-0.02525646709599086,6.816410132635562e-05,0.0467804408434242,-0.020216502260885148,0.0003476930107279452,1.3180382735339353,-0.0030666268436281546,-0.0009719819487522866,0.5630463525981642,-0.012926018965192842,-0.00019810471337735963,-0.24070563196539943,-0.018716574379153122,-0.0001412331479937867,-0.11562030651425426,-0.008641986795422286,0.00011663863914010308,-0.11317208207952206,0.007896874546341519,0.00010698702881979755,-0.19192927924045955,-0.03777613747199686,6.553699056109619e-05,-0.024633346796520156,-0.008629469792531964,0.001314259773074701,0.26723514316722746,0.0020797729430747283,-1.0038760176105692e-05,0.11340075633614716,-0.012260873897103706,0.0002721444679311657,-0.20861033963732856,-0.011005296896841163,0.00032514779727920736,1.6145823302155626,0.24615859630613032,0.14576627592757807,1.5788800559335754,1.5912866342201641,0.0683957587062238,0.03166303536378592,0.007792824622831015,0.016786543801969412,0.061530465049703845,0.02784670487649758,0.002991021378644127,0.0011183008840588075,0.0004570656400516489,0.00015345780579687656,0.0018927944680190135,0.000935735914008912,5.779307572215986e-05,0_1_29_p1
116.667,-0.21364427603430353,1.51538167479268,-1.3538118265261563,0.003906596278011878,0.002355774985395551,0.0021452824305075975,0.19812100528735208,-0.05188449760658612,-0.3167760204638675,0.5914289690706893,0.010322382667112452,0.8419954700367699,0.3057433476826113,0.1958643033645028,-0.10071561356308448,-0.20620609047512808,0.6133006477660794,0.01070411681800751,0.823625238893917,0.2603627057596259,0.00015277338230493178,0.004793604645578246,-0.002154980946494914,0.0002837127250006792,0.00637549797131242,-0.002289668112426622,0.0002509900992981901,0.011655173264246053,-0.002289668112426622,0.00017460381392255317,0.011655173264246053,-0.0018856062332990584,0.00014186395003815217,0.009775121665957842,-0.0017509219420272976,8.729297009328598e-05,0.00742529767642405,-0.0016162364969804562,0.32465607360132,0.0006025683829330054,-0.07202184397359951,0.06465742664725514,-0.38765136624647856,0.9430238303022944,1.3208431383999575,0.7457149792419948,0.03709371540097998,0.4063215964709144,0.16500041330481457,-0.3866569521060736,1.0306661779705837,1.3011335218185034,1.210750667007601,0.24191011678269456,0.47067082076421396,1.054333137386429,-0.02268016465576092,-0.0005407734660658592,0.013289181452367758,0.004828751527056904,0.00017347550051645855,-1.146439155323637,0.01696120654714255,0.0007294664429935555,-2.6413347757922495e-06,5.099125710386512e-06,-2.1405522196285298e-07,-0.0003571797526948731,7.321013260367342e-06,-2.2916616931820413e-07,0.00015372285398941688,1.0054383860670107e-05,-9.422391657044008e-07,-0.0498289062732623,0.005610380168608541,0.0002219986927461662,-0.019083184013436814,0.0043065945462753075,-3.088237995294749e-05,0.1926704105628642,0.007375455722212121,-0.00031013980481994405,-0.11372717872203568,-0.0030942483625477557,0.00019800944901819515,-0.0019849097645127716,-5.400502713241617e-05,3.4559121174885314e-06,0.008988584296336435,-0.005792775431285189,0.00019119664415466096,0.004829506235910424,-0.0027475659710646944,4.6204760849553466e-06,-0.1434015531359005,0.005755316340279572,0.0003430405646430128,0.08211587148670554,-0.0033838328226219517,-3.830229370572477e-05,-0.09162393950108783,-0.008534811352401502,0.0003376811043917287,-0.21089525083008542,0.00028852220669454325,0.00033203260088795637,-0.0036808142617344806,5.035499211856364e-06,5.7950658542671345e-06,-0.04640021457040045,-0.0021812324140335617,7.576804140411008e-05,-0.033277076845560194,-0.0011952119691227047,-0.00016214423102878193,8.20111288572267e-05,-2.4713479344380194e-05,1.3231877640378348e-09,-0.006420441969324914,0.00038417562043649114,-3.819829991647519e-07,0.02549738562960841,-0.0010702799290315795,-2.177368351073963e-05,0.0001523004169347399,-4.5895144841981894e-05,2.458623674076884e-09,-0.008539191595845999,0.0005109535418619664,-5.080354938698562e-07,0.027090971349714967,-0.0011371723153003944,-2.3134545688167524e-05,0.00013473758841697124,-4.060166759944815e-05,2.175809468096957e-09,-0.015610675536846813,0.0009340849313688563,-9.287529736650749e-07,0.027090971349714967,-0.0011371723153003944,-2.3134545688167524e-05,9.372577879661261e-05,-2.824461032120693e-05,1.5058184958439704e-09,-0.015610675536846813,0.0009340849313688563,-9.287529736650749e-07,0.02231020438370393,-0.0009364947590546216,-1.9051973524941154e-05,7.61524936683755e-05,-2.2948634606013214e-05,1.2304400862516972e-09,-0.013092578371539067,0.0007834112544215805,-7.789362740365448e-07,0.020716624211774882,-0.0008696023597190638,-1.769112481518151e-05,4.686645827884958e-05,-1.4121451670197895e-05,7.579066478566858e-10,-0.009945278129518325,0.0005950882458115072,-5.916828909409996e-07,0.019123041612168965,-0.0008027101836668921,-1.6330260741757186e-05,-0.1024902104836542,-0.010675742255689263,-8.325851837025752e-05,0.08663934855989613,-0.005456598686715496,-1.4803866056956538e-05,-0.05467444390660499,0.011604543157757706,-0.00014539838187760683,-0.04626021552736603,-0.016287273165182522,-0.0006354839540274757,0.08911256535243957,-0.007418000066754939,-0.00018095491110245167,-0.44719395223909053,-0.025086334231351346,0.00011179350755168596,0.02597115681531237,-0.019730368395265607,0.00041329660094479486,1.312086393891638,-0.004094920106472792,-0.0009639487255453743,0.5475636680100189,-0.013103602973393125,-0.00019373263343063147,-0.2602712622066037,-0.01876369636998628,-9.279654417774944e-05,-0.12544599050692778,-0.008528348930011826,9.528570476308217e-05,-0.10465042664965299,0.007965014673267016,8.347486540940415e-05,-0.23200325642581487,-0.03756021055237503,0.00011917704547315409,-0.03313730250371527,-0.007270308930968708,0.001293850604858136,0.26966862391250046,0.0020452574903128936,-1.653523609268396e-05,0.10073844194030501,-0.011901521832912161,0.0002986444273169843,-0.2194547213694944,-0.010626000636283033,0.0003386903357816751,1.5817043965322595,0.24656161257758819,0.14491347342591515,1.585092290537384,1.557600030498532,0.06544072020481607,0.03236088508134667,0.007546670282310741,0.016685663422172814,0.06113922529707487,0.028729591336221015,0.0030227208939592153,0.001110967250169265,0.0004670203093647158,0.0001682017383503191,0.0018718199987734923,0.0009244738874005071,4.990215158519568e-05,0_1_29_p1
133.333,-0.19480757093782505,1.5156732387713212,-1.3741864127997332,0.003906839538776362,0.002348788794176749,0.0021481056741278477,0.19718788084762512,-0.05214592405614625,-0.3133314584080853,0.5892788292324295,0.01028485571220013,0.8421909396285658,0.30571611474807153,0.19335294412204204,-0.09931515735262697,-0.20787413453851547,0.6095798175772211,0.010639176103644928,0.8227092652131953,0.2596940977795666,0.0001541086862935213,0.004685239445205445,-0.0017756609623989289,0.00028619249075746375,0.006231372201674497,-0.0018866406122135663,0.0002531838999459077,0.011391693906597626,-0.0018866406122135663,0.000176129872131743,0.011391693906597626,-0.0015537013694370077,0.0001431038720275641,0.009554143158257275,-0.001442724506282523,8.805607008660403e-05,0.007257439755615554,-0.0013317464551308152,0.3224986772804732,0.0020320869947633223,-0.0727111164711139,0.06314894589829488,-0.38644226794987635,0.934722984241728,1.3212805543619777,0.7690527454748122,0.046891719213429404,0.4013769669940535,0.16272481141193942,-0.3883523448139524,1.0258386293257145,1.3013476655190754,1.2155633258428442,0.24330914618404412,0.46653042764492075,1.0272170631204316,-0.023209411704174274,-0.0005286443563196298,0.018628354694042372,0.005010343502746095,0.00016381738787654064,-1.125574838118312,0.01769960439881704,0.0007265657840581709,2.0898442558913726e-06,4.8677004968307675e-06,-2.1661209857883293e-07,-0.0003481113878689087,7.095827880550595e-06,-2.323704981035162e-07,0.00016231362577347124,9.045054766240942e-06,-9.601512007560516e-07,-0.04312417289787722,0.005845773572389296,0.00021439001917010104,-0.014706365994880927,0.004270930832699358,-4.103996801352117e-05,0.20049223673679406,0.0070364622251059186,-0.0003191668306853886,-0.11613742242323428,-0.0028767621331925878,0.00020860467422538926,-0.002026976649761143,-5.020918057645033e-05,3.6408340551037284e-06,0.003175350145698648,-0.0055896991126921595,0.00020103318372696608,0.0020196279713265014,-0.0027413605727238965,7.499582171725562e-06,-0.13652564978516624,0.006109022698702124,0.00033362026588677513,0.07860291297162592,-0.0034204770803988307,-2.9148941141450105e-05,-0.10047158358401867,-0.008155063937813185,0.00035179381939497986,-0.20974294749241787,0.0006262395184960892,0.00033216715505523625,-0.0036607030038744606,1.0929782589526687e-05,5.797414363708213e-06,-0.048522687364850034,-0.002096221629544763,7.918519227226658e-05,-0.03520155643621041,-0.0013485916284204963,-0.0001647417027792569,5.3788524885697576e-05,-2.464511787706373e-05,3.337768519953054e-08,-0.006024571847168446,0.00038327736743605924,-1.257240179003698e-06,0.02445482116979985,-0.0010887190221248125,-1.833449662146691e-05,9.988850775055088e-05,-4.5768190572354046e-05,6.198669745189147e-08,-0.008012684435429723,0.0005097588677645044,-1.67212754328229e-06,0.025983246743866477,-0.0011567638613534507,-1.9480409331009053e-05,8.837078458875979e-05,-4.0489355661397595e-05,5.48377121309263e-08,-0.014648156511190544,0.0009319009200728057,-3.0568540916907765e-06,0.025983246743866477,-0.0011567638613534507,-1.9480409331009053e-05,6.14706806357614e-05,-2.8166490288261522e-05,3.8140220044092565e-08,-0.014648156511190544,0.0009319009200728057,-3.0568540916907765e-06,0.021397960769116802,-0.0009526289668636139,-1.6042685149140202e-05,4.9945355967936494e-05,-2.288515452574355e-05,3.099566321382337e-08,-0.012285319670816622,0.0007815795390296801,-2.5637614095715863e-06,0.019869540701323022,-0.0008845841296914733,-1.4896785322423198e-05,3.073987021204972e-05,-1.4082390695121768e-05,1.907401717780742e-08,-0.009332075080406175,0.0005936968619251387,-1.9474566042988147e-06,0.018341118035440074,-0.0008165395019910042,-1.3750870081922118e-05,-0.11416362243159948,-0.010728599420531481,-7.329680781823853e-05,0.0808285768641985,-0.0054573767481516456,-2.7276849608362627e-06,-0.042617399247124946,0.011411782112144466,-0.00017189869756102104,-0.06350480218995758,-0.016902743690473947,-0.0005817975416645104,0.08147864273377613,-0.007577873938854236,-0.00015763545121858495,-0.47382341208465506,-0.02491620136671183,0.0001554229137770163,0.0051618727872005665,-0.019244234529646062,0.00047890019116164455,1.3061345142493408,-0.005123213369317428,-0.000955915502338462,0.5320809834218735,-0.01328118698159341,-0.00018936055348390334,-0.2798368924478079,-0.01881081836081944,-4.4359940361712164e-05,-0.13527167449960129,-0.008414711064601364,7.393277038606123e-05,-0.09612877121978393,0.008033154800192514,5.9962701999010753e-05,-0.2720772336111702,-0.037344283632753196,0.000172817100385212,-0.04164125821091039,-0.005911148069405452,0.0012734414366415711,0.27210210465777346,0.0020107420375510593,-2.303171200926223e-05,0.08807612754446287,-0.011542169768720616,0.0003251443867028029,-0.23029910310166024,-0.010246704375724903,0.0003522328742841428,1.5490726557093588,0.24719481548177785,0.14622870526399834,1.5939720659426342,1.5239556339018059,0.06249035640812667,0.03308333560125996,0.007324152864870609,0.016586578232792772,0.06081039835513739,0.02961513946282024,0.00305468097934273,0.0011043666567128563,0.0004772614615638339,0.00018689308313783243,0.0018599291421780401,0.0009133454184537913,4.23902869699273e-05,0_1_29_p1
150.0,-0.1759708658413466,1.515964802749962,-1.3945609990733099,0.003907082799540845,0.002341802602957948,0.0021509289177480983,0.1962547564078982,-0.052407350505706385,-0.3098868963523031,0.5871286893941694,0.010247328757287809,0.8423864092203618,0.3056888818135318,0.19084158487958125,-0.09791470114216945,-0.20954217860190286,0.6058589873883629,0.010574235389282344,0.8217932915324735,0.25902548979950735,0.00015544399028211083,0.004576874244832644,-0.0013963409783029437,0.00028867225651424834,0.006087246432036575,-0.0014836131120005106,0.00025537770059362526,0.0111282145489492,-0.0014836131120005106,0.00017765593034093285,0.0111282145489492,-0.001221796505574957,0.000144343794016976,0.009333164650556704,-0.0011345270705377484,8.881917007992207e-05,0.007089581834807057,-0.0010472564132811744,0.32034128095962655,0.0034616056065936386,-0.07340038896862831,0.061640465149334606,-0.3852331696532741,0.9264221381811613,1.3217179703239976,0.7923905117076295,0.056689723025878824,0.39643233751719253,0.16044920951906433,-0.3900477375218312,1.0210110806808455,1.301561809219648,1.2203759846780877,0.24470817558539368,0.4623900345256276,1.000100988854434,-0.023738658752587627,-0.0005165152465734005,0.023967527935716985,0.005191935478435288,0.00015415927523662273,-1.1047105209129868,0.01843800225049153,0.0007236651251227863,6.821023287574995e-06,4.6362752832750225e-06,-2.191689751948129e-07,-0.0003390430230429443,6.8706425007338485e-06,-2.355748268888283e-07,0.0001709043975575256,8.035725671811778e-06,-9.780632358077024e-07,-0.03641943952249214,0.006081166976170052,0.00020678134559403588,-0.010329547976325043,0.00423526711912341,-5.1197556074094856e-05,0.2083140629107239,0.006697468727999714,-0.00032819385655083304,-0.11854766612443289,-0.0026592759038374203,0.00021919989943258334,-0.0020690435350095146,-4.6413334020484494e-05,3.8257559927189255e-06,-0.0026378840049391394,-0.00538662279409913,0.0002108697232992712,-0.0007902502932574211,-0.0027351551743830986,1.0378688258495777e-05,-0.12964974643443197,0.006462729057124677,0.00032419996713053744,0.07508995445654629,-0.0034571213381757093,-1.9995588577175443e-05,-0.10931922766694951,-0.007775316523224869,0.000365906534398231,-0.20859064415475032,0.0009639568302976351,0.0003323017092225161,-0.0036405917460144406,1.682406596719701e-05,5.7997628731492915e-06,-0.050645160159299624,-0.0020112108450559647,8.260234314042309e-05,-0.037126036026860626,-0.001501971287718288,-0.00016733917452973186,2.5565920914168453e-05,-2.4576756409747263e-05,6.543218263502325e-08,-0.005628701725011977,0.00038237911443562733,-2.132497358842644e-06,0.023412256709991294,-0.0011071581152180454,-1.489530973219419e-05,4.747659856636186e-05,-4.56412363027262e-05,1.21514771229706e-07,-0.007486177275013445,0.0005085641936670422,-2.8362195926947237e-06,0.024875522138017987,-0.0011763554074065072,-1.5826272973850583e-05,4.2003980760548334e-05,-4.037704372334705e-05,1.0749961479375564e-07,-0.013685637485534275,0.0009297169087767552,-5.18495520971648e-06,0.024875522138017987,-0.0011763554074065072,-1.5826272973850583e-05,2.921558247491018e-05,-2.8088370255316115e-05,7.477462159234116e-08,-0.013685637485534275,0.0009297169087767552,-5.18495520971648e-06,0.020485717154529674,-0.0009687631746726061,-1.303339677333925e-05,2.3738218267497482e-05,-2.2821674445473883e-05,6.076088634139507e-08,-0.011478060970094177,0.0007797478236377796,-4.348586545106628e-06,0.01902245719087116,-0.0008995658996638828,-1.2102445829664887e-05,1.4613282145249862e-05,-1.4043329720045642e-05,3.7390127707758155e-08,-0.008718872031294025,0.0005923054780387701,-3.30323031765663e-06,0.01755919445871118,-0.0008303688203151165,-1.117147942208705e-05,-0.12583703437954477,-0.0107814565853737,-6.333509726621954e-05,0.07501780516850087,-0.005458154809587795,9.348496135284012e-06,-0.030560354587644903,0.011219021066531226,-0.00019839901324443526,-0.08074938885254912,-0.017518214215765375,-0.0005281111293015452,0.07384472011511269,-0.007737747810953533,-0.00013431599133471823,-0.5004528719302197,-0.024746068502072317,0.00019905232000234663,-0.015647411240911235,-0.01875810066402652,0.0005445037813784942,1.3001826346070435,-0.006151506632162064,-0.0009478822791315497,0.5165982988337282,-0.013458770989793693,-0.00018498847353717518,-0.29940252268901213,-0.018857940351652603,4.076663454325108e-06,-0.14509735849227479,-0.008301073199190902,5.257983600904029e-05,-0.08760711578991486,0.008101294927118011,3.6450538588617354e-05,-0.3121512107965255,-0.03712835671313137,0.0002264571552972699,-0.0501452139181055,-0.004551987207842195,0.0012530322684250062,0.27453558540304646,0.001976226584789225,-2.9528187925840497e-05,0.07541381314862072,-0.011182817704529072,0.0003516443460886215,-0.24114348483382608,-0.009867408115166773,0.00036577541278661054,1.516702998287805,0.2480564422627096,0.14965482146012027,1.6054751207907114,1.490356302876537,0.05954536218941838,0.03382881083072187,0.0071274865216598045,0.01648932059604021,0.06054500114612995,0.030503117441449075,0.0030868935413856107,0.0010985123175541245,0.00048777105215522926,0.00020847277371896432,0.001857296372824653,0.0009023554485575358,3.549893929556382e-05,0_1_29_p1
166.667,-0.15713416074486813,1.516256366728603,-1.4149355853468863,0.003907326060305329,0.0023348164117391467,0.002153752161368349,0.19532163196817126,-0.052668776955266505,-0.3064423342965209,0.5849785495559094,0.010209801802375486,0.8425818788121577,0.305661648878992,0.18833022563712049,-0.09651424493171193,-0.21121022266529021,0.6021381571995047,0.010509294674919761,0.8208773178517518,0.2583568818194481,0.00015677929427070037,0.004468509044459844,-0.0010170209942069583,0.0002911520222710328,0.005943120662398651,-0.0010805856117874556,0.0002575715012413428,0.010864735191300774,-0.0010805856117874556,0.00017918198855012272,0.010864735191300774,-0.0008898916417129062,0.0001455837160063879,0.009112186142856136,-0.0008263296347929733,8.958227007324012e-05,0.00692172391399856,-0.0007627663714315333,0.3181838846387798,0.004891124218423954,-0.07408966146614272,0.060131984400374344,-0.3840240713566719,0.9181212921205947,1.3221553862860178,0.8157282779404469,0.06648772683832825,0.3914877080403316,0.1581736076261892,-0.39174313022971,1.0161835320359764,1.30177595292022,1.2251886435133312,0.24610720498674327,0.45824964140633445,0.9729849145884366,-0.02426790580100098,-0.0005043861368271712,0.029306701177391606,0.00537352745412448,0.00014450116259670482,-1.0838462037076617,0.019176400102166022,0.0007207644661874018,1.1552202319258623e-05,4.4048500697192775e-06,-2.2172585181079285e-07,-0.0003299746582169799,6.645457120917102e-06,-2.3877915567414037e-07,0.00017949516934157996,7.026396577382614e-06,-9.959752708593532e-07,-0.029714706147107056,0.006316560379950807,0.00019917267201797074,-0.0059527299577691525,0.004199603405547462,-6.135514413466855e-05,0.21613588908465373,0.0063584752308935115,-0.0003372208824162776,-0.12095790982563151,-0.002441789674482253,0.00022979512463977745,-0.002111110420257886,-4.261748746451865e-05,4.010677930334122e-06,-0.008451118155576927,-0.0051835464755061005,0.00022070626287157632,-0.0036001285578413436,-0.0027289497760423008,1.3257794345265992e-05,-0.12277384308369771,0.006816435415547228,0.00031477966837429976,0.07157699594146666,-0.0034937655959525883,-1.0842236012900794e-05,-0.11816687174988036,-0.007395569108636553,0.0003800192494014821,-0.2074383408170828,0.001301674142099181,0.000332436263389796,-0.003620480488154421,2.2718349344867333e-05,5.802111382590371e-06,-0.05276763295374921,-0.001926200060567166,8.60194940085796e-05,-0.039050515617510835,-0.0016553509470160796,-0.0001699366462802068,-2.6566830573606964e-06,-2.4508394942430796e-05,9.748668007051595e-08,-0.00523283160285551,0.00038148086143519543,-3.00775453868159e-06,0.022369692250182732,-0.0011255972083112785,-1.145612284292147e-05,-4.935310617827215e-06,-4.551428203309835e-05,1.8104284500752058e-07,-0.006959670114597168,0.0005073695195695802,-4.0003116421071574e-06,0.023767797532169496,-0.0011959469534595635,-1.2172136616692112e-05,-4.362823067663121e-06,-4.0264731785296496e-05,1.6016151745658498e-07,-0.012723118459878006,0.0009275328974807046,-7.3130563277421796e-06,0.023767797532169496,-0.0011959469534595635,-1.2172136616692112e-05,-3.0395156859410345e-06,-2.8010250222370708e-05,1.114090231405897e-07,-0.012723118459878006,0.0009275328974807046,-7.3130563277421796e-06,0.019573473539942543,-0.0009848973824815985,-1.0024108397538295e-05,-2.4689194329415563e-06,-2.2758194365204217e-05,9.052610946896672e-08,-0.01067080226937173,0.0007779161082458792,-6.133411680641669e-06,0.0181753736804193,-0.0009145476696362923,-9.308106336906579e-06,-1.5133059215499981e-06,-1.4004268744969514e-05,5.570623823770889e-08,-0.008105668982181877,0.0005909140941524016,-4.659004031014445e-06,0.01677727088198229,-0.0008441981386392286,-8.592088762251982e-06,-0.13751044632749004,-0.010834313750215919,-5.3373386714200544e-05,0.06920703347280324,-0.005458932871023945,2.14246772314043e-05,-0.01850330992816486,0.011026260020917986,-0.0002248993289278495,-0.09799397551514066,-0.018133684741056803,-0.00047442471693858,0.06621079749644924,-0.00789762168305283,-0.00011099653145085151,-0.5270823317757842,-0.0245759356374328,0.00024268172622767697,-0.036456695269023065,-0.01827196679840698,0.0006101073715953439,1.2942307549647463,-0.0071797998950067,-0.0009398490559246374,0.5011156142455828,-0.013636354997993975,-0.00018061639359044705,-0.3189681529302164,-0.018905062342485762,5.251326727036238e-05,-0.1549230424849483,-0.008187435333780442,3.122690163201937e-05,-0.0790854603600458,0.008169435054043508,1.2938375178223955e-05,-0.35222518798188085,-0.03691242979350954,0.00028009721020932785,-0.05864916962530062,-0.003192826346278939,0.0012326231002084416,0.2769690661483194,0.0019417111320273904,-3.602466384241877e-05,0.06275149875277858,-0.010823465640337527,0.0003781443054744401,-0.2519878665659919,-0.009488111854608643,0.0003793179512890782,1.4846125673238098,0.24914412302470432,0.1550519551943443,1.6195455593896106,1.456805155563819,0.05660657562234247,0.034595822383542744,0.0069588633508110755,0.01639392303804546,0.060343870583097516,0.03139331908352305,0.003119350758354598,0.0010934162194817043,0.0004985321045216972,0.00023213669110248492,0.0018639609211466349,0.0008915090997170058,2.966377450669181e-05,0_1_29_p1
183.333,-0.1382974556483897,1.5165479307072443,-1.4353101716204628,0.003907569321069814,0.002327830220520345,0.0021565754049885995,0.19438850752844433,-0.05293020340482664,-0.3029977722407387,0.5828284097176495,0.010172274847463164,0.8427773484039538,0.30563441594445223,0.18581886639465972,-0.09511378872125441,-0.21287826672867763,0.5984173270106463,0.010444353960557177,0.8199613441710301,0.25768827383938886,0.0001581145982592899,0.004360143844087043,-0.0006377010101109731,0.00029363178802781735,0.005798994892760728,-0.0006775581115744003,0.00025976530188906037,0.010601255833652347,-0.0006775581115744003,0.00018070804675931256,0.010601255833652347,-0.0005579867778508559,0.00014682363799579983,0.008891207635155567,-0.0005181321990481989,9.034537006655816e-05,0.0067538659931900644,-0.00047827632958189246,0.3160264883179331,0.00632064283025427,-0.07477893396365712,0.058623503651414076,-0.3828149730600696,0.9098204460600281,1.322592802248038,0.8390660441732642,0.07628573065077769,0.3865430785634707,0.15589800573331408,-0.3934385229375888,1.0113559833911072,1.3019900966207922,1.230001302348575,0.24750623438809286,0.4541092482870413,0.945868840322439,-0.024797152849414337,-0.0004922570270809418,0.034645874419066226,0.0055551194298136715,0.0001348430499567869,-1.0629818865023366,0.01991479795384051,0.0007178638072520173,1.6283381350942246e-05,4.173424856163533e-06,-2.2428272842677283e-07,-0.0003209062933910155,6.420271741100355e-06,-2.4198348445945247e-07,0.00018808594112563432,6.0170674829534516e-06,-1.013887305911004e-06,-0.023009972771721968,0.0065519537837315615,0.00019156399844190558,-0.001575911939213269,0.004163939691971512,-7.151273219524225e-05,0.22395771525858355,0.006019481733787307,-0.000346247908281722,-0.12336815352683012,-0.002224303445127085,0.00024039034984697154,-0.0021531773055062575,-3.882164090855281e-05,4.1955998679493195e-06,-0.014264352306214721,-0.00498047015691307,0.00023054280244388145,-0.006410006822425266,-0.002722744377701503,1.6136900432036207e-05,-0.11589793973296345,0.00717014177396978,0.00030535936961806207,0.06806403742638703,-0.0035304098537294673,-1.688883448626132e-06,-0.1270145158328112,-0.0070158216940482375,0.0003941319644047332,-0.20628603747941524,0.0016393914539007265,0.0003325708175570759,-0.003600369230294401,2.8612632722537656e-05,5.804459892031449e-06,-0.0548901057481988,-0.0018411892760783672,8.943664487673612e-05,-0.04097499520816105,-0.0018087306063138714,-0.00017253411803068176,-3.087928702888979e-05,-2.444003347511433e-05,1.2954117750600866e-07,-0.004836961480699042,0.00038058260843476353,-3.883011718520536e-06,0.021327127790374177,-0.0011440363014045116,-8.01693595364875e-06,-5.7347219802016233e-05,-4.53873277634705e-05,2.4057091878533516e-07,-0.006433162954180891,0.0005061748454721182,-5.164403691519591e-06,0.022660072926321006,-0.00121553849951262,-8.518000259533635e-06,-5.0729626895874575e-05,-4.015241984724594e-05,2.1282342011941422e-07,-0.011760599434221735,0.000925348886184654,-9.441157445767883e-06,0.022660072926321006,-0.00121553849951262,-8.518000259533635e-06,-3.529461384679225e-05,-2.79321301894253e-05,1.480434246888383e-07,-0.011760599434221735,0.000925348886184654,-9.441157445767883e-06,0.018661229925355412,-0.0010010315902905906,-7.0148200217373395e-06,-2.867605713338054e-05,-2.269471428493455e-05,1.2029133259653843e-07,-0.009863543568649283,0.0007760843928539786,-7.918236816176714e-06,0.01732829016996744,-0.0009295294396087019,-6.51376684414827e-06,-1.763989398834986e-05,-1.3965207769893388e-05,7.402234876765963e-08,-0.007492465933069729,0.000589522710266033,-6.01477774437226e-06,0.0159953473052534,-0.0008580274569633408,-6.012698102416914e-06,-0.14918385827543532,-0.010887170915058137,-4.341167616218155e-05,0.06339626177710561,-0.005459710932460095,3.350085832752459e-05,-0.006446265268684831,0.010833498975304744,-0.0002513996446112637,-0.1152385621777322,-0.018749155266348228,-0.00042073830457561477,0.0585768748777858,-0.008057495555152127,-8.76770715669848e-05,-0.5537117916213488,-0.02440580277279329,0.0002863111324530073,-0.05726597929713487,-0.01778583293278744,0.0006757109618121935,1.288278875322449,-0.00820809315785134,-0.0009318158327177251,0.48563292965743754,-0.01381393900619426,-0.0001762443136437189,-0.33853378317142063,-0.01895218433331892,0.0001009498710863996,-0.16474872647762182,-0.00807379746836998,9.87396725499846e-06,-0.07056380493017672,0.008237575180969008,-1.0573788232169472e-05,-0.3922991651672362,-0.036696502873887704,0.0003337372651213857,-0.06715312533249573,-0.0018336654847156807,0.0012122139319918766,0.2794025468935924,0.001907195679265556,-4.252113975899704e-05,0.050089184356936434,-0.010464113576145984,0.0004046442648602587,-0.26283224829815777,-0.009108815594050513,0.00039286048979154595,1.452819865911866,0.25045491264939934,0.16222349987955115,1.636117145374195,1.4233055994274604,0.053675016350920465,0.03538296973155603,0.006820363644590402,0.01630041821695508,0.060207650739791625,0.032285560452026636,0.0031520450724816565,0.0010890890065011762,0.0005095286865807322,0.0002573104398320454,0.0018798239042755412,0.0008808116776137764,2.5617004313814465e-05,0_1_29_p1
200.0,-0.1194607505519112,1.5168394946858852,-1.4556847578940395,0.003907812581834297,0.0023208440293015437,0.00215939864860885,0.19345538308871738,-0.05319162985438677,-0.2995532101849565,0.5806782698793894,0.010134747892550842,0.8429728179957497,0.3056071830099125,0.18330750715219898,-0.09371333251079689,-0.214546310792065,0.5946964968217882,0.010379413246194595,0.8190453704903082,0.25701966585932956,0.00015944990224787942,0.004251778643714242,-0.00025838102601498787,0.00029611155378460183,0.005654869123122805,-0.0002745306113613447,0.00026195910253677793,0.01033777647600392,-0.0002745306113613447,0.00018223410496850245,0.01033777647600392,-0.00022608191398880515,0.00014806355998521175,0.008670229127455,-0.00020993476330342432,9.11084700598762e-05,0.006586008072381567,-0.0001937862877322515,0.3138690919970864,0.007750161442084587,-0.07546820646117153,0.05711502290245381,-0.3816058747634674,0.9015195999994614,1.323030218210058,0.8624038104060816,0.0860837344632271,0.3815984490866098,0.153622403840439,-0.3951339156454676,1.0065284347462382,1.3022042403213643,1.2348139611838183,0.24890526378944244,0.44996885516774815,0.9187527660564415,-0.02532639989782769,-0.00048012791733471254,0.03998504766074084,0.005736711405502863,0.000125184937316869,-1.0421175692970115,0.020653195805515,0.0007149631483166327,2.1014560382625868e-05,3.941999642607789e-06,-2.268396050427528e-07,-0.00031183792856505105,6.195086361283608e-06,-2.4518781324476456e-07,0.00019667671290968865,5.007738388524287e-06,-1.0317993409626548e-06,-0.016305239396336893,0.0067873471875123164,0.00018395532486584042,0.0028009060793426147,0.004128275978395564,-8.167032025581593e-05,0.2317795414325134,0.0056804882366811036,-0.0003552749341471665,-0.12577839722802872,-0.0020068172157719174,0.00025098557505416565,-0.002195244190754629,-3.5025794352586974e-05,4.380521805564516e-06,-0.020077586456852516,-0.004777393838320041,0.00024037934201618657,-0.009219885087009189,-0.002716538979360705,1.901600651880642e-05,-0.10902203638222918,0.007523848132392333,0.0002959390708618244,0.0645510789113074,-0.003567054111506346,7.46446911564853e-06,-0.13586215991574202,-0.006636074279459921,0.0004082446794079843,-0.20513373414174768,0.001977108765702272,0.00033270537172435576,-0.003580257972434381,3.450691610020798e-05,5.806808401472528e-06,-0.057012578542648386,-0.0017561784915895687,9.285379574489263e-05,-0.04289947479881127,-0.0019621102656116633,-0.00017513158978115672,-5.910189100041894e-05,-2.4371672007797862e-05,1.615956749415013e-07,-0.0044410913585425735,0.00037968435543433163,-4.758268898359484e-06,0.02028456333056562,-0.0011624753944977446,-4.577749064376031e-06,-0.00010975912898620525,-4.5260373493842655e-05,3.0009899256314974e-07,-0.005906655793764613,0.000504980171374656,-6.328495740932027e-06,0.021552348320472516,-0.0012351300455656763,-4.863863902375164e-06,-9.709643072408608e-05,-4.0040107909195396e-05,2.6548532278224356e-07,-0.010798080408565466,0.0009231648748886034,-1.1569258563793586e-05,0.021552348320472516,-0.0012351300455656763,-4.863863902375164e-06,-6.754971200764341e-05,-2.785401015647989e-05,1.846778262370869e-07,-0.010798080408565466,0.0009231648748886034,-1.1569258563793586e-05,0.017748986310768284,-0.001017165798099583,-4.005531645936388e-06,-5.488319483381958e-05,-2.2631234204664882e-05,1.5005655572411013e-07,-0.009056284867926836,0.0007742526774620782,-9.703061951711756e-06,0.01648120665951558,-0.0009445112095811115,-3.7194273513899555e-06,-3.376648205514969e-05,-1.392614679481726e-05,9.233845929761039e-08,-0.0068792628839575804,0.0005881313263796645,-7.370551457730077e-06,0.015213423728524505,-0.000871856775287453,-3.4333074425818493e-06,-0.1608572702233806,-0.010940028079900355,-3.344996561016256e-05,0.05758549008140798,-0.005460488993896244,4.5577039423644864e-05,0.005610779390795212,0.010640737929691503,-0.00027789996029467794,-0.13248314884032375,-0.019364625791639653,-0.00036705189221264943,0.050942952259122376,-0.008217369427251424,-6.435761168311813e-05,-0.5803412514669133,-0.024235669908153772,0.0003299405386783376,-0.07807526332524667,-0.017299699067167898,0.0007413145520290432,1.2823269956801517,-0.009236386420695974,-0.0009237826095108129,0.47015024506929215,-0.013991523014394543,-0.00017187223369699077,-0.35809941341262486,-0.01899930632415208,0.00014938647490243692,-0.17457441047029532,-0.007960159602959519,-1.1478967122022482e-05,-0.06204214950030765,0.008305715307894505,-3.408595164256287e-05,-0.43237314235259156,-0.036480575954265876,0.00038737732003344365,-0.07565708103969086,-0.0004745046231524226,0.0011918047637753117,0.2818360276388654,0.0018726802265037214,-4.901761567557531e-05,0.03742686996109429,-0.01010476151195444,0.00043114422424607733,-0.2736766300303236,-0.008729519333492385,0.0004064030282940137,1.4213448730735116,0.25198532942502977,0.17094628073463836,1.6551147533703945,1.3898613649485119,0.05075193679082429,0.03618893897467131,0.006713851908108264,0.016208838889008852,0.06013678271865069,0.03317967699528667,0.003184969182232954,0.001085539873512854,0.0005207458775162605,0.00028359223306312375,0.001904655507717706,0.0008702686741283857,2.4270328947101562e-05,0_1_29_p1
216.667,-0.10062404545543274,1.5171310586645264,-1.4760593441676164,0.00390805584259878,0.002313857838082742,0.0021622218922291007,0.19252225864899047,-0.0534530563039469,-0.2961086481291743,0.5785281300411295,0.010097220937638521,0.8431682875875457,0.3055799500753727,0.1807961479097382,-0.09231287630033938,-0.2162143548554524,0.5909756666329299,0.010314472531832012,0.8181293968095864,0.2563510578792703,0.00016078520623646894,0.004143413443341441,0.00012093895808099739,0.00029859131954138637,0.005510743353484882,0.00012849688885171098,0.00026415290318449554,0.010074297118355495,0.00012849688885171098,0.0001837601631776923,0.010074297118355495,0.00010582294987324559,0.00014930348197462367,0.00844925061975443,9.826267244135068e-05,9.187157005319427e-05,0.006418150151573069,9.070375411738943e-05,0.3117116956762397,0.009179680053914901,-0.07615747895868594,0.05560654215349354,-0.38039677646686515,0.8932187539388948,1.3234676341720781,0.8857415766388989,0.09588173827567653,0.37665381960974875,0.15134680194756384,-0.39682930835334645,1.0017008861013692,1.3024183840219365,1.2396266200190618,0.250304293190792,0.44582846204845494,0.8916366917904439,-0.025855646946241043,-0.0004679988075884832,0.04532422090241545,0.005918303381192055,0.0001155268246769511,-1.0212532520916862,0.02139159365718949,0.0007120624893812482,2.574573941430949e-05,3.7105744290520442e-06,-2.2939648165873275e-07,-0.0003027695637390867,5.969900981466861e-06,-2.4839214203007666e-07,0.000205267484693743,3.998409294095123e-06,-1.0497113760143056e-06,-0.009600506020951818,0.007022740591293071,0.00017634665128977528,0.007177724097898505,0.004092612264819615,-9.182790831638962e-05,0.23960136760644324,0.0053414947395749,-0.000364301960012611,-0.12818864092922733,-0.0017893309864167495,0.00026158080026135976,-0.0022373110760030004,-3.122994779662113e-05,4.565443743179713e-06,-0.025890820607490296,-0.004574317519727011,0.0002502158815884917,-0.012029763351593115,-0.002710333581019907,2.1895112605576637e-05,-0.10214613303149492,0.007877554490814884,0.00028651877210558675,0.06103812039622778,-0.003603698369283225,1.661782167992318e-05,-0.14470980399867286,-0.0062563268648716044,0.00042235739441123544,-0.20398143080408013,0.002314826077503818,0.00033283992589163564,-0.003560146714574361,4.04011994778783e-05,5.809156910913606e-06,-0.059135051337097976,-0.0016711677071007702,9.627094661304915e-05,-0.044823954389461476,-0.002115489924909455,-0.00017772906153163166,-8.732449497194804e-05,-2.43033105404814e-05,1.9365017237699402e-07,-0.004045221236386105,0.00037878610243389973,-5.63352607819843e-06,0.01924199887075706,-0.0011809144875909775,-1.1385621751033119e-06,-0.00016217103817039427,-4.513341922421481e-05,3.596270663409643e-07,-0.005380148633348336,0.000503785497277194,-7.49258779034446e-06,0.020444623714624025,-0.0012547215916187326,-1.2097275452166938e-06,-0.00014346323455229748,-3.992779597114484e-05,3.181472254450729e-07,-0.009835561382909197,0.0009209808635925528,-1.3697359681819286e-05,0.020444623714624025,-0.0012547215916187326,-1.2097275452166938e-06,-9.980481016849462e-05,-2.7775890123534482e-05,2.2131222778533543e-07,-0.009835561382909197,0.0009209808635925528,-1.3697359681819286e-05,0.016836742696181156,-0.0010333000059085753,-9.962432701354358e-07,-8.109033253425856e-05,-2.2567754124395216e-05,1.7982177885168178e-07,-0.00824902616720439,0.0007724209620701778,-1.1487887087246797e-05,0.01563412314906372,-0.0009594929795535209,-9.250878586316473e-07,-4.989307012194955e-05,-1.3887085819741134e-05,1.1065456982756112e-07,-0.0062660598348454315,0.000586739942493296,-8.72632517108789e-06,0.014431500151795612,-0.0008856860936115651,-8.539167827467778e-07,-0.1725306821713259,-0.010992885244742573,-2.348825505814358e-05,0.05177471838571035,-0.005461267055332394,5.765322051976514e-05,0.017667824050275255,0.010447976884078263,-0.00030440027597809213,-0.1497277355029153,-0.01998009631693108,-0.0003133654798496842,0.043309029640458935,-0.008377243299350719,-4.1038151799251414e-05,-0.6069707113124779,-0.02406553704351426,0.000373569944903668,-0.0988845473533585,-0.016813565201548357,0.0008069181422458929,1.2763751160378545,-0.010264679683540612,-0.0009157493863039005,0.45466756048114687,-0.014169107022594827,-0.00016750015375026264,-0.3776650436538291,-0.01904642831498524,0.00019782307871847425,-0.18440009446296882,-0.007846521737549059,-3.283190149904342e-05,-0.05352049407043859,0.008373855434820002,-5.759811505295627e-05,-0.4724471195379469,-0.03626464903464405,0.0004410173749455015,-0.08416103674688598,0.0008846562384108338,0.0011713955955587468,0.2842695083841384,0.001838164773741887,-5.551409159215358e-05,0.024764555565252144,-0.009745409447762894,0.00045764418363189593,-0.28452101176248945,-0.008350223072934253,0.0004199455667964814,1.3902091681931692,0.25373139924616445,0.18099615952028975,1.676455910320764,1.3564765440368867,0.04783889136395943,0.0370125005593848,0.006640867468481585,0.01611921787258835,0.06013149758143432,0.03407552110401483,0.003218116034592396,0.0010827764717333923,0.0005321697273833929,0.00031070101380187954,0.0019381110369488057,0.0008598857692294809,2.604598605435086e-05,0_1_29_p1
233.33300000000003,-0.08178734035895428,1.5174226226431673,-1.4964339304411929,0.003908299103363265,0.0023068716468639403,0.002165045135849351,0.19158913420926352,-0.05371448275350702,-0.2926640860733921,0.5763779902028695,0.010059693982726199,0.8433637571793416,0.30555271714083293,0.17828478866727743,-0.09091242008988186,-0.2178823989188398,0.5872548364440716,0.010249531817469428,0.8172134231288647,0.2556824498992111,0.0001621205102250585,0.00403504824296864,0.0005002589421769827,0.00030107108529817096,0.005366617583846959,0.0005315243890647657,0.0002663467038322131,0.009810817760707066,0.0005315243890647657,0.00018528622138688213,0.009810817760707066,0.00043772781373529584,0.0001505434039640356,0.008228272112053861,0.0004064601081861252,9.263467004651231e-05,0.006250292230764574,0.00037519379596703036,0.30955429935539297,0.010609198665745216,-0.07684675145620032,0.054098061404533264,-0.379187678170263,0.8849179078783282,1.323905050134098,0.9090793428717163,0.10567974208812597,0.37170919013288783,0.14907120005468874,-0.3985247010612253,0.9968733374565001,1.302632527722509,1.2444392788543053,0.25170332259214157,0.4416880689291618,0.8645206175244464,-0.0263848939946544,-0.00045586969784225384,0.05066339414409008,0.006099895356881248,0.00010586871203703319,-1.000388934886361,0.02212999150886398,0.0007091618304458636,3.0476918445993125e-05,3.4791492154962997e-06,-2.3195335827471273e-07,-0.00029370119891312225,5.7447156016501134e-06,-2.5159647081538876e-07,0.00021385825647779737,2.9890801996659608e-06,-1.0676234110659564e-06,-0.00289577264556673,0.007258133995073827,0.00016873797771371012,0.011554542116454389,0.0040569485512436665,-0.00010198549637696333,0.24742319378037306,0.0050025012424686965,-0.0003733289858780555,-0.13059888463042593,-0.001571844757061582,0.00027217602546855387,-0.002279377961251372,-2.7434101240655293e-05,4.75036568079491e-06,-0.03170405475812809,-0.004371241201133982,0.00026005242116079687,-0.014839641616177034,-0.0027041281826791093,2.477421869234685e-05,-0.09527022968076065,0.008231260849237436,0.000277098473349349,0.05752516188114816,-0.0036403426270601035,2.5771174244197827e-05,-0.1535574480816037,-0.005876579450283289,0.00043647010941448653,-0.20282912746641257,0.002652543389305364,0.0003329744800589155,-0.0035400354567143412,4.6295482855548625e-05,5.811505420354686e-06,-0.06125752413154756,-0.0015861569226119717,9.968809748120566e-05,-0.04674843398011169,-0.0022688695842072466,-0.00018032653328210662,-0.00011554709894347719,-2.4234949073164932e-05,2.2570466981248672e-07,-0.0036493511142296374,0.00037788784943346783,-6.508783258037376e-06,0.0181994344109485,-0.0011993535806842106,2.3006247141694076e-06,-0.0002145829473545833,-4.500646495458696e-05,4.191551401187788e-07,-0.004853641472932059,0.000502590823179732,-8.656679839756894e-06,0.019336899108775535,-0.0012743131376717891,2.4444088119417835e-06,-0.000189830038380509,-3.981548403309429e-05,3.7080912810790213e-07,-0.008873042357252926,0.0009187968522965022,-1.582546079984499e-05,0.019336899108775535,-0.0012743131376717891,2.4444088119417835e-06,-0.00013205990832934584,-2.7697770090589075e-05,2.5794662933358397e-07,-0.008873042357252926,0.0009187968522965022,-1.582546079984499e-05,0.015924499081594025,-0.0010494342137175674,2.0130451056655228e-06,-0.0001072974702346976,-2.250427404412555e-05,2.0958700197925348e-07,-0.0074417674664819435,0.0007705892466782773,-1.3272712222781842e-05,0.014787039638611856,-0.0009744747495259305,1.8692516341266608e-06,-6.601965818874941e-05,-1.3848024844665007e-05,1.2897068035751186e-07,-0.0056528567857332835,0.0005853485586069275,-1.0082098884445707e-05,0.013649576575066722,-0.0008995154119356772,1.725473877088287e-06,-0.18420409411927116,-0.011045742409584792,-1.3526544506124575e-05,0.04596394669001273,-0.005462045116768543,6.972940161588544e-05,0.029724868709755298,0.010255215838465023,-0.0003309005916615064,-0.16697232216550684,-0.02059556684222251,-0.000259679067486719,0.035675107021795494,-0.008537117171450016,-1.7718691915384697e-05,-0.6336001711580426,-0.023895404178874743,0.00041719935112899826,-0.11969383138147033,-0.016327431335928816,0.0008725217324627425,1.2704232363955572,-0.01129297294638525,-0.0009077161630969882,0.4391848758930015,-0.014346691030795111,-0.00016312807380353448,-0.39723067389503336,-0.0190935503058184,0.00024625968253451147,-0.19422577845564234,-0.007732883872138597,-5.418483587606431e-05,-0.04499883864056951,0.0084419955617455,-8.111027846334967e-05,-0.5125210967233021,-0.03604872211502221,0.0004946574298575594,-0.0926649924540811,0.00224381709997409,0.0011509864273421822,0.28670298912941133,0.0018036493209800525,-6.201056750873185e-05,0.01210224116941,-0.009386057383571351,0.0004841441430177145,-0.2953653934946553,-0.007970926812376124,0.00043348810529894913,1.3594360640118885,0.25568870413873496,0.1921650345547697,1.7000523611532194,1.3231556339292474,0.044937831467598006,0.037852506226961215,0.006602522253974962,0.016031588010238382,0.06019181260364438,0.034972960021955254,0.003251478817390173,0.0010808048280522493,0.0005437872119019441,0.00033843811608316314,0.0019797533372811586,0.0008496688321242508,3.0401718323850704e-05,0_1_29_p1
250.0,-0.06295063526247582,1.5177141866218085,-1.5168085167147694,0.003908542364127749,0.002299885455645139,0.002167868379469602,0.19065600976953662,-0.053975909203067156,-0.2892195240176099,0.5742278503646095,0.010022167027813876,0.8435592267711375,0.30552548420629316,0.17577342942481666,-0.08951196387942434,-0.21955044298222717,0.5835340062552135,0.010184591103106847,0.8162974494481429,0.25501384191915183,0.00016345581421364801,0.0039266830425958394,0.0008795789262729678,0.00030355085105495544,0.005222491814209037,0.0009345518892778213,0.00026854050447993065,0.00954733840305864,0.0009345518892778213,0.000186812279596072,0.00954733840305864,0.0007696326775973471,0.0001517833259534475,0.008007293604353294,0.0007146575439308997,9.339777003983036e-05,0.006082434309956077,0.0006596838378166713,0.30739690303454625,0.012038717277575535,-0.07753602395371473,0.052589580655573,-0.37797857987366074,0.8766170618177616,1.3243424660961183,0.9324171091045337,0.11547774590057538,0.3667645606560269,0.14679559816181365,-0.400220093769104,0.9920457888116311,1.302846671423081,1.2492519376895486,0.2531023519934911,0.43754767580986864,0.8374045432584489,-0.026914141043067753,-0.00044374058809602455,0.056002567385764694,0.006281487332570439,9.621059939711528e-05,-0.9795246176810359,0.02286838936053847,0.000706261171510479,3.520809747767675e-05,3.247724001940555e-06,-2.3451023489069268e-07,-0.00028463283408715784,5.5195302218333674e-06,-2.5480079960070086e-07,0.00022244902826185173,1.9797511052367966e-06,-1.0855354461176072e-06,0.0038089607298183586,0.007493527398854582,0.00016112930413764495,0.01593136013501028,0.004021284837667717,-0.00011214308443753701,0.2552450199543029,0.004663507745362493,-0.0003823560117435,-0.13300912833162454,-0.001354358527706414,0.000282771250675748,-0.0023214448464997433,-2.3638254684689448e-05,4.935287618410108e-06,-0.03751728890876587,-0.004168164882540952,0.00026988896073310193,-0.017649519880760953,-0.002697922784338311,2.7653324779117067e-05,-0.08839432633002639,0.008584967207659989,0.0002676781745931114,0.05401220336606853,-0.0036769868848369825,3.49245268084725e-05,-0.16240509216453455,-0.005496832035694973,0.0004505828244177377,-0.20167682412874505,0.0029902607011069097,0.0003331090342261954,-0.0035199241988543213,5.218976623321895e-05,5.813853929795764e-06,-0.06337999692599715,-0.0015011461381231731,0.00010310524834936216,-0.04867291357076191,-0.002422249243505038,-0.00018292400503258156,-0.00014376970291500628,-2.4166587605848465e-05,2.577591672479795e-07,-0.0032534809920731697,0.0003769895964330359,-7.384040437876322e-06,0.017156869951139943,-0.0012177926737774437,5.739811603442127e-06,-0.0002669948565387723,-4.487951068495911e-05,4.786832138965934e-07,-0.0043271343125157805,0.00050139614908227,-9.820771889169326e-06,0.018229174502927045,-0.0012939046837248454,6.098545169100254e-06,-0.0002361968422087204,-3.9703172095043744e-05,4.234710307707315e-07,-0.007910523331596657,0.0009166128410004516,-1.7953561917870692e-05,0.018229174502927045,-0.0012939046837248454,6.098545169100254e-06,-0.00016431500649019705,-2.7619650057643668e-05,2.9458103088183257e-07,-0.007910523331596657,0.0009166128410004516,-1.7953561917870692e-05,0.015012255467006897,-0.0010655684215265598,5.0223334814664746e-06,-0.00013350460793513659,-2.2440793963855885e-05,2.3935222510682516e-07,-0.006634508765759498,0.0007687575312863769,-1.5057537358316884e-05,0.013939956128159996,-0.00098945651949834,4.663591126884976e-06,-8.214624625554927e-05,-1.380896386958888e-05,1.4728679088746256e-07,-0.005039653736621134,0.000583957174720559,-1.143787259780352e-05,0.01286765299833783,-0.0009133447302597894,4.304864536923358e-06,-0.19587750606721646,-0.01109859957442701,-3.5648339541055694e-06,0.0401531749943151,-0.005462823178204693,8.180558271200572e-05,0.04178191336923534,0.010062454792851783,-0.00035740090734492057,-0.18421690882809838,-0.021211037367513935,-0.00020599265512375375,0.028041184403132052,-0.008696991043549313,5.600767968482021e-06,-0.6602296310036071,-0.02372527131423523,0.00046082875735432865,-0.1405031154095821,-0.01584129747030927,0.0009381253226795923,1.26447135675326,-0.012321266209229884,-0.0008996829398900759,0.4237021913048562,-0.014524275038995395,-0.00015875599385680635,-0.4167963041362376,-0.01914067229665156,0.0002946962863505487,-0.20405146244831585,-0.007619246006728136,-7.553777025308525e-05,-0.03647718321070045,0.008510135688670997,-0.00010462244187374307,-0.5525950739086575,-0.035832795195400384,0.0005482974847696174,-0.10116894816127621,0.0036029779615373465,0.0011305772591256172,0.28913646987468433,0.001769133868218218,-6.850704342531011e-05,-0.0005600732264321451,-0.009026705319379807,0.0005106441024035331,-0.30620977522682113,-0.007591630551817994,0.00044703064380141686,1.32905074795349,0.25785243382141615,0.2042694375819124,1.7258116006864692,1.2899035874846998,0.04205123777313117,0.03870788542562762,0.006599420094591778,0.01594598212867391,0.060317530993309144,0.03587187405298078,0.0032850509517026645,0.0010796292802583757,0.0005555861843175238,0.0003666609741640684,0.0020290784257585323,0.0008396239215560826,3.642337339811452e-05,0_1_29_p1
266.667,-0.044113930165997364,1.5180057506004494,-1.537183102988346,0.003908785624892232,0.0022928992644263377,0.002170691623089852,0.1897228853298097,-0.05423733565262729,-0.28577496196182767,0.5720777105263496,0.009984640072901556,0.8437546963629334,0.3054982512717534,0.17326207018235587,-0.08811150766896682,-0.22121848704561456,0.5798131760663552,0.010119650388744263,0.8153814757674211,0.25434523393909253,0.00016479111820223754,0.0038183178422230386,0.0012588989103689532,0.00030603061681173997,0.005078366044571114,0.001337579389490877,0.00027073430512764826,0.009283859045410212,0.001337579389490877,0.00018833833780526184,0.009283859045410212,0.0011015375414593974,0.00015302324794285943,0.007786315096652724,0.0010228549796756747,9.416087003314841e-05,0.005914576389147579,0.0009441738796663122,0.30523950671369954,0.01346823588940585,-0.07822529645122912,0.05108109990661273,-0.37676948157705853,0.868316215757195,1.3247798820581385,0.9557548753373509,0.12527574971302483,0.36181993117916594,0.1445199962689385,-0.40191548647698283,0.9872182401667621,1.3030608151236533,1.254064596524792,0.25450138139484074,0.4334072826905755,0.8102884689924513,-0.027443388091481107,-0.0004316114783497952,0.06134174062743931,0.006463079308259631,8.655248675719737e-05,-0.9586603004757107,0.02360678721221296,0.0007033605125750946,3.993927650936037e-05,3.0162987883848105e-06,-2.3706711150667266e-07,-0.00027556446926119344,5.29434484201662e-06,-2.5800512838601295e-07,0.0002310398000459061,9.704220108076324e-07,-1.103447481169258e-06,0.010513694105203433,0.007728920802635337,0.00015352063056157982,0.020308178153566163,0.003985621124091769,-0.00012230067249811068,0.2630668461282327,0.0043245142482562894,-0.00039138303760894447,-0.13541937203282317,-0.0011368722983512466,0.0002933664758829421,-0.002363511731748115,-1.984240812872361e-05,5.120209556025304e-06,-0.043330523059403665,-0.003965088563947923,0.0002797255003054071,-0.02045939814534488,-0.002691717385997513,3.053243086588728e-05,-0.08151842297929213,0.00893867356608254,0.00025825787583687364,0.0504992448509889,-0.003713631142613861,4.407787937274715e-05,-0.1712527362474654,-0.005117084621106657,0.0004646955394209888,-0.2005245207910775,0.0033279780129084557,0.00033324358839347527,-0.0034998129409943013,5.808404961088927e-05,5.816202439236843e-06,-0.06550246972044674,-0.0014161353536343746,0.00010652239921751867,-0.050597393161412124,-0.00257562890280283,-0.00018552147678305652,-0.00017199230688653543,-2.4098226138531998e-05,2.8981366468347213e-07,-0.002857610869916701,0.000376091343432604,-8.259297617715268e-06,0.016114305491331384,-0.0012362317668706767,9.178998492714846e-06,-0.0003194067657229613,-4.475255641533126e-05,5.38211287674408e-07,-0.003800627152099504,0.0005002014749848078,-1.0984863938581762e-05,0.017121449897078554,-0.001313496229777902,9.752681526258724e-06,-0.0002825636460369319,-3.959086015699319e-05,4.761329334335608e-07,-0.006948004305940388,0.000914428829704401,-2.0081663035896392e-05,0.017121449897078554,-0.001313496229777902,9.752681526258724e-06,-0.00019657010465104827,-2.754153002469826e-05,3.3121543243008116e-07,-0.006948004305940388,0.000914428829704401,-2.0081663035896392e-05,0.014100011852419768,-0.001081702629335552,8.031621857267426e-06,-0.00015971174563557562,-2.2377313883586216e-05,2.6911744823439686e-07,-0.005827250065037051,0.0007669258158944764,-1.6842362493851924e-05,0.013092872617708135,-0.0010044382894707495,7.457930619643284e-06,-9.827283432234913e-05,-1.3769902894512753e-05,1.6560290141741333e-07,-0.004426450687508986,0.0005825657908341904,-1.2793646311161338e-05,0.012085729421608937,-0.0009271740485839017,6.884255196758423e-06,-0.20755091801516173,-0.011151456739269228,6.396876597913409e-06,0.03434240329861747,-0.005463601239640842,9.388176380812599e-05,0.053838958028715383,0.00986969374723854,-0.0003839012230283348,-0.20146149549068992,-0.02182650789280536,-0.00015230624276078852,0.02040726178446861,-0.00885686491564861,2.8920227852348738e-05,-0.6868590908491716,-0.023555138449595715,0.0005044581635796589,-0.16131239943769393,-0.01535516360468973,0.0010037289128964418,1.2585194771109627,-0.013349559472074522,-0.0008916497166831637,0.4082195067167108,-0.014701859047195679,-0.00015438391391007822,-0.4363619343774418,-0.019187794287484718,0.000343132890166586,-0.21387714644098935,-0.007505608141317675,-9.689070463010619e-05,-0.02795552778083138,0.008578275815596496,-0.00012813460528413647,-0.5926690510940128,-0.035616868275778556,0.0006019375396816753,-0.10967290386847132,0.004962138823100603,0.0011101680909090523,0.29156995061995733,0.0017346184154563835,-7.500351934188838e-05,-0.01322238762227429,-0.008667353255188262,0.0005371440617893518,-0.317054156958987,-0.007212334291259864,0.0004605731823038846,1.2990804312386248,0.2602174390271784,0.217152982099899,1.753638323729693,1.2567258709614546,0.03918230762294671,0.03957764137796231,0.0066316104488984015,0.015862432996797106,0.06050824508474641,0.036772155017581805,0.0033188260843463073,0.001079252429735468,0.0005675553258252112,0.00039526554953421496,0.0020855412572642353,0.0008297572851267144,4.34233387420934e-05,0_1_29_p1
283.333,-0.025277225069518926,1.5182973145790903,-1.5575576892619232,0.003909028885656716,0.002285913073207536,0.0021735148667101026,0.1887897608900828,-0.054498762102187404,-0.2823303999060455,0.5699275706880896,0.009947113117989233,0.8439501659547296,0.30547101833721346,0.17075071093989513,-0.0867110514585093,-0.22288653110900197,0.5760923458774968,0.010054709674381681,0.8144655020866998,0.2536766259590333,0.00016612642219082714,0.003709952641850238,0.0016382188944649375,0.0003085103825685245,0.004934240274933191,0.0017406068897039332,0.00027292810577536587,0.009020379687761787,0.0017406068897039332,0.00018986439601445163,0.009020379687761787,0.0014334424053214466,0.00015426316993227138,0.007565336588952158,0.001331052415420449,9.492397002646644e-05,0.0057467184683390815,0.0012286639215159528,0.30308211039285277,0.014897754501236168,-0.07891456894874355,0.04957261915765248,-0.37556038328045627,0.8600153696966284,1.3252172980201582,0.9790926415701683,0.13507375352547424,0.356875301702305,0.1422443943760634,-0.40361087918486166,0.982390691521893,1.3032749588242254,1.258877255360036,0.2559004107961903,0.42926688957128245,0.7831723947264537,-0.027972635139894463,-0.0004194823686035658,0.06668091386911393,0.006644671283948822,7.689437411727949e-05,-0.9377959832703855,0.02434518506388745,0.00070045985363971,4.467045554104399e-05,2.784873574829065e-06,-2.3962398812265263e-07,-0.000266496104435229,5.069159462199873e-06,-2.61209457171325e-07,0.00023963057182996043,-3.8907083621533006e-08,-1.121359516220909e-06,0.017218427480588504,0.007964314206416093,0.00014591195698551468,0.024684996172122043,0.003949957410515821,-0.0001324582605586844,0.2708886723021626,0.003985520751150085,-0.0004004100634743892,-0.13782961573402178,-0.0009193860689960794,0.00030396170109013625,-0.002405578616996486,-1.6046561572757766e-05,5.305131493640502e-06,-0.049143757210041446,-0.003762012245354894,0.0002895620398777121,-0.023269276409928794,-0.0026855119876567153,3.34115369526575e-05,-0.07464251962855789,0.009292379924505092,0.000248837577080636,0.046986286335909296,-0.00375027540039074,5.323123193702181e-05,-0.18010038033039624,-0.004737337206518342,0.00047880825442423987,-0.1993722174534099,0.003665695324710001,0.00033337814256075514,-0.003479701683134282,6.397833298855957e-05,5.818550948677923e-06,-0.0676249425148963,-0.001331124569145576,0.00010993955008567518,-0.05252187275206234,-0.002729008562100622,-0.00018811894853353148,-0.00020021491085806458,-2.402986467121553e-05,3.2186816211896484e-07,-0.0024617407477602322,0.0003751930904321722,-9.134554797554214e-06,0.015071741031522827,-0.0012546708599639098,1.2618185381987568e-05,-0.00037181867490715045,-4.4625602145703417e-05,5.977393614522226e-07,-0.0032741199916832267,0.0004990068008873458,-1.2148955987994192e-05,0.016013725291230057,-0.0013330877758309587,1.340681788341721e-05,-0.0003289304498651434,-3.9478548218942644e-05,5.2879483609639e-07,-0.005985485280284123,0.0009122448184083505,-2.2209764153922085e-05,0.016013725291230057,-0.0013330877758309587,1.340681788341721e-05,-0.0002288252028118995,-2.7463409991752853e-05,3.6784983397832976e-07,-0.005985485280284123,0.0009122448184083505,-2.2209764153922085e-05,0.013187768237832643,-0.0010978368371445443,1.1040910233068378e-05,-0.00018591888333601458,-2.2313833803316554e-05,2.988826713619685e-07,-0.005019991364314609,0.0007650941005025758,-1.8627187629386965e-05,0.012245789107256277,-0.0010194200594431588,1.0252270112401592e-05,-0.00011439942238914897,-1.3730841919436627e-05,1.8391901194736403e-07,-0.0038132476383968385,0.0005811744069478219,-1.4149420024519153e-05,0.011303805844880051,-0.0009410033669080141,9.463645856593493e-06,-0.21922432996310698,-0.011204313904111448,1.6358587149932388e-05,0.02853163160291985,-0.0054643793010769924,0.00010595794490424628,0.06589600268819544,0.009676932701625302,-0.000410401538711749,-0.21870608215328138,-0.02244197841809679,-9.861983039782349e-05,0.012773339165805203,-0.009016738787747907,5.223968773621537e-05,-0.7134885506947363,-0.023385005584956202,0.0005480875698049893,-0.18212168346580576,-0.014869029739070193,0.0010693325031132914,1.2525675974686654,-0.014377852734919155,-0.0008836164934762513,0.3927368221285656,-0.014879443055395963,-0.00015001183396335004,-0.455927564618646,-0.01923491627831788,0.0003915694939826232,-0.22370283043366282,-0.007391970275907214,-0.00011824363900712706,-0.01943387235096232,0.008646415942521994,-0.00015164676869452984,-0.6327430282793681,-0.03540094135615672,0.0006555775945937332,-0.11817685957566643,0.0063212996846638584,0.0010897589226924877,0.2940034313652303,0.0017001029626945495,-8.149999525846664e-05,-0.025884702018116407,-0.008308001190996719,0.0005636440211751704,-0.3278985386911528,-0.006833038030701734,0.0004741157208063523,1.269554504820622,0.2627782853716267,0.23068516211490628,1.7834357568556045,1.2236285305649308,0.036335225253611464,0.04046084695627831,0.006698584536851402,0.01578097328176209,0.060763342887246025,0.037673704919873936,0.003352798080484654,0.0010796751128173384,0.000579684095721332,0.0004241746249351138,0.0021485791840408345,0.0008200753575119244,5.100036402300575e-05,0_1_29_p1
300.0,-0.010230272842505297,1.5196302803740367,-1.5756388465269788,0.0039085347081456515,0.002284119872067487,0.002177668750329849,0.18961045210428304,-0.05436908563476074,-0.2780659013076316,0.5680105159976642,0.009913654657563001,0.842474832655367,0.3053966393858106,0.1696601120368564,-0.0857566760022543,-0.22579904530894349,0.5724404378999131,0.00999097224476085,0.8137421718208268,0.25339604034583113,0.00016465087097464103,0.0036452463051618008,0.0021894756533868405,0.0003057702156428934,0.004848180582844853,0.002326317445391205,0.00027050409277709587,0.008863052716994014,0.002326317445391205,0.0001881779092915246,0.008863052716994014,0.0019157920693781117,0.0001528928371367055,0.007433387204173882,0.0017789487813772453,9.40807266650029e-05,0.005646488198721052,0.0016421064907073805,0.3012615863726965,0.01607698471434963,-0.079169640341609,0.048717958849553385,-0.3739224625879606,0.8495153931194743,1.3222240748089498,1.0006434186417437,0.14204908654744475,0.34866589224347533,0.13884959085059076,-0.4047192495290097,0.9742854507928049,1.2992292871140994,1.2640872252435265,0.25776405442218087,0.42459161875743257,0.7898931974788649,-0.02945817374845355,-0.0004202985948765387,0.07295291425159091,0.00689505678044136,7.209589269018221e-05,-0.950029966543154,0.025857973243337433,0.000711437755281226,5.010904396611304e-05,2.6142732227465314e-06,-2.445301451241718e-07,-0.000275588343745048,5.201070315639673e-06,-2.5736510163891123e-07,0.00025112495409395204,-9.91718809274762e-07,-1.1610774043474205e-06,0.021257101702697047,0.008359426818362084,0.00014710635904172185,0.028705958650505507,0.003939785858638746,-0.0001410980287649699,0.2803958719764799,0.0038627206294285558,-0.00041210294512788575,-0.14469761428393943,-0.0006596383376128768,0.0003209121507150932,-0.0025254481149751726,-1.1513099520902962e-05,5.600973043389184e-06,-0.05400572788863877,-0.0036336183368555776,0.0003019519665659633,-0.026627646650312614,-0.0027062014696158376,3.524299341570125e-05,-0.071514786741415,0.009801593661567716,0.00024773784470475405,0.04503862711895522,-0.003803624737579639,6.009977852742261e-05,-0.1893612458013216,-0.004603818530269616,0.0004976689773605981,-0.2035183503865192,0.004096970509594218,0.00033889959849749476,-0.003552065171059827,7.150550374050173e-05,5.91491934487512e-06,-0.07137931414239955,-0.0012759675588613856,0.00011657850724148804,-0.05409237158926712,-0.0030302947704984634,-0.0001908235464030057,-0.00021732996569276424,-2.4871622332751934e-05,3.4874654332133503e-07,-0.0022507599336965803,0.00037705294752519406,-9.871292999534119e-06,0.014013273924965068,-0.0012710929007348241,1.56672333447503e-05,-0.0004036030440100407,-4.618883432147909e-05,6.476558299412253e-07,-0.002993515500430019,0.0005014804082948124,-1.3128816910802776e-05,0.014889103509656422,-0.001350536178196351,1.6646430581301767e-05,-0.00035704834525612995,-4.086146797827198e-05,5.72954468083014e-07,-0.005472508079847962,0.0009167668783208819,-2.4001068101646968e-05,0.014889103509656422,-0.001350536178196351,1.6646430581301767e-05,-0.00024838599821310804,-2.8425446490392357e-05,3.985685501459046e-07,-0.005472508079847962,0.0009167668783208819,-2.4001068101646968e-05,0.012261608771596351,-0.001112206125991876,1.370882687836148e-05,-0.00020181149531503173,-2.3095476231278857e-05,3.2384222032966694e-07,-0.004589759867525852,0.0007688867204228962,-2.0129543703759762e-05,0.011385784316035864,-0.001032762942157341,1.2729622056780772e-05,-0.00012417896523460943,-1.421181479199174e-05,1.9927828337116615e-07,-0.0034864390814745507,0.0005840553485211313,-1.5290626573996495e-05,0.01050995487382037,-0.000953319894014099,1.1750432541329893e-05,-0.23313993554808207,-0.011611174085342978,2.6539843472131215e-05,0.025283040150396938,-0.005561294531883758,0.00011575731469000937,0.0759435588634956,0.009699484346391792,-0.0004363508509628252,-0.24319067819593096,-0.023185228624849064,-5.830134058908108e-05,0.004574556838696341,-0.009211209956108088,7.27721145794572e-05,-0.7487151222625458,-0.02380960762619615,0.0005904707719379821,-0.19676893734215448,-0.014673624998732544,0.001127877414689458,1.2779134600687272,-0.015430243574934843,-0.0008991596174111048,0.39589135814388826,-0.015603834318145235,-0.00014724057955024672,-0.4845478284577337,-0.019546099353041923,0.00044050391725424263,-0.23274522570460926,-0.007787933232379022,-0.0001300531610736858,-0.013456443937932862,0.008814158296672843,-0.00017001060593713115,-0.6764806154510059,-0.03612291430673793,0.0007130916840856394,-0.10982074799817619,0.007040150145850221,0.0010874400010462142,0.30200942419573634,0.001770220883365076,-8.90073551820216e-05,-0.03379655136134245,-0.00823516933536098,0.0005902353643762369,-0.3440245739963247,-0.006743091740659785,0.000494258773494309,1.286354824882279,0.27207123137366235,0.2464972328434209,1.848723127167478,1.2376633104260486,0.03373107308265353,0.0426147522371862,0.0069687175219634336,0.01611916117843605,0.06226898817282625,0.03979900279808284,0.003389519244970366,0.001100923288176882,0.00060027088586626,0.0004522235999278994,0.0022340779519651435,0.0008294539651904155,5.7877480691324644e-05,0_1_29_p1
316.667,0.004518092445401169,1.5211153122187195,-1.5937209113632456,0.003908027066666072,0.0022828537603615403,0.0021820550120728614,0.19064918231527997,-0.0541498358781287,-0.2734578615738997,0.5660067289153901,0.009878682248677039,0.8408189759621473,0.3053254100057091,0.1687228238526439,-0.08484987024276061,-0.22904250535098966,0.5687376271453619,0.009926346193218005,0.8129864327854067,0.25307741503224906,0.00016208922629821395,0.0035870994144678583,0.0027707037048894908,0.000301013445432958,0.004770845043688985,0.0029438717826138637,0.00026629585461778734,0.008721674066265466,0.0029438717826138637,0.00018525024413767923,0.008721674066265466,0.002424366053444242,0.00015051420269898756,0.0073148135241173935,0.002251196479723367,9.261714342083051e-05,0.005556418238677133,0.0020780274046679923,0.2991189339138166,0.017136024075188258,-0.07923716663170316,0.04755979874983549,-0.37222116899032515,0.8379474111757815,1.31858554004276,1.0227136490826114,0.14870173661465502,0.34003116150456525,0.13517818355593808,-0.4056552332042727,0.9652432405267589,1.2942833252079098,1.2695982704069724,0.2594615990525831,0.41947085215334584,0.7646007260804272,-0.030038166686846245,-0.0004318197379265025,0.0791197533546485,0.006930882337315037,6.079487288284195e-05,-0.9273215371432444,0.0267308789894093,0.0007262508522703787,5.50733386431492e-05,2.343345682143263e-06,-2.418405600539936e-07,-0.000273636047357985,4.810790549825492e-06,-2.296749988023634e-07,0.00025731102953297863,-2.2935017206955687e-06,-1.1744741592128076e-06,0.02706284205625536,0.008469875782803638,0.00014407619266108867,0.03342366237427155,0.003769101503429253,-0.000148309317751584,0.28344700096732733,0.0034593014956496764,-0.00041460721483962574,-0.14815693365587904,-0.0003268297438405632,0.000336375457458773,-0.0025858250252162587,-5.7045206902813814e-06,5.87085963176207e-06,-0.05917668800392337,-0.0032409410323322144,0.0003076455563043419,-0.0299251387001036,-0.002644326462930561,3.672129602191545e-05,-0.0637461624019333,0.010047723165066566,0.0002394308193822321,0.04038016662503368,-0.0037235185423830394,6.677511312043645e-05,-0.19541085222385307,-0.004140925919195531,0.0005056111573961719,-0.20125506470458923,0.004513181146754414,0.00033914848982600674,-0.0035125631613374723,7.876972264656825e-05,5.9192624693590195e-06,-0.07346850325239489,-0.001161924900808,0.00012253917536841083,-0.05424036877994725,-0.0033174599151592128,-0.00018917871408260947,-0.00023590404873466888,-2.4753322912335277e-05,3.632638002590432e-07,-0.0018287825745584465,0.00036453214196709567,-1.0411795351729302e-05,0.012197407557917195,-0.0012649743785673067,1.9310194409584947e-05,-0.0004380962814450852,-4.596916424650115e-05,6.746163289024946e-07,-0.0024322851968306023,0.0004848277520305244,-1.3847685135510649e-05,0.012959745785905474,-0.0013440352766091708,2.051707790407612e-05,-0.0003875635478030742,-4.0667138172382114e-05,5.968043377731302e-07,-0.004446511849740116,0.0008863237523545977,-2.5315242063779883e-05,0.012959745785905474,-0.0013440352766091708,2.051707790407612e-05,-0.0002696140041918436,-2.8290241291821696e-05,4.1516150623323135e-07,-0.004446511849740116,0.0008863237523545977,-2.5315242063779883e-05,0.01067272612366657,-0.0011068524517410271,1.689641950610439e-05,-0.00021905946336273196,-2.298561960291067e-05,3.3732238565442367e-07,-0.003729262889265913,0.0007433542681651575,-2.123173446508301e-05,0.009910393728807514,-0.0010277916705533116,1.568952885867656e-05,-0.0001347922348923587,-1.4144190801373215e-05,2.0757333834429304e-07,-0.002832795240835328,0.0005646606129220788,-1.6127862709082994e-05,0.009148055433771778,-0.0009487309957635333,1.4482654518440007e-05,-0.24355613891084849,-0.01171251630962517,4.0549745677776376e-05,0.019482194538154467,-0.005473660941565675,0.00012317152280514948,0.08724559972583629,0.00934080177814902,-0.00045446618810131696,-0.26686525255943,-0.023416139412407538,8.277621111559543e-06,-0.006302765361964241,-0.009191734587075827,9.903208695819154e-05,-0.7703540195707242,-0.023320913423335865,0.0006360948631418833,-0.21186446879118864,-0.013614248471571257,0.0011660387597337396,1.261979085172513,-0.01624853528605506,-0.0009100567447578958,0.3827732919617286,-0.01578413839851677,-0.0001540435484445245,-0.5054238612321071,-0.01911050923972635,0.0005008946573180485,-0.2373785077141709,-0.007916348267852981,-0.00014513855441771644,-0.0043111150143567215,0.008680337871723846,-0.0001879938332199583,-0.7122624062911382,-0.03552124383459411,0.0007689200603502996,-0.09881102548083892,0.008207005054460356,0.0010276922072207635,0.3013011165423536,0.001742200182609415,-9.99539220612564e-05,-0.04356163330957114,-0.007779671691970206,0.0006001759011507999,-0.35330926103668764,-0.0062813187846109935,0.000508013774803435,1.2557351855748036,0.2742446636772543,0.2594435263727038,1.8695198444800345,1.20449142091675,0.029185078942738113,0.04352871237108519,0.007094619788054593,0.01594975173051697,0.061729457077988444,0.04080280031225839,0.0033482827293230323,0.0011178942323801192,0.0006124037299446451,0.00047260450911096205,0.002282332840789915,0.0008471163401105057,6.519383388237741e-05,0_1_29_p1
333.33299999999997,0.017875560969829302,1.5225660578182454,-1.6105417429381577,0.00390762314761061,0.002281587648655594,0.0021865629481980123,0.19167561094704333,-0.053810365349291796,-0.26847366199712636,0.5639209318035574,0.009842278171138943,0.8391861376684335,0.3051877733408968,0.16775942504415606,-0.08397458961754746,-0.23239915996833777,0.5650374119447413,0.009861765021570209,0.8120777470569761,0.2525992531610662,0.0001582410246303167,0.003538331923174133,0.0033409990139576474,0.0002938670701442921,0.00470598412069537,0.00354981070433175,0.0002599737734015633,0.008603100386208973,0.00354981070433175,0.0001808520144226535,0.008603100386208973,0.002923374635878442,0.00014694076572190429,0.007215366658000757,0.002714561449507839,9.041852722881823e-05,0.005480877396657815,0.0025057487618027354,0.29650381484243593,0.017972335986193886,-0.0790171803461268,0.04582618464644605,-0.37057998802278685,0.8253937415717219,1.3145124013381966,1.0449523925587552,0.15495569713150822,0.3317169829227314,0.13117241007251232,-0.4063588382576047,0.9553241638792083,1.2886654384676393,1.2751273468162532,0.26068134035229734,0.41409550384591515,0.7397367482582706,-0.030653961593697956,-0.0004175052432574704,0.08563883124544625,0.006948543809970398,4.9053737003963296e-05,-0.9046284652159947,0.027664541610874532,0.0007123703385189945,6.01838135497775e-05,2.072979903491705e-06,-2.375788625085045e-07,-0.000272671963517194,4.383361221903541e-06,-2.0846488952025674e-07,0.0002628294631046708,-3.6307000595038424e-06,-1.1833303436270236e-06,0.033100661903682306,0.008562429136390874,0.000140015658401702,0.03834507893366834,0.0035791638564260024,-0.00015617612091688534,0.2858026976049696,0.0030249519686321668,-0.00041050134235604224,-0.15171948106071292,2.51575250836719e-05,0.0003502136644529435,-0.0026480039701005536,4.3879499023269114e-07,6.112382639580867e-06,-0.06420257578187784,-0.0028279551295522848,0.00031340145792904076,-0.033160804206472154,-0.0025827728817793554,3.723252254803857e-05,-0.055561458692569,0.010285351622648632,0.00022711578374269738,0.035510311567158885,-0.0036301084319784165,7.591282694239195e-05,-0.20055576630252017,-0.0036492779350374874,0.0005099408124272723,-0.19889098818178094,0.004946285211447169,0.0003341484684676708,-0.003471301859729106,8.63288177283924e-05,5.831995122742497e-06,-0.07542267996039456,-0.0010406258659273041,0.00012730359485851382,-0.05447877972491497,-0.0036202393553885844,-0.00018846464004501517,-0.0002537309883808626,-2.455180944977457e-05,3.77921850025923e-07,-0.0013754431447584702,0.0003508441660444719,-1.114940385400553e-05,0.010280190419871516,-0.0012586202583221493,2.36161303184206e-05,-0.0004712037986919748,-4.559498521038338e-05,7.018369857004947e-07,-0.0018293430913429514,0.00046662275209833194,-1.4828705640020432e-05,0.010922701959685761,-0.0013372840001625787,2.509213432155979e-05,-0.00041685203321861677,-4.033608039234422e-05,6.208861301084709e-07,-0.0033442616859471457,0.0008530428004039769,-2.7108664519837498e-05,0.010922701959685761,-0.0013372840001625787,2.509213432155979e-05,-0.0002899888647370329,-2.805995177682402e-05,4.3191376845920755e-07,-0.0033442616859471457,0.0008530428004039769,-2.7108664519837498e-05,0.008995159948260311,-0.0011012925620050528,2.0664113468396758e-05,-0.0002356141438887829,-2.2798508493972576e-05,3.5093408031203477e-07,-0.002804812487985463,0.0007154417526403885,-2.2735867476383527e-05,0.008352654090718496,-0.001022628960245929,1.9188100076198156e-05,-0.00014497893183333484,-1.4029036864757516e-05,2.1594884343055578e-07,-0.002130571692082304,0.0005434579563915481,-1.72704204877457e-05,0.007710141419478328,-0.0009439653867425209,1.7712105435825194e-05,-0.254153773309922,-0.01180514968491734,5.215868872061016e-05,0.013567801081721974,-0.005372201583610905,0.00013236699461544488,0.09845677461551826,0.008957037662288435,-0.0004727318842640641,-0.2922356030717526,-0.023572903410937127,7.668083370043801e-05,-0.017767355949335897,-0.009162729512719991,0.00012817075300039027,-0.7926155933656716,-0.022724927572594623,0.0006718066063705687,-0.22660040456911226,-0.012419072538343541,0.0012027196346076634,1.2443182140530265,-0.01711242482400077,-0.0008860879694740025,0.36993649962239966,-0.015981600935939883,-0.00014746696921360544,-0.5266998961156728,-0.018621439168792636,0.0005567884468944545,-0.24156281552791525,-0.008099236138558001,-0.0001629676513691763,0.005111840940006695,0.008506811770089297,-0.0002083168825192323,-0.7480530149620785,-0.034854920692346546,0.0008191740311102486,-0.08504108256095615,0.009410692300646577,0.0009613913622235703,0.3005281143065406,0.0016890256379151548,-0.00010345528516157853,-0.05233127149186609,-0.007270660678337379,0.0006090772828540962,-0.3621264243794672,-0.005761647002583422,0.0005163588649064938,1.225445685227735,0.27653863335934825,0.27289551513638943,1.8913707836809028,1.1717069912189098,0.02439370391324106,0.04450655948751674,0.0073028011275207225,0.015762316854508063,0.06111955268849088,0.04187212105566041,0.003304493372649624,0.0011018532491906899,0.00062105397794075,0.0004936770041965001,0.0023131486188071653,0.0008271577217406778,7.454114905649199e-05,0_1_29_p1
350.0,0.02991626883208331,1.5239811797517413,-1.626201259855395,0.00390734239893379,0.002280321536949647,0.0021911706174232775,0.19269690083082336,-0.05336086328042318,-0.2631436314130564,0.5617555441871758,0.009804484811516254,0.8376018703918062,0.30500570907064234,0.16678430111375336,-0.08314060896775699,-0.23594600461027204,0.5613694968045891,0.009797747840603558,0.8110600660154236,0.2519458841689271,0.00015316161784151264,0.0034979091003669426,0.0038886509199759314,0.0002844333162045124,0.0046522214970824375,0.004131690511643644,0.000251628107584027,0.008504815909374169,0.004131690511643644,0.00017504655066501984,0.008504815909374169,0.0034025697419785023,0.00014222388875201447,0.007132935754760068,0.0031595286543142876,8.751579535000139e-05,0.005418261964413267,0.0029164875666500725,0.2933912021344118,0.018570516670053903,-0.07847427025035343,0.04350839986643511,-0.36905128604555704,0.8118914386446462,1.3099596311952204,1.0672313060342975,0.16077407433094465,0.3235204834150461,0.12680002120372613,-0.4068220142331644,0.9443991427813269,1.2824698951181812,1.2806822840183938,0.26140863550756493,0.408443380228372,0.7152721006291636,-0.031212794400413052,-0.0004043698673854313,0.09251952568491346,0.006959923562784522,3.6567659417522415e-05,-0.8818906912035637,0.0285565198102406,0.0006987049628469161,6.544303325143445e-05,1.8015394498021985e-06,-2.3268143187237352e-07,-0.0002724857978572927,3.944843201544431e-06,-1.8411589171817934e-07,0.0002674597021819206,-4.984384890371731e-06,-1.1911467450499635e-06,0.0394423323182887,0.008648903468503704,0.00013610626253174492,0.043412285908715174,0.003373089524087955,-0.0001642785912460798,0.2874555383273377,0.002560133083967308,-0.0004042413256293184,-0.15532539612184784,0.0003933893620618707,0.0003651627002281731,-0.002710939461787146,6.865653909740052e-06,6.373293762061829e-06,-0.06899064884280437,-0.002411300676983667,0.0003187402760779821,-0.03629777070249892,-0.0025188126147294983,3.6656346813249725e-05,-0.046845489011821444,0.010521599757842172,0.00021409793993765379,0.030491124428773164,-0.0035269216363869554,8.538088470556228e-05,-0.20467943110302647,-0.0031383559715912035,0.0005118452406239519,-0.1963429348640476,0.00538714466855137,0.00032899133869071723,-0.0034268297222005023,9.402329744056727e-05,5.741985261256369e-06,-0.07717402433356052,-0.0009083795072258048,0.00013201780818263988,-0.05490349865478502,-0.003928746520477104,-0.00018708384040523244,-0.00027103732124446155,-2.4257190049833996e-05,3.910299950789618e-07,-0.0008910109236669685,0.00033626337940962796,-1.1952386792795653e-05,0.008280864445260584,-0.0012493145186607943,2.803857844739475e-05,-0.0005033427650609007,-4.504788119088437e-05,7.261825378514775e-07,-0.001185047368272331,0.0004472303095224888,-1.5896674333510745e-05,0.008798417601472364,-0.0013273966754086149,2.9790987022848366e-05,-0.00044528395378003784,-3.985207681485806e-05,6.424221987175209e-07,-0.0021664124075092147,0.0008175910781499694,-2.9061038392419108e-05,0.008798417601472364,-0.0013273966754086149,2.9790987022848366e-05,-0.00030976789124696974,-2.7723245008635354e-05,4.468963060772135e-07,-0.0021664124075092147,0.0008175910781499694,-2.9061038392419108e-05,0.007245749182000814,-0.0010931500571818254,2.4533758501904163e-05,-0.00025168412154828,-2.252493489334385e-05,3.6310752480520365e-07,-0.0018169574806868529,0.0006857086154791477,-2.437331113477959e-05,0.006728201557204676,-0.0010150680393180341,2.278134109263213e-05,-0.00015486813918425674,-1.3860710938195348e-05,2.2343948621283366e-07,-0.0013801847496705381,0.0005208722907848903,-1.8514242662144647e-05,0.0062106470600436555,-0.0009369860692654686,2.1028943484138238e-05,-0.2648777860740389,-0.011876755064712724,6.433366031457558e-05,0.007488648828852924,-0.00525089322194929,0.000141379620935645,0.10949967212499168,0.0085397840344062,-0.00048972193417834,-0.3191562077417637,-0.023637465811131318,0.0001485785789735559,-0.02974673175577304,-0.009122344118200787,0.0001584222157350801,-0.8153597277601822,-0.022020872131367077,0.000709146014728342,-0.24095375249197937,-0.011096199003189613,0.0012370438336556093,1.2249943436406414,-0.018002735760667896,-0.0008591680248813141,0.3573706390883715,-0.01618970312260531,-0.00014086831866963402,-0.5481878461699746,-0.018105167582757677,0.0006141391385277796,-0.24534069357664068,-0.008329681164078196,-0.00018006886463685517,0.014835183588506514,0.008292005592838582,-0.00022862488567013415,-0.7837309126920149,-0.034124649524878106,0.0008699350140135622,-0.06870973375418302,0.01063312527449102,0.0008890661045964096,0.2993438737455243,0.001622570625468237,-0.00010674654789629705,-0.06020029156991223,-0.006691374612319827,0.0006142692973546553,-0.36991670152926753,-0.005197281952594677,0.000523883273834085,1.1954054837404928,0.2788244628583409,0.2867167585130783,1.9141282834096112,1.1392565039835894,0.019422622907316507,0.045429968072373116,0.007589727325932149,0.015542107381233454,0.06044922201212677,0.04287369750332187,0.0032534920135685844,0.0010849327668745767,0.0006300958690656836,0.0005137651115838367,0.0023474697122402573,0.0008081103361183894,8.454135435655311e-05,0_1_29_p1
366.66700000000003,0.040509658921462535,1.5253712307785305,-1.640585919969803,0.003907233191189165,0.0022790549265781996,0.0021958750277556523,0.19373099544732694,-0.05280755501163192,-0.25752759821245164,0.5595157646540878,0.00976539292693009,0.8360715033704701,0.30483238540928176,0.1658238613863459,-0.08236963719729103,-0.23977642935173954,0.5577567375594584,0.009734693582718508,0.8099730400506967,0.25115029527736005,0.00014698165629295102,0.0034662917129688157,0.0043987094312372575,0.00027295553237789716,0.004610170531415887,0.004673627711025397,0.00024147428066142456,0.008427941635806327,0.004673627711025397,0.0001679829538494485,0.008427941635806327,0.003848871375664477,0.00013648474750595655,0.007068461796194894,0.0035739515998798347,8.398424627496598e-05,0.005369286529605805,0.0032990313254296923,0.2897005912313322,0.018955255055701534,-0.07746115748345178,0.04065259789654237,-0.36776219034802354,0.7976636681713626,1.30487426585235,1.0892970968562135,0.16598717683111,0.3151814304007128,0.12204991964752986,-0.4070275322379073,0.9323470887829383,1.2758185355972869,1.2861374611924834,0.26153253244183994,0.4025059237020616,0.6909027667840286,-0.03171533470281351,-0.0003923942668575429,0.09979213273934665,0.00696762616840966,2.3329351174961784e-05,-0.8588590410737702,0.02940882384043924,0.0006851349527211618,7.068772041564711e-05,1.529903600651189e-06,-2.2743019588283506e-07,-0.0002728228035454164,3.4988513047849624e-06,-1.573474793988174e-07,0.00027083843332859536,-6.3417089617091025e-06,-1.1973818389170459e-06,0.04621007450455412,0.008730751593246865,0.00013211603155938693,0.04855097672574453,0.003154307476943624,-0.00017248752837517155,0.2885087426187736,0.002069096427076313,-0.00039578053771962575,-0.1588140943005162,0.0007758612539038695,0.0003810259076266036,-0.0027718292851145344,1.3541055856209324e-05,6.650159621810941e-06,-0.07346994395150214,-0.001997733692525795,0.00032348538581515677,-0.039346705925524035,-0.002455239499362076,3.494903721975352e-05,-0.037491473403674064,0.010754564540974832,0.00020004221824708397,0.025390255881394156,-0.003414577608070314,9.502486537676518e-05,-0.20780857110687903,-0.0026031539971343985,0.0005109857776875427,-0.19349057277677745,0.005827289515604211,0.0003234894029170379,-0.00337704722451839,0.00010170527184320944,5.645957219557651e-06,-0.07867784539983015,-0.0007708308728580097,0.00013652306490245106,-0.05562739722332848,-0.004235803387177463,-0.00018479028506150234,-0.0002879110974052804,-2.386267472022826e-05,4.0316255850662923e-07,-0.00038204094052685447,0.00032096541815797254,-1.2824030301056648e-05,0.006239060718552544,-0.001235789116311744,3.253700121666632e-05,-0.0005346781675946224,-4.4315151483009986e-05,7.487130057337973e-07,-0.0005081175500858512,0.00042688401957715596,-1.7055961793749605e-05,0.006629001165940248,-0.0013130259040940013,3.457056247414755e-05,-0.0004730054897169328,-3.920386777645776e-05,6.623532331789645e-07,-0.0009289027885831128,0.0007803955979491365,-3.118035326237515e-05,0.006629001165940248,-0.0013130259040940013,3.457056247414755e-05,-0.00032905281148377073,-2.7272354017663152e-05,4.607622982012324e-07,-0.0009289027885831128,0.0007803955979491365,-3.118035326237515e-05,0.005459171023797704,-0.0010813153108702159,2.8469879862759834e-05,-0.000267353172145319,-2.215857287296011e-05,3.7437238040264065e-07,-0.0007790660921093455,0.000654513040986701,-2.6150767504598845e-05,0.005069235956968848,-0.0010040786607747117,2.6436310326701187e-05,-0.0001645094385434668,-1.3635231839159708e-05,2.303725540890516e-07,-0.0005917909475639079,0.0004971757531310366,-1.9864421377573335e-05,0.0046792939591085774,-0.0009268420047726452,2.44027602446913e-05,-0.2756520472235105,-0.01192233560087572,7.6932798469774e-05,0.0012314088781446675,-0.005106367385372068,0.00015035452825553546,0.12027632243535259,0.00808577078048396,-0.0005051410290070087,-0.3475402286742426,-0.02360608818489951,0.000223469854593669,-0.04211895025957263,-0.009067646201525996,0.00018957710752963796,-0.8385175923826401,-0.02121036998108274,0.0007478914113663503,-0.25483741906287993,-0.009644559712394994,0.0012688648744828598,1.203998950174719,-0.018910490676004598,-0.0008294626649497769,0.3449835843305035,-0.016402693273285456,-0.00013425668967997678,-0.5696831650756162,-0.0175452671455378,0.0006723890672904839,-0.24879061756255103,-0.008601813957844864,-0.00019623062838918938,0.024836510597243927,0.008035661173718258,-0.0002489684368382005,-0.8192493423239998,-0.033319767723979765,0.000920935411486583,-0.05002065086310202,0.011862482110936297,0.00081146954357713,0.29785723501621797,0.00154068054393977,-0.00010914933839588034,-0.06709571456008057,-0.006049082302781137,0.0006157669412541434,-0.37639116512515536,-0.0046007915928472426,0.0005294111054186473,1.165293374611961,0.28090961606457904,0.3007523254189576,1.9377446643101937,1.1067719313946944,0.014425499282409788,0.04630164676033639,0.00794513326391383,0.015283872649588139,0.05972000645214494,0.0438096934959835,0.0031931249507458096,0.0010667384118577409,0.0006391810888005512,0.0005326280116869513,0.002385756344323913,0.0007898917222854873,9.504539427157301e-05,0_1_29_p1
383.33299999999997,0.04969580649092023,1.526771972196321,-1.6537324280542147,0.003907354366905803,0.0022777952975237604,0.0022006821631811464,0.19481676128433412,-0.05214684366866244,-0.25166831747666546,0.557211994369305,0.009725184530288143,0.8345764702905075,0.3046658690306695,0.16493352006568449,-0.08167587131295079,-0.24391311300104035,0.5542197036625822,0.009672960289744468,0.8088235327947446,0.25019230499489137,0.00013978391845772642,0.0034448590697543245,0.004858310972488929,0.00025958880363512345,0.004581664816741315,0.005161953881106391,0.00022964942564641268,0.008375829595000278,0.005161953881106391,0.00015975696775204895,0.008375829595000278,0.004251022163261001,0.0001298011338018194,0.007024755759731952,0.003947377758647036,7.98712532262662e-05,0.005336086876574368,0.003643732356702071,0.28543053450724887,0.019110059277701926,-0.07595253925925742,0.03725387585756626,-0.36681329771894733,0.7828048170591534,1.2992336155306443,1.110997689001456,0.17059749795950707,0.30658914806387316,0.11693647893831191,-0.40695686585115604,0.9190641567882113,1.2688769702083529,1.2914658396977499,0.26103926848597236,0.39630410664194093,0.6662425077814889,-0.032136914629897796,-0.00038086044848957855,0.10746455725426136,0.006972998927401389,9.25489760184281e-06,-0.8352388445488258,0.030200113122084298,0.0006710301919727651,7.56238048729323e-05,1.2585119958270695e-06,-2.2174280930970987e-07,-0.0002734205400524112,3.047827974893181e-06,-1.2896984588624863e-07,0.0002724912119398708,-7.694026024346809e-06,-1.2011151730366603e-06,0.053528922995235886,0.008808050789525363,0.0001276445855294617,0.05371894718630536,0.002926012748305303,-0.0001806316926066343,0.289194823384704,0.0015586529708321597,-0.00038538585044605,-0.16195419024522478,0.0011703923430156243,0.00039729879161712073,-0.002826634249528116,2.0426947563522886e-05,6.934176257608093e-06,-0.07759278327203431,-0.0015906954321968552,0.00032749314356276106,-0.04247344493461012,-0.0024007722032890364,3.223998185075737e-05,-0.027434321487765288,0.010982087096441967,0.0001846193787141301,0.02024316788095345,-0.003292172203379503,0.00010466043915823926,-0.21010362552747186,-0.002031672825228421,0.0005073380947895728,-0.19016919185027759,0.00626024188014558,0.0003173665345610833,-0.0033190777791237917,0.00010926170466187133,5.5390938016807e-06,-0.07991100906929964,-0.0006331275341336293,0.00014069272573018148,-0.056661849278234366,-0.004540689605696595,-0.00018126459106015627,-0.0003047352919677569,-2.337175615483073e-05,4.146028637280245e-07,0.00014127522163707691,0.0003050675684152398,-1.375296794565973e-05,0.004192700613927864,-0.0012169048224614607,3.70269075351825e-05,-0.0005659221006279545,-4.340339068358407e-05,7.699580506161641e-07,0.00018789263491100205,0.0004057398566894336,-1.8291448599066556e-05,0.004454743685728604,-0.001292961333457233,3.934108832421796e-05,-0.0005006458144151635,-3.839726629212136e-05,6.811481826002765e-07,0.00034348833963199676,0.000741741515053029,-3.3438971837365716e-05,0.004454743685728604,-0.001292961333457233,3.934108832421796e-05,-0.0003482813112810786,-2.6711235562001734e-05,4.738383343882554e-07,0.00034348833963199676,0.000741741515053029,-3.3438971837365716e-05,0.003668605821203753,-0.0010647915863969465,3.23985475846022e-05,-0.00028297606056459083,-2.1702670882367942e-05,3.849966180229023e-07,0.00028808014920043653,0.0006220940955101299,-2.8045057101386123e-05,0.003406567979105074,-0.0009887352118906508,3.0084359770071257e-05,-0.00017412338253807417,-1.3354700068861159e-05,2.3690855047397055e-07,0.0002188256688618265,0.0004725499635114026,-2.1303344524546003e-05,0.0031445231473084517,-0.0009126787533355719,2.777019036501876e-05,-0.28643062368174826,-0.011929799001030297,8.975161904443734e-05,-0.005221816872549252,-0.004941803915194407,0.00015942115071582478,0.13072282768916485,0.007578070962667528,-0.0005187910517089806,-0.37723244982072296,-0.0234848856530276,0.00030103292588316345,-0.05474913583556189,-0.008984314325622102,0.00022129874595364755,-0.8619227674530645,-0.02032354975855305,0.0007880141080438064,-0.26817587441043567,-0.00806356234904277,0.001297885785297332,1.1815980474789156,-0.019811880510911366,-0.000797010143225857,0.3324389472851312,-0.016591310966477372,-0.00012744167913722633,-0.5911123036605879,-0.01691635246957262,0.0007307930276911294,-0.2520422604624145,-0.008910992802973592,-0.00021118562000184914,0.03505696946384136,0.007738119111442077,-0.000269294978133507,-0.854613396230125,-0.032429759814224905,0.0009720736311483355,-0.029184153043897817,0.01308641596616895,0.0007293788248367075,0.29666038790639604,0.0014536794056284352,-0.00011075685541055273,-0.07278202787024449,-0.00534288935142096,0.0006133091724966346,-0.38145358070416846,-0.003980136847353605,0.0005322285800395126,1.1347874120163544,0.28254814718924615,0.31489399364423704,1.9624005218855747,1.0738024922737384,0.009671463101541282,0.04709135734193285,0.00835975679757893,0.014972264012380993,0.058932161717922815,0.04464807833074916,0.0031212721984873247,0.0010465642018683394,0.0006477569621364183,0.000550104182632677,0.0024282328867357354,0.0007716368066474428,0.00010580367941884963,0_1_29_p1
400.0,0.057690229783147695,1.5282293704922902,-1.6658321893810426,0.0039077532993062585,0.0022765456417793324,0.0022056179543057854,0.19600531853697023,-0.05137947475643811,-0.2455918569447401,0.5548671011353521,0.009684258553990879,0.8330746533650754,0.30445368386818406,0.16417739157250852,-0.08106541747379073,-0.24835296981605712,0.5507738582324678,0.009612818737048247,0.80759463599644,0.2490623893091257,0.00013171152133450236,0.0034341861320456293,0.005253472963094968,0.00024459742269149334,0.004567469804602095,0.005581813277959151,0.00021638741665875862,0.008349879541016127,0.005581813277959151,0.0001505311573260069,0.008349879541016127,0.004596788344042597,0.00012230519399725404,0.007002991005294083,0.004268446533181912,7.525859734599547e-05,0.005319554619233976,0.003940103724990224,0.28062225165243915,0.019048125022531157,-0.07388063845892943,0.03329785323380134,-0.3662723289279677,0.7673661536067976,1.2930246077140053,1.1323122731586865,0.17469127194114936,0.29770089179514936,0.11147147705653022,-0.40660138915708177,0.9044758875605975,1.2618374569417967,1.296654153037216,0.25984245532730876,0.3898280489884474,0.6408021515722987,-0.03245440715042454,-0.00036888083886552563,0.11552035267154573,0.006972976036120667,-5.702393140871877e-06,-0.8106392806637835,0.03091095538113926,0.0006556910455189468,7.996149072953778e-05,9.91443515587413e-07,-2.1520824384301583e-07,-0.0002740422125034319,2.589452890764472e-06,-9.979806939107827e-08,0.0002719461579763488,-9.034741481461183e-06,-1.2011297128203656e-06,0.061492703271501074,0.00887647062984929,0.00012225689110171607,0.058841309415232336,0.0026906931620370132,-0.00018864581069088956,0.28965762624532665,0.0010282610790157234,-0.0003736895195578576,-0.16450430791241663,0.0015731084503096755,0.00041327494247715447,-0.0028711424837342195,2.7455673353154915e-05,7.21301212231315e-06,-0.08129294630553842,-0.0011893990873224482,0.0003306663631074764,-0.04573013731295139,-0.0023550350298868882,2.906348052365799e-05,-0.016646003418784,0.011198964824687041,0.00016759698936546786,0.015104809661241588,-0.0031617230758494387,0.00011419185389978399,-0.21166755910231508,-0.001416552153084864,0.0005012004323969396,-0.18620810572254384,0.006681722796965258,0.0003102321590306474,-0.003249943925550715,0.00011661797925471277,5.414574310339158e-06,-0.0809091157844354,-0.000495501425465379,0.00014442473561631462,-0.05814102006005165,-0.0048365150924240706,-0.00017643715435078095,-0.0003217954265499316,-2.2787340861130442e-05,4.2625042770674117e-07,0.0006668781213107697,0.0002890010679648452,-1.4721454329500772e-05,0.0021741344145946614,-0.0011922049490676744,4.142610220856251e-05,-0.0005976037194949291,-4.231806986552717e-05,7.915890015348904e-07,0.0008869452493647604,0.00038437142866083464,-1.9579535164764307e-05,0.0023100171764607056,-0.0012667176988698037,4.401523257156552e-05,-0.000528673388493551,-3.743715724838504e-05,7.002836783972538e-07,0.001621440300557733,0.0007026774680543714,-3.5793750101662195e-05,0.0023100171764607056,-0.0012667176988698037,4.401523257156552e-05,-0.0003677790904486942,-2.6043333486659113e-05,4.871509386518167e-07,0.001621440300557733,0.0007026774680543714,-3.5793750101662195e-05,0.001902360392596734,-0.0010431791779211927,3.6247843576481686e-05,-0.0002988177919006843,-2.115998888246028e-05,3.958127618999432e-07,0.0013598913350301232,0.0005893313272947089,-3.001999408136316e-05,0.0017664827095759605,-0.0009686665878356965,3.365870674322416e-05,-0.00018387153879026352,-1.3020727639856662e-05,2.435652733404268e-07,0.0010329856598587557,0.0004476629790086786,-2.280352973141001e-05,0.00163059883304586,-0.0008941538355591962,3.1069587972715705e-05,-0.2971919132592673,-0.011896693223106328,0.00010266374932603353,-0.011813406912258703,-0.004756530748726656,0.00016868887278935428,0.14080775315307933,0.007011196362084618,-0.0005305544042236244,-0.40799456150304836,-0.023275791213966845,0.0003807970551682504,-0.06748756146015301,-0.00886236703085867,0.0002532239061967787,-0.8853629095182918,-0.019375644542801346,0.0008292692323770606,-0.28094988600362114,-0.006357536900983049,0.0013238223110622809,1.1578104492052401,-0.020695405216655804,-0.0007623327866700461,0.3195129208916133,-0.01675044385090331,-0.00011978419524232895,-0.6124726298259011,-0.016215949237709394,0.0007886550783189958,-0.25523555436958045,-0.009252857034526807,-0.00022455131377995788,0.04541165853997898,0.0074013018286819094,-0.00028947700354984505,-0.8896678463939529,-0.031442397019507705,0.0010234226022612827,-0.00648657402699648,0.014286701475069127,0.0006435791673678815,0.29594621594672615,0.0013626017073805204,-0.00011290911682787693,-0.07751338164437656,-0.0045839000334645195,0.00060633413492194,-0.38503801756333866,-0.0033509479364124666,0.0005319956942412604,1.1034319830040704,0.28351434419009813,0.32907356812359906,1.9880029778366104,1.0397636982237017,0.005933122928994956,0.047769310205530255,0.008816615188484042,0.014605230872396192,0.05809645888794793,0.04535855145587657,0.003037769562407381,0.0010239853938640952,0.0006552060889668756,0.0005661128483524347,0.002475078836050989,0.0007523548609068905,0.00011656909911818533,0_1_29_p1
416.66700000000003,0.0646339828176326,1.5297873037424976,-1.6769763774570834,0.003908481350937091,0.00227527454341838,0.0022107093290666033,0.1973337255319101,-0.050492183273978225,-0.23932964052185945,0.5524967001637139,0.009642887269401604,0.8315224622481068,0.30412337382459254,0.1636153531667988,-0.08055936075317148,-0.2530652745219722,0.5474437964489342,0.009554698275625832,0.8062814258326296,0.2477799522920213,0.0001228342780933586,0.0034359758425271743,0.005570288120909981,0.0002281115412426554,0.004569850433701815,0.00591842894680529,0.00020180344542909405,0.008354230896174101,0.00591842894680529,0.0001403853090514136,0.008354230896174101,0.004874001482464359,0.00011406175460733455,0.007006640738092753,0.004525859160572548,7.01861718741994e-05,0.005322326700751645,0.004177714844018735,0.27531877849693304,0.018762794607091116,-0.07125318988304714,0.02874236536384694,-0.36619475552536795,0.7513882981086407,1.2862606924083149,1.1531180619243682,0.17831278326448055,0.2884601029534667,0.1056929447265858,-0.40595369447967367,0.8885734552194015,1.2548996624613782,1.3016953680326624,0.25788895467144307,0.38306540727444555,0.614051677709019,-0.03267390283862477,-0.000355246633732911,0.12393025986419162,0.00696290246636728,-2.154922381535042e-05,-0.7846167932947267,0.03154858564747733,0.0006381820568901837,8.344517629745129e-05,7.31873336180847e-07,-2.0728357923631523e-07,-0.0002744458968927753,2.118792316997207e-06,-7.063745835085091e-08,0.00026880832836157756,-1.0362072349466252e-05,-1.1961700424283569e-06,0.07016505160511155,0.008929805110118736,0.00011556201569154411,0.06381968240829737,0.0024495204802966243,-0.00019640919173628758,0.2899559677991029,0.0004773933548521181,-0.00036121756778113027,-0.16625686197265932,0.0019793267281569935,0.0004282063968478987,-0.002901731111633271,3.4545509073354586e-05,7.473615496942332e-06,-0.08450563332240296,-0.0007886594729665821,0.000332873632627387,-0.04908790519893419,-0.002312293537577492,2.5706620113709925e-05,-0.005109983733682781,0.011397490498279862,0.00014883754204078546,0.010037513839926323,-0.0030245733494576755,0.00012351083190427896,-0.212580072541033,-0.0007566555606999432,0.0004928873737133706,-0.1814557904644768,0.007087488984949121,0.00030166674063693294,-0.003166999887129012,0.00012369996746854675,5.265079789819924e-06,-0.08171905776929526,-0.00035503981113390275,0.00014774298723874244,-0.06018123141791186,-0.0051162587999414085,-0.00017007082695102163,-0.00033957534916321467,-2.2119980194045582e-05,4.387165591007371e-07,0.0011816739422561076,0.0002729918428090873,-1.5704230402142055e-05,0.0002051062159914949,-0.0011611890883536182,4.5657995100805346e-05,-0.0006306231866620036,-4.10787041505514e-05,8.147377564845056e-07,0.0015716243294300954,0.0003630791315889021,-2.0886629521815315e-05,0.00021792495325380747,-0.001233763329281115,4.851161858922474e-05,-0.0005578840820910047,-3.634075987028893e-05,7.207632158326184e-07,0.0028731148692171665,0.0006637525670486972,-3.818327456389061e-05,0.00021792495325380747,-0.001233763329281115,4.851161858922474e-05,-0.00038809924026467804,-2.5280615763648968e-05,5.013986497665926e-07,0.0028731148692171665,0.0006637525670486972,-3.818327456389061e-05,0.00017946124891296067,-0.0010160402530627161,3.995074998648544e-05,-0.00031532801995925585,-2.0540296646309523e-05,4.073888545538289e-07,0.002409663500396631,0.0005566853078675028,-3.202407499225606e-05,0.00016664743963912731,-0.0009434661706545766,3.709712058305252e-05,-0.00019403173522178078,-1.2639371811451065e-05,2.5068815395062264e-07,0.0018304050225739794,0.0004228646551965864,-2.432585254621512e-05,0.0001538273781894377,-0.0008708919211865099,3.424350680211651e-05,-0.30794261374611964,-0.011826377041812792,0.0001156067897739485,-0.018427939554318366,-0.004551997891263789,0.00017807564931754394,0.15051036175101692,0.0063793723345409075,-0.0005404056907236796,-0.43945455213400036,-0.022979762061233994,0.00046204231903668094,-0.0801884008137803,-0.008694163499837947,0.0002849471768707327,-0.9085031068494922,-0.018375596533847474,0.0008712282981694995,-0.2931938805687883,-0.00453404363383459,0.0013466158764054098,1.1326767225045407,-0.021561452238013527,-0.0007254752354690428,0.30595421706099885,-0.01688139247875467,-0.0001108963591626061,-0.6337675954766271,-0.015445752212482983,0.0008455303539529135,-0.25851683424242555,-0.009622213480779018,-0.00023591671281638388,0.05585520553404208,0.007027782146327504,-0.00030933145964052105,-0.9242220943126144,-0.030349240991430108,0.0010747502354919996,0.017675091458805282,0.01544423992807744,0.0005549774796654158,0.29578647225856125,0.00126629337032736,-0.00011603580285030423,-0.08164106492615275,-0.0037721333266959958,0.0005954639844274928,-0.38721920713934,-0.0027164071193578453,0.0005282743134785277,1.0707144995376154,0.2836134825700833,0.34325152776270557,2.0143634718115058,1.0040128679797544,0.005555665544345632,0.048342239726384524,0.009297180864456231,0.01418732780053709,0.0572286290705489,0.045949747618650866,0.002941859975622488,0.0009983472043174665,0.0006608062339112841,0.0005806153436555394,0.0025262959242784385,0.0007307135939211052,0.00012709927950503255,0_1_29_p1
433.333,0.07078293535070679,1.5314790334344976,-1.687365671735727,0.00390958290302785,0.002273896231974805,0.002215968754101113,0.19881922213283953,-0.04947254945832563,-0.2329015789241303,0.5501064907023967,0.009601169910954938,0.829891502925999,0.30359043055617907,0.16328090619421465,-0.0801747455379025,-0.2580064058554578,0.5442392906597961,0.009498768950412925,0.8048938910719564,0.24637824246582868,0.00011326139647892,0.0034515371981379563,0.005798714320083499,0.00021033411614734173,0.004590546547971964,0.00616113193926012,0.0001860765328721234,0.008392066143698836,0.00616113193926012,0.000129444587968912,0.008392066143698836,0.005073874593740747,0.00010517254339417714,0.007038372818556012,0.004711455478567624,6.471630999844916e-05,0.0053464306950526865,0.004349034867397997,0.2695737136033938,0.018238731075246286,-0.0680699925694138,0.02350602056336554,-0.366617537102054,0.7348752613313038,1.2789809605008282,1.1733565578459615,0.18154688435241206,0.2787837412663428,0.09966174656615065,-0.4050080207364036,0.8713962239205737,1.2482702716491114,1.3067681844582113,0.2551703560260426,0.3760035129028932,0.5855118398654795,-0.0328067832847324,-0.0003385705476463651,0.132667022630792,0.006939816242765613,-3.827788327927595e-05,-0.7567708913553202,0.03212009943861223,0.0006174029877394291,8.586114779071525e-05,4.7628433930125255e-07,-1.974168233110068e-07,-0.0002743264099340922,1.6377269349078477e-06,-4.2392414615691547e-08,0.00026271697422486156,-1.1676800210208012e-05,-1.1851133357982437e-06,0.07961760827654132,0.008964662336094007,0.00010722212473314891,0.06856016374737084,0.0022013927703792985,-0.00020375676146995171,0.29009061314138634,-8.949274269438354e-05,-0.00034834916210233,-0.16702143857179425,0.0023859597572956854,0.00044142981156217105,-0.002915075601570904,4.164259885006083e-05,7.704409200404856e-06,-0.08719526097726414,-0.00038409577403471327,0.0003339967336812741,-0.05249114453972781,-0.0022658409725421136,2.2307825744212545e-05,0.0072194500914995515,0.011569828392849868,0.00012821570032133653,0.005091729693321088,-0.002878845811157221,0.00013249071015736353,-0.21288542083956746,-5.94908255866062e-05,0.00048266678498128167,-0.1757655606270902,0.007471427814603421,0.0002912697472954505,-0.0030676870824131734,0.00013040095895699053,5.0836171761259804e-06,-0.08234912198964559,-0.00021056567772828543,0.0001507333841185637,-0.0628777261828103,-0.005375516758791913,-0.00016192021728357418,-0.000358362291135934,-2.1375755837313705e-05,4.5334948659400235e-07,0.001674365773747333,0.00025664795407673476,-1.6669924026566257e-05,-0.0016899564961465885,-0.0011229232500135715,4.966948400605788e-05,-0.0006655113671734995,-3.9696602050988044e-05,8.41913751462746e-07,0.0022269040862438346,0.00034134172365579186,-2.2171002875904628e-05,-0.0017955787268701504,-0.0011931058599913384,5.277382523986159e-05,-0.0005887489203917772,-3.511811259966489e-05,7.448038355528681e-07,0.004071045549838903,0.0006240140149171217,-4.053126074237898e-05,-0.0017955787268701504,-0.0011931058599913384,5.277382523986159e-05,-0.00040957087995940623,-2.4430067780718048e-05,5.18122300514285e-07,0.004071045549838903,0.0006240140149171217,-4.053126074237898e-05,-0.0014787185215414337,-0.0009825576680017416,4.3460801773881195e-05,-0.0003327734595451817,-1.9849211793432285e-05,4.209768226196931e-07,0.003414360863739063,0.000523356820942325,-3.399331759021376e-05,-0.0013730906588310375,-0.0009123752153460559,4.035645518030495e-05,-0.00020476639430995448,-1.221410085308509e-05,2.59051097900078e-07,0.002593584872213222,0.0003975479716497058,-2.5821712534971796e-05,-0.0012674699618181692,-0.0008421925174882228,3.725212386249624e-05,-0.31870666963488414,-0.011721665983626992,0.00012849001129702312,-0.024954672589120278,-0.004325762801839977,0.00018736869603855891,0.15975218803903551,0.005683292460651235,-0.0005484295725733864,-0.47118709110133017,-0.022593997274162513,0.0005436966412101296,-0.09272571150752255,-0.008471665260973725,0.0003160726818857298,-0.9309573872200937,-0.017328595361874196,0.0009131082099583474,-0.3048893308304043,-0.0026052011450874058,0.0013664630693983235,1.1061732101155677,-0.022400162384064067,-0.0006865357218997187,0.2915140498653437,-0.016983297793885195,-0.00010028646729125645,-0.6548180836693336,-0.014601567938621964,0.0009011027396283067,-0.2619575762292359,-0.01001554644004127,-0.00024483683325699933,0.06633522406796204,0.006618366681268166,-0.0003287917444668179,-0.9579126282235856,-0.02914859474483382,0.001125804006630996,0.04281513352759435,0.01654141693725747,0.00046465782691487614,0.2961614908993194,0.001163185442186863,-0.00012030773237727707,-0.08555819140201659,-0.0029089281052416672,0.0005816156623671602,-0.38825377694635144,-0.0020772696484971055,0.0005206578225874056,1.0362032904680674,0.28266751095468196,0.35737576657777,2.041045204987308,0.9659849828886721,0.008689934652445254,0.04882129184547604,0.009785492285703965,0.01372623365831996,0.05634033626624211,0.04643433003907506,0.0028306568600720288,0.0009688157341007019,0.0006639079095494182,0.0005936258984674829,0.0025816848495435543,0.0007051830305783122,0.0001371922398185282,0_1_29_p1
450.0,0.07640691329006663,1.5333287288877715,-1.6972135888163464,0.0039110913661670734,0.002272292025059472,0.00222139174141981,0.2004556333648649,-0.048310547639591354,-0.22637014546412962,0.5476812719309465,0.00955884218593557,0.8281779591116767,0.30284003571892865,0.16318727476516565,-0.07992996909429631,-0.2631181525979703,0.5411635727161626,0.009445087609276587,0.8034500071097185,0.24490059136921968,0.00010309610024980446,0.0034823552247386703,0.00593074099801436,0.00019145663495777113,0.004631533860125799,0.006301410533894409,0.00016937622525804052,0.008466996619145453,0.006301410533894409,0.0001178266791366366,0.008466996619145453,0.005189397936930251,9.573330413389125e-05,0.0071012166395998215,0.004818727403719198,5.8908352913312607e-05,0.005394167444756735,0.004448054875846143,0.2634143943132283,0.01748175933870882,-0.06436897052801327,0.01748943330209709,-0.36757077410497124,0.7178316624133187,1.271249411719219,1.1930089766927239,0.18445086987629733,0.2685604602128211,0.09344697617098724,-0.4037560112908129,0.853014732392497,1.2421536830056892,1.3119090427939815,0.2516943463197987,0.3686508142647009,0.5548243879125673,-0.032887756535715504,-0.00031756558397462995,0.1417213572444852,0.006903481376447105,-5.5883002344501756e-05,-0.7267993792779432,0.03265216291050528,0.0005923525005281286,8.704612787686122e-05,2.1622567124103555e-07,-1.8511111332226958e-07,-0.00027332727703240496,1.1632561496423601e-06,-1.6162037656244918e-08,0.00025332673408809024,-1.2979706645532175e-05,-1.1669030617563424e-06,0.08994143758484237,0.008982442389529654,9.688053637279403e-05,0.07296751145631283,0.0019448183589079139,-0.0002105250708905399,0.29002730309743274,-0.0006664301781732192,-0.0003352965319997495,-0.166620702284509,0.0027924491951946233,0.0004523276497316785,-0.002908081377926446,4.873719733463318e-05,7.894612985956275e-06,-0.08933684099941375,2.4625061037199833e-05,0.00033400001776287536,-0.055860520503708946,-0.002207436897560693,1.892772443980717e-05,0.020418382729129707,0.011712124528315477,0.00010554170171769134,0.0003280014821326579,-0.0027217704371888603,0.0001410404301869573,-0.2125423068007743,0.0006620009619946046,0.0004707585921666241,-0.16901470859332848,0.007828875391658836,0.0002786522764408707,-0.0029498623895575977,0.00013663962035921593,4.8634013618585315e-06,-0.08278570257101601,-6.393992277451667e-05,0.00015342955869958484,-0.06639918950085914,-0.005612237585299144,-0.00015177007910378905,-0.00037858538975029423,-2.056529241915104e-05,4.7095800782874323e-07,0.002134322637215731,0.00023915877927153882,-1.758895861047861e-05,-0.0034806465243534066,-0.001076414532010188,5.340027546764484e-05,-0.0007030684054440448,-3.8191498508443334e-05,8.746124595906205e-07,0.0028386469254372535,0.0003180811592518307,-2.3393317933597195e-05,-0.0036981871783153927,-0.0011436903509041176,5.67377907257586e-05,-0.0006219740137446752,-3.3786605632581755e-05,7.737321331730479e-07,0.005189385797149114,0.0005814908820644545,-4.2765800315950773e-05,-0.0036981871783153927,-0.0011436903509041176,5.67377907257586e-05,-0.0004326846963854395,-2.350380405647613e-05,5.382472279730358e-07,0.005189385797149114,0.0005814908820644545,-4.2765800315950773e-05,-0.0030455724072697573,-0.0009418625479700769,4.6725244257600844e-05,-0.0003515524731554887,-1.909662621906437e-05,4.373282407831753e-07,0.004352306008320079,0.00048769294303749105,-3.586741236821948e-05,-0.002828027127032869,-0.0008745868607765195,4.338772279927368e-05,-0.00021632171433620876,-1.1750996448496292e-05,2.6911188884132783e-07,0.003306058988995959,0.000370457292708341,-2.7245297138220805e-05,-0.0026104882163048996,-0.0008073109967851896,4.005021836350749e-05,-0.32942441289137636,-0.011585013214142957,0.00014129409835605267,-0.031287335554313865,-0.0040723069508619815,0.00019630703091079378,0.168352887501716,0.0049208615637313605,-0.0005545352397320373,-0.5028549277925334,-0.02211025619571241,0.0006245866656620342,-0.10493088960650679,-0.008187508079143894,0.00034624289500050385,-0.9525491042180286,-0.01623297618427666,0.0009539828421052066,-0.31593683337749,-0.000587592281188106,0.0013835621787509774,1.0783412237680001,-0.023206778361507648,-0.0006454501695097021,0.27611675265644603,-0.017065079476987814,-8.74159155280041e-05,-0.675391040375288,-0.013677204822441717,0.0009548984160058244,-0.26565146305036935,-0.010429938340556503,-0.0002510477272362301,0.07679499535779992,0.006172576250559107,-0.0003477987153117613,-0.9905751107740175,-0.027844772489385484,0.0011759374609595285,0.06848442410962591,0.017562754202281736,0.00037394921367821097,0.29709106603985436,0.0010347540424228013,-0.00012572778400265098,-0.08931671403847954,-0.0019909450606653903,0.0005660091817144935,-0.38840437951760587,-0.0014306912742201002,0.0005096274512801209,0.9996366016124087,0.2805519249681532,0.3712708390179354,2.067788344716018,0.9252851067102725,0.012699738246544391,0.04924791728733592,0.010270578911825399,0.013229175847471164,0.05544671664312119,0.04685537853517278,0.0027004219792996376,0.0009346813388359143,0.0006639445974450414,0.0006049874417869592,0.0026406341098371895,0.0006744284181054363,0.00014664606564789845,0_1_29_p1
466.667,0.08173708150581473,1.5353580097450976,-1.7067017087649952,0.00391301422033727,0.0022703537122587577,0.0022269807843501963,0.20222521321881748,-0.0469885066084317,-0.21980430308725854,0.5451850212509332,0.009515274778481785,0.8263673964335599,0.3018776646600375,0.1633430040116696,-0.07984602873058537,-0.26832259776638023,0.5382203591720094,0.009393719078731887,0.801954823432775,0.24336893828955752,9.24520851401419e-05,0.0035303158752524734,0.005960898791492319,0.0001716895345151839,0.004695321654962186,0.006333453282964524,0.0001518890234840585,0.008583608549122702,0.006333453282964524,0.00010566173425023611,0.008583608549122702,0.005215785819223904,8.584925524709707e-05,0.007199018408230079,0.0048432308290861995,5.282662846836322e-05,0.005468458631031624,0.004470673345620988,0.2568653694303639,0.016498158094796392,-0.06020372830549479,0.010596922635785249,-0.36906558178812743,0.7002586328267061,1.263151129368526,1.21204949058372,0.1870421612140643,0.25768476860225226,0.08710933110582492,-0.402187322823089,0.8334921022128984,1.2367530289201014,1.3171347066781065,0.24756885671365464,0.36098105213327447,0.521751620828988,-0.032956726057315484,-0.00029106986338313926,0.1510699808705749,0.006854470449387032,-7.437914634699701e-05,-0.694482419949243,0.033174925680555564,0.0005620800312283836,8.691719560693078e-05,-5.555672450596306e-08,-1.7002450721257245e-07,-0.00027114844403222643,7.245427338218089e-07,6.88758032720676e-09,0.00024039226452498172,-1.4270327591217823e-05,-1.1405775954959563e-06,0.10118073383124049,0.008989079259618839,8.416791690061484e-05,0.076953869507426,0.0016793099296016185,-0.00021649694003617588,0.2896143778161746,-0.001241736476764315,-0.000322085085861786,-0.16495138404486312,0.003201126085284471,0.0004603129608362566,-0.002878946406056682,5.586992235862076e-05,8.033982548689258e-06,-0.09086641141727908,0.0004329907892823337,0.0003328738951420806,-0.058984386344656276,-0.002138170666755226,1.5504341645009483e-05,0.034542421651458925,0.011825283243721132,8.059715342043047e-05,-0.004240511153554638,-0.0025509196587640013,0.000149025385455351,-0.21160298600988647,0.0013946665123120016,0.0004572015128800833,-0.16110024056060707,0.008157452410005792,0.00026351576241242,-0.0028117289030499724,0.00014237435686636758,4.599219475242524e-06,-0.08300710841898712,8.078566016554096e-05,0.00015585282374176019,-0.07078130986460307,-0.005828745410779282,-0.0001392290178563632,-0.0004002437901511519,-1.9697162915428606e-05,4.927375243244597e-07,0.0025550407947269953,0.00021976317979786257,-1.8431283727590305e-05,-0.0051356949771778,-0.001020691135015956,5.677754908628932e-05,-0.0007432900271979209,-3.657931825302524e-05,9.150606912877001e-07,0.003398201712954759,0.0002922850700668255,-2.4513611438140415e-05,-0.005456676455916805,-0.001084484259127864,6.0326144724750845e-05,-0.0006575567975842671,-3.236035629112914e-05,8.095146244444406e-07,0.0062123190812766,0.00053433245595316,-4.481383213020694e-05,-0.005456676455916805,-0.001084484259127864,6.0326144724750845e-05,-0.00045743812497734624,-2.2511618788428265e-05,5.631412003729796e-07,0.0062123190812766,0.00053433245595316,-4.481383213020694e-05,-0.004493739914538463,-0.0008931045807683657,4.9680358977666276e-05,-0.00037166420593503266,-1.8290502288259765e-05,4.575526761289261e-07,0.005210234146872792,0.00044814145260725966,-3.758508400740414e-05,-0.004172753960381344,-0.000829311611583987,4.61317590899142e-05,-0.00022869769530054363,-1.125496790865355e-05,2.8155580657130643e-07,0.003957751195341808,0.00034041352888481823,-2.8550060365681586e-05,-0.0038517744343996713,-0.00076551843630848,4.2583175180152796e-05,-0.3402290914965759,-0.01141441463538595,0.0001538889189693942,-0.03730551269948352,-0.003789491124393441,0.00020464306136663875,0.17611952531708117,0.004097244654135899,-0.0005583677033080014,-0.5341891692318278,-0.021517821775614215,0.0007038062082565198,-0.11668571548318181,-0.007835641387338148,0.000374993314447851,-0.973059078968405,-0.015086175241629689,0.000993404649679722,-0.3262165785519263,0.0014979734144924383,0.0013979674294952915,1.0491212441724524,-0.02397912085148936,-0.0006021871545217416,0.25961747023018367,-0.01713477316641455,-7.211461561286306e-05,-0.6956632427993936,-0.012668522947027248,0.0010063861928472709,-0.2697125409305647,-0.010860522882781823,-0.00025430911835081535,0.08713229069632607,0.005690264942639504,-0.0003662807220553186,-1.022140565412063,-0.0264440125915583,0.0012248359552595504,0.09432455065331254,0.018493442676702786,0.0002841892391263077,0.29844881846026683,0.0008779899832312167,-0.00013235016391663148,-0.09293121068030932,-0.001015817392167081,0.0005493305717475907,-0.3881859864305895,-0.0007789568777797082,0.000496295812716999,0.960924437573695,0.27715424800889293,0.38492287951779475,2.0944308127904825,0.8816761669915928,0.016672871415507377,0.049670520457032664,0.010749636466014106,0.012705767123877835,0.05456531426840762,0.04726209322109147,0.002547672806901746,0.0008953328263860042,0.0006604048102546255,0.0006142760568706312,0.0027024402796784978,0.0006373297530791349,0.00015523870579644403,0_1_29_p1
483.333,0.08699254564025348,1.53758731879867,-1.715997600643156,0.003915343486890432,0.0022680084884095773,0.002232766301487807,0.2041081701596451,-0.04549220941142543,-0.2132833535707417,0.5425706990470224,0.009469645887848648,0.8244220659132555,0.30071065623967747,0.1637675857708127,-0.07994098262054189,-0.27353219863740064,0.5354232251982587,0.009344899726226104,0.8003831329987375,0.24178308026998346,8.147695613810099e-05,0.0035964937738330923,0.005884982454351073,0.0001513075795103941,0.00478333811047476,0.006252792143585357,0.0001338577776489548,0.008744513943522563,0.006252792143585357,9.311830224890316e-05,0.008744513943522563,0.0051493590865585,7.565802841195191e-05,0.00733396826332528,0.004781548898658716,4.655541113319731e-05,0.005570968300652758,0.004413736217431428,0.24996523217388641,0.015312389878304954,-0.05563150771466877,0.002742100750442307,-0.3710904275144905,0.682147521722362,1.2547785271366454,1.2304014975167445,0.18930002335553378,0.2460823712590376,0.08071087876952311,-0.4002929653915874,0.8128886464754072,1.2322748097681258,1.3224879586185414,0.24291297850245652,0.35294829243469417,0.48602547826786924,-0.033041740648203276,-0.0002582054908117908,0.16067791882055996,0.006792988773366513,-9.3719911656035e-05,-0.6595628336186165,0.033707714924465754,0.0005257859692738832,8.537091350852554e-05,-3.386232081516478e-07,-1.520976885025439e-07,-0.000267673650633995,3.501388492502087e-07,2.5778066345554203e-08,0.00022376738530594236,-1.5549884268898965e-05,-1.1054963190399068e-06,0.11333661003713325,0.00899156187565104,6.886455807703203e-05,0.08044517667046926,0.0014042059955501132,-0.00022141712660693401,0.2888271054834456,-0.0018057948111927435,-0.0003083640183532067,-0.16195905095157276,0.00361623678615785,0.0004649817842989072,-0.002826720941896822,6.311495092407549e-05,8.11546899733207e-06,-0.09168145372773698,0.0008380200667499542,0.00033052667021803665,-0.06175963456425201,-0.0020605378465348954,1.1567273253997286e-05,0.04958731395414676,0.011912547395418315,5.3234921949242656e-05,-0.008573740298294224,-0.0023649894798462375,0.00015637285046963447,-0.21013750102311363,0.0021270181109717184,0.0004421525103893638,-0.1519809832857784,0.008456912036327589,0.0002456352722354477,-0.0026525676897143106,0.00014760089420272658,4.2871461610256796e-06,-0.0829942668604447,0.00022130894618953802,0.00015803973354888148,-0.07606061181491783,-0.006027197596522177,-0.0001241286501067123,-0.0004234888016989653,-1.878206522766067e-05,5.188959926794078e-07,0.00292609956207781,0.0001981482053997644,-1.9175617322945006e-05,-0.006616998396293663,-0.0009552749996100122,5.9727813139736126e-05,-0.0007864574797774486,-3.487989392407072e-05,9.636387698628734e-07,0.003891709537204506,0.00026353711722129625,-2.5503574774216106e-05,-0.0070305614749175665,-0.0010149796053116797,6.346080162771632e-05,-0.000695746034757409,-3.0856950166837345e-05,8.524904600608466e-07,0.007114510915178691,0.00048177772010976453,-4.662360360366026e-05,-0.0070305614749175665,-0.0010149796053116797,6.346080162771632e-05,-0.0004840047013293248,-2.146579746621299e-05,5.930379944269203e-07,0.007114510915178691,0.00048177772010976453,-4.662360360366026e-05,-0.005789879983027734,-0.0008358654491380825,5.2261840589874095e-05,-0.0003932488541274026,-1.7440756320686955e-05,4.818427327546573e-07,0.00596689699994209,0.000404064139225677,-3.9102928895211725e-05,-0.005376313434697652,-0.0007761609971666683,4.8528849105685286e-05,-0.00024197982271734257,-1.0732096917294414e-05,2.965035775715515e-07,0.004532520971280051,0.0003069319040392856,-2.9703032722439457e-05,-0.004962751663499258,-0.0007164563342352025,4.4795872554916816e-05,-0.3511632550104119,-0.01120784836839417,0.00016658250919713392,-0.042915583708697136,-0.003478292006648404,0.0002120782357021384,0.18285935473128534,0.003223379969796694,-0.0005594661635802281,-0.5650573333884419,-0.02080708947208264,0.0007807032671372606,-0.12786816796917255,-0.007415626547169969,0.0004019614425676936,-0.9924833569113274,-0.013885056485625878,0.0010309246201920556,-0.3354744486942374,0.003628418223642441,0.0014096650469490716,1.018611684817645,-0.024714664221123433,-0.0005564938938273675,0.24191163841507277,-0.01719332228030216,-5.406389220287236e-05,-0.715570800777911,-0.011574465638147464,0.0010558984322498407,-0.27433783517366234,-0.011299822282407593,-0.0002544270640441319,0.09716721949620197,0.0051734371241528975,-0.00038406376015418615,-1.0526486548518312,-0.024950572938277103,0.0012723918852504412,0.12016972853604455,0.019317824858130425,0.00019651975106972587,0.30018247120394664,0.0006920114204701256,-0.00013993532914678046,-0.09632766796915289,6.78245854510742e-06,0.000532006391924247,-0.3878177645922237,-0.0001237639328228258,0.0004823598648404843,0.9200485368569322,0.2724646515656325,0.3982397802923608,2.120929696802834,0.8349020419320191,0.020310479972225556,0.05012203756909161,0.011222588006837272,0.01216982164052196,0.053711582000672956,0.04768764629338952,0.002370893269717721,0.0008506157390874486,0.0006529893933661572,0.000621071089827987,0.002766529329117454,0.0005932163422662736,0.00016277143714689283,0_1_29_p1
500.0,0.09227915941385081,1.540033890426854,-1.7251633607722883,0.0039180522378895275,0.00226520997762038,0.0022387991567137007,0.20608402399523928,-0.04382313459178173,-0.20687806403176162,0.5397836844922747,0.009421003062930066,0.8222998333079584,0.29934869204854214,0.1644811232435851,-0.08021669627180343,-0.27867821965709827,0.5327785422440111,0.00929874125283136,0.7986928678873125,0.24012861834416843,7.030335826683328e-05,0.0036795200836814645,0.005699472405487596,0.00013055760936618382,0.004893763097586439,0.006055688121833632,0.00011550140190747958,0.008946384708794235,0.006055688121833632,8.034847611031152e-05,0.008946384708794235,0.004987037980802521,6.52822953415959e-05,0.007503275672744244,0.004630822264456486,4.017099672940205e-05,0.0056995761279117155,0.004274603556117446,0.24277537923755674,0.013972112151123962,-0.05071218801017812,-0.006132889021304346,-0.3736305418092652,0.6635253009198816,1.2462215089280095,1.2480141311174124,0.19120037225302472,0.2336907509880361,0.07431248527575039,-0.39806240917559815,0.7912227125797852,1.2289228306385112,1.3279770729719376,0.23789414361467567,0.3445079260492756,0.4475297990928458,-0.03315926005568476,-0.00021763620275724502,0.17044881011291893,0.006718591555042067,-0.00011383906828211463,-0.6218974927441869,0.034259424433030046,0.0004822129462658909,8.240300730592493e-05,-6.2681882266031e-07,-1.3115619695875094e-07,-0.0002631593533808621,5.814300054429545e-08,3.9987435380360346e-08,0.0002034914197675888,-1.6825386490755072e-05,-1.061337527717742e-06,0.1263129172250729,0.00899516337494436,5.087023877850505e-05,0.08337059024481788,0.0011190955179758108,-0.00022502193256429483,0.2876652142553098,-0.0023509089450229953,-0.00029410788200652163,-0.15762778816642517,0.004043111295212126,0.000466059129619121,-0.002751126302669971,7.056534011951176e-05,8.134273279783386e-06,-0.09164443199640515,0.0012416077653519015,0.0003267772141893465,-0.06412518490761412,-0.0019757964417293585,6.866793399427161e-06,0.0654306631874092,0.011975570395377368,2.3479770189661613e-05,-0.01260588176767923,-0.002163779742209749,0.00016292914251233353,-0.2082195848063217,0.0028491207780387165,0.0004259249006190556,-0.14171245191673817,0.008727344982967197,0.0002249609067939873,-0.002473348155283734,0.0001523208443808493,3.926309815881745e-06,-0.08270322466331363,0.00036088825231485517,0.00016003356821565993,-0.08220786272530434,-0.006206981138116401,-0.00010643360229790445,-0.000448369151136933,-1.783147883920727e-05,5.500209949597978e-07,0.0032388777251425964,0.00017447505733293904,-1.978553907821073e-05,-0.007889423090144558,-0.0008802486071015197,6.215588421814565e-05,-0.000832662232683018,-3.3114572475742946e-05,1.021439514218382e-06,0.004307705080997395,0.00023205182050747988,-2.6314770104772313e-05,-0.008382512420896736,-0.0009352640487444564,6.604062753517339e-05,-0.0007366220816476208,-2.9295242921736075e-05,9.036261497154978e-07,0.007875001105583717,0.000424218735527663,-4.810656570022818e-05,-0.008382512420896736,-0.0009352640487444564,6.604062753517339e-05,-0.0005124399910257244,-2.0379407161314625e-05,6.286110266359178e-07,0.007875001105583717,0.000424218735527663,-4.810656570022818e-05,-0.006903251166910166,-0.0007702173517022312,5.4386401778782205e-05,-0.0004163525799103655,-1.65580617934275e-05,5.107441222705561e-07,0.0066047153263501515,0.0003557898290299273,-4.034668070595071e-05,-0.0064101585173086065,-0.0007152020625922716,5.050165811430962e-05,-0.0002561963068063519,-1.0188929222377397e-05,3.1428807196745767e-07,0.005017015479463995,0.0002702621579959059,-3.0647800747410734e-05,-0.005917070703505263,-0.0006601865332289054,4.661692484948242e-05,-0.3623456060535919,-0.010965612977432744,0.00017958553744739525,-0.0480099454004349,-0.0031449425907248882,0.00021836981064633155,0.18840404450824588,0.0023135956156573835,-0.0005574317353688317,-0.5954296302703238,-0.019971504011630406,0.0008549773115234111,-0.13840272317708557,-0.006932788402481438,0.00042677223033292056,-1.0109459852218614,-0.01262570885628445,0.001066545494063554,-0.3433031044735298,0.005781498204808473,0.0014183378072785008,0.9870346345053811,-0.025406775405104505,-0.0005084788933176815,0.22292656545881281,-0.017233419785549903,-3.292533431562218e-05,-0.7350491120527654,-0.010396325387930998,0.0011033243100948462,-0.2797691047983246,-0.011740691293775179,-0.00025107287216445526,0.10672629916424894,0.004625517295956593,-0.0004007329506121154,-1.08213832372911,-0.023367815186333952,0.0013187241051065136,0.14594283871072994,0.02002020309040745,0.00011155423124309293,0.30222298531462227,0.00047314723978544615,-0.00014839110886257143,-0.09923679969586124,0.0010659354999922744,0.000514379684797148,-0.3873230053857575,0.0005379643552842356,0.00046887062588088583,0.8772369612503741,0.26655453869044543,0.41121208283653665,2.147319512776011,0.7849154902780029,0.023459368279749666,0.050619070279488476,0.011689469496336343,0.011639933700094078,0.05289696968467207,0.04814960483634754,0.002170662816354128,0.0008006788648669855,0.0006416147281791086,0.0006250331823657779,0.0028321069372425635,0.0005411610860018062,0.00016896744154070223,0_1_29_p1
516.667,0.09747117933398305,1.542714323209503,-1.7340543307786667,0.0039210916041155005,0.0022619392306021426,0.002245115253943918,0.20813374864209147,-0.04199266917620612,-0.20063437801888218,0.5367647441038705,0.009368312570143358,0.8199774543226909,0.2978064029324184,0.16548612970410945,-0.08067127575279885,-0.28377161501052434,0.5302677654379663,0.009254920024637786,0.7968564878002347,0.23846114075012306,5.910532578603768e-05,0.0037764556703372286,0.005404974024819582,0.00010976226066142167,0.005022687577438256,0.0057427834988740874,9.71046342604582e-05,0.009182073472318048,0.0057427834988740874,6.755072470368794e-05,0.009182073472318048,0.004729351586052072,5.488412232371425e-05,0.0077009466771701136,0.004391542111997568,3.377261969159084e-05,0.005849728798122789,0.0040537296459500615,0.2353280209220535,0.0124649659874873,-0.04553374774895739,-0.01605968600813486,-0.3766792395627501,0.6444345524636892,1.2375683714481425,1.265072960277116,0.19289988461749225,0.2204438266317743,0.06800374585499411,-0.39549915131627655,0.768550487162644,1.2269093824108286,1.333369938899738,0.23255463689009837,0.3357491502724368,0.4065152311063662,-0.03330386015059899,-0.0001684247248743471,0.18024441013835354,0.006629670787463703,-0.00013454779861243126,-0.5816089279879948,0.03481914684079957,0.00043043377096290417,7.825540100483232e-05,-9.127673893623461e-07,-1.0720701099052958e-07,-0.00025811932021427156,-1.4480136660689122e-07,4.984088130674997e-08,0.00017980543706048245,-1.8110023450433843e-05,-1.0082540486939505e-06,0.13990489108760157,0.009002952858436192,3.031787676768354e-05,0.0856752456273406,0.0008256428265704572,-0.00022708261960699622,0.2860299127970703,-0.0028714036903506155,-0.000279393663331382,-0.15201624986540477,0.0044884509440419685,0.00046341252495460524,-0.0026531866048384494,7.833800970417326e-05,8.088082053347836e-06,-0.09065531534862833,0.0016486858375061174,0.0003213525247043195,-0.06605595165054629,-0.0018854235443294342,1.2350678475292797e-06,0.08190348928010947,0.012013832662641862,-8.379102618551263e-06,-0.01626072180621621,-0.001950422952619169,0.00016851747474833973,-0.20579073363803205,0.003551675692351554,0.00040889966843125306,-0.13038821034897913,0.008970705424359002,0.00020167056667727665,-0.002275703073082957,0.0001565682794843263,3.519817227647739e-06,-0.08208376079760367,0.0005081336551257527,0.0001617802059906373,-0.0892338218026034,-0.006362040950031583,-8.636770621159732e-05,-0.00047488996759591803,-1.6856687837967044e-05,5.863630560608426e-07,0.0034940172801343782,0.00014931812498074473,-2.0229184878511886e-05,-0.008942507341480254,-0.0007959302322727444,6.39696187067857e-05,-0.000881914544176356,-3.130431007128218e-05,1.0889283842570308e-06,0.004647040634911836,0.00019859310290633932,-2.6904821039107543e-05,-0.009501414467274174,-0.0008456758189699597,6.796772024900464e-05,-0.0007801926319511973,-2.7693797124662854e-05,9.63332023877434e-07,0.00849534890827404,0.00036305211569198626,-4.9185249702174144e-05,-0.009501414467274174,-0.0008456758189699597,6.796772024900464e-05,-0.0005427499780525518,-1.92653683986214e-05,6.701457139418733e-07,0.00849534890827404,0.00036305211569198626,-4.9185249702174144e-05,-0.007824699677305579,-0.000696438800266673,5.597341888779259e-05,-0.0004409796575596404,-1.565287236366888e-05,5.444906213894254e-07,0.007124997054467053,0.00030448977126479353,-4.1251366261644056e-05,-0.007265789383519062,-0.0006466934137540238,5.197531825121072e-05,-0.00027135056698814725,-9.631937298562952e-06,3.350530449913761e-07,0.005412227206715632,0.000231294048412814,-3.133501103623838e-05,-0.006706883984197292,-0.0005969477332701795,4.7977226969703935e-05,-0.37396250390232666,-0.010693367017367438,0.0001932589640366795,-0.05255286226511911,-0.002800375765603984,0.00022319217780657978,0.19281610849492106,0.001382468532781758,-0.0005518811665265238,-0.625379571435857,-0.019010980226260774,0.0009266027397246364,-0.14821983778611572,-0.006393092498832702,0.00044917505515058593,-1.0288679903166078,-0.011310048938837898,0.001100579002422047,-0.34907603110343993,0.007938287695536825,0.001423335138503322,0.9547179763455004,-0.02605060314934022,-0.00045856228603332146,0.20292548861555476,-0.017245494748391845,-8.419000269178968e-06,-0.753399724067528,-0.009134786813225883,0.001148563153755664,-0.2862697853850961,-0.012177427104946754,-0.00024383795335587428,0.11569176314614178,0.0040489379849990405,-0.0004158780104132508,-1.1105627875315873,-0.021693215925466396,0.0013640404779153381,0.17156170566210358,0.020587073519919837,2.9549362987863913e-05,0.304514992679484,0.00022199161435096132,-0.0001575744693991761,-0.10139106612034443,0.0021433262164734573,0.0004961598100850049,-0.38686236772235716,0.0012149470205199233,0.0004560554726518041,0.8331031668778186,0.25962364594617204,0.4240139258942794,2.1736049725704776,0.732128220124328,0.026074884591010507,0.05114883656344477,0.012151425840256592,0.011140081769934888,0.052133808894978394,0.04863612804519937,0.0019487754718328974,0.0007469659002845606,0.0006264193309488528,0.0006258886461514152,0.002898264552172618,0.0004813982341050703,0.00017356827531238438,0_1_29_p1
533.333,0.10246205803647096,1.545641942486122,-1.7425889529223406,0.003924350881827225,0.002258196746020366,0.0022517021265409443,0.2102508270407746,-0.04001060097114378,-0.19455363395030692,0.533472398386807,0.009310850347181696,0.8174511470782959,0.29610383723909095,0.1667550289502044,-0.08130877122472381,-0.2889140680785654,0.52784249081598,0.009212590803621922,0.7948731335368465,0.23689695323720725,4.80155037188657e-05,0.0038838462778779405,0.005011229241566164,8.916737548788857e-05,0.005165517344773465,0.005324430071833048,7.88853915316397e-05,0.009443182707064408,0.005324430071833048,5.4876642341205705e-05,0.009443182707064408,0.004384825087704893,4.45866797369477e-05,0.007919937626407348,0.004071624257438009,2.743607717585028e-05,0.006016076627795868,0.003758420933843621,0.22767687247776672,0.010823694761493374,-0.040127248805037055,-0.027059854999621387,-0.38023094569464966,0.6249603367202103,1.2288759610681124,1.281599300452677,0.19443053188883977,0.20621680415674157,0.061877344471852176,-0.39261765311313956,0.7449214832202002,1.2264306610369542,1.3386177470227463,0.22717026572910037,0.3267525843556547,0.3621961923511765,-0.03344927033067195,-0.00011100853992502924,0.18991862671735107,0.00652326928244449,-0.00015556599348322158,-0.5377871169843567,0.03535871393805201,0.00037067736729187246,7.31973739755569e-05,-1.1900208580298995e-06,-8.082445368634734e-08,-0.0002530160277670361,-2.6035511362551286e-07,5.628746779461086e-08,0.000153090702578772,-1.9417936894457608e-05,-9.468662625586319e-07,0.15387410654111838,0.009017083632960547,7.6031953071836684e-06,0.08730964072122342,0.0005265152403538441,-0.00022751728563384977,0.28385373936019614,-0.003363590640323153,-0.0002641408447430121,-0.14524182561171756,0.004961442030447453,0.00045715850834561386,-0.0025349509361820162,8.659328165417836e-05,7.978928826506346e-06,-0.08867854522984336,0.0020634633701209428,0.00031404017339999794,-0.06755381889378578,-0.0017928116103367872,-5.3690557794003905e-06,0.09883009470939072,0.012026733698109911,-4.196464394696261e-05,-0.019487641021418235,-0.0017284199627083893,0.0001730191479240279,-0.20291132337248868,0.004232758697103626,0.0003911500410664975,-0.11809736440841864,0.009191489190251012,0.00017601786821586657,-0.0020611874246186197,0.00016042169963979353,3.072093405684517e-06,-0.0810994208205616,0.0006723496911009004,0.00016313712681991676,-0.09704482256870497,-0.00649218334651656,-6.4072378615172e-05,-0.0005028247144628046,-1.5874764902383976e-05,6.280910534885086e-07,0.0036915592601000644,0.00012329935209696974,-2.0505592401200825e-05,-0.009793653436463769,-0.0007030899042128188,6.513595499573831e-05,-0.0009337921158164079,-2.948080962430832e-05,1.1664215019218043e-06,0.004909770909677025,0.0001639881466794808,-2.7272442852062783e-05,-0.01040575727595587,-0.000747032963511974,6.920695255012825e-05,-0.0008260866785357146,-2.6080627599902773e-05,1.0318851253973518e-06,0.00897565177673605,0.0002997901237766089,-4.9857309468278925e-05,-0.01040575727595587,-0.000747032963511974,6.920695255012825e-05,-0.0005746764961563693,-1.814317187541274e-05,7.178353582834333e-07,0.00897565177673605,0.0002997901237766089,-4.9857309468278925e-05,-0.008569452194035942,-0.0006152034939580476,5.699396292099696e-05,-0.0004669197927098444,-1.4741088337086401e-05,5.832385464804236e-07,0.007527823395531466,0.0002514323022949659,-4.1815018348699545e-05,-0.007957345337408037,-0.0005712606336461823,5.292296682748509e-05,-0.0002873135201360095,-9.070890918923462e-06,3.588961943740305e-07,0.005718219412315608,0.0001909910214615438,-3.176316741796045e-05,-0.007345243433911406,-0.0005273174744941996,4.8851979044478014e-05,-0.38623609634342376,-0.010393573741083009,0.0002080649648283579,-0.056623113478529795,-0.0024473794337296277,0.00022645194722424315,0.19603599320771564,0.0004462157140392721,-0.0005430781878903478,-0.6548280502997413,-0.01793038343853936,0.0009957936898141826,-0.15726812987298674,-0.005800044523895353,0.00046901814778305687,-1.0463216006163796,-0.00994369293618574,0.001133958735012559,-0.35217523755824215,0.010082517532369783,0.0014235423458037056,0.9211412779458552,-0.026665136448838247,-0.00040741766782047,0.18166134534532394,-0.017234466273994366,1.895434695865459e-05,-0.7699438801282852,-0.007785296564745139,0.0011903183496551268,-0.2941609588162905,-0.012609482266688229,-0.00023226052115025834,0.12397860806579838,0.0034461190419480987,-0.00042927593192607793,-1.1380002868763024,-0.01992724583891665,0.0014084165896198115,0.1970350899456792,0.02100567325706791,-4.935051367291011e-05,0.3069668382945744,-3.798723969179475e-05,-0.0001673789272085185,-0.10255622069094432,0.0032342000990741174,0.00047710562745748063,-0.38611397897870153,0.001904858612648687,0.00044444672868511093,0.7871871205977995,0.251942585390254,0.4368233163780804,2.199150807562313,0.6756258154733062,0.02817525469951812,0.051672918636528585,0.012617653004264874,0.010687148809080399,0.051455210841619206,0.049108510033179134,0.001708010132546358,0.0006929744673237489,0.0006077979449329219,0.0006241037030437659,0.0029638823245321058,0.0004170447112046055,0.00017650646447897386,0_1_29_p1
550.0,0.10708953275942211,1.5488179759711744,-1.750646013089429,0.003927676980716025,0.0022539700572375364,0.002258478990693688,0.21243604558678308,-0.037895321258921214,-0.18862733606190266,0.5299001153216921,0.009248502199645457,0.8147589866804048,0.2942758262551092,0.16823997652041772,-0.08212184083541338,-0.2941886266136865,0.5254461766916048,0.00917076722942363,0.7927665695002427,0.2355279384145594,3.713412383093191e-05,0.003997494140119803,0.004532903309433596,6.895995340829823e-05,0.0053166688419821785,0.004816208644275822,6.100823333621207e-05,0.009719506724898656,0.004816208644275822,4.2440423422495254e-05,0.009719506724898656,0.003966290146421646,3.448222069890168e-05,0.008151688927138662,0.003682984312913923,2.1218217049245346e-05,0.006192117517469026,0.0033996764847441965,0.21985393277120277,0.009074351252219458,-0.03452458931449209,-0.03915726511861421,-0.38424304026196066,0.6051260341201042,1.2201866573741509,1.2975949947117862,0.1959482697077085,0.19101685537016708,0.05600937598571504,-0.38947154753676944,0.7204602095492988,1.2276578703512049,1.343685404255026,0.22195239798141161,0.3176193392118215,0.3149275075518281,-0.03357604496170253,-4.38804992116182e-05,0.19935560133226518,0.0063965670438360265,-0.00017657470190436133,-0.4906320804495348,0.03586225956446891,0.00030125554847304915,6.758540081307664e-05,-1.4471241697357068e-06,-5.261704234043163e-08,-0.00024804694757738437,-2.934764003458862e-07,6.025532328581846e-08,0.00012376609534293527,-2.075767537426463e-05,-8.781295135500739e-07,0.16796766153016093,0.009038750712735211,-1.6819148975684724e-05,0.08825629801305068,0.00022366593235860287,-0.000226230206408292,0.2810077296428334,-0.00382809066401936,-0.00024839492826165535,-0.1375135095360728,0.0054708899043521345,0.0004475207315308412,-0.0024000661087442733,9.548483449995529e-05,7.810718717124131e-06,-0.08576013763758798,0.002488341871115308,0.00030471768151625893,-0.06866286980739007,-0.0017025586613257661,-1.2934892140984408e-05,0.11611298068153286,0.012016405901301156,-7.686223997888141e-05,-0.022253124817371305,-0.0014991148734322792,0.0001763407406779164,-0.19951427780083053,0.004901135281544348,0.00037311114746925135,-0.10485596400038233,0.009396372161979064,0.00014829447891290064,-0.0018300816023778977,0.00016399760939113937,2.5882284017628083e-06,-0.07977160603071312,0.0008596640596090226,0.00016395817210697086,-0.10570898757516586,-0.006604671787484166,-3.997101844483528e-05,-0.0005318682084512438,-1.4895553078828482e-05,6.748546710940566e-07,0.0038379253368801248,9.692581432850363e-05,-2.060694931702433e-05,-0.010497705461702925,-0.0006035333945031455,6.568642153839e-05,-0.0009877281786428117,-2.7662316186034085e-05,1.2532670837805886e-06,0.005104437617890147,0.00012891131041322572,-2.7407246785657424e-05,-0.011153812902676414,-0.0006412541925286182,6.979182359472756e-05,-0.000873801566576598,-2.4471903321890626e-05,1.1087139225505163e-06,0.009331527059592452,0.00023566550974780522,-5.01037469769623e-05,-0.011153812902676414,-0.0006412541925286182,6.979182359472756e-05,-0.0006078699095833489,-1.7024077255154556e-05,7.712821903283651e-07,0.009331527059592452,0.00023566550974780522,-5.01037469769623e-05,-0.009185496865455523,-0.00052809157144865,5.747562092618801e-05,-0.0004938883185980806,-1.3831844451502741e-05,6.26663401509361e-07,0.00782629414976748,0.00019765135720469548,-4.202170246723612e-05,-0.008529388267913302,-0.0004903709467887587,5.337022088596952e-05,-0.0003039090660903087,-8.51138327854288e-06,3.8561933329023806e-07,0.005944941755283004,0.00015013842035051911,-3.1920168632944935e-05,-0.0078732829724586,-0.00045265006726869227,4.92648288095264e-05,-0.3992434289064317,-0.010072378775481772,0.0002245569514094797,-0.06038483293799335,-0.0020930811086223456,0.00022824319064855385,0.19822098087997833,-0.00048699770387596096,-0.0005309288414591437,-0.6835000591073508,-0.016735675896727923,0.001062481123690633,-0.16553179573065552,-0.00515640661233682,0.00048618513278701655,-1.0632136839275312,-0.00853769744706062,0.0011669246611883401,-0.3521556306844734,0.012203599528344718,0.001417909098322663,0.8863844545847133,-0.02725501860807117,-0.00035426279528012825,0.15910162636185543,-0.017188281149073743,4.96710898769793e-05,-0.7842668498265706,-0.006321934530823727,0.0012275278676329919,-0.3037673101886528,-0.01303810000704747,-0.00021574895577375437,0.13154550766100015,0.002820300025856847,-0.0004407960549033678,-1.1646093726016378,-0.01806920616809011,0.0014522219197785542,0.2223858640656841,0.02126551752793692,-0.00012525954388292027,0.3095855114555491,-0.00030172818910038717,-0.0001776282669872121,-0.10257938453315807,0.004301018870840372,0.00045691483431560163,-0.38481947030068303,0.0026070069188239135,0.000433409158450754,0.7405355744634344,0.2439695433615952,0.44981462941409,2.223707772855546,0.6161508829618891,0.029872898749536896,0.05216737257723524,0.01310380561898094,0.010299076147287577,0.050880077437279306,0.04954158817950111,0.0014531824526114853,0.0006428363914195575,0.000586373520257016,0.0006200050106224144,0.0030275186549180893,0.0003519372196289734,0.00017782306046641017,0_1_29_p1
566.667,0.11134935188077867,1.5522379266991757,-1.758237379518845,0.003930951218392767,0.0022492222630066112,0.002265304225399987,0.21469695906245054,-0.03565493135926069,-0.18286956267808144,0.5260793387603298,0.009181817158250755,0.8119599911883405,0.29236023365193126,0.16990234827840273,-0.08311014000700669,-0.2995883372241475,0.5230459989069313,0.009128875836717261,0.7905891715252799,0.23440520251467095,2.663422305093403e-05,0.004116145611994382,0.003981628099888173,4.946013767401645e-05,0.005474475030295999,0.0042304791392995264,4.375739900950012e-05,0.010007995687619302,0.0042304791392995264,3.0440038151282806e-05,0.010007995687619302,0.0034839245250689642,2.473181416626022e-05,0.008393642924011633,0.00323507298699211,1.5218273746389411e-05,0.006375908666352038,0.0029862199529187535,0.21187698870210123,0.00723938986849071,-0.02875760158955135,-0.05236175603277051,-0.3886639398093078,0.5849280981543312,1.2115435779774302,1.313015047468995,0.19760416828883062,0.1749762567813975,0.05043630880197037,-0.3861256286889833,0.6953589186550357,1.2306980144953592,1.348564056790614,0.21701750146267962,0.3083794250294269,0.2651034273521057,-0.03365731821799225,3.1878226724510336e-05,0.20847846369885425,0.006248910791337343,-0.0001973151798101144,-0.44040789852485257,0.036308516462810976,0.00022287793290161318,6.171098712143969e-05,-1.6677373790161202e-06,-2.362107073938887e-08,-0.00024323772529962842,-2.4502008191180554e-07,6.218827461423705e-08,9.222570357428273e-05,-2.2127895546057565e-05,-8.031638363669357e-07,0.18198895732360545,0.00906954483663627,-4.2394498847805783e-05,0.08852759922472571,-7.979857824700677e-05,-0.00022326172760390734,0.2774108536356084,-0.0042659420196480705,-0.00023193150010631614,-0.1290339852285082,0.006022007570120839,0.00043501720672029117,-0.0022520712228206933,0.00010510364925324053,7.592490160975033e-06,-0.08198920523662034,0.0029203617342835318,0.00029349538677666,-0.06949426547998717,-0.0016215999661072676,-2.1304475172096567e-05,0.13370042076663796,0.01198868702914397,-0.00011288219870681086,-0.024553057921412994,-0.001264229900388036,0.0001784646736990433,-0.19549723314871392,0.005565245650328683,0.0003547590914724204,-0.09066203782890819,0.009592736013710156,0.00011856927845990255,-0.0015823514121550348,0.0001674247987718914,2.069425991493295e-06,-0.07813226492934851,0.00107157634754348,0.00016420921184741313,-0.11532101938453045,-0.006705717552711764,-1.4014664482835095e-05,-0.0005614759068346132,-1.392662394143169e-05,7.26177981360675e-07,0.003940225340705835,7.075397352511692e-05,-2.0553651422952853e-05,-0.01111814325046853,-0.0004995697890093834,6.576603805486358e-05,-0.0010427122938755564,-2.5862947078549032e-05,1.3485788718475304e-06,0.005240496312297164,9.410280096440407e-05,-2.7336360010508774e-05,-0.011813028563429155,-0.0005307928670093973,6.987641735881379e-05,-0.0009224439724485414,-2.288003190242835e-05,1.1930319486045995e-06,0.009580259927851574,0.0001720312650539374,-4.997415848122626e-05,-0.011813028563429155,-0.0005307928670093973,6.987641735881379e-05,-0.0006417078837887791,-1.591670636258324e-05,8.299398006255486e-07,0.009580259927851574,0.0001720312650539374,-4.997415848122626e-05,-0.009728379614245218,-0.0004371234462342825,5.754528411171178e-05,-0.0005213817255446308,-1.2932101670231981e-05,6.743199639605097e-07,0.008034904240993963,0.0001442816951363399,-4.1913018310996006e-05,-0.009033493295572655,-0.0004059005159781413,5.3434911566167206e-05,-0.00032082689243383345,-7.95771307757304e-06,4.1494611673023715e-07,0.0061034047698704024,0.00010959823215791667,-3.183761222083071e-05,-0.008338611192509286,-0.0003746773504173347,4.9324542450623046e-05,-0.4129273134919379,-0.009733191551546101,0.0002429584010585076,-0.06393852510791521,-0.0017426241850138293,0.00022893365420125243,0.1996188880339204,-0.0014101833778608294,-0.0005159553732438602,-0.7110173535226131,-0.015430673552066359,0.0011262006847376992,-0.17303583388809315,-0.004470493891292325,0.0005007250146463571,-1.0792629287936057,-0.007094199340653316,0.0011993556211086324,-0.3487798958553618,0.014293332154362803,0.0014057005877008287,0.8505247056655484,-0.027823444538229138,-0.0002992614614492205,0.1351619531881774,-0.01711092910470839,8.380803565032687e-05,-0.7965339202592998,-0.0047289101447623525,0.001259666163682058,-0.3153851622149657,-0.013462341353134502,-0.00019374089931854232,0.13832254332953337,0.0021803968804799865,-0.00045050131482757033,-1.190518363593813,-0.016126483178947174,0.0014959409144526567,0.24763587640988563,0.021357127332325573,-0.00019829627965135225,0.3121378623898988,-0.0005656341744005978,-0.00018829250530169838,-0.10140539897368515,0.005310554458877996,0.00043543267187117325,-0.38270038031889425,0.0033129757680323934,0.0004226297502827889,0.6944883059086714,0.23628842788600166,0.4630818520310891,2.247109562472178,0.5547091901001477,0.03130316826363365,0.05260164390648635,0.013623408535244127,0.009988011513233176,0.05043496222078669,0.04990163139538271,0.0011903854676006134,0.0006045709890551387,0.000563129710782214,0.0006145318135377992,0.0030883912986722144,0.0002993738866277044,0.00017784892751526965,0_1_29_p1
583.333,0.11526982015301843,1.555896593588954,-1.7653738697612933,0.00393412372830739,0.00224391845674255,0.0022720092817206487,0.21705285235868052,-0.033309369913537,-0.17732369620139632,0.5220730062728778,0.009111893284429854,0.8091238416258254,0.2904011843450407,0.17172685912923608,-0.0842462745502299,-0.304990508748854,0.5206274213626175,0.009086663802094027,0.7883991214092363,0.23348907819296816,1.66504410640259e-05,0.004239217753531512,0.003364188954396146,3.09192556973304e-05,0.005638160983527036,0.003574449766714904,2.7355293364757977e-05,0.01030723238787373,0.003574449766714904,1.902957416724446e-05,0.01030723238787373,0.0029436648364311274,1.546112384516691e-05,0.008644611297138408,0.002733403525446869,9.513540419870806e-06,0.006566546991223373,0.002523140219800608,0.20375955211086574,0.0053443781878523425,-0.022896527153959595,-0.06664443705764937,-0.39344656283345464,0.5643792647397757,1.20299934654956,1.3278001339856977,0.19944431429776885,0.158281102875263,0.04516157822725163,-0.38263879544804946,0.669845326138247,1.2355724129155619,1.353234219275076,0.21240225601246443,0.29897257110140996,0.21310957605253764,-0.0336858861375463,0.00011491470226226966,0.21724195607609306,0.006080963941388938,-0.00021760176662006262,-0.38746031224410304,0.03669274302026403,0.00013649188081773608,5.5739974798550984e-05,-1.8394528740692897e-06,5.143217671654709e-09,-0.00023862084542923542,-1.1046763827732228e-07,6.222588996661166e-08,5.8877293176419725e-05,-2.351802163048547e-05,-7.231499778691079e-07,0.19581789874171518,0.00911134890860352,-6.86294535532271e-05,0.08817159490902814,-0.0003821904654669991,-0.00021871551907413062,0.27311284937535485,-0.004675192877520456,-0.00021454055621344004,-0.11994281463009611,0.006615273306994335,0.0004202207057020374,-0.002093400051005775,0.00011545810349444441,7.334243916480489e-06,-0.07749541843914427,0.0033540091683723224,0.0002806365078029986,-0.07021839734855645,-0.001557498989900736,-3.011840143935984e-05,0.15152290156382975,0.011950196395988101,-0.000149959308291175,-0.02642028472302447,-0.0010238307697240082,0.00017943679932380102,-0.1908240794800085,0.0062253709531012195,0.000335874474677799,-0.07556740635796061,0.009785986971496042,8.682943774914641e-05,-0.0013189004358370587,0.00017079769263879336,1.5154621679362643e-06,-0.07620176956940183,0.0013039398479969308,0.00016389954826088887,-0.12586603667845492,-0.006800378478143363,1.3991960797158805e-05,-0.0005909374249883873,-1.298588059934873e-05,7.807211296955789e-07,0.004005320338961602,4.496813645582024e-05,-2.0372839846422442e-05,-0.011692914677450528,-0.0003928531103126877,6.556028996750665e-05,-0.0010974254200277055,-2.4115870681433942e-05,1.449869761034775e-06,0.005327072571558495,5.9807668666103544e-05,-2.709587974459657e-05,-0.012423722646217883,-0.00041740642258343775,6.965781110048498e-05,-0.0009708461640250675,-2.1334444782896514e-05,1.2826403067773813e-06,0.009738532024790175,0.00010933562688356663,-4.953453391328828e-05,-0.012423722646217883,-0.00041740642258343775,6.965781110048498e-05,-0.0006753791612411616,-1.4841551296718123e-05,8.922757304844857e-07,0.009738532024790175,0.00010933562688356663,-4.953453391328828e-05,-0.010231304723901826,-0.0003437463636490239,5.7365254228415206e-05,-0.0005487392105233116,-1.2058517456362534e-05,7.249674726536767e-07,0.008167645938205181,9.1699232533292e-05,-4.154430675954774e-05,-0.009500494190569038,-0.00031919319792487,5.326774040908353e-05,-0.0003376609429732624,-7.420138577739966e-06,4.461117110306462e-07,0.006204237724936235,6.965600292620972e-05,-3.1557536119466424e-05,-0.008769689641222256,-0.0002946398164515606,4.917023106870479e-05,-0.4271674198350416,-0.009376847580269142,0.0002632400630748624,-0.06733055818615208,-0.0013996462425121205,0.00022885790934393038,0.20040819560074746,-0.0023184093066484987,-0.0004989420224685634,-0.7370311107589425,-0.014019526408760374,0.0011863162762896144,-0.1798423247806995,-0.0037518589517788617,0.0005128127993061232,-1.094124000237004,-0.005610787265998564,0.0012307484449422532,-0.34194072994354396,0.016342404059528623,0.0013865382003395985,0.8136910262649993,-0.028367453875949005,-0.0002425810993029784,0.10980825899195282,-0.017013935200249776,0.00012158507116555508,-0.8074253278746415,-0.0030162053302556723,0.0012873357941392918,-0.329243865691479,-0.013875674625464057,-0.00016580322145659456,0.1441935257248131,0.0015376625769889403,-0.000458402533815887,-1.2157874168641554,-0.014113490046730456,0.0015399213782613355,0.2727956425514083,0.021275965074705996,-0.00026862555310027954,0.31459198961336726,-0.0008283917717250213,-0.00019896382042109225,-0.09885628402643434,0.0062412514709153264,0.00041249810983953007,-0.379552260167426,0.004017982612110875,0.0004116268027285182,0.6507809727747529,0.22953859280543684,0.4766223384380268,2.26941091813136,0.4926817593160372,0.032556675731463064,0.052968913883070436,0.014184162701275406,0.009760087185109154,0.05014979836748494,0.05018042441204012,0.0009241443355857302,0.0005875862747544774,0.0005393548785578543,0.0006087810897703317,0.003146225389865351,0.00028140092040674974,0.00017701065949719065,0_1_29_p1
600.0,0.1193525836004082,1.559785480377712,-1.7725018722182562,0.003937262827633479,0.0022380711050828685,0.002278441069346998,0.21950640979186262,-0.030818802524233614,-0.1720993089009531,0.5179049301343197,0.009039146465210231,0.8063029178170388,0.2884504143814562,0.17374719741813963,-0.08556325362789327,-0.3101874898920514,0.5182268411548849,0.009044765926736151,0.7862644540810172,0.2327341385183455,7.1508632781710486e-06,0.004377006012655957,0.002684253557714206,1.3277966283672292e-05,0.00582141955765544,0.002852018594739907,1.1748559193424687e-05,0.010642250831121546,0.002852018594739907,8.172628888838589e-06,0.010642250831121546,0.002348721489000806,6.6397311400870005e-06,0.008925589360089472,0.0021809564519751057,4.085566446168441e-06,0.006779981310787757,0.002013188921621903,0.1955260371617386,0.0033900701925412197,-0.016992942481775266,-0.08196308618531747,-0.3985825691539044,0.5434557285827716,1.194631035832977,1.3418428481957234,0.20159011283729178,0.14115878761335093,0.04018322849546554,-0.3789994129505089,0.6441450661699675,1.2422088947512473,1.3576336986458464,0.2081049876106806,0.28941611054190514,0.16569374894279587,-0.034618373192708385,0.0002312616967921915,0.22383502380834636,0.005867020223821221,-0.00023927513031094598,-0.33604429392626234,0.037949599266558866,2.1022984378578948e-05,5.0988689909120224e-05,-1.9767426101687983e-06,3.116964683969274e-08,-0.00024321227240676734,6.335005811851028e-07,5.039780085226327e-08,2.1905663060745803e-05,-2.4996237145203183e-05,-6.409951214309062e-07,0.20638834587255458,0.009240686489062115,-9.970620179640101e-05,0.08657446049525175,-0.0006702492935744392,-0.0002134732348772834,0.26681500586702395,-0.005101835814537561,-0.00020244211113810355,-0.11070475754926373,0.007373975272378295,0.0004024009957494919,-0.0019321666771823912,0.0001286999806434612,7.023230497526098e-06,-0.06956494693146434,0.003756361127808603,0.0002686566039545241,-0.07086265037915568,-0.0014995530003424412,-3.8108704035178865e-05,0.16701333753702377,0.012013156868122385,-0.00019239939231667958,-0.02712952640622308,-0.0008268383167454028,0.00017984914663523872,-0.18347048217534637,0.006883094668934625,0.0003233913516429981,-0.05984773071968626,0.010132415479795508,5.051794727290717e-05,-0.0010445415162647104,0.00017684398537340016,8.817067448203482e-07,-0.07433274933198293,0.0015975740169280267,0.00016388859158353872,-0.13784129633223138,-0.006896189006227287,4.824692611020361e-05,-0.0006150195492453335,-1.2409415139212473e-05,8.629215647249625e-07,0.003962962266584626,2.5152301128556937e-05,-2.0169978745833945e-05,-0.012521330861395985,-0.00028378856613670825,6.514853478094276e-05,-0.0011421488765876666,-2.304529894816167e-05,1.6025249829914617e-06,0.005270736762724693,3.3452606703866065e-05,-2.6826074817966828e-05,-0.013303915696515078,-0.00030152531233939173,6.922031943081943e-05,-0.0010104114246471344,-2.0387387405691894e-05,1.4176869631855797e-06,0.009635541641626498,6.1155526912864e-05,-4.904129844985546e-05,-0.013303915696515078,-0.00030152531233939173,6.922031943081943e-05,-0.0007029020774520396,-1.4182677800716275e-05,9.862215673191474e-07,0.009635541641626498,6.1155526912864e-05,-4.904129844985546e-05,-0.010956169739709247,-0.0002483148294870143,5.700496897039407e-05,-0.000571101366230864,-1.1523231589726384e-05,8.012972866200664e-07,0.008081268809906771,5.1290840495077716e-05,-4.113063259251499e-05,-0.010173583194879867,-0.00023057822983092686,5.293318699557432e-05,-0.0003514206913684138,-7.0907506786043995e-06,4.930802918876633e-07,0.006138625028081544,3.8961354311813696e-05,-3.12433070905388e-05,-0.009391001779181354,-0.00021284136557681886,4.886141378253516e-05,-0.44238780963286356,-0.00893935816791378,0.0002953814725301648,-0.0700741542207168,-0.001140927019918368,0.00023098754947737467,0.19991135037173055,-0.0031452071521089506,-0.00048673539398673166,-0.7623575749860806,-0.012304733274529378,0.0012459913903303341,-0.18679460948323376,-0.0029926337906224566,0.0005237087209026371,-1.1036491629824585,-0.0038438112092225155,0.001277490395100777,-0.32567183552101076,0.018164185001698037,0.0013685218080111393,0.7790989367334944,-0.029777146595931326,-0.00018379817614121602,0.08801493159080374,-0.01742962311974978,0.00017869221239537366,-0.8117453041498006,-0.0009496514188556251,0.0013195870781296513,-0.34356407592574106,-0.014290025527094668,-0.00011715192456435413,0.14803146628146727,0.0009763897490154874,-0.00046719098571278763,-1.2348029275244767,-0.011943569957845521,0.0016110565584023272,0.305131608645568,0.02054395315237848,-0.00031822716055364305,0.3160447458321921,-0.0012460370652600744,-0.00021255485616493582,-0.09557618090359934,0.006948522322216577,0.0003958395627304753,-0.37423458843788415,0.004878703918488417,0.0004078914544973235,0.6116001830118468,0.22411714840574404,0.4904914975908964,2.284889693286512,0.4364428554052815,0.03403399080676387,0.05456437705842806,0.014951848244466225,0.009544955052209723,0.050397859502029116,0.05170131915560249,0.000661335305425484,0.0006177516537585001,0.0005170537767507306,0.0006144239628197048,0.003230422490386273,0.00033343206301574626,0.000175720747688458,0_1_29_p1
616.6669999999999,0.12368530163396205,1.5638798397926517,-1.779638833200937,0.003940487198760162,0.0022316472961045283,0.0022844833992174025,0.2220953469298014,-0.028209402647478937,-0.16728059047321292,0.51367663764324,0.008965348459115405,0.8035666195383613,0.2865357099015348,0.17601024867280804,-0.08700354620119605,-0.3148567338346613,0.5158850556043316,0.009003894304978447,0.7842085439872957,0.2319264574870551,-1.912880860185787e-06,0.004533088812999808,0.0019451968779502116,-3.5549863535621586e-06,0.006029010016218647,0.0020667705296581293,-3.1425899845909316e-06,0.011021750735685685,0.0020667705296581293,-2.1866482199986104e-06,0.011021750735685685,0.0017020460838758711,-1.7772438440307957e-06,0.009243873586469165,0.0015804724321679528,-1.0935734427495892e-06,0.007021753793418523,0.0014588957884670317,0.1871866874414324,0.0013695259547859124,-0.011142362960308504,-0.09827093806646592,-0.40406114869993565,0.5221689644751525,1.1864724892578749,1.3548784396088402,0.20389998778513269,0.1238031377877432,0.0354667803779062,-0.3751980813516757,0.6184396624670497,1.2504555051550845,1.3619954395101987,0.2043883947390248,0.2801323721393239,0.11702485293698842,-0.034646612927705614,0.0003214917934168738,0.22979234859295866,0.00563767244374966,-0.00025268602577015897,-0.28250178496965433,0.03820217913693491,-7.891139824224141e-05,4.625706668799931e-05,-2.059008409632425e-06,5.762164267049873e-08,-0.0002491039340580712,1.150669026242089e-06,5.958073987094412e-08,-1.6305507013489444e-05,-2.6315532694129904e-05,-5.446718659639136e-07,0.21633244662349294,0.009333961193764336,-0.00012019648348286807,0.08430346086869386,-0.000981251117935937,-0.0002018671828254191,0.2594345985953409,-0.00529712377471834,-0.00018053941048053787,-0.10079544683811412,0.008075798746529432,0.00038133420297412643,-0.0017592175136127701,0.00014094913247308496,6.65554761933054e-06,-0.060923674484804596,0.0041608940032660914,0.00024596566231545845,-0.07151815330344742,-0.001475454673587334,-4.808026354451965e-05,0.18220623690313037,0.011935836979161223,-0.00022590941252417595,-0.027373131057140933,-0.0005436625907538387,0.0001749340536095249,-0.17511044681274568,0.007414380009611453,0.0002994464353105644,-0.04353678511777227,0.010295132044055294,1.3225389585109469e-05,-0.0007598619305408461,0.00017968391161949222,2.3083115130804323e-07,-0.07220975590560816,0.0018493394835704304,0.000161921657846057,-0.15036305633090957,-0.007024576074209278,8.419657953087102e-05,-0.0006361891820272378,-1.182802193005522e-05,9.143060442417577e-07,0.0038797532314492635,-1.5622494515430294e-06,-1.9415824527670644e-05,-0.013341501112624029,-0.00015151990242069326,6.42385500209011e-05,-0.0011814645195077338,-2.196562169060382e-05,1.697952032818509e-06,0.005160068925514235,-2.077785051438669e-06,-2.5823050461044543e-05,-0.014175345626732835,-0.00016098988378051966,6.825346230174227e-05,-0.0010451912061740193,-1.943221273590442e-05,1.5021080124455885e-06,0.009433227349011034,-3.798270345202911e-06,-4.720764532722552e-05,-0.014175345626732835,-0.00016098988378051966,6.825346230174227e-05,-0.0007270970425879723,-1.3518228589861702e-05,1.04494791499302e-06,0.009433227349011034,-3.798270345202911e-06,-4.720764532722552e-05,-0.011673817213537278,-0.00013257974861577372,5.6208734982695075e-05,-0.0005907596151184698,-1.0983342196440327e-05,8.490115903331939e-07,0.007911589467262309,-3.1855302923409117e-06,-3.9592759205978476e-05,-0.010839971844573332,-0.0001231100071900805,5.219382604054387e-05,-0.00036351689165366424,-6.758547025509076e-06,5.224393653389827e-07,0.006009735098625123,-2.4195518277494907e-06,-3.0075122010562992e-05,-0.010006129040174809,-0.00011363990179244924,4.817892502322028e-05,-0.4573033897160348,-0.008585902326256816,0.000320809471706083,-0.07233384838799745,-0.0008198635679941763,0.0002269949468998027,0.19853665097609002,-0.003977267563418337,-0.00046213275842140833,-0.7850889015972079,-0.010526091359210057,0.0012875108610564787,-0.19341335449944297,-0.0021326543512447966,0.000527313487735787,-1.1094191180520796,-0.002423767331579007,0.0012927309412159454,-0.30464996188615256,0.019934149487904916,0.0013136554804784404,0.7429109232630972,-0.0299665327238397,-0.00013309413717726374,0.06562105819284947,-0.0173770268548679,0.00021960315980442646,-0.8141934819083247,0.000959509225485426,0.001323751067247814,-0.35979083539309037,-0.014800406054985303,-7.154190254891295e-05,0.15047970815412715,0.00033322315046639456,-0.00046436557965737386,-1.2515555947311674,-0.009968754061625467,0.001640065221957048,0.3387567065548906,0.019582584439039975,-0.00038443693249211124,0.31661711751316596,-0.0014031002265331824,-0.00022234354240281692,-0.0904231098222926,0.007619422746023491,0.0003664664350569382,-0.366890457799085,0.005550078332653604,0.0003908723411808559,0.5763088097750113,0.22070043932870975,0.5037612307921235,2.2962582441233867,0.38250053940640155,0.03544073170177822,0.0548220424352013,0.015604972063835702,0.009497818291437565,0.05012295853365304,0.05188042334856717,0.00034905862866288186,0.0006576714220974497,0.0004916843916068825,0.0006066400163693128,0.0032474172866049943,0.00041645469521188103,0.00017213243739882498,0_1_29_p1
633.3330000000001,0.12825096228012808,1.5681851421943154,-1.786749717967262,0.003943798337683946,0.0022247697015206694,0.0022900076156327155,0.2248615302319282,-0.025514958361595085,-0.16287187132938272,0.5094230473526512,0.00889110913405257,0.8009690465112834,0.2846785798443127,0.17858320507745,-0.08853094915479687,-0.3189302490316773,0.5136505898508178,0.008964895670840883,0.7822709527555605,0.231010096797905,-1.0672937708695613e-05,0.004707309074930385,0.0011582433768564863,-1.982295097865102e-05,0.006260723418371919,0.0012306321542467026,-1.75340763310356e-05,0.011445350123792719,0.0012306321542467026,-1.2198355474938651e-05,0.011445350123792719,0.0010134613340865484,-9.91147548932551e-06,0.00959914383302612,0.0009410725566963319,-6.099177737469325e-06,0.007291621589016891,0.000868680787313113,0.1787736170081841,-0.0007471275808907177,-0.0053899452439634095,-0.11548310487293265,-0.40984001962375505,0.5006007066844547,1.1785371189315559,1.3669439481010996,0.2063679062860657,0.1063238707792062,0.03098741628994128,-0.37122152418126286,0.5928000068130511,1.2601962689929413,1.366117291351516,0.20119716242818075,0.27144765068264715,0.07034963043596215,-0.0347161218205976,0.0004167816234150632,0.23552981318312755,0.005382251703913421,-0.0002646710444825284,-0.23041823078651671,0.03846228884008666,-0.00018565447737891623,4.14878298405502e-05,-2.1190235509235844e-06,8.239882026032018e-08,-0.0002553836999446757,1.777698569498051e-06,6.987185029240811e-08,-5.509370430981119e-05,-2.7598435838361958e-05,-4.4614064178255743e-07,0.2260637816228271,0.009432525742096593,-0.0001397306386513557,0.08146767725541806,-0.001300501293033692,-0.00018855994810209708,0.2509877638060007,-0.00541701668638921,-0.000156965277506202,-0.09031757624507578,0.008816501228017635,0.00035833905308757334,-0.0015763443366783839,0.00015387686831588453,6.25420857074156e-06,-0.05215400279554075,0.00455082895707207,0.00022208726477376687,-0.07208942222128635,-0.0014894154259641457,-5.743670418440488e-05,0.19735082498563852,0.01183391880440725,-0.00025910651666993627,-0.02727455172651942,-0.0002489248268197558,0.00016876916794625362,-0.1660758221750566,0.007860782411083555,0.00027432394869016964,-0.026954400781457655,0.010452349813663466,-2.549144749163729e-05,-0.00047044388275470556,0.000182427849845148,-4.4490572330977893e-07,-0.06970360614550528,0.0020993477344036404,0.0001592813355211542,-0.16308528669965797,-0.007129627746114675,0.00012161526348388653,-0.0006541001070008467,-1.1300875385882399e-05,9.610882628005249e-07,0.003765295821386192,-3.0564905309629245e-05,-1.8555398905071506e-05,-0.014058364684285162,-1.5173310999831098e-05,6.325756483073776e-05,-0.001214727788009457,-2.0986573095691575e-05,1.7848347182528184e-06,0.0050078405957760036,-4.065136342106163e-05,-2.4678684703561217e-05,-0.014937013866192596,-1.6121585288475912e-05,6.7211164380682e-05,-0.0010746178847902152,-1.8566138396537115e-05,1.5789658616657027e-06,0.009154936095777038,-7.431536718160989e-05,-4.511560613126359e-05,-0.014937013866192596,-1.6121585288475912e-05,6.7211164380682e-05,-0.0007475674038622202,-1.2915719740286085e-05,1.0984160312311474e-06,0.009154936095777038,-7.431536718160989e-05,-4.511560613126359e-05,-0.01230107315931145,-1.3276380252006843e-05,5.535037012314221e-05,-0.0006073916767969032,-1.0493791558909748e-05,8.924537118499533e-07,0.007678188367341321,-6.232777372810359e-05,-3.783817969155955e-05,-0.011422423122548875,-1.2328341587301113e-05,5.13967766690438e-05,-0.00037375207229078825,-6.4573135530532245e-06,5.491696719928956e-07,0.005832439851504247,-4.7344711818081284e-05,-2.874232462840865e-05,-0.010543776505206876,-1.1379888425605294e-05,4.7443184720092466e-05,-0.47148298995681853,-0.008212635485310244,0.00034683313603974816,-0.07389882742553856,-0.0005051997082233217,0.00022202904254318994,0.19598981865969184,-0.004764680356031236,-0.000435950696679383,-0.8045931722665961,-0.008625140799942359,0.0013217634712909226,-0.1996337883099343,-0.0012337270276299487,0.0005294883680280855,-1.11140663745468,-0.0009467551744174239,0.0013003373566451905,-0.27915867218387685,0.02162163032020257,0.0012464405687170302,0.7057981608374506,-0.030052627925940236,-7.945584526659252e-05,0.04285479707141418,-0.017323658094029182,0.00026345747814983985,-0.8156896066383056,0.002919661441818643,0.0013231668112716555,-0.3776820952789706,-0.0152853106539436,-1.885887955532379e-05,0.1514831473802212,-0.0003094168328896727,-0.0004578673600051729,-1.2660700810551277,-0.00797619274038767,0.001666007257024804,0.37303790493225103,0.018410361283652605,-0.00045091336271033735,0.3167246728227968,-0.0015528098750101655,-0.00023046329319878446,-0.08281041190752039,0.0081604953177346,0.00033283862913117366,-0.3579820627816448,0.0061927289056774235,0.0003693730304511264,0.5491130082611348,0.21967894466830598,0.5159159384354682,2.3040659907737475,0.33692134758239106,0.036617004321418165,0.05509473289736023,0.016285162687476245,0.009508143207530895,0.04999752678521577,0.05209151734984536,0.00014898939537646996,0.0007271973120768295,0.00047103985845019984,0.000599702534531122,0.003253864465361526,0.0005274708324522977,0.000168176338673487,0_1_29_p1
650.0,0.13287222263361115,1.5727190602880425,-1.7936891749984594,0.0039471009992942205,0.0022175869236504627,0.002294801785755193,0.2278762554008561,-0.022778815167888086,-0.15881294010359623,0.5052378335768348,0.008818063115532605,0.798551593956339,0.2828728013630083,0.1815283549397419,-0.0901059995969771,-0.32242362476397873,0.5115936375462005,0.008928994746792865,0.7804777501195147,0.229919214652862,-1.9180669813917113e-05,0.004895843031389316,0.0003465111870394471,-3.562217003320426e-05,0.006511473376009443,0.0003681667337326915,-3.1511171646506765e-05,0.011903751377184517,0.0003681667337326915,-2.1921834070549347e-05,0.011903751377184517,0.0003031956056634514,-1.781183301485298e-05,0.009983601968662428,0.00028154005897020675,-1.0960169037023821e-05,0.007583660052770594,0.00025988152028395774,0.17033123501681233,-0.002967665606973552,0.00020716160623271616,-0.1335489311658389,-0.4158480487877026,0.4787911062607875,1.1708757293938838,1.3780344014787955,0.20894012815642543,0.08884030527405432,0.026699358738618464,-0.3670828094673782,0.5672533742161909,1.2713123777133106,1.370062744261331,0.19857386175193215,0.26353048713241944,0.025644645585949005,-0.03482622285053486,0.0005098625286568133,0.24113857762168203,0.0051005028911129905,-0.0002760158032101194,-0.17972327252423903,0.03872573633735975,-0.00029122802186598535,3.67117541519485e-05,-2.1666555048454802e-06,1.0542441710644825e-07,-0.0002619250515052927,2.4894076208589744e-06,8.00638673012801e-08,-9.40092750225648e-05,-2.882599321813902e-05,-3.474489141864424e-07,0.23563319936422278,0.009528261061844819,-0.00015892113367793007,0.0781871236239224,-0.0016234778061278523,-0.00017405325879913194,0.2416233069887457,-0.005459882606656169,-0.0001320421545034178,-0.07934130373180441,0.009589199716317868,0.00033384082361383324,-0.0013847721538003308,0.0001673630199630693,5.8266341922485455e-06,-0.043492392490153034,0.004919984116466209,0.00019836153040394503,-0.0726742414480105,-0.001542965863395715,-6.615199648800544e-05,0.21238049574601586,0.011695674903659857,-0.0002921614971354494,-0.026855469250516583,5.197023889546749e-05,0.00016175278584756238,-0.15619139715199926,0.008210448622897548,0.00024875222696867826,-0.0103970277969407,0.010597499373386235,-6.463070303807751e-05,-0.00018146352080220966,0.0001849611517633632,-1.1280166830744643e-06,-0.06701187673708203,0.002342042504085831,0.00015583484781004638,-0.17575675662482076,-0.007202732968381912,0.00015957229961660098,-0.0006685146744361749,-1.0807874198597572e-05,1.002317063208573e-06,0.0036257372997347227,-6.197068109919601e-05,-1.7627355287356504e-05,-0.01462754006187697,0.00012383239283144098,6.203295150730919e-05,-0.0012414941574180425,-2.0071052450182528e-05,1.861403314686422e-06,0.004822227608105628,-8.242109862688379e-05,-2.3444386091423756e-05,-0.015541761476029616,0.000131572009453939,6.591001492638692e-05,-0.0010982973722744164,-1.775624025233604e-05,1.6467022320408735e-06,0.008815613314404159,-0.0001506753989261223,-4.2859161194039505e-05,-0.015541761476029616,0.000131572009453939,6.591001492638692e-05,-0.0007640413173390442,-1.2352289983000018e-05,1.1455365863359572e-06,0.008815613314404159,-0.0001506753989261223,-4.2859161194039505e-05,-0.012799100652992243,0.00010835365956894934,5.427883439787733e-05,-0.0006207761437839114,-1.0036041532729792e-05,9.307387888663594e-07,0.007393601960828133,-0.00012637046206367784,-3.5945713787042556e-05,-0.011884878383984448,0.00010061381163270632,5.04017770404375e-05,-0.00038198689189134074,-6.175595202309467e-06,5.727296872848189e-07,0.005616264082731514,-9.599235074445395e-05,-2.7304782717781507e-05,-0.010970657824686944,9.287437986963987e-05,4.652472453823739e-05,-0.4847517206704686,-0.007824522814720517,0.0003725634154837309,-0.07465119484103341,-0.00019185601346330611,0.00021583783557874807,0.19215639943189355,-0.005497109720647878,-0.00040781374451818797,-0.8207395420110744,-0.006619416678529825,0.0013477196921170712,-0.20535328384498,-0.0003031796869197188,0.0005305618738882963,-1.1096685220402929,0.0005794665725523705,0.0012999589246790752,-0.24916058103417701,0.023221500614775868,0.0011672968673146935,0.6680748591583687,-0.030041233591181077,-2.4012187220099378e-05,0.01991745720946385,-0.017269835087591463,0.0003096825896433189,-0.8156587215768141,0.00491128695768014,0.0013188989307469632,-0.3970324270534776,-0.015737334519864837,4.0059449878980494e-05,0.15103274814087886,-0.0009533009968464981,-0.00044769752774043213,-1.2779731952090407,-0.005975251909210114,0.001688713516035189,0.4075614385006405,0.017053642509541073,-0.0005166504451139245,0.3162920007145735,-0.0016714229952574154,-0.00023751747229177028,-0.07299249546950838,0.00857226491840823,0.0002940118915008489,-0.3479492819226504,0.006765499271695232,0.0003443813468548474,0.5304210517233929,0.22126738097935655,0.5267647609956492,2.30812762936762,0.3018376963563168,0.037481028321196895,0.05537148327932619,0.01697861825482597,0.00956442268455474,0.05005475328546442,0.05233129488630589,0.0004034802523561474,0.0008169112494445358,0.0004573108869844027,0.0005930442816874365,0.003250918123457345,0.000648813086115948,0.00016361216220333336,0_1_29_p1
666.667,0.13732377664527476,1.577486205233717,-1.8002853132991519,0.003950223642658787,0.0022102520528025807,0.002298589150232021,0.2312124592473602,-0.02002559218212107,-0.15496816426768795,0.5012559711041614,0.008748566598045694,0.7963420739444912,0.281021637339835,0.1848836676482279,-0.09170801138677666,-0.3254304505727119,0.5098102795644672,0.008897869542243798,0.7788424309649358,0.228647176307441,-2.7659479320105563e-05,0.005092745592278809,-0.0004678788898956296,-5.136803187919653e-05,0.006773353547619685,-0.0004971226295110456,-4.544089373942379e-05,0.01238250017766157,-0.0004971226295110456,-3.1612400743122424e-05,0.01238250017766157,-0.0004093958986543029,-2.5685262603349692e-05,0.010385125435059234,-0.0003801521590388863,-1.580520304056008e-05,0.00788866182487711,-0.0003509114114164748,0.16188633576199357,-0.005302528683048022,0.005611683840108784,-0.15237787425024604,-0.42200655874376075,0.45683724140914017,1.1635323797364965,1.3883049744723943,0.21142042702574107,0.07139534495596006,0.022526965154156316,-0.3628162678364085,0.5417967941260821,1.283681145141752,1.3741772422825114,0.1966558750556861,0.25643701825870197,-0.016226726127998622,-0.03495178625606946,0.0006002227572631383,0.24666579742806716,0.004789488991743018,-0.0002870017104965117,-0.1311638304613368,0.03897046756284035,-0.00039511622327510846,3.194422701478794e-05,-2.1990221883418456e-06,1.266405124113858e-07,-0.0002686425032255406,3.2574394139821327e-06,9.005979100777043e-08,-0.00013274960043083026,-2.9965989006754685e-05,-2.5012983970699794e-07,0.2450434046093553,0.009607153854578191,-0.00017790521433471327,0.07457362614013704,-0.0019441872678049971,-0.00015880877228408155,0.23157961219413017,-0.005435062049187224,-0.00010632895413931523,-0.0679429593140916,0.010376236885341136,0.00030813781084708023,-0.0011858328292927273,0.00018109944877193543,5.378032470739999e-06,-0.03505928752927792,0.005263331956225391,0.00017548709428271604,-0.07357776435003802,-0.001631577402969782,-7.383394826783e-05,0.22721968853809982,0.011509581878429025,-0.000324799063348603,-0.02608423860141784,0.0003525710634701813,0.00015405047077282258,-0.1450372002182209,0.008462527136056917,0.000222534337341066,0.005908608299674812,0.010720916292729369,-0.0001032228184939418,0.00010312288571097684,0.00018711521551534023,-1.8015755961380872e-06,-0.06431473267617831,0.0025729914175451943,0.00015204199093852034,-0.18835225386364063,-0.007232713337632592,0.00019722292565860537,-0.0006795551286187905,-1.033910204853227e-05,1.0367495907629082e-06,0.003465182680895545,-9.538175166073578e-05,-1.6651409774426644e-05,-0.0150091542369256,0.00026254002088627455,6.04730779532876e-05,-0.0012619944386223242,-1.920052160967184e-05,1.9253416880602296e-06,0.004608689067451624,-0.00012685781091043903,-2.2146377393399403e-05,-0.015947226109591213,0.00027894886815334717,6.425264628689482e-05,-0.0011164331241508537,-1.6986105084539574e-05,1.7032668669077702e-06,0.008425239438696667,-0.00023191106034684258,-4.048624520929202e-05,-0.015947226109591213,0.00027894886815334717,6.425264628689482e-05,-0.0007766572695517459,-1.1816508683508805e-05,1.1848887761663507e-06,0.008425239438696667,-0.00023191106034684258,-4.048624520929202e-05,-0.013133013911014941,0.00022972282202444002,5.2913943092249694e-05,-0.0006310267118136245,-9.600713135750965e-06,9.62711196796135e-07,0.007066197569870589,-0.00019450231334313317,-3.395556759782503e-05,-0.012194941183494179,0.00021331377217824937,4.913438008823157e-05,-0.00038829486799769143,-5.907774353761178e-06,5.924006350529979e-07,0.005367564495156473,-0.00014774604477486592,-2.5793042869874238e-05,-0.011256867601118273,0.0001969051157569889,4.535481900897732e-05,-0.49668635162382413,-0.007428721259449518,0.0003975239714929101,-0.0747022450805129,0.00012469771121067111,0.00020818456951288662,0.18644395046779844,-0.006167621560830137,-0.0003776508003207659,-0.8337420400581491,-0.004520179708688945,0.0013652277912828603,-0.21007059080700718,0.0006472037858213197,0.0005305874543492162,-1.1052592740973182,0.0021538938209028522,0.001291583218864095,-0.21463495734496096,0.024723366358901936,0.0010762844010593414,0.6305743352943346,-0.029933688593688515,3.271816110547799e-05,-0.002166846640398597,-0.01720889372679548,0.00035767214797378596,-0.813212338159237,0.006908303580869573,0.0013099225290252627,-0.4176793706256564,-0.01614712136089747,0.00010441162521137071,0.1491404313910816,-0.0015965898152567285,-0.00043390309431333435,-1.286896895552976,-0.003969487301426937,0.0017072851554411118,0.4418951677265882,0.015539628215189543,-0.000580949601151262,0.31568044161894976,-0.001762201543532783,-0.00024331854400276684,-0.060938056567744314,0.008845595076086963,0.00025080085166485395,-0.3370707475625389,0.007243407143983644,0.00031757828731662687,0.520473764897671,0.22562883598901048,0.5357603045910484,2.3088791275536096,0.2798416757644083,0.037950285890324766,0.05561556561306734,0.01766265218853277,0.009656138192227532,0.05030868463699703,0.052566765382373426,0.0007450141381376503,0.0009196075821222326,0.00045154938957975077,0.0005865034099454809,0.003239027916057049,0.0007737921276242057,0.00015830211744750718,0_1_29_p1
683.333,0.14132027395305896,1.582476983205774,-1.8063101539731203,0.003952997220172958,0.002202903219320684,0.0023010944457068833,0.23492487330212128,-0.017298973998140458,-0.15125363387654248,0.49761826262670633,0.008685076506513146,0.7943791151000765,0.27909466718459613,0.1886654939460062,-0.09330493080448442,-0.3280107892214245,0.5084000829501203,0.008873256909132175,0.7773442283670515,0.227115718704655,-3.6275920504451276e-05,0.005290982083382329,-0.0012660558554106799,-6.736921046148053e-05,0.0070370084697464535,-0.0013451855930375985,-5.959651130409893e-05,0.012864492797219825,-0.0013451855930375985,-4.1460047048375e-05,0.012864492797219825,-0.0011078008681463477,-3.368635055999226e-05,0.01078937011909265,-0.0010286711305194285,-2.0728527527685795e-05,0.008195730565483488,-0.0009495438862200119,0.15345152052092745,-0.007718104261048221,0.010805284529877836,-0.17183092014722945,-0.42822820872817,0.43486297914385735,1.1565182889358252,1.3977666417122343,0.21367824877530497,0.053990525215999674,0.018388608482101047,-0.35847142524987374,0.51652081621898,1.2971355432688498,1.3785733008079475,0.19529494808879197,0.2502057036382262,-0.05445503861243192,-0.035061746967640965,0.0006853338814952901,0.2520041694749165,0.004447575791437196,-0.000297823079451867,-0.08542003418908818,0.0391719952886312,-0.0004950833772040201,2.7328009238083578e-05,-2.201737610563298e-06,1.4592428617078832e-07,-0.000275617266344081,4.05326621149635e-06,9.992452061872028e-08,-0.0001710838696457789,-3.097582699361354e-05,-1.5524623008631716e-07,0.25414283239607777,0.009653977953387849,-0.00019672333515847494,0.07071425863930278,-0.00226034511432988,-0.00014324981910474076,0.22083772215448472,-0.005364683965206692,-8.04922415126676e-05,-0.056258139259998396,0.011152888394797484,0.0002815132363216368,-0.0009818943119039778,0.00019465455059257825,4.9133448178677805e-06,-0.02682714960931147,0.005577470958883457,0.00015380809038598918,-0.07478684154554675,-0.0017365495510774623,-7.957617301413448e-05,0.24168631237741173,0.011267504609648397,-0.0003567849333597595,-0.025031477652945208,0.000649526321647367,0.00014567516906703666,-0.13235562077612723,0.008627456366903073,0.00019464456528928118,0.02181274372603108,0.010808930460965656,-0.00014051680187076752,0.00038070375432044744,0.00018865131669605663,-2.4524777076058953e-06,-0.06162029166723913,0.0027886225480486526,0.0001483238100253149,-0.20063062548975247,-0.007217132712102247,0.0002342797553608838,-0.0006873231973108097,-9.863075841960718e-06,1.0638980546508443e-06,0.0032987252872882017,-0.0001301770280956041,-1.564655201377092e-05,-0.015187223127951642,0.0003980727413613416,5.852312806548667e-05,-0.0012764201191745224,-1.8316484057888572e-05,1.9757531127743816e-06,0.004387301246866936,-0.00017313551480732238,-2.0809914868562113e-05,-0.01613642350487969,0.0004229523707574556,6.218082293844404e-05,-0.0011291961114482944,-1.6204050793594814e-05,1.7478635297609909e-06,0.00802051681939992,-0.00031651231089327013,-3.804303082240216e-05,-0.01613642350487969,0.0004229523707574556,6.218082293844404e-05,-0.0007855357950756053,-1.1272447501338751e-05,1.215912234452534e-06,0.00802051681939992,-0.00031651231089327013,-3.804303082240216e-05,-0.013288823228950692,0.0003483139739312298,5.1207738483769795e-05,-0.0006382399795172955,-9.158668019784867e-06,9.87918036873282e-07,0.0067267593830533,-0.00026545682303422965,-3.19064580367519e-05,-0.012339622852022643,0.00032343414626619137,4.7550048208352705e-05,-0.00039273242104933377,-5.635728078359083e-06,6.079124508560743e-07,0.00510972308667328,-0.0002016439109014748,-2.4236516986521267e-05,-0.01139041905567402,0.00029855471370226995,4.389235413585993e-05,-0.5072010613444304,-0.007029653864435871,0.00042064452682288655,-0.07402845594983926,0.0004482899223480548,0.0001994280748515765,0.17866038410687662,-0.006772099944455914,-0.00034434340650897144,-0.8436683213536142,-0.0023439057090023333,0.0013750224306010581,-0.21343635810895045,0.0016047105222316146,0.0005285942305355276,-1.0987120513915731,0.003767956037206267,0.001277707264096979,-0.17573335069098253,0.02611727862629469,0.0009735412929091554,0.593699090950982,-0.02974827437707977,8.904670518254586e-05,-0.0232191821834518,-0.017118465798674355,0.0004046208960911229,-0.8082638552852283,0.008886353362011736,0.0012944856924927345,-0.43947030272269255,-0.016501282777720814,0.00017349331698310327,0.14587348192434482,-0.0022348205779030594,-0.0004166685779386941,-1.2924131749232295,-0.001956346392851953,0.0017208555817163885,0.4754012048308993,0.013895801065343893,-0.000643149833796385,0.3149262029255457,-0.0018720461459009656,-0.0002485276567892128,-0.04703574483511106,0.008960820825164197,0.0002035644189851851,-0.3258935174117649,0.0076145524016029515,0.00029006679780633663,0.5183467805050795,0.23238837950234778,0.5428191796247169,2.306520907744054,0.27160291030340034,0.03800950115615978,0.05578936331286793,0.01831066858173875,0.009771301600398833,0.05076748280992099,0.0527593899369058,0.0010911710270611209,0.0010274198528880828,0.00045376324422392037,0.000579038648616186,0.0032192855003920213,0.0008963753240376101,0.00015217227461552718,0_1_29_p1
700.0,0.14455253596262432,1.5876743263801252,-1.8115049559480803,0.003955272630852058,0.002195681545541432,0.002302087288718518,0.23905061872366715,-0.014656349535079318,-0.14763503924772414,0.49444579958663804,0.008629706185326377,0.7927005172653682,0.27710873631656635,0.19288347951985452,-0.09486039715646079,-0.3302111327907307,0.5074514366618013,0.008856700217182253,0.7759557885284948,0.22525698743251063,-4.531223804027678e-05,0.005482914445227642,-0.0020353356538332086,-8.41508005521563e-05,0.0072922788301466425,-0.002162545223028568,-7.44422819215627e-05,0.013331156937956067,-0.002162545223028568,-5.1787409565175744e-05,0.013331156937956067,-0.0017809205047664984,-4.207739493808043e-05,0.011180758707855877,-0.0016537109355711402,-2.589220878608616e-05,0.008493033939592205,-0.001526503859703284,0.1450228822494168,-0.01014706302375271,0.015775867047827057,-0.19169106209757847,-0.4344279333878504,0.4130636846400906,1.149813374734831,1.4064430673696435,0.2155670086865627,0.036623832442881823,0.01419892666339964,-0.3540747488778824,0.491536622954892,1.3114439918361398,1.383292775825095,0.19428616224243878,0.24479294993293224,-0.08925346196543808,-0.03511379683641281,0.0007616839666096637,0.25699076777522256,0.004074528693519639,-0.0003082309567187492,-0.04223865766193033,0.03929757853829898,-0.0005881153921204473,2.29742319905374e-05,-2.1557995628845235e-06,1.6252555938089001e-07,-0.00028302202159997085,4.84870221808756e-06,1.1035101218132741e-07,-0.00020894967824190203,-3.1811567624322387e-05,-6.363689012674514e-08,0.2627142725808936,0.009655050717812586,-0.0002149347279521678,0.06665003279694505,-0.0025677271644947595,-0.00012775430524900462,0.20937917798268835,-0.005267159150127439,-5.417404306617102e-05,-0.044450743236540885,0.011892975527128702,0.0002544598162114996,-0.000775816946945361,0.0002075715152605655,4.441173518822109e-06,-0.018614497257493944,0.005857801710673361,0.0001332124824453738,-0.07610076757930181,-0.0018478342670848467,-8.3478004894632e-05,0.25551061430389466,0.010964630311707064,-0.0003876843362168542,-0.023744195744313128,0.0009390462940278121,0.00013698954447642533,-0.11810688412558584,0.008716246727566471,0.00016409259288095428,0.03716686364313386,0.010846858128987197,-0.00017608158775185088,0.0006486845996646565,0.00018931329185555376,-3.0732037814168433e-06,-0.05882660796008705,0.002989772139322424,0.00014466271947889884,-0.2123461348435096,-0.007147690912408463,0.0002700735641528645,-0.0006921881779343687,-9.358399775854394e-06,1.0836012536166867e-06,0.0031342725289931423,-0.00016547244363848083,-1.4686884338461541e-05,-0.015144232462768237,0.0005277498994966075,5.6207320413511864e-05,-0.0012854542283345595,-1.7379323365024194e-05,2.0123424021139052e-06,0.004168578009765576,-0.00022007849140156995,-1.9533557383348024e-05,-0.016090745175124068,0.0005607343353224714,5.972027636978439e-05,-0.0011371890070431417,-1.53749550453065e-05,1.7802354151369182e-06,0.007620664309857591,-0.0004023296783673154,-3.570969777109839e-05,-0.016090745175124068,0.0005607343353224714,5.972027636978439e-05,-0.0007910957729311014,-1.0695657579376186e-05,1.2384318031201365e-06,0.007620664309857591,-0.0004023296783673154,-3.570969777109839e-05,-0.013251204473491136,0.0004617814904723691,4.918140562750415e-05,-0.0006427578889524579,-8.690024696629197e-06,1.0062134603426478e-06,0.006391407403823534,-0.0003374313703073817,-2.9949506745070623e-05,-0.012304691761135302,0.000428796860687775,4.566845702592773e-05,-0.00039551155512193776,-5.347366281926102e-06,6.191674369633256e-07,0.004854984802362202,-0.00025631659330602224,-2.2749993620754775e-05,-0.011358175629358888,0.00039581255440718617,4.215549750975424e-05,-0.5164134069471019,-0.006629504613601065,0.0004416402563008725,-0.07268057763433651,0.0007760490393985426,0.00018968715552458265,0.16860358780232682,-0.007309656017571082,-0.00030742312200352943,-0.8505518876705561,-0.00011579199889868774,0.0013775952690166483,-0.21518315714188863,0.002555151123720705,0.0005240422550031555,-1.0903398309237522,0.005406656204581144,0.0012597156577398197,-0.13272037036889828,0.02740118727892375,0.0008596299893977494,0.5574355655611647,-0.029486553347889292,0.00014431097065588212,-0.04328506874639465,-0.01698497554408434,0.00044978283575659124,-0.8008725896435082,0.010829866018365691,0.001272933620030551,-0.4622234623341935,-0.016785433878585262,0.00024651489794026157,0.14132194847180968,-0.002861586414151222,-0.0003964364488475954,-1.2942266911258686,5.6047689844960995e-05,0.0017282360995928947,0.5074110949789952,0.012153902857320851,-0.0007020225682653327,0.31398889187395806,-0.0020159956094477553,-0.00025314948060264366,-0.03128622449405484,0.008939717622050088,0.00015368846508148103,-0.314528970547019,0.007863600335465437,0.00026362587095738604,0.522392588651911,0.24093057948788713,0.5480806902818149,2.3010454917444676,0.27530830660342254,0.03762407192104611,0.05584366845890697,0.018892662035834295,0.009898669336255371,0.05143258096003004,0.05285717767200766,0.001428670386233939,0.0011324721322727332,0.0004629955371890949,0.0005705578926795286,0.0031931954344680325,0.001010469467505343,0.00014542103497336957,0_1_29_p1
716.667,0.14674100231703802,1.5930623353059499,-1.81563609942367,0.003956925208320946,0.0021887650550485287,0.0023013572424256837,0.24363148567560758,-0.012152495203513252,-0.1441119340756099,0.49184965673221615,0.008584394944617102,0.7913270373918284,0.2750962804332303,0.19756429000875012,-0.09634498169818967,-0.33205729669492984,0.5070499072114185,0.008849691972237244,0.774672277385902,0.22301542417292725,-5.493598353577351e-05,0.005661952813224723,-0.0027614689184844387,-0.00010202247342707766,0.0075303995853167344,-0.0029340615362211547,-9.025297028262904e-05,0.013766470477336987,-0.0029340615362211547,-6.278647451124401e-05,0.013766470477336987,-0.002416287173669511,-5.101397937379196e-05,0.011545853662105062,-0.0022436940572672947,-3.1390993260869436e-05,0.0087703642644066,-0.002071103932858081,0.13658645332679076,-0.012524805348890177,0.02047765988499014,-0.2117101905774811,-0.4405322663292645,0.39166450836333994,1.1434284447109084,1.41432045137556,0.2169415816348799,0.019399751520275444,0.009916225278218442,-0.34965679744097455,0.4670562628619561,1.3263231600768388,1.388324195534114,0.19340020119953444,0.24004905775954904,-0.12102035184520249,-0.03505938087179705,0.0008284127645476899,0.2615219231908389,0.0036706175879714364,-0.0003178001408378218,-0.0013713577668837216,0.039308708969697057,-0.0006736940492534719,1.8759796131435216e-05,-2.0418883190544722e-06,1.7580790111011285e-07,-0.00029079094514713403,5.612093369001391e-06,1.224704658491957e-07,-0.00024637438158380925,-3.24339119866976e-05,2.4391130160854387e-08,0.2706390088654131,0.009598547938049509,-0.00023189690452491408,0.062342380968394534,-0.002860555818748952,-0.00011250414738068572,0.19735999074249064,-0.005155758448475634,-2.704100367498116e-05,-0.03262883091788529,0.012573281271483404,0.00022750356347297636,-0.0005694856900090137,0.00021944514143771963,3.970699368927304e-06,-0.010268001945516322,0.006100186566152436,0.00011310384744787039,-0.07728480606764748,-0.0019605866716764573,-8.608390638423735e-05,0.2684183439645792,0.010596572209948904,-0.00041680627261866043,-0.022156690418876846,0.0012166977751088934,0.00012824358735004626,-0.10255376247954989,0.008738273536531675,0.00013047719786691243,0.05175702601870195,0.010820680673836859,-0.000209522537319387,0.0009033305596202079,0.00018885638375393599,-3.6568605448274035e-06,-0.055892486085340025,0.003179446814604968,0.00014076879151357646,-0.22334464299392742,-0.007015799233345594,0.0003038653845432162,-0.0006943629294202823,-8.777885846273645e-06,1.0961669355122156e-06,0.0029581065455172727,-0.00020016997349375985,-1.3821894138314796e-05,-0.014847492580675158,0.0006497129180872136,5.3553882663133075e-05,-0.001289492564034031,-1.630120927115793e-05,2.035676202916999e-06,0.003934275892522994,-0.00026622623289215776,-1.8383117618377403e-05,-0.01577545835583037,0.0006903200220417052,5.69009969928844e-05,-0.0011407631563995118,-1.4421221417047203e-05,1.8008793857803779e-06,0.007192334010908719,-0.0004866932059104589,-3.360655522803969e-05,-0.01577545835583037,0.0006903200220417052,5.69009969928844e-05,-0.0007935816916893705,-1.0032209770261545e-05,1.2527922155904278e-06,0.007192334010908719,-0.0004866932059104589,-3.360655522803969e-05,-0.01299155761094416,0.0005684990952222281,4.6859643905461624e-05,-0.0006447770568021935,-8.15096573405429e-06,1.0178821863052e-06,0.006032169062164757,-0.0004081865766278018,-2.8185618032595596e-05,-0.012063591835788945,0.0005278918016192003,4.3512536198357605e-05,-0.00039675365964592844,-5.0156022686190355e-06,6.263456363356547e-07,0.004582103927333529,-0.00031006307679887435,-2.1410121527214168e-05,-0.011135620076647725,0.0004872848331963644,4.016541813538533e-05,-0.5244219318585441,-0.006231449025135671,0.00046076734989478085,-0.07057312120020068,0.001100527613197918,0.00017917171091931977,0.1562978368756683,-0.007783252927924063,-0.00026665501376920943,-0.8542947067856457,0.0021266387518805905,0.0013733610138570065,-0.21502964140030426,0.0034846699271463078,0.0005164912892163218,-1.0803242497502519,0.007042585981830328,0.001238504930694854,-0.08602016729085865,0.028581972899295264,0.0007354500675030384,0.5221288308070982,-0.029151963635807587,0.000198637680554168,-0.06233443936410837,-0.016791213336787385,0.0004926550427790159,-0.7908917702995768,0.012727777526171297,0.0012456075467833785,-0.4858157999010457,-0.016984000228596342,0.0003226383176465371,0.13551406262460192,-0.003474556256146114,-0.00037368672390472157,-1.292278049680354,0.002058856599331683,0.00172854125220617,0.537308334593101,0.010351875872615216,-0.0007562898100748871,0.31281359513431367,-0.002200028595653639,-0.00025702141920333233,-0.013736356138995489,0.008814378414129992,0.00010162391103853262,-0.30300354079905895,0.007976319414834298,0.00023899580155456273,0.5312073795985808,0.2506586191160628,0.5517498906771063,2.292484912131227,0.2881695127940082,0.0366907515971595,0.05572101198690535,0.01938155959280118,0.010031009127715611,0.052297752843575525,0.05279970936547609,0.0017500574817627338,0.001231052848428409,0.00047753497039887025,0.0005617062836492689,0.0031620312905950815,0.0011140594043784135,0.0001381958283302718,0_1_29_p1
733.333,0.1476766937743177,1.5986355944759116,-1.8185273036521101,0.003957859707469014,0.0021823616913557117,0.002298702845966151,0.24872059499905624,-0.00984296882285723,-0.14070430287880062,0.4899332797282058,0.008550947953497381,0.7902732519707037,0.27310357818636827,0.20275230813824024,-0.09772336694425873,-0.33352519090235455,0.5072670740422546,0.008853482328707078,0.7735016316993808,0.2202926292573395,-6.539748707222752e-05,0.0058218957832084865,-0.0034267181175090967,-0.00012145097999477798,0.0077431238052083065,-0.003640888966017823,-0.00010744047409076862,0.01415535626395285,-0.003640888966017823,-7.474347588390686e-05,0.01415535626395285,-0.0029983804098156486,-6.07284819903924e-05,0.01187200982207675,-0.0027842095613069225,-3.7368496616199734e-05,0.0090181162450547,-0.0025700412061256997,0.1281770401063236,-0.014789340133422786,0.024805462074039372,-0.23169157606297663,-0.4464428552570697,0.3707684940539778,1.1374214841871284,1.4214228922389631,0.21775782874213906,0.0024542306316078675,0.005485856073015504,-0.3452506568964479,0.4431755993960018,1.3415110566169297,1.3936791065346694,0.19260675906294727,0.2358208131403575,-0.15097048989560863,-0.034853454191699676,0.0008860463399059068,0.2655893761113657,0.003236030396377726,-0.0003263119605611362,0.03811518095469815,0.039170339768976034,-0.0007521386561899415,1.438892178101124e-05,-1.842613683004413e-06,1.8602462761740882e-07,-0.0002983290578054617,6.304971182765276e-06,1.36796492549556e-07,-0.0002833853350361006,-3.280588148966021e-05,1.0888039907345217e-07,0.27796604411104586,0.009471985749217844,-0.0002472451299386028,0.057739094585451955,-0.0031331103620454875,-9.741210212408838e-05,0.18498900667466123,-0.005037909891991518,6.220263658398721e-07,-0.020811944292621058,0.01317219183677133,0.00020097332378279616,-0.00036324162829735277,0.00022989812048798518,3.507659318499632e-06,-0.0017760068686371484,0.006303377827601508,9.296348999720034e-05,-0.07805054170788168,-0.0020726848189898477,-8.799145542269647e-05,0.28027461205660975,0.010156688617243875,-0.00044338454880981667,-0.020172010845063842,0.001479293718367797,0.00011931950283612484,-0.08614919399713836,0.00870123420260698,9.442808817917327e-05,0.06541999455330905,0.01071678650572811,-0.000240233612707991,0.0011417949665581185,0.00018704311363224567,-4.192869427123002e-06,-0.05288305745640771,0.0033588237094295055,0.0001364922694649653,-0.23355435151233073,-0.006813924056350905,0.0003350323704698233,-0.0006942193137561181,-8.09322613574125e-06,1.1018798194383982e-06,0.002741855549491882,-0.00023323443693112396,-1.3020780808038126e-05,-0.014262251910365285,0.0007618515261495245,5.052971552102197e-05,-0.001289225849229155,-1.5029800217054476e-05,2.0462848742933086e-06,0.003646663298800631,-0.00031020193400885964,-1.731763440436242e-05,-0.015153640143626131,0.0008094672679950441,5.368781850957e-05,-0.0011405272163798133,-1.3296419062290372e-05,1.810267880003513e-06,0.006666543386721636,-0.0005670861022815224,-3.1658727652399267e-05,-0.015153640143626131,0.0008094672679950441,5.368781850957e-05,-0.0007934175595017544,-9.249717276259855e-06,1.2593228527841336e-06,0.006666543386721636,-0.0005670861022815224,-3.1658727652399267e-05,-0.012479472024423018,0.0006666203743434237,4.4213499897301266e-05,-0.0006446436993997556,-7.515186018062744e-06,1.0231866029520245e-06,0.005591192036218011,-0.0004756116092499026,-2.655198691313098e-05,-0.011588082936307028,0.0006190043983106964,4.105540349719264e-05,-0.0003966715935521204,-4.624413610599165e-06,6.296082502287579e-07,0.004247133213497913,-0.00036127992179895834,-2.016919769535069e-05,-0.01069669042877046,0.0005713888224076459,3.7897291019376254e-05,-0.5313124968745484,-0.005836163142911855,0.00047822078087229484,-0.06751293811166849,0.0014125912722899893,0.00016765500902721046,0.14166980014295275,-0.008189712324090085,-0.00022212901047361972,-0.8546083557024836,0.004342319082405824,0.0013623674379167744,-0.21271806265492363,0.004380753514064103,0.000505344243723936,-1.068607038379903,0.008643330971609919,0.0012145215650806952,-0.03621314108249496,0.02966657559225771,0.0006023618055284144,0.4879453919542756,-0.028742262565001637,0.0002514030383559335,-0.08067948286084518,-0.016518328033273837,0.0005327153604710888,-0.7781046914744723,0.014563504208551261,0.001212067911818986,-0.5101452004117525,-0.017087743652458957,0.00040117625791162787,0.12843305297965396,-0.004071660108793635,-0.0003486431644097968,-1.2867182479250174,0.004029454420452136,0.0017214613189081133,0.5645511831617553,0.008536235270895191,-0.0008049418134010832,0.3107519768878445,-0.002424245855303561,-0.0002599203679598797,0.005730736025332053,0.008627503655478203,4.7830678693496525e-05,-0.2912176794315296,0.00796955267963746,0.00021612100307829015,0.5440450819375288,0.2610625260170341,0.5540047819469441,2.280656931039596,0.30786805949346197,0.03508227315655708,0.05536718648879859,0.019753071690735473,0.010155176132622498,0.05334253330250823,0.05253143629113867,0.002048434683175482,0.0013219809226790718,0.0004953724709359158,0.0005533033657985563,0.0031266319713295653,0.001207174484229393,0.0001303537639409159,0_1_29_p1
750.0,0.14722095140537494,1.6043805222364385,-1.8200503303172781,0.003958027757742706,0.002176646486053681,0.002293980982341255,0.25434372670306155,-0.007779019742601325,-0.13750061390375234,0.4887569088630726,0.008530416398842422,0.7895764721520783,0.2712540901779425,0.20847997160047152,-0.09898787643795214,-0.334645297837724,0.5081630168724839,0.008869119481473944,0.7724565046073426,0.21706778439842964,-7.669624998413823e-05,0.005958949508050591,-0.004012843064227342,-0.00014243382692775435,0.007925404994955594,-0.004263646877738925,-0.00012600329734947975,0.014488587988712125,-0.004263646877738925,-8.765691768666262e-05,0.014488587988712125,-0.0035112399251936766,-7.122040412238116e-05,0.0121514893951986,-0.0032604361116820905,-4.382471885207703e-05,0.009230412111281281,-0.0030096347914980084,0.1197169145991105,-0.01687042485627477,0.028646728302154655,-0.251478364318192,-0.4520907387218613,0.3505034960556917,1.1318623821307274,1.4277156703743776,0.21793125113926878,-0.014315850259314743,0.0008412920833598158,-0.34091596065685315,0.41993486887893955,1.3567986074679856,1.3992837876151536,0.19189733208989615,0.23180781598849054,-0.18050049741760552,-0.03445535101941086,0.0009377173760027025,0.2692131669059378,0.002770257331979584,-0.00033386644161677184,0.07727619511178331,0.03884920119515945,-0.0008259012529064759,9.607716961549916e-06,-1.5460076827207594e-06,1.9419947155257522e-07,-0.0003046156625332166,6.886522432369339e-06,1.5213438860384188e-07,-0.00031996629635104394,-3.289381926497587e-05,1.899928157076722e-07,0.28490306793955233,0.009262437471472327,-0.0002611549404973879,0.052823117578287504,-0.0033777894957186952,-8.231264928597947e-05,0.1726751123979027,-0.004914502774268999,2.817293430383657e-05,-0.008918496840674996,0.013669163954786727,0.00017488894303927652,-0.0001556631377061593,0.00023857190173960543,3.0524001944832097e-06,0.006703559469304756,0.006467039854466723,7.271905026910258e-05,-0.07843610189427426,-0.002186297818466969,-8.987111315471546e-05,0.291111070446542,0.009637335785262295,-0.000466993866331095,-0.017705192115273393,0.0017221228949846977,0.00010992301350642489,-0.06935354381896029,0.008606483842166366,5.7309375361377725e-05,0.07807249353312001,0.010524725826533883,-0.00026766627674953443,0.0013626220021684464,0.0001836910309783557,-4.671661633420151e-06,-0.04994013484795528,0.003528648770394441,0.0001319881647396788,-0.2430566049947857,-0.006528366571988791,0.0003631091618211338,-0.000692057385097362,-7.262581591074705e-06,1.1014147175781627e-06,0.002458879690069681,-0.00026361406903046533,-1.218572240122144e-05,-0.013354497475375733,0.000861617009708848,4.706140053822146e-05,-0.0012852114494737107,-1.3487157838028837e-05,2.0454196450370314e-06,0.003270307337741725,-0.0003506068807653343,-1.6207009256025514e-05,-0.014189151537305749,0.0009154681119067161,5.000273346890378e-05,-0.0011369752932571832,-1.1931719929741071e-05,1.8095020907997683e-06,0.005978517498482594,-0.0006409512270765386,-2.9628370616570804e-05,-0.014189151537305749,0.0009154681119067161,5.000273346890378e-05,-0.0007909461732809305,-8.300308209316416e-06,1.2587913397283706e-06,0.005978517498482594,-0.0006409512270765386,-2.9628370616570804e-05,-0.011685186786950267,0.0007539151817367215,4.1178723388253464e-05,-0.0006426364995220336,-6.7438507006918025e-06,1.022754069282557e-06,0.005014148571882361,-0.0005375618320132658,-2.4849139742812247e-05,-0.01085053272502025,0.000700063898510705,3.823739491827985e-05,-0.00039543718272442435,-4.149815514973786e-06,6.29341882519928e-07,0.0038088045287867625,-0.0004083380186464539,-1.8875697131857224e-05,-0.010015874388814516,0.0006462129926661194,3.5296055814213835e-05,-0.5370149585659983,-0.005448201586287121,0.0004940594023464018,-0.06342515588096723,0.0017035742768084137,0.00015450973341711748,0.12490025296659164,-0.008516609594862065,-0.00017353281783129672,-0.8511177376616385,0.006499532547921399,0.0013441380882049168,-0.208036651060386,0.0052271443226219565,0.0004899170418068303,-1.0550984652328235,0.01019322710135747,0.001187499546026923,0.015972374238212263,0.03065689323392823,0.0004622016828477287,0.45496152516261834,-0.02825635030326766,0.00030228876578971273,-0.09860144657892658,-0.016160366544444183,0.000570557375820255,-0.7623664560761702,0.016318454407168722,0.001171792139047664,-0.535041343382312,-0.01708825447605898,0.0004814228568180989,0.12007381263233687,-0.004650390217892645,-0.0003212907451496749,-1.2777656286864216,0.0059568286405747295,0.0017072158041687524,0.5886213240592971,0.006753797023141833,-0.000847284375852807,0.307698715561412,-0.0026905446050547125,-0.00026044800925959015,0.02719789002693074,0.008403104370828151,-8.039398752290138e-06,-0.2792513572882817,0.007882241590486325,0.00019432098152475586,0.5609578789126938,0.27192724190904477,0.5549845847528421,2.265464622885026,0.3332085899191715,0.03268172928351755,0.05473003896045824,0.019984493758088365,0.010252692565015369,0.05453345536354492,0.05200102984437768,0.002316223689194416,0.001407876183690445,0.000514681004076526,0.0005459684877646168,0.0030876614575582454,0.001293403902345784,0.00012153694286214896,0_1_29_p1
766.667,0.14521740667453406,1.6102767166859042,-1.820055157897989,0.0039573690206164535,0.0021716872576505145,0.002287106379750399,0.2605015300501054,-0.0060038503470529,-0.13451529404206208,0.48835229666256535,0.008523354298023351,0.7892965003961072,0.26960796244863855,0.21474479953457867,-0.10011513722859271,-0.33545847565882725,0.5097617534272756,0.008897022808223829,0.7715480218357706,0.21331958361402012,-8.892053606510653e-05,0.006067035255299099,-0.004497616741282276,-0.00016513507517569435,0.008069158789463357,-0.004778718971942981,-0.0001460865517194282,0.014751387200839917,-0.004778718971942981,-0.00010162802901612694,0.014751387200839917,-0.003935416767950369,-8.257152691185172e-05,0.012371897551788453,-0.0036543150359551633,-5.0809526518558354e-05,0.009397836559770095,-0.00337321479995646,0.11118125622852612,-0.018713447666485732,0.03188902296292602,-0.27099327415851043,-0.4574047377087536,0.3308718211950871,1.1268993738430662,1.433256193650224,0.21740085305957016,-0.030873221890310797,-0.0041323981179889535,-0.33675764489813764,0.3973109347275389,1.372089104933485,1.4051077438842106,0.19131509473942032,0.22788221894157742,-0.21059208236467594,-0.03383434502782701,0.000987373972122088,0.2724004814868942,0.0022749225218524458,-0.00034064050412744933,0.11678813585396493,0.038317306878426424,-0.0008980113343782709,4.431569065634571e-06,-1.1499942414255036e-06,2.0134290658766612e-07,-0.0003086514336672582,7.322504063194751e-06,1.6572000607350165e-07,-0.0003561600082858295,-3.2675303683443296e-05,2.678546892725236e-07,0.29169469287606453,0.008962213316427683,-0.0002743056787675414,0.0475712979050407,-0.0035856597392711787,-6.714391619565048e-05,0.16075489686683753,-0.004773258908574929,5.4435475748821526e-05,0.003200133988694642,0.01405005900533467,0.00014899485863350162,5.5845976836384396e-05,0.00024521977399806976,2.6004662825160605e-06,0.015066350030033676,0.006587963300718213,5.281172702848367e-05,-0.07852883145114661,-0.002317889813811598,-9.15714564717639e-05,0.30104121910667764,0.009033364042193274,-0.00048771830175603384,-0.01471059436823129,0.0019426399127077405,9.977231583940097e-05,-0.052568881948801036,0.0084595161695795,2.0428062446513697e-05,0.08970588379205044,0.010236625982141399,-0.00029149229298242534,0.00156566206680103,0.00017866274835843648,-5.087502306925366e-06,-0.04714429263156497,0.003690201398132485,0.0001276852559296818,-0.2519269110864373,-0.0061532333600488025,0.0003881855442073645,-0.0006882515699970134,-6.278673731335052e-06,1.095290823586213e-06,0.0020982257082927135,-0.0002905639978683117,-1.1217850210054054e-05,-0.012107497195976254,0.0009464371584862532,4.305590156144498e-05,-0.0012781435071444916,-1.165997081826992e-05,2.034047024841401e-06,0.0027906361485644806,-0.00038645027162544586,-1.4919743121335172e-05,-0.012864213259587788,0.0010055895574574512,4.5746892004780226e-05,-0.0011307228827351818,-1.031525374511631e-05,1.7994396646767128e-06,0.005101620769620026,-0.0007064772399434554,-2.7275089084335075e-05,-0.012864213259587788,0.0010055895574574512,4.5746892004780226e-05,-0.000786597525164247,-7.175800384483089e-06,1.2517908412168192e-06,0.005101620769620026,-0.0007064772399434554,-2.7275089084335075e-05,-0.010594060794477476,0.000828132830355003,3.76739119312381e-05,-0.000639102528357424,-5.830218638521541e-06,1.0170681890638789e-06,0.004278701304249414,-0.0005925181184784325,-2.2875456319062628e-05,-0.009837344730865949,0.0007689802790902835,3.498292731008556e-05,-0.00039326328609365444,-3.5875825548890837e-06,6.258438134469389e-07,0.003250150708305267,-0.00045008343501934796,-1.737646468700542e-05,-0.009080624392978694,0.0007098280824587481,3.229193052004668e-05,-0.5414585511692315,-0.00505678309315845,0.000507879960652972,-0.058343958455588533,0.0019630273171147516,0.00013933907638161464,0.10637203367419946,-0.008747816750003244,-0.0001211686121320059,-0.8434866937006247,0.008575459083455897,0.0013179157591573004,-0.2009700542731631,0.0060111549347171495,0.00046958945081718775,-1.0396887686182545,0.011676558933928658,0.0011570050537386698,0.06972865853035062,0.03155244371043007,0.0003172770414221468,0.4232656275831287,-0.027685379441809203,0.0003510852474893488,-0.11613335015313825,-0.015706175233294793,0.0006069772471737294,-0.7436400805065819,0.018004260795425508,0.001124849688066752,-0.5602425063618877,-0.0169787447099146,0.0005623817747641651,0.11050649441517468,-0.00520465642442751,-0.0002916192936970655,-1.265569218006935,0.007837213109877733,0.001686128071426442,0.6089707447020692,0.005044525802724726,-0.0008826612848015434,0.3036229466100468,-0.0029905408408717614,-0.0002584023977060153,0.05032657040601519,0.00815611014120266,-6.635298646496163e-05,-0.2671639859469567,0.007773779675366438,0.0001733955975098453,0.5822262463345944,0.28309603669167355,0.5548841227414385,2.2467766510980223,0.3635804426540628,0.02944001396805194,0.05376854525139107,0.020063361220130263,0.010293144776531087,0.05583029002957491,0.05116791284560082,0.0025466014523549286,0.0014927571486392864,0.000534196425799973,0.0005404065739845717,0.0030460441735883207,0.0013774497487372874,0.00011134792548820603,0_1_29_p1
783.333,0.14159829891891562,1.6162679672517546,-1.8184582953281485,0.003955881002762753,0.0021673344064960407,0.0022781019768066102,0.2671379181366766,-0.004558785544909671,-0.1317485018693591,0.48872872678230805,0.008529924215993358,0.7895135659978467,0.2682008251471376,0.22147539401152103,-0.1010667635419431,-0.33600773526241934,0.5120308998703575,0.008936626822279083,0.7708018227700419,0.2090650792695687,-0.00010209876924866485,0.006141123983380757,-0.0048605444952659815,-0.0001896080819471588,0.008167697087037953,-0.0051643295235511075,-0.0001677371117576676,0.014931527120927756,-0.0051643295235511075,-0.00011668922312983688,0.014931527120927756,-0.004252978428019736,-9.480877829583481e-05,0.012522979734492588,-0.003949193898400112,-5.833937557716245e-05,0.009512600435402231,-0.003645410864776989,0.10250082179915776,-0.020255640041502442,0.03443415283530525,-0.2902189280885685,-0.46234079661676736,0.3118011086200422,1.1227700739338322,1.438174013867554,0.21612423098086792,-0.047180199610836734,-0.009576240625250452,-0.33287690779965573,0.37528107923759063,1.3873375629026234,1.411110702617348,0.19101713063352338,0.22403043535938957,-0.2418213358925251,-0.03294366699433127,0.0010376510549033927,0.27513575208721325,0.0017523440156288503,-0.0003467701558954754,0.15696228585904012,0.037530648924821185,-0.0009702663490379153,-9.240984104849866e-07,-6.484672509484943e-07,2.0764195409293547e-07,-0.0003098029235460007,7.594646599596221e-06,1.7461334110468247e-07,-0.00039221181426673894,-3.2139075081596686e-05,3.4278144387005376e-07,0.29852547872671575,0.008567805544759994,-0.00028747972911192713,0.041969249208496,-0.0037474916613547556,-5.188232001658654e-05,0.14949772835670855,-0.004613287633547156,7.856528968892329e-05,0.015730498104395717,0.014305252320897322,0.00012292564406699423,0.0002745427134282833,0.00024967377043983157,2.145474431577244e-06,0.023378685330464055,0.006659808658307088,3.3583115505931134e-05,-0.07837276054753675,-0.0024762012103807544,-9.287761735897876e-05,0.31012292745597875,0.00834564008903049,-0.000505961244827746,-0.011181212066033817,0.0021354658764253286,8.87457475488234e-05,-0.036142932684386946,0.008271297242207027,-1.5322887723874973e-05,0.10032334026210424,0.009850740503491828,-0.00031166961439688156,0.0017509715808953447,0.00017192775965606908,-5.439660808181043e-06,-0.044381489711628454,0.0038449963959585297,0.00012390551916555194,-0.2601438146328854,-0.00568728634603832,0.00041054903925867196,-0.0006832036503726735,-5.1209371842049385e-06,1.084360899083583e-06,0.0016655356481102938,-0.00031280951230304416,-1.0079360795473263e-05,-0.010524137917987581,0.0010129805531373535,3.846006265108761e-05,-0.0012687691656372085,-9.509990496199276e-06,2.0137497169441434e-06,0.0022151579239971827,-0.00041603678229237514,-1.3405548884765006e-05,-0.011181893385583461,0.001076291918165393,4.086381156986322e-05,-0.001122429932984849,-8.413192669152963e-06,1.781484657593035e-06,0.004049575334902742,-0.0007605649246193833,-2.4506959260854014e-05,-0.011181893385583461,0.001076291918165393,4.086381156986322e-05,-0.0007808289626536554,-5.852624224222762e-06,1.2393025216023203e-06,0.004049575334902742,-0.0007605649246193833,-2.4506959260854014e-05,-0.00920862099880981,0.0008863582641577947,3.365255093881666e-05,-0.0006344153576037822,-4.755189925195415e-06,1.0069189182329873e-06,0.003396359148120621,-0.0006378811472461971,-2.0553844758249773e-05,-0.00855086553121393,0.0008230468244197259,3.124880641233401e-05,-0.0003903790048383586,-2.926064275956241e-06,6.195997402996746e-07,0.0025799126458991265,-0.0004845416997797114,-1.5612942434522175e-05,-0.007893104934487184,0.0007597355944444319,2.884505097353476e-05,-0.5446537244335267,-0.00465453426924152,0.0005192798504220999,-0.05248750059396312,0.002182454378725362,0.0001221024835926785,0.08658662593880365,-0.008869372808217611,-6.595607235959815e-05,-0.831485789247388,0.01055958011167974,0.001283006291648949,-0.19170464182772798,0.0067196586344008,0.00044431181099848123,-1.022241061436869,0.01309342238407063,0.0011225598996944968,0.12427717384304995,0.03234212418757963,0.00017012021410828,0.39308985650149386,-0.027033147686814828,0.00039757141931032793,-0.13301944742495458,-0.01514390971544132,0.0006421950219217853,-0.7219708019902098,0.01961704452916755,0.0010718068902903456,-0.5854986057524267,-0.016747710128715454,0.0006427697625243808,0.09985095585817316,-0.005719937963529538,-0.00025987391691017337,-1.2502466738742801,0.00967476772446211,0.0016582935246087548,0.6250500271245699,0.0034298934703558305,-0.0009102205874238899,0.298396181031356,-0.0033210085836862793,-0.0002537877273231665,0.0747346124608239,0.007898527455945745,-0.00012643120873383223,-0.25484787759537536,0.007680952572338622,0.00015338053443186454,0.6079890302402383,0.2943615733949181,0.5539854339686013,2.2244443430176495,0.39851555748847445,0.025381396510489155,0.05242389048695767,0.019984570939706958,0.010251515516737569,0.057184337133365785,0.049969056468178355,0.0027300098355379264,0.0015792411108914608,0.0005531184540829386,0.0005375042167602067,0.0030024810134988665,0.0014623222052411635,9.959892019117412e-05,0_1_29_p1
800.0,0.13650983935661426,1.6222736312452326,-1.81533121882728,0.003953704826518266,0.002163288234624417,0.002267108397181049,0.2741334451167581,-0.003475829687998214,-0.12925786566421663,0.48985198428631,0.008549528751482759,0.7902860203008458,0.267047311612554,0.2285731833231354,-0.1017982973539655,-0.3362589494776378,0.5149158772626921,0.00898697907253362,0.7702472030109843,0.204297995161085,-0.00011623394152781662,0.006181590190086495,-0.005095523657782485,-0.00021585883122815465,0.008221517057183454,-0.005413994883724891,-0.00019095946545370296,0.015029917314848686,-0.005413994883724891,-0.00013284399068629637,0.015029917314848686,-0.004458585195221676,-0.0001079346516018333,0.012605498901526879,-0.004140114467944769,-6.641626068989164e-05,0.009575282688823855,-0.0038216452366643654,0.09356690173321576,-0.021476156267404584,0.036318584330018035,-0.3091982078507564,-0.466858348508766,0.29304575958754003,1.1198399493617381,1.4426603961737743,0.21425493996808348,-0.06282935276297599,-0.015643906193742268,-0.3293424465180971,0.35387259337460986,1.4024960456581637,1.4172603657487608,0.1911595046205911,0.22015874754374654,-0.2739984134805208,-0.03175051231684319,0.0010897006508650386,0.2773626984636451,0.0012091304297569595,-0.000352317759475898,0.19741688733629897,0.036456775640891136,-0.0010431467233827153,-6.201119213372632e-06,-4.167095561649154e-08,2.1259626211888068e-07,-0.0003078376115703279,7.714331827203111e-06,1.768939354477193e-07,-0.0004285833360714417,-3.129048241019315e-05,4.156788770322623e-07,0.30550284402431493,0.008083866278161995,-0.00030123582206119186,0.03607522302786451,-0.0038552794214252555,-3.6521749057889986e-05,0.1391022384441717,-0.004437283477023472,0.00010007020845311922,0.028907142112241577,0.014430107386994438,9.626085924910721e-05,0.0005045192636430646,0.00025185292407055315,1.68008544856661e-06,0.03181318370522382,0.006673020844924172,1.4902053008741196e-05,-0.07801958740312331,-0.0026671062063563823,-9.375963890075673e-05,0.3183380101609703,0.00758428589916559,-0.0005220408049401964,-0.007226682945443136,0.002294413246908665,7.684636168877735e-05,-0.02040115476636847,0.008055161530222255,-4.9409573101724024e-05,0.10999325904848498,0.009373295911208501,-0.00032830690738742225,0.0019197430673770599,0.00016359480244554917,-5.730035962367848e-06,-0.04135037340769663,0.003991139502571537,0.00012047180264137195,-0.2674953876405669,-0.005138359642315361,0.0004303711595283878,-0.0006773085693007948,-3.780603578351906e-06,1.0695014322830507e-06,0.0011809131379399616,-0.00032923536831401626,-8.792172643367006e-06,-0.008615559258788996,0.0010580221671465217,3.328799903571613e-05,-0.0012578218906652708,-7.0209257752187285e-06,1.9861557842436806e-06,0.0015706099683735401,-0.00043788323909157013,-1.169358722541328e-05,-0.009154029949324571,0.00112414861709643,3.536849225502354e-05,-0.0011127461339154976,-6.21117513543465e-06,1.7570739240313105e-06,0.002871262666310326,-0.0008005028759835426,-2.1377282934487744e-05,-0.009154029949324571,0.00112414861709643,3.536849225502354e-05,-0.0007740927041202438,-4.320790135568912e-06,1.2223221998973243e-06,0.002871262666310326,-0.0008005028759835426,-2.1377282934487744e-05,-0.007538615313152406,0.0009257696551641655,2.9126993591198204e-05,-0.0006289408652626695,-3.5105823757653265e-06,9.931213350004918e-07,0.0024081158270633837,-0.0006713768570873642,-1.7929008750589223e-05,-0.007000146332327118,0.000859643159238855,2.7046504729975844e-05,-0.0003870108755716529,-2.16022924504297e-06,6.111100150276286e-07,0.00182923185960306,-0.0005099854437750474,-1.3619084522879641e-05,-0.006461670512660674,0.0007935168503280726,2.4966002723802023e-05,-0.5467985277791862,-0.004228821503458788,0.0005280540536637039,-0.04623843341042911,0.0023504591678979,0.00010336783776480116,0.06605422269763679,-0.008867863944350072,-9.229828371787244e-06,-0.8151120434220425,0.0124509995734312,0.001238988057863945,-0.18044920781868565,0.007343883630919794,0.0004146274326902442,-1.0028224241718044,0.014454728041257395,0.0010836611813362963,0.17895552199043038,0.03300316464606792,2.3132622292779814e-05,0.36460400581094676,-0.026314359694706864,0.0004412855422377018,-0.1489247557125678,-0.014463772032016091,0.0006756027871004489,-0.697382582116735,0.021153282066463015,0.001013416026619111,-0.6106100431361052,-0.01638085010500466,0.0007213937521593296,0.08819233540452787,-0.006181874929643779,-0.00022650057980747748,-1.2317096769292708,0.011476767692392796,0.0016237799512861567,0.6363865364503084,0.0019188839429860715,-0.0009290469097167275,0.29203921488642204,-0.003676941655229278,-0.0002463950959383246,0.09978097314182317,0.007620183905212279,-0.00018766706467302744,-0.24199786604429213,0.007611718469878893,0.00013390427852587127,0.6377846548166793,0.30545187889467235,0.5527113017135846,2.1983243074182166,0.43701133049447954,0.020574857393143756,0.05065794575007133,0.01975225216651405,0.010101811745601616,0.05854645272853214,0.0483596376900757,0.0028574907121666515,0.001668141128450453,0.0005708178043097997,0.0005381553522976546,0.0029572637460304704,0.0015491064030335245,8.63662269615856e-05,0_1_29_p1
816.667,0.1294937718458987,1.6282084882282888,-1.810143082015401,0.003950997571515673,0.002159278963999836,0.002254348045686968,0.2813490296915826,-0.002783858999460022,-0.12708273811327767,0.4916535919293676,0.008580972603286689,0.7916346057952663,0.26614632278612455,0.23593567724775535,-0.10228021068570917,-0.3362473375527915,0.5183647072058274,0.0090471724864419,0.7699054276502038,0.1990729700674665,-0.0001311939065449109,0.006188457811360345,-0.0052127055624268835,-0.00024364098226140038,0.00823065061449189,-0.00553850068857616,-0.00021553719198028713,0.015046614630469763,-0.00553850068857616,-0.00014994173470433343,0.015046614630469763,-0.004561119299452338,-0.00012182647511670703,0.012619502426113883,-0.004235324671968564,-7.496488336615988e-05,0.009585920221282013,-0.00390953154048129,0.08424990982172906,-0.02242095086339717,0.03750757791496715,-0.32788496793698263,-0.47092742059617193,0.27456364085210666,1.1184694948917902,1.4464117550067987,0.2116488602062316,-0.07742473994194515,-0.022522692588147424,-0.3262038463561762,0.33303983677865695,1.4175696635241553,1.4235032678594737,0.19187886052242403,0.21645491452491925,-0.30620384404907197,-0.030270192892030423,0.0011423156668605207,0.27897781902964724,0.0006550855849684915,-0.00035717648030664614,0.2371660529454594,0.03510369936407952,-0.0011150190881317964,-1.1173811585053368e-05,6.502933364741425e-07,2.1556381700646242e-07,-0.0003028136278900152,7.714776974461494e-06,1.719148905570428e-07,-0.000465769534828219,-3.015123898988616e-05,4.881408574518144e-07,0.31270215450805244,0.0075242458308252555,-0.00031583107501384977,0.02998257552883894,-0.0039061564459410766,-2.1235457683862783e-05,0.1296975213690627,-0.004242428323536727,0.00011872680082044861,0.04305158643523495,0.014428703035034907,6.845918129128774e-05,0.000751386896644871,0.00025182840768706683,1.1948526607641e-06,0.04051716319610491,0.006620164867865945,-3.6985302849235954e-06,-0.07758804797796459,-0.002892045134958123,-9.418149854809785e-05,0.3256654497530863,0.006762498311093745,-0.0005360511285115966,-0.002969536813645486,0.002415327550280874,6.44464103399126e-05,-0.005410893682976804,0.007813671987044126,-8.129259544377458e-05,0.11887299419237282,0.008813168776860695,-0.00034180194966037326,0.002074724030678433,0.00015381875205450673,-5.9655677975718955e-06,-0.037725284943016045,0.004123642516085117,0.00011662042413130128,-0.2739748511081913,-0.004511402835738267,0.0004472210601175421,-0.0006711638705269164,-2.2517622010671343e-06,1.0516754436731822e-06,0.0006661262091643045,-0.0003398078846085611,-7.4221326285612955e-06,-0.006408712236500161,0.0010804048441666306,2.758692384154377e-05,-0.0012464112842053747,-4.181712387323799e-06,1.9530516995303906e-06,0.0008859436608497698,-0.00045194467664246577,-9.871434389100905e-06,-0.006809254614143565,0.0011479302015826997,2.9311102542828827e-05,-0.001102652004377106,-3.6995046441869726e-06,1.7277894693883307e-06,0.0016196119749283871,-0.0008262089790932602,-1.8046164354982846e-05,-0.006809254614143565,0.0011479302015826997,2.9311102542828827e-05,-0.0007670709239687918,-2.5735325506689008e-06,1.2019517669362097e-06,0.0016196119749283871,-0.0008262089790932602,-1.8046164354982846e-05,-0.005607623206937643,0.0009453544885173263,2.4138554165183074e-05,-0.0006232355620327218,-2.090924917310722e-06,9.765672800797157e-07,0.0013583631138418665,-0.0006929363955262068,-1.5135219870142256e-05,-0.0052070825390045285,0.0008778290894360484,2.241438327697984e-05,-0.0003835008403510706,-1.2866580415739392e-06,6.009245362865898e-07,0.0010318289654207505,-0.0005263623010216883,-1.1496890872158209e-05,-0.004806535032230266,0.0008103038546210535,2.0690194917667466e-05,-0.5479791750571765,-0.0037634686405922644,0.0005345557218542354,-0.03969433349052424,0.0024637730360799687,8.418236645633949e-05,0.04534241870112983,-0.008752520737697153,4.764370959974954e-05,-0.7945357425143845,0.014257212301273884,0.0011860873124876685,-0.16732645131454194,0.007878518000956975,0.0003811437299001821,-0.9816294239245436,0.015793151546564837,0.0010404020115798605,0.23319428225147218,0.033496550767200886,-0.00012175345155791856,0.33714346068621853,-0.0255525913201017,0.00048183922243218505,-0.16402144369680152,-0.0136832888872422,0.0007063429806409033,-0.6697160536611133,0.02256759193211105,0.0009503594710403344,-0.6355576577897304,-0.01586200211239764,0.0007973081133765151,0.07561532782761395,-0.006582662055667232,-0.00019185062366604898,-1.209974701085385,0.013245858521671202,0.0015821768967739182,0.6425335715432959,0.0005165491214222368,-0.000938426834238827,0.2853734357401985,-0.0040546131313180965,-0.00023637308086468903,0.12529924463700412,0.007312639577440474,-0.00024874376821750957,-0.22869534205195124,0.007584708691602763,0.00011393650254524281,0.6704003158216121,0.31644282069783225,0.5512828233686129,2.1684852469529083,0.47732322702012137,0.015139150545525809,0.04849199506117408,0.01937767230616704,0.009840756731362423,0.05986937242046266,0.04635713961113128,0.0029267501492941995,0.0017573095646869494,0.0005865518576383428,0.0005432369774359229,0.0029104585959400624,0.0016357652649575025,7.189059944512223e-05,0_1_29_p1
833.333,0.12075707747609057,1.6340049540656298,-1.8030105636436646,0.00394796718126871,0.002155191402891665,0.0022400652684196475,0.2886371456621305,-0.0024930686954542443,-0.12529834839262374,0.49401163646856705,0.008622128464379717,0.7935324798158778,0.2654721434853156,0.24350600148904417,-0.10249295335622427,-0.3359337716993783,0.5223680272549904,0.00911704350171974,0.7697640125968935,0.1933502658336384,-0.00014680064071624418,0.006165472822442579,-0.005244082593053739,-0.00027262391982001816,0.008200080424644957,-0.005571838970616754,-0.0002411770760230849,0.014990729187820904,-0.005571838970616754,-0.00016777850099421488,0.014990729187820904,-0.004588573827251708,-0.00013631819322876623,0.012572631858384324,-0.004260818945685194,-8.388251851284974e-05,0.00955031700053783,-0.00393306456278418,0.07450490283912775,-0.023185768602920598,0.03809288155960597,-0.34611878715704836,-0.4745387940498765,0.2564090795267016,1.118918348196842,1.4494747076122831,0.20828702794499107,-0.09072443507613928,-0.030401999448233852,-0.32348521430018723,0.3126903214606757,1.4325717587947302,1.4298434860386189,0.19326437768248225,0.21306965146780357,-0.33775703040113964,-0.02844995851547439,0.0011930179231875266,0.27988241392002566,0.0001013727659177922,-0.0003610508825435305,0.2756544670753761,0.03341233355709519,-0.0011833076956505313,-1.5441248463073e-05,1.4061275200254477e-06,2.1611056169489192e-07,-0.00029490450809926386,7.628466536837014e-06,1.5993301189626168e-07,-0.0005040696098374105,-2.8754781869015796e-05,5.619782823517732e-07,0.32016523567555083,0.006904857184705617,-0.00033139344757271633,0.02375966776756138,-0.0038967723866225037,-6.241937797336767e-06,0.12126184671362526,-0.004030314743795445,0.00013444348772949437,0.05847201832070019,0.014308867075873028,3.868768470104379e-05,0.0010205243609986928,0.00024973690041465513,6.75240739360774e-07,0.049574676580269934,0.006496953970528111,-2.2658246249682946e-05,-0.07723907302716278,-0.0031506440092727655,-9.388210818757413e-05,0.33217988021551415,0.005894788808399139,-0.0005479955407539966,0.0015431827959387578,0.0024949390388900932,5.194824625371481e-05,0.009134642689517643,0.0075620581257288275,-0.00011085905595024267,0.12719620154052225,0.008180567463058433,-0.0003527920960887028,0.0022199921298355586,0.00014277776029491724,-6.157383387481644e-06,-0.03329175483968135,0.004237389885620809,0.00011139275535761438,-0.27983642613270776,-0.003821234889074273,0.00046097011917227356,-0.0006651140606740032,-5.466741175564786e-07,1.0323428164873647e-06,0.00013892250942445795,-0.00034425362966281563,-6.030592134586994e-06,-0.003966798856470154,0.0010812320800662068,2.144389412073672e-05,-0.0012351759230499655,-1.0151627526385024e-06,1.9171499705137276e-06,0.00018476155194712,-0.0004578574884157399,-8.020687520528447e-06,-0.004214722235574594,0.0011488091420906192,2.2784132874955397e-05,-0.0010927134584748925,-8.98184805775663e-07,1.6960290751124348e-06,0.0003377695095765262,-0.000837018303193229,-1.4662778187381587e-05,-0.004214722235574594,0.0011488091420906192,2.2784132874955397e-05,-0.0007601577104206067,-6.247733961508845e-07,1.179858364709686e-06,0.0003377695095765262,-0.000837018303193229,-1.4662778187381587e-05,-0.0034709495336958515,0.0009460783108900206,1.8763401300848285e-05,-0.0006176191637377326,-5.075749110282469e-07,9.586161476095883e-07,0.00028328873640484436,-0.0007020020550668875,-1.2297592622237618e-05,-0.003223027009446557,0.0008785012115105934,1.7423170325503544e-05,-0.0003800446610045501,-3.12287204430547e-07,5.898800153561143e-07,0.00021519097564703617,-0.0005332487274325138,-9.34139904344234e-06,-0.002975099356066402,0.0008109242780736348,1.6082921739937607e-05,-0.5484107632090786,-0.0032391062750952195,0.0005388984313970248,-0.033104663807467016,0.0025256884944946933,6.487442406400607e-05,0.02473699373357669,-0.008520054658218253,0.00010318890665606738,-0.7699655652135757,0.015975801961658227,0.0011250166425306313,-0.15243304702865668,0.008319488603996271,0.0003441756745294235,-0.9590490416507288,0.01711709182735669,0.0009933159156391477,0.28662286808248316,0.03378552097098393,-0.00026303736611284727,0.3105457054707687,-0.024720464044034374,0.0005205845427532412,-0.17788764891272482,-0.01278578689330112,0.0007343111985610524,-0.6380640127150681,0.023822803070503162,0.000882585701260037,-0.6603849626949774,-0.01517045945880954,0.0008701328662047891,0.0622333176942892,-0.006917726232946879,-0.00015619003823403422,-1.1850172897918114,0.014994971996849023,0.0015333162881766727,0.6431241653165162,-0.0007811060743648638,-0.0009377583538540386,0.2785759832561708,-0.004447855476334207,-0.00022546453704291912,0.14997558725298096,0.006965313881666252,-0.00030938967501404713,-0.21496453306798416,0.007577689993958397,9.312564958006008e-05,0.7047011672086146,0.32778668328507027,0.5499656378614435,2.134802527866415,0.5180730679344171,0.009339369823538488,0.04585911730961834,0.01887968200763679,0.009458448245437021,0.06107517927759601,0.04388388470393944,0.002939306334470908,0.001843119662164015,0.0006001886473494317,0.0005525107788239835,0.0028629299581861872,0.001718681760978409,5.64962766827786e-05,0_1_29_p1
850.0,0.11052973578939762,1.6396181877581144,-1.7940877104611768,0.003944783700713072,0.002151010591334888,0.0022244899501748503,0.29588311043524623,-0.002596236104870631,-0.12395196400772274,0.4968078858097198,0.008670931859589484,0.7959276599749049,0.26495992974176086,0.25125398229622803,-0.10243412478979107,-0.3352585397156977,0.5269269873328254,0.00919661206498716,0.7698043212253012,0.18707463929811644,-0.00016273649411795355,0.006116782624301443,-0.005226684652404358,-0.00030221822128233467,0.00813532222674446,-0.005553353939176132,-0.00026735801213400104,0.014872344003323632,-0.005553353939176132,-0.00018599126107152596,0.014872344003323632,-0.004573350566850314,-0.00015111609195817528,0.01247334257056587,-0.004246682776075042,-9.298815055325443e-05,0.009474895838238647,-0.003920015982630772,0.064365240510069,-0.02382923709021137,0.03821905490189113,-0.36367902298157834,-0.4777070513451129,0.23874617396092476,1.1213249428091774,1.4518942869755875,0.20412022240612832,-0.10282485563875902,-0.03945468168979155,-0.3212273362014217,0.29274919473703764,1.4475150763627533,1.4361450162522331,0.19534823199352438,0.21016539417122043,-0.36771766863727745,-0.026327650156123244,0.0012401669472423104,0.28005361832424636,-0.0004429519850943759,-0.00036364313953932847,0.3121377757226735,0.03140751486376942,-0.001246718961689248,-1.843153175620385e-05,2.1895613125062e-06,2.135205113861549e-07,-0.00028414017212810664,7.470934453514917e-06,1.415023851667738e-07,-0.0005434365440661088,-2.7140312262035122e-05,6.385519415529329e-07,0.3279477633874729,0.0062451133429621344,-0.0003479845549051956,0.017515227914920925,-0.003828539342044989,8.322998892685944e-06,0.11375887544055023,-0.003793088255464777,0.00014742111338371524,0.07535089292140626,0.014088729936858946,6.069917553323743e-06,0.001315115992115305,0.0002458947475054026,1.0595231324809375e-07,0.05888213764051996,0.006307249973235181,-4.2231237388151125e-05,-0.07721539695909925,-0.0034373740170208934,-9.24340339667006e-05,0.33808562304074685,0.0049877966113441585,-0.0005580619004467589,0.006251198337407638,0.002532632436852655,3.952821592766346e-05,0.02353086151403857,0.007299483580428059,-0.0001387573437549424,0.135221239688778,0.007477902759005046,-0.00036204418383711356,0.002360055016021899,0.0001305139593131546,-6.318864529842558e-06,-0.02799729755642494,0.0043311870610250845,0.0001040519893445105,-0.28529750750632393,-0.003066142159702058,0.00047201889529502707,-0.0006594241448366447,1.3180032090916333e-06,1.012285830412322e-06,-0.000381221796537609,-0.0003432864563707458,-4.660157141812783e-06,-0.0013706371239970365,0.0010655795650495485,1.502493600120528e-05,-0.0012246099134721777,2.447704099332318e-06,1.8799021063358789e-06,-0.0005070291183453613,-0.00045657112538299957,-6.198005720788276e-06,-0.0014563004482503546,0.0011321783777805807,1.596399046104388e-05,-0.0010833647626219242,2.1652580441677956e-06,1.6630795598854424e-06,-0.0009269100290525777,-0.0008346667171385185,-1.1330702170115597e-05,-0.0014563004482503546,0.0011321783777805807,1.596399046104388e-05,-0.0007536548273414617,1.5063629971959448e-06,1.1569380209766787e-06,-0.0009269100290525777,-0.0008346667171385185,-1.1330702170115597e-05,-0.0011993087657801225,0.0009323823145743606,1.314681431514397e-05,-0.000612335304093695,1.2238848550316287e-06,9.399943900021348e-07,-0.0007773907352651532,-0.0007000298249903839,-9.502998433353125e-06,-0.0011136454415268098,0.0008657836153451032,1.2207764808607701e-05,-0.00037679279203740553,7.532111910455461e-07,5.784209769109965e-07,-0.0005905125619819018,-0.0005317506368948848,-7.218595479744824e-06,-0.0010279778429977792,0.0007991849371879054,1.1268701739783738e-05,-0.5482126223192754,-0.0026479127022214616,0.0005415343301812259,-0.026649443176866565,0.0025490766574029944,4.611798326808611e-05,0.004482539803586336,-0.008188744316296567,0.00015669020926484424,-0.7415350698130125,0.017590516073014116,0.0010565840096216034,-0.13606002441076281,0.008668510596973891,0.00030395756388010666,-0.9351560677720377,0.01842230828920644,0.0009434171501819197,0.3389542259650042,0.033844356964839284,-0.00039989345133170564,0.2846989182729427,-0.023823710622797242,0.0005579017127616898,-0.19066301194808305,-0.011768577799434238,0.0007579928517831883,-0.6018737894441242,0.024900521441387314,0.0008075054343208439,-0.6850590938006971,-0.014286539617466657,0.0009397439896555644,0.04835836303596816,-0.007189270203368471,-0.00011980038906922,-1.157095962357164,0.016741063730064436,0.001476976795472509,0.6378265527629239,-0.0019782309646967267,-0.0009266300250370288,0.2717727545159364,-0.004855619270103061,-0.000214055371207215,0.1726470184384556,0.006572790260302802,-0.00036669940598239387,-0.2011000050778532,0.007579706968637749,7.09793781969085e-05,0.7394382653667743,0.3399671752349437,0.5488782790882731,2.097355060763148,0.5577424857371648,0.004137927072954915,0.04280649053168048,0.01828240111380795,0.008975787818435879,0.06212643441369179,0.04098504796054046,0.0029067485733189607,0.0019234613864669578,0.0006124613916591024,0.0005656307283245891,0.0028141577706334913,0.0017957057199787395,4.066321296528759e-05,0_1_29_p1
866.6669999999999,0.0990366942944614,1.6450217889568113,-1.78357620473765,0.00394154387095587,0.002146717580040482,0.0022078599543963475,0.30301686848941667,-0.0030653317385876504,-0.12301457110375513,0.49996092882053356,0.008725963088235865,0.7987445051985621,0.26451028655055553,0.2591390701854625,-0.10212288421360691,-0.3342005774723403,0.5320113588353531,0.009285351086810063,0.770014469837882,0.18025477122993458,-0.00017858707571906547,0.0060463895062445065,-0.0051826480007145384,-0.0003316544457809705,0.00804169927500898,-0.005506564653923167,-0.000293398823239257,0.014701190035556056,-0.005506564653923167,-0.00020410678137622602,0.014701190035556056,-0.004534818683621286,-0.00016583470287299376,0.012329796719571847,-0.004210902529078157,-0.00010204491337460333,0.009365857141218552,-0.003886988369197031,0.05390111548907852,-0.024378404440685886,0.03799021181835914,-0.38036219545173067,-0.48046840606919766,0.2217763695583759,1.1257518722197575,1.4537457402247513,0.19912857127078007,-0.1141228062245693,-0.04981452727729939,-0.3194979891787207,0.27318136501780216,1.462405750312547,1.442389249301167,0.1982342451141036,0.20786140447361726,-0.3958336200876669,-0.023950620560715025,0.0012818400965330917,0.2795146518177268,-0.000971390547753371,-0.00036486672320530054,0.3464500224388557,0.029122400892508213,-0.0013037926108279533,-1.9710395051381157e-05,2.9648861933369798e-06,2.067831924081875e-07,-0.00027036247177493526,7.247065611031281e-06,1.1671372968995873e-07,-0.0005835001852370313,-2.5349156309040317e-05,7.183161295031658e-07,0.3361156392817118,0.005562283332053144,-0.00036576595067665344,0.011308329880777072,-0.003705085757078752,2.226873225026726e-05,0.1072569215889466,-0.003523398716320318,0.0001578282935987264,0.09370495001077998,0.013788338630575232,-3.0025692714863733e-05,0.0016354550053090692,0.00024065197550405935,-5.240343172814517e-07,0.06824656368298986,0.0060602655277500585,-6.219362725685219e-05,-0.07778174105645456,-0.0037396560380343093,-8.922599583899764e-05,0.3436143542310257,0.004043804134313968,-0.0005667626314896897,0.011152209395569004,0.0025300125759422968,2.731522942392577e-05,0.03778760302814647,0.0070182694072046265,-0.00016556432697222795,0.14313732654895162,0.006704725645930126,-0.0003703153068151895,0.0024982175592234857,0.00011701950886632882,-6.463221353530414e-06,-0.021987047835003718,0.004405359619985535,9.431393944365277e-05,-0.29053511948708005,-0.002239289934200064,0.0004806920841024999,-0.0006547207318352702,3.295374868129737e-06,9.922141896776718e-07,-0.0008878559718065236,-0.00033785630419261336,-3.3471056090201746e-06,0.001321882170578756,0.0010399392888988236,8.521341639706813e-06,-0.0012158741487573385,6.1198394905137045e-06,1.8426277242025458e-06,-0.0011808515883696025,-0.0004493489901735342,-4.451650273176157e-06,0.0014045005008097332,0.0011049356126860159,9.053922868728488e-06,-0.0010756360172665216,5.413862518265717e-06,1.6301014331801667e-06,-0.0021587383393592897,-0.0008214638685567396,-8.138147584255449e-06,0.0014045005008097332,0.0011049356126860159,9.053922868728488e-06,-0.0007482794981970339,3.7662405752041552e-06,1.133998137697526e-06,-0.0021587383393592897,-0.0008214638685567396,-8.138147584255449e-06,0.001156645510116804,0.0009099470608499883,7.456171751710011e-06,-0.0006079669943087033,3.0600277395621333e-06,9.213551863713378e-07,-0.0018105182256493893,-0.0006889566360815954,-6.8254210036022285e-06,0.0010740271798858258,0.000844950854874765,6.923594743941847e-06,-0.0003741042726100478,1.8830679666359941e-06,5.669500751700046e-07,-0.001375287535979498,-0.0005233393572335032,-5.184678707141757e-06,0.000991412269075425,0.0007799547204966535,6.391005430455778e-06,-0.547413995272527,-0.0019909116964912602,0.0005427122110608545,-0.02045598688500437,0.002545647525960571,2.8286594831207138e-05,-0.015248323044502028,-0.007786038084774419,0.00020754996760871805,-0.7093895064598945,0.01907909125203972,0.0009813294735570468,-0.11854172414645497,0.008931709187966408,0.00026120541834013904,-0.909866105004686,0.01969118998802267,0.0008909487766946015,0.38986245861769625,0.033659807272815756,-0.0005317930389734303,0.2597067118104501,-0.0228681912105234,0.0005940753015226983,-0.2027509098801766,-0.010623965564601535,0.0007771034940621493,-0.5614947511775945,0.025821836516557336,0.0007228677159025579,-0.7093514423249049,-0.013195083026888025,0.0010058736914575637,0.0343843178436506,-0.007397672741034053,-8.33865010974117e-05,-1.1267151799149342,0.01849630688299003,0.0014135711859910088,0.6264819180390435,-0.0030805946738459286,-0.0009046815867079119,0.26500971935485457,-0.005263630752043681,-0.00020240352420839404,0.19255909946392005,0.0061294326533868375,-0.00041797066073243224,-0.1872691472672722,0.007573900064796407,4.771845037517766e-05,0.773995784905197,0.3533829457349802,0.5480082490030047,2.0566170944323128,0.5956850907796906,0.005474739499313914,0.03939265386216757,0.017614672675296202,0.008430091326148999,0.06300937803944939,0.03771857317653743,0.0028439112723465504,0.0019961676906361443,0.0006243927778441041,0.0005817333276820972,0.002764144275823653,0.0018644349018379686,2.5047468003643e-05,0_1_29_p1
883.3330000000001,0.0864244140407923,1.6502007109289054,-1.7716646846506319,0.003938278110592638,0.0021422460464968728,0.0021904470537819506,0.3100036538632732,-0.0038673170125305533,-0.1224238145518676,0.5034327407605936,0.008786557429206606,0.8018952802786795,0.2640600933313031,0.2670845589334536,-0.1015822330725511,-0.33282349324456223,0.5375292616467627,0.009381656360273102,0.77038140137717,0.17298861748536282,-0.0001941105327518036,0.005956974294002834,-0.00511463401576082,-0.00036048329569991224,0.007922777027767591,-0.005434300044242592,-0.0003189025716003993,0.014483785341276138,-0.005434300044242592,-0.0002218483025554986,0.014483785341276138,-0.004475306945452283,-0.00018024962649796522,0.012147460676619499,-0.004155641415636012,-0.0001109146766332385,0.009227352798435286,-0.003835977880481744,0.043202030753526015,-0.02479960524773518,0.037445314041900504,-0.3959906265589937,-0.4828859847865136,0.2057200480463734,1.1322488374216935,1.4551177984029489,0.1933911299754136,-0.12485220184390841,-0.061562786772758234,-0.31836756086482043,0.2539837430701933,1.4772227254906807,1.4484466603123052,0.20201128222841458,0.20628810883533344,-0.42174986426592875,-0.021364014360726845,0.001317594611922639,0.2782986220853337,-0.0014795727804417518,-0.00036477318584258566,0.37820600778640634,0.026593777696587696,-0.0013542669268963741,-1.9076947389794905e-05,3.705210862135778e-06,1.9519099405417837e-07,-0.0002534158234035694,6.964993345468889e-06,8.511554238169415e-08,-0.0006237433459881594,-2.3426548059356482e-05,8.008877315298403e-07,0.3446811288198712,0.004869709755488049,-0.00038498732516454627,0.005247233375400132,-0.003531777362066173,3.5494784346403266e-05,0.10183161846766522,-0.003222753260405069,0.00016555765438141718,0.11339152024930091,0.013424396513619343,-6.98448810185643e-05,0.0019790512075459708,0.00023429996789251048,-1.2190115718113528e-06,0.07746691158466236,0.005769362801552769,-8.209199440692888e-05,-0.07911200166229806,-0.0040400061108470985,-8.355289811637649e-05,0.34894570364286853,0.0030676149304839297,-0.0005747596478717396,0.01609928603286612,0.002491095394653717,1.529121336015908e-05,0.05154706761139033,0.006714878777235319,-0.0001913135570963528,0.15111619140632368,0.005865098664145969,-0.0003782258546849593,0.0026374743170091797,0.00010236523980921392,-6.6012878390415e-06,-0.015464223549918598,0.004460133146562472,8.243394286133844e-05,-0.2954589868072222,-0.0013416523566413372,0.00048738326369427646,-0.0006516594955652008,5.3306324326217545e-06,9.734719359217993e-07,-0.0013704293941970876,-0.0003288963085789942,-2.1002414974292618e-06,0.004080674110180279,0.001009105816598173,2.0526707277374693e-06,-0.0012101885071956991,9.899540083222078e-06,1.8078202097699913e-06,-0.0018226742657947064,-0.0004374322103340268,-2.7933225744690398e-06,0.004335717577777709,0.00107217500188233,2.1809615723829503e-06,-0.0010706069044553463,8.757575733223316e-06,1.5993068507565694e-06,-0.003332064637897721,-0.0007996785674240594,-5.106526283171145e-06,0.004335717577777709,0.00107217500188233,2.1809615723829503e-06,-0.0007447797212381778,6.092308365777804e-06,1.112578849812997e-06,-0.003332064637897721,-0.0007996785674240594,-5.106526283171145e-06,0.0035705897395508484,0.0008829677879719169,1.7960855492418214e-06,-0.0006051246009554553,4.949928800423467e-06,9.039497655113965e-07,-0.002794580450198132,-0.0006706854203151289,-4.282817175891969e-06,0.003315546271953422,0.0008198986026877603,1.6677988916419473e-06,-0.00037235523898576347,3.045995424076477e-06,5.562384243649241e-07,-0.0021227916805610708,-0.000509460399647727,-3.2532894223649935e-06,0.0030605070786317097,0.0007568295883746321,1.539501184893943e-06,-0.5460174714250644,-0.0012728225467872095,0.0005424352101330667,-0.014649405546745958,0.0025232696998243567,1.1672469176759546e-05,-0.0341386914603177,-0.0073362544431438215,0.0002555033761756075,-0.6738563428044593,0.020424470036712633,0.0008997428356293791,-0.10016762583308966,0.009118595275484214,0.00021678448599838135,-0.8832485145853338,0.02090255620233105,0.000835698611058563,0.4389775377172771,0.033224638281657344,-0.0006581359174465909,0.23571332921113047,-0.021863179739877406,0.0006289077216564422,-0.21414545104735427,-0.009349606884307155,0.0007924120135171423,-0.5177856281176806,0.026639448381495887,0.0006288265253050502,-0.7328961191529227,-0.011888250592131416,0.0010677733243678643,0.0207171972776092,-0.007537526203274726,-4.788012943982218e-05,-1.0945055639755992,0.02026406523734352,0.0013440072761179908,0.6092176123350708,-0.004097800473527289,-0.0008718473448190318,0.2583981269116337,-0.005669199082407679,-0.00019058485693867913,0.20940172991623773,0.005619215360205658,-0.00046150764601823706,-0.17326993684923003,0.007533109166746541,2.3514123956257106e-05,0.807616860182615,0.3681027022132393,0.5472797588426935,2.0133955760311943,0.6311602879046868,0.011453115095573027,0.03568079239691398,0.01691091938526959,0.007861780744094117,0.06373544879739902,0.034144397321322954,0.0027622824004751535,0.0020608790461504444,0.000637209659799124,0.0005997117465632307,0.002713982829248004,0.001924358239654978,1.1159546941712328e-05,0_1_29_p1
900.0,0.07278258999197774,1.6551608488979455,-1.7585136192622106,0.003935010355567405,0.0021375431321609987,0.0021725434663149926,0.31684310951231753,-0.004972817038057271,-0.1221210123932841,0.5072093849264901,0.008852472032402922,0.8052801658460113,0.2636064872453648,0.27500979537946996,-0.10081753002609282,-0.331190265991758,0.5433411691599948,0.009483093400402511,0.770864075173802,0.1653656321725518,-0.00020902112988434147,0.005850288799479929,-0.005011838610807859,-0.0003881741909465536,0.007780885250238956,-0.005325079832980291,-0.00034339901565039063,0.014224390019855235,-0.005325079832980291,-0.00023888969737197126,0.014224390019855235,-0.004385360654452505,-0.00019409557278678654,0.011929907380020408,-0.004072120429611076,-0.00011943437671047367,0.009062097046208455,-0.003758881202100647,0.03235862324612961,-0.02505872081781026,0.03657587977101603,-0.41040872718186927,-0.4850456257816669,0.19078625897873508,1.1408730622758376,1.4560783543194182,0.18698068722715055,-0.1349150362752909,-0.07469980375669796,-0.31787540344769855,0.2351691436002444,1.491891404031596,1.4542915889563193,0.20671478498957907,0.2054514184372129,-0.44803072638926966,-0.01878595391725566,0.001373982910955795,0.2764382888858866,-0.0019131285646405288,-0.0003626813078524417,0.4097547326494778,0.02396898005093085,-0.0014240337361463306,-1.699195569398568e-05,4.3601031756107185e-06,1.790255088240325e-07,-0.00023336263143951188,6.896116445308537e-06,3.1454365940664034e-08,-0.000663732614761568,-2.135701702943255e-05,8.878673233523797e-07,0.3537514838380072,0.004262998860903255,-0.00040796020962424067,-0.0009201267534862511,-0.003296249895460416,4.749724435686511e-05,0.09804766885218545,-0.0028595778711691514,0.00017205021360178847,0.1344960224726511,0.013019867360253862,-0.00011689102924886932,0.0023473946113417156,0.00022723964598628756,-2.040123315135157e-06,0.08645460211038986,0.005367857148708834,-0.00010078575524648581,-0.0815660522756603,-0.004327135686988749,-7.562811598370777e-05,0.3540081318687096,0.0021408937267204066,-0.0005857026269348887,0.021351975948649324,0.002399173333950334,5.095058081572816e-06,0.06409244811254783,0.006339699316674224,-0.0002157254195685842,0.15907455683734617,0.004976069782233246,-0.0003907382898713909,0.0027763737453447568,8.684881294234977e-05,-6.819668785164848e-06,-0.008741621327429807,0.004505333123803995,6.747005528035559e-05,-0.30010053137727194,-0.00037057963157872606,0.0004923062914245454,-0.0006498848162866017,7.247388636126245e-06,9.670064396706798e-07,-0.0018834613053624527,-0.00031502171650137686,-1.1012828986185115e-06,0.0068942109731929295,0.0009833748721642323,-4.347124497311339e-06,-0.001206893040616219,1.3459156902146668e-05,1.7958110651412258e-06,-0.0025050076736309558,-0.0004189790141060347,-1.46470740776324e-06,0.007325099853587287,0.0010448359039518088,-4.618822119068094e-06,-0.001067690993559729,1.1906642263213488e-05,1.5886843160631486e-06,-0.004579451311822218,-0.0007659438340982959,-2.6776643953266196e-06,0.007325099853587287,0.0010448359039518088,-4.618822119068094e-06,-0.0007427520048370033,8.282935732934015e-06,1.1051859229609345e-06,-0.004579451311822218,-0.0007659438340982959,-2.6776643953266196e-06,0.006032434922114489,0.0008604532726533008,-3.8037383257299587e-06,-0.0006034764402381435,6.7297860587511196e-06,8.979462399584138e-07,-0.003840756449497845,-0.0006423923040440893,-2.245744123478203e-06,0.0056015434771546965,0.0007989922408657242,-3.5320358190866733e-06,-0.00037134138078517636,4.141186985491183e-06,5.525440544616939e-07,-0.0029174795548065602,-0.00048796865744762615,-1.7059081013404178e-06,0.005170658871036054,0.0007375313800491767,-3.260347152955227e-06,-0.544062720329837,-0.0004841847999122605,0.0005388312936738277,-0.009213030341641707,0.0024711621999274195,-1.352399679250525e-06,-0.05195876499380553,-0.006833844766600273,0.00029833143744304597,-0.6352784501317821,0.021646740724569218,0.000806831767538904,-0.08094566765553213,0.009264237483676722,0.00017097332222102028,-0.8551858761759895,0.021924669519222232,0.0007708938939765078,0.48583076328548347,0.032363693345174166,-0.0007732004253954291,0.21315043983812323,-0.02090683008725929,0.0006877024790921043,-0.22542264795864803,-0.008098027805361844,0.0008189959275287141,-0.4718410383401172,0.02722077811394715,0.0005196628500330696,-0.7553927196386565,-0.010420314857064935,0.0011250386084765446,0.007351695251967089,-0.007572457416284239,-1.6390840980082387e-05,-1.0611687984480296,0.02188103893390257,0.0012664637603009411,0.5865794298855602,-0.005248287582763538,-0.0008148714385973904,0.2521926086136922,-0.00603982380148918,-0.00017430434170255066,0.2231181628012511,0.00504665353502263,-0.0004928571046008776,-0.1590565193938115,0.007399213156718964,-6.576283733158067e-06,0.8424303568229566,0.3842802066108166,0.5466158036870686,1.9687296479711909,0.6671200008750501,0.01812315076895959,0.03191914013849794,0.016196010205344363,0.007283029028694458,0.06414902664573538,0.030513679765920003,0.002678156273396056,0.002152937401323314,0.0006551226352367415,0.0006159079789984354,0.0026633294957277877,0.002011775254270439,1.1567478200713131e-05,0_1_29_p1
916.667,0.05891284539080723,1.6599584488417365,-1.7449523775636258,0.0039318243816842645,0.0021326138236878664,0.002154424954017289,0.3235461502270258,-0.006287553616964576,-0.12206413311029259,0.5112356789939299,0.008922743974743219,0.8087629693710348,0.26313561037847977,0.28288073961911187,-0.09988474479135045,-0.32927672290378746,0.549314011488891,0.00958733942329663,0.7714173101387647,0.15746616925293233,-0.0002233173711201773,0.005734754485649412,-0.004859713718542032,-0.00041472413952789135,0.007627224468231372,-0.0051634473842805985,-0.00036688665939272903,0.013943479775412247,-0.0051634473842805985,-0.00025522897116364167,0.013943479775412247,-0.004252251373719905,-0.00020737104574295598,0.011694309872283195,-0.00394851870531234,-0.0001276035149408083,0.00888313397670196,-0.0036447875329012765,0.021472070700958416,-0.025135313345370277,0.035310213872026805,-0.4235198325090684,-0.4870330312035819,0.17707320305649166,1.1516698425642684,1.4566679863806014,0.17995432875649983,-0.14410195428294698,-0.08914214550688723,-0.31799366895247566,0.21678328326371693,1.5062708830114524,1.4598834059628847,0.2123752667395771,0.20527263388995565,-0.4753275154626455,-0.01606660477417074,0.0014039250263521374,0.274017640882416,-0.0023149427469180963,-0.0003594761506059556,0.4415516441870386,0.02116663490261246,-0.0014637209995325856,-1.3982010732547966e-05,4.956938612602912e-06,1.5869124500412853e-07,-0.00021045251358476214,6.828875982137825e-06,-2.0306049153136614e-08,-0.0007031157912379979,-1.9245622521893355e-05,9.719706953507213e-07,0.36323906287706315,0.003671856783593424,-0.0004314573245971432,-0.007172466322510887,-0.003020434327147397,5.98448691432331e-05,0.09620711358134718,-0.0024688327440849046,0.00016925820828418074,0.1568580619199044,0.01256702438314874,-0.0001652235015080788,0.002737686420955406,0.00021933609496618733,-2.8836847654952815e-06,0.09507643771564464,0.004945099137529558,-0.00011931251255664956,-0.08529034411521727,-0.004593057528233527,-6.402323505488373e-05,0.35862569946168477,0.001216623539200859,-0.000592694095674385,0.02679794262846743,0.0022768124461404614,-7.524816736066753e-06,0.07457161808540427,0.005952060269118452,-0.00023446985903295722,0.16694125529644038,0.004054084549239864,-0.000398288134412566,0.002913672884851075,7.075711741255013e-05,-6.9514378947961784e-06,-0.0019455092562671462,0.004534220877313093,5.2817346773450395e-05,-0.3040157508389286,0.0006362948665474441,0.0004967329955194772,-0.0006492616268867465,9.086279748243805e-06,9.614664515371468e-07,-0.002445214830595494,-0.00029859479563303093,1.1077706231558179e-07,0.009749124534877427,0.0009553945107536724,-1.1280900763281747e-05,-0.00120573385704118,1.687422992846527e-05,1.7855229330866228e-06,-0.003252140811080109,-0.0003971312125263108,1.473351152914751e-07,0.010358446474589104,0.0010151067531612916,-1.1985957550159653e-05,-0.001066666877097416,1.4927724765955372e-05,1.5795814394681964e-06,-0.005945299537303492,-0.0007260034141902491,2.6934154656659373e-07,0.010358446474589104,0.0010151067531612916,-1.1985957550159653e-05,-0.0007420390556470459,1.0384609316266146e-05,1.0988556094452047e-06,-0.005945299537303492,-0.0007260034141902491,2.6934154656659373e-07,0.008530486639440072,0.0008359703923049249,-9.870793346945911e-06,-0.0006028968484506241,8.437371420775794e-06,8.928014213575565e-07,-0.004986284568469089,-0.000608894536564196,2.2589314904246013e-07,0.007921162135162958,0.0007762582231706042,-9.165724819920514e-06,-0.00037098490619019773,5.191901654993836e-06,5.493791474214183e-07,-0.003787636605715149,-0.00046252340560275484,1.715772883403397e-07,0.007311845324582143,0.0007165460784607158,-8.460676461866422e-06,-0.5415960152957806,0.00033401007647384357,0.0005366171990586131,-0.004114188706094287,0.002398814905400743,-1.4990756139959997e-05,-0.068307037845575,-0.0063012367214899745,0.00033828500968231936,-0.5941155310697352,0.022688818084245173,0.0007100634829995135,-0.0609478019163841,0.009369363368263002,0.00012198905057513536,-0.8257520244702814,0.02278687990998704,0.0007144463081906394,0.5301566566379777,0.03120634736675252,-0.0008814644058227952,0.19247623664511807,-0.01989337940833151,0.00071019825473396,-0.23639153366862178,-0.006760589200695485,0.0008299002076039525,-0.42451174565202027,0.027689399225715314,0.00041147551703991887,-0.7765486884159413,-0.008759296922994333,0.0011798644922183126,-0.005717748211131847,-0.007518545830091759,1.5768525256552278e-05,-1.027219760875647,0.02345533330352159,0.0011918537379675851,0.559321562366885,-0.0063712753942152325,-0.000746802386009879,0.2461797686811848,-0.006377189624042303,-0.00016574729850471015,0.23328606462884496,0.0043786913412537,-0.0005173719047545723,-0.1453809126807573,0.007166409063206005,-3.296967754371815e-05,0.8787102058451876,0.4015384817153295,0.5459020257813791,1.9235391204724015,0.7042657934420117,0.025082665183424308,0.02796986563554666,0.015522017630784174,0.00675066366380466,0.06433505200771426,0.026674362665116868,0.002583608768108485,0.0022062214119075324,0.0006736888546120365,0.0006345230404571026,0.0026145178099169497,0.002059783657879457,2.6015086316947033e-05,0_1_29_p1
933.333,0.0448756454238869,1.6646453500310558,-1.7310398354945344,0.00392875758885576,0.0021275319235715597,0.0021363318736601147,0.33014960045995334,-0.007751707833135111,-0.12219670233628808,0.5154731170102899,0.008996701055132728,0.8122313081058836,0.2626124015593029,0.29067292363226266,-0.09880629936389167,-0.3270576529489383,0.5553045639230404,0.009691894120135602,0.771969804585459,0.14942110947111498,-0.00023680527557958943,0.005612922525212198,-0.004644080782785635,-0.00043977160895601234,0.007465187601810721,-0.004934337016040301,-0.00038904535957604925,0.013647257009443263,-0.004934337016040301,-0.00027064421778275603,0.013647257009443263,-0.004063572305600308,-0.00021989552845526724,0.011445870231909813,-0.003773317069676643,-0.0001353098915866141,0.008694416012673317,-0.0034830628310839784,0.010619365076638392,-0.024976013653882256,0.033616962751584475,-0.43525633297335836,-0.4888407016217954,0.16458480078780857,1.1646159589252838,1.456941640543346,0.17239259103646523,-0.15228043750476228,-0.10480222791080249,-0.3187195778176517,0.19891477890938622,1.5202140675768883,1.465185951101895,0.21882967981701837,0.20547296577349258,-0.5036456991395566,-0.013367605897424579,0.0014357990424959284,0.27103712687386816,-0.0027006295495696593,-0.00035494259033641356,0.47351008060402766,0.018363539044931106,-0.0015034050172606595,-1.0389909418157376e-05,5.491394048527889e-06,1.3600735076031452e-07,-0.00018535653112722862,6.747078557089234e-06,-7.921793813592554e-08,-0.0007414500604529452,-1.7145096886897217e-05,1.0564802107724993e-06,0.3729314694828574,0.0030866637897761515,-0.0004566119227443908,-0.013409437305759669,-0.002718774533881664,7.223030923195962e-05,0.09635964709437178,-0.0020613423236523166,0.00016135091726769473,0.1802965939492776,0.012077818188546037,-0.00021762241989525463,0.0031467662369202803,0.00021079785063843917,-3.798219430180733e-06,0.10320879523351298,0.00453135288715441,-0.00013728121484618948,-0.09030157592134896,-0.004834132491809689,-4.854875776004919e-05,0.36250313261627365,0.00029594735810144007,-0.0005988565112407301,0.032310082790114526,0.002134425868277729,-2.0415169814738274e-05,0.08268627069838777,0.005567971972312536,-0.00024802368575454077,0.17456954320447074,0.003125070062218656,-0.0004060530528316802,0.0030468105895172107,5.4542713532961016e-05,-7.086959992969174e-06,0.004797463309443576,0.004545840166125819,3.750814719948965e-05,-0.30699915254815197,0.0016562839661039307,0.0004988947131087172,-0.0006493129181953766,1.082390716246607e-05,9.584742806527055e-07,-0.003059984762138829,-0.00028069405564784983,1.4307288143336715e-06,0.012614998194361019,0.0009218387840950274,-1.8194405447967882e-05,-0.0012058296008172894,2.0101234823140414e-05,1.779961277676254e-06,-0.004069785820213265,-0.0003733232036773428,1.902873273869698e-06,0.013403437932360231,0.0009794538470149275,-1.933155830787688e-05,-0.0010667523626117993,1.7782501306572517e-05,1.5746649106347617e-06,-0.007440051369923497,-0.0006824795636414136,3.4786742695445905e-06,0.013403437932360231,0.0009794538470149275,-1.933155830787688e-05,-0.0007420980406519705,1.237053551312316e-05,1.095433896941312e-06,-0.007440051369923497,-0.0006824795636414136,3.4786742695445905e-06,0.011038127266914041,0.0008066091467438808,-1.5920115532194532e-05,-0.0006029455751938228,1.0050922716978732e-05,8.900208878402172e-07,-0.006239923652915578,-0.000572391367067342,2.9175401284258487e-06,0.0102496849643494,0.0007489941570972788,-1.4782951055286443e-05,-0.0003710139712650881,6.184828116773319e-06,5.476678430461275e-07,-0.004739917025726427,-0.0004347951043374625,2.2161851140383203e-06,0.009461250355481052,0.0006913792895728401,-1.3645808190922576e-05,-0.538736084589257,0.0011629644772178584,0.0005328732486995836,0.0007736883576372097,0.0023034310233068936,-2.728326076290027e-05,-0.08289916809768409,-0.005733697023730379,0.0003734415591416842,-0.5508357914903076,0.023532723412966187,0.0006086110730843155,-0.040358020797963204,0.009447321467889586,7.163961364579936e-05,-0.7950783977208492,0.023477690232400563,0.0006550988234693781,0.5717987690251761,0.02975919135282467,-0.0009818339748527696,0.17355116794930348,-0.018843162313371374,0.0007279473533300704,-0.24707358897732978,-0.00535081248508915,0.0008384397455098614,-0.3762928026511697,0.028056294993386053,0.00029948519101515595,-0.7961474017719101,-0.006927600418313878,0.0012284385955884404,-0.01853035130112092,-0.007377407878076545,4.624222950193739e-05,-0.9928647295143689,0.02498032353635352,0.0011147589685508883,0.5281677540797547,-0.0074496403044963366,-0.0006693412255827581,0.24084406891151475,-0.0066905409047437235,-0.00015766821493648088,0.23982898057437574,0.003599041590209886,-0.0005322580289921126,-0.13312422701993434,0.006856065187324983,-5.971849220944724e-05,0.9160594154031756,0.41961708466620823,0.5450774619295188,1.878588683429125,0.7425176732257844,0.03220183814399028,0.024083609660582046,0.014933087459042442,0.006287572060369396,0.06432229457013727,0.02287370156490644,0.002474992278718138,0.0022600969786033165,0.0006955639154898944,0.0006512732710557656,0.002570000226810898,0.002108964418788375,4.229421733125183e-05,0_1_29_p1
950.0,0.031044068680130016,1.6692596126115697,-1.7170981544055828,0.003925867323614458,0.002122346799696634,0.002118437760837668,0.3366729814694509,-0.009306273096551965,-0.12243949109920901,0.5198823717208677,0.009073657109842665,0.8156202523117246,0.2619120228717596,0.29836867970023745,-0.0975854430481181,-0.3243814628123684,0.5612034257342687,0.009794848599383245,0.7724561126562594,0.14127814719023632,-0.00024942550206801016,0.005487648276824551,-0.004356630540302676,-0.0004632078901517921,0.007298572487429335,-0.0046289208529028125,-0.00040977837509324,0.013342664641712717,-0.0046289208529028125,-0.00028506712005573663,0.013342664641712717,-0.003812053405760906,-0.00023161416771865778,0.011190410378619405,-0.0035397640904917707,-0.00014252109339035407,0.008500365818447082,-0.0032674747752226346,-3.311388256533713e-05,-0.02462105457459766,0.031297813622763966,-0.4456969254707114,-0.49030336831877774,0.15292909161459348,1.179670540734456,1.4571321257779086,0.16472318295754415,-0.15919243352550883,-0.12159637988410313,-0.3200289472597763,0.18165723304370215,1.53359071677113,1.4702843854702041,0.2259853327773224,0.2058813209572472,-0.5324097521784027,-0.010707538198603659,0.0014696936235670049,0.2674242474503523,-0.003077433698968251,-0.00034906613288761127,0.5051073236256423,0.015579756025810442,-0.00154297517805335,-6.2780561763175056e-06,5.962321535049694e-06,1.1202547237973693e-07,-0.00015881242405604173,6.650943990056927e-06,-1.4349761958105825e-07,-0.0007779711819078189,-1.5096253351454032e-05,1.1403211945797567e-06,0.3824604594147909,0.0025040690915319004,-0.00048285504458293134,-0.01949557764743038,-0.0024039995529992315,8.447001570928815e-05,0.09828157089722074,-0.0016524169677997213,0.00014835020460662556,0.2043541966864235,0.01156068463355168,-0.00027366888236116354,0.003566651421903206,0.00020177219233210932,-4.776415331887724e-06,0.11074667451638659,0.004144314607369267,-0.0001545144060505451,-0.09645191502946641,-0.005039427688736126,-2.9339386938961522e-05,0.3653438923413419,-0.0006134026762262767,-0.0006034380519125957,0.0377302431028505,0.0019771888689784772,-3.3297882233026146e-05,0.08837987865511303,0.005185547809802914,-0.00025586103332362226,0.18174149746875062,0.002214490868316248,-0.0004137391194123265,0.003171985318518518,3.8650125978376376e-05,-7.221104553138958e-06,0.01137685421425167,0.004550638809990203,2.1897901140237782e-05,-0.30877236404046926,0.002666999010873727,0.0004984789593962266,-0.0006497796691039099,1.2423560956473534e-05,9.56854065044001e-07,-0.0037204022486526074,-0.0002618339239469601,2.8657440687118077e-06,0.015427961449572158,0.0008807686120533225,-2.5021059641404215e-05,-0.0012066964239331368,2.3071807599098076e-05,1.776953022242448e-06,-0.004948140931951218,-0.00034823918919182326,3.8114458556947416e-06,0.0163922115513074,0.0009358167159473177,-2.6584880069720734e-05,-0.001067519167675818,2.0410472565314208e-05,1.572005897221982e-06,-0.009045789900722604,-0.0006366229843760842,6.967771422859783e-06,0.0163922115513074,0.0009358167159473177,-2.6584880069720734e-05,-0.000742630615406579,1.4198753148159124e-05,1.0935830243792726e-06,-0.009045789900722604,-0.0006366229843760842,6.967771422859783e-06,0.013499469794653106,0.0007706726973585237,-2.189344074623586e-05,-0.0006033781318966028,1.1536319014904619e-05,8.885187989134935e-07,-0.007586647059119007,-0.0005339318249371753,5.8438242584841e-06,0.012535217983207576,0.0007156246423133934,-2.0329608824068662e-05,-0.00037128154092510804,7.098790387695223e-06,5.46741609721296e-07,-0.005762902514684216,-0.00040558074731456164,4.439028492623326e-06,0.011570973010603188,0.0006605766605415614,-1.8765798562336714e-05,-0.5356572913042437,0.0019910034013761327,0.0005279533072666269,0.005595828770518158,0.0021800925475789633,-3.850883498656048e-05,-0.09559043219370227,-0.005132007230742849,0.000403107769688013,-0.5057465184783557,0.02417688451000061,0.0005036920608704119,-0.01946681775582643,0.00950291470069658,2.0344809509999913e-05,-0.7631313086510403,0.023995042679160597,0.0005932821856182804,0.6104804034986879,0.02802539432468196,-0.0010740654289852667,0.15631984939562088,-0.017765355037312868,0.0007413464137103594,-0.2573276961073383,-0.0038841680942029435,0.0008445733651421453,-0.3278925397451811,0.028302021370346406,0.00018505246080138775,-0.8139398651939624,-0.0049474070754468875,0.0012704405740084565,-0.031044132936741582,-0.007150947127248444,7.5142973066871e-05,-0.9581813978739426,0.02643521271645914,0.001035786409670586,0.49386633666853214,-0.008470753929357878,-0.0005843526022477936,0.23618018099257054,-0.006975468496157071,-0.00015127093080993304,0.24250011310296316,0.002728947505488751,-0.0005372415175240496,-0.12287191508572776,0.0065144484632347005,-8.445029395824351e-05,0.9534862310635087,0.4380079856977563,0.5441484886995526,1.8342691879052808,0.7810953278693162,0.03931289492608055,0.020317642097622993,0.014456416469857796,0.00592067532268892,0.0641283114292932,0.01915335683244788,0.00234971236649555,0.0023142219656972704,0.0007210034444699173,0.0006653671911122728,0.0025316977212847063,0.0021593101319275776,5.888004120596732e-05,0_1_29_p1
966.667,0.01793036730033493,1.6737744043900225,-1.7035607813311828,0.003923295705628018,0.0021170185588230465,0.0021008832392211086,0.34306674684871286,-0.01089685946240248,-0.12284631288654935,0.5243947464676393,0.009152412848344156,0.8189272996850758,0.2610402114624339,0.30591720228584135,-0.09627756661050216,-0.32112055845378124,0.5669438041694337,0.009895037479764729,0.7728783626555218,0.13315777345920243,-0.0002611546133069127,0.005369115487339109,-0.004000902518816197,-0.00048498959921668133,0.007140923877413695,-0.004250959830073429,-0.00042904830603175914,0.013054464406316899,-0.004250959830073429,-0.0002984722460420542,0.013054464406316899,-0.003500791386960237,-0.00024250552091660294,0.010948698733179711,-0.0032507355716995066,-0.0001492226590525118,0.008316758677133782,-0.003000678759107775,-0.010436751277002223,-0.024073206693037644,0.02826601813642063,-0.45488597826537547,-0.49131783994916844,0.14188945374740233,1.1967224942942378,1.4573221587228622,0.15705297501916018,-0.16489810085251005,-0.13942119764992547,-0.3218640013952882,0.16515647141632725,1.5461943396930442,1.4751727914043182,0.2336017506654909,0.20619955481841135,-0.5609186360859452,-0.008150228777562645,0.0015043568820093255,0.26312970995456325,-0.003450808853413957,-0.00034165018530306584,0.5357809905532664,0.012872194919943592,-0.0015813053871613259,-1.4370114967831431e-06,6.365862011804662e-06,8.718176044599209e-08,-0.00013155622265003893,6.545186196548391e-06,-2.1128813876384434e-07,-0.0008116627328366034,-1.312764407736791e-05,1.2214343181770124e-06,0.39141815136381064,0.0019227340589787396,-0.0005091699840233268,-0.02539313181524045,-0.002087730920360624,9.629952919224032e-05,0.10143088460246971,-0.0012585754821112071,0.00013096822604578902,0.22839690357268727,0.011023355614272914,-0.00033212312424246986,0.003986275021212124,0.00019239401618889522,-5.79663661030651e-06,0.11761870028888671,0.0037925877313127678,-0.00017077713219925382,-0.10325267922232131,-0.005185938258783745,-6.969557334640804e-06,0.3669283398499287,-0.0015053855711496195,-0.0006056477638404499,0.0429765891386113,0.0018064587139667815,-4.5816388676630265e-05,0.09185734731413568,0.004780886959896421,-0.0002579239544247471,0.18814337428352038,0.0013421538146687175,-0.00042080821086663367,0.003283718305238193,2.3424984895664995e-05,-7.3444849169057404e-06,0.01769078011240323,0.004558205816752393,6.373677235045502e-06,-0.3092614942018131,0.00365910183193434,0.0004948866881849354,-0.0006499429464363821,1.3864675757948823e-05,9.559707694613282e-07,-0.004414920761709067,-0.00024256175206674248,4.400559648547185e-06,0.018125246561574822,0.0008314046598305732,-3.1621066962857034e-05,-0.0012069990426540546,2.57479682635193e-05,1.7753125350387761e-06,-0.005871850383345282,-0.00032260716371024055,5.852749876640313e-06,0.019258076662239554,0.0008833674693883083,-3.3597388090785166e-05,-0.0010677875921909822,2.2777957249513325e-05,1.5705548464655091e-06,-0.010734442541632461,-0.000589764563731047,1.0699520429973866e-05,0.019258076662239554,0.0008833674693883083,-3.3597388090785166e-05,-0.0007428169738279349,1.584569264383695e-05,1.0925716544605244e-06,-0.010734442541632461,-0.000589764563731047,1.0699520429973866e-05,0.0158595949087968,0.0007274792605349966,-2.7668445847476105e-05,-0.0006035294412570613,1.2874460408196928e-05,8.876964070562342e-07,-0.009002908656997603,-0.0004946319357761868,8.973620437890478e-06,0.014726763098421775,0.000675516475401694,-2.5692115442368505e-05,-0.00037137386528064215,7.922235711101448e-06,5.46238965843246e-07,-0.006838711212689792,-0.0003757281310168419,6.816454803487139e-06,0.013593938126887906,0.000623553641419526,-2.3715803954223448e-05,-0.5324685089370038,0.0027927594377707326,0.000522346878074079,0.01046833040963267,0.002038178704610771,-4.9148534062933855e-05,-0.1063006703667922,-0.004473948265146476,0.0004271238804092987,-0.4592691496358046,0.024640899418009447,0.0003960239831540563,0.001415732442544657,0.009516483743121367,-3.123675979638352e-05,-0.7300443061508451,0.024396204484841224,0.0005289288938795081,0.6459288775098787,0.02601038290277767,-0.0011575503514151563,0.14040844428112362,-0.01669524582952226,0.0007506503788009909,-0.2667073556684713,-0.002429579603288067,0.0008479241688930588,-0.28008993599017706,0.028390646767673104,7.016139494290615e-05,-0.8295871576826431,-0.002838726708564975,0.0013055098370175521,-0.04316175076276573,-0.006845281116412219,0.00010241299565726789,-0.9230855199799434,0.027800185545848698,0.0009552529501968501,0.45716888424313845,-0.009423828216704531,-0.000493750767657383,0.23113877279986222,-0.007244788581994016,-0.00014656925569930527,0.24084670101050246,0.0017818653130605203,-0.0005317115104041443,-0.11494424664806514,0.006172201075868178,-0.00010559993304322867,0.9899450880121169,0.4561147421033343,0.5430765429215212,1.7905946434746955,0.8191025006145602,0.04625787975479639,0.016794459397464698,0.014099548001843758,0.005654192319721138,0.06380006490955442,0.015621394580034541,0.0022073784624098308,0.0023667395756495784,0.0007494262631906058,0.0006765328141710267,0.0025002733307555583,0.002209149779706437,7.525894797734051e-05,0_1_29_p1
983.333,0.005625710303308805,1.6781406516945034,-1.690471406350502,0.003921154934634072,0.0021114494625126827,0.0020837306419980092,0.34925531087582484,-0.01250028895822016,-0.12345400312150524,0.5289375009140366,0.009231698668272751,0.8222161966315372,0.26006156944692466,0.31322524991644707,-0.09491619832464006,-0.31724865222264886,0.5724545286909626,0.00999121808685263,0.7732791146863892,0.12519381065041177,-0.0002720649157938795,0.005262511773958296,-0.0035806626401865037,-0.0005052508771703333,0.006999140310298682,-0.0038044547408632237,-0.00044697283744974086,0.012795267055099722,-0.0038044547408632237,-0.0003109413768838023,0.012795267055099722,-0.003133080932160567,-0.00025263690789167973,0.010731311990857811,-0.002909290327480349,-0.0001554564764751349,0.008151629087278595,-0.002685498725469129,-0.020618902400037022,-0.02334887859749848,0.024471454425761208,-0.46285741457402313,-0.49179583726073606,0.13133458556794214,1.2156043916654813,1.4574830197360327,0.14944164850575248,-0.16947478549689715,-0.15815887597174938,-0.32416358588185945,0.14951031773717396,1.5578272623462106,1.4798143399636916,0.24159215770577677,0.20635281616935297,-0.5881807377021498,-0.0057954683190863,0.0015383244739902535,0.25812885694473314,-0.0038151074490355573,-0.0003325704858390644,0.5647759681766811,0.010326916656923606,-0.0016172279012926615,4.508506028579445e-06,6.679838093918564e-06,6.131780506710383e-08,-0.0001043376348703673,6.451738317110932e-06,-2.8082326028099044e-07,-0.0008414587088749349,-1.1262032635897264e-05,1.2970156566924984e-06,0.39941947839494163,0.0013537551515234152,-0.0005344107725043011,-0.031029141342084246,-0.0017807075216781493,0.00010769561785829087,0.10530705599086627,-0.0008678304283002622,0.00011070295646594143,0.25174983553708796,0.010479202017712162,-0.0003911967460099716,0.004393860550385575,0.00018289674651192874,-6.827663257743374e-06,0.12373011356802924,0.0034730377982656355,-0.00018584270594556028,-0.11040433666092105,-0.005276765201199009,1.7135472593134573e-05,0.3671160574909632,-0.002369986942902855,-0.0006048857313174184,0.04797142995221502,0.0016329109808254482,-5.7793956742034955e-05,0.09340107636251148,0.004326688597748537,-0.00025470897614124864,0.19343192879200818,0.0005188672256504755,-0.0004264419063259163,0.003376021289393667,9.055846905123254e-06,-7.442809301946547e-06,0.02373290909184947,0.004567693756296081,-8.665301581186096e-06,-0.3083102019943479,0.004616059652926192,0.000487985976833365,-0.0006493394187048354,1.5138703015453587e-05,9.541719065735854e-07,-0.005124657406036061,-0.00022503988388130876,6.015827913951811e-06,0.02064538089697593,0.0007750512654052413,-3.787176093299313e-05,-0.001205880037270776,2.811391420845951e-05,1.771970013797708e-06,-0.006815801949690187,-0.0002993030797563464,8.001057337161213e-06,0.021935718912747208,0.0008234919740726499,-4.023874941123889e-05,-0.0010667968150792787,2.487108228140711e-05,1.567599948496824e-06,-0.012460098442298307,-0.0005471619539340725,1.4626886114111732e-05,0.021935718912747208,0.0008234919740726499,-4.023874941123889e-05,-0.0007421271057268607,1.7301779622545665e-05,1.0905149188230317e-06,-0.012460098442298307,-0.0005471619539340725,1.4626886114111732e-05,0.018064712559129652,0.0006781700190414525,-3.313780429598763e-05,-0.0006029686562827062,1.4057482229532403e-05,8.86025440623544e-07,-0.010450206625728238,-0.00045890140878276307,1.2267474833773981e-05,0.016774372833648087,0.0006297294080717745,-3.077080666371078e-05,-0.0003710293586576771,8.650132653859733e-06,5.452080563783535e-07,-0.007938095105852024,-0.0003485867977177387,9.318505037503269e-06,0.015484038237297378,0.0005812885772822024,-2.840382799628755e-05,-0.5292245747353046,0.0035607157474242105,0.0005163495686349956,0.015348309466690292,0.0018825196946337368,-5.964437672002104e-05,-0.11503020746190859,-0.003748612908038914,0.0004455934920727235,-0.4120472814645024,0.024940043201615855,0.0002865663719169863,0.021942727870071673,0.009479111894251779,-8.241334060607515e-05,-0.6961299423579517,0.024714403478092343,0.0004623167992035579,0.6780916687587101,0.023729512727938183,-0.0012316726365259052,0.12578108202911498,-0.01564452124369993,0.0007568553286069164,-0.27496122315133864,-0.0010080445994226177,0.0008475263344426886,-0.23342731918310186,0.028336727463359898,-4.290616091547823e-05,-0.8427257401200648,-0.0006248356066176524,0.001333074087359489,-0.05474386595531382,-0.006473973880983929,0.00012787349507340325,-0.8877061772493793,0.029045866466243613,0.0008730811758435367,0.41890002597923337,-0.010284088414217523,-0.0003994649114469494,0.2253863696160547,-0.0074976301137120085,-0.00014097397224427128,0.23537673512737656,0.0007951962443873166,-0.0005147490376549343,-0.10981200582204825,0.005875957547096044,-0.0001223265906931084,1.0241812448883238,0.4732243489976853,0.5417990123062048,1.7480061424416025,0.8553126330066537,0.05287308884239596,0.013694819865403409,0.013863423345680914,0.005502242794438884,0.06338445720438832,0.012441379288600165,0.0020553986281064015,0.0024157866381943447,0.000779760311100278,0.0006846370490131469,0.0024754239032747393,0.002256650873511292,9.10962218011181e-05,0_1_29_p1
1000.0,-0.0059612224254021896,1.6823417589371537,-1.6777763361544322,0.003919424565347095,0.002105646492082552,0.0020669909398093812,0.3552064807034011,-0.014125794375748076,-0.12420297925540658,0.5334632154616141,0.009310687283563013,0.8255327944465556,0.2590405702851315,0.32019272047947,-0.09348409683084964,-0.31288830263504297,0.5776353949598436,0.010081641102070953,0.7736774756161813,0.11749557721223026,-0.0002822107640684728,0.005161537994078917,-0.0030907492178171955,-0.0005240924544438628,0.006864844704340229,-0.0032839217607624274,-0.00046364172913728786,0.012549759069204188,-0.0032839217607624274,-0.00032253734443405264,0.012549759069204188,-0.002704407123919736,-0.00026205819519394506,0.010525406024355529,-0.0025112360769710047,-0.00016125346291925892,0.00799522065836287,-0.0023180635340257732,-0.030594015087217756,-0.022404859426359284,0.019920548294426046,-0.4695962135944464,-0.4916287130088788,0.12119915242099372,1.2360822614886473,1.4576932132285088,0.14195102696875067,-0.17289342972128655,-0.1776996052156909,-0.3269038246153225,0.13474459290586163,1.5683295243073538,1.4841699651943454,0.24987608025702904,0.20631334180832783,-0.6130266528038781,-0.003679456079455622,0.0015696145012508017,0.2524018754431919,-0.004160102462956483,-0.00032175805152362803,0.5911880206446706,0.007969293923605807,-0.001649345033682867,1.1979085130544737e-05,6.885149875034799e-06,3.3772750878846744e-08,-7.802262897772656e-05,6.405258621719057e-06,-3.502788279316833e-07,-0.0008663785911728387,-9.508382793836349e-06,1.3640700768385875e-06,0.4061142294368444,0.0008134134517467425,-0.0005574582915923436,-0.036299771247915974,-0.001488124678027377,0.00011859008729571279,0.10950442210245565,-0.00046904177377222263,8.899792659387128e-05,0.27380798252926,0.009941951449711167,-0.0004489515370385007,0.004778848838686917,0.00017351998698581024,-7.835674413344496e-06,0.1290008964929323,0.0031699751877088825,-0.00019944057784865546,-0.1177084387076102,-0.0053252302610258,4.20011665847124e-05,0.3657700436145289,-0.003190729043373257,-0.0006007643874457198,0.0526219359687376,0.0014639522077939434,-6.913080424764724e-05,0.09325950123757569,0.0038100463646419925,-0.00024702292890174275,0.1972680331198133,-0.00024579982122942447,-0.00042973633918404295,0.0034429735442587477,-4.2901516004123956e-06,-7.50030859668158e-06,0.02956158074187863,0.004571867891841274,-2.3015234352966407e-05,-0.30573420458500766,0.00551902965907116,0.00047758009211899724,-0.0006468013537827922,1.6245862548881967e-05,9.506130888509457e-07,-0.005824275130025489,-0.00021077445203193058,7.677995277149509e-06,0.02294505834904397,0.0007131968048560399,-4.3651334812509754e-05,-0.0012011655111525312,3.0169962951543582e-05,1.7653664818732632e-06,-0.007746293821795429,-0.00028032998505430706,1.0211744798749307e-05,0.024379125724713492,0.0007577715654698391,-4.637954524287389e-05,-0.0010626268316876568,2.669001863202431e-05,1.5617552912215124e-06,-0.014161147337648897,-0.000512476865932692,1.8668286683073278e-05,0.024379125724713492,0.0007577715654698391,-4.637954524287389e-05,-0.0007392265822238321,1.8567111782016013e-05,1.0864477034554272e-06,-0.014161147337648897,-0.000512476865932692,1.8668286683073278e-05,0.020076929581690946,0.000624047283628441,-3.819493065891439e-05,-0.000600611820651156,1.5085579874372473e-05,8.827201307240306e-07,-0.011876866681576436,-0.0004298113232733432,1.5656974610195242e-05,0.01864286049631114,0.0005794725962879397,-3.546671119766759e-05,-0.00036957781462344704,9.282725460296853e-06,5.431757451735411e-07,-0.009021802665386623,-0.0003264895982559096,1.1893207491131283e-05,0.017208796540062195,0.0005348977135519767,-3.273850656211981e-05,-0.5260433296258682,0.0043004802045045415,0.0005100774913066612,0.02009052690760877,0.001719011990912404,-7.002493745053589e-05,-0.1219034907263253,-0.0029535531473814237,0.00045878643464509187,-0.3650221958181797,0.025087873423761235,0.00017687156594221884,0.04177504663634049,0.009383031622733322,-0.00013239248708562666,-0.6620125974854307,0.024972076040472413,0.0003941750183591401,0.7071751709065461,0.021206708728771763,-0.0012964764360155472,0.11235799525127478,-0.014609133418617647,0.0007600732959073361,-0.28173824972655964,0.0003615340185108913,0.0008431477571051081,-0.18829538206063162,0.028150511924935274,-0.00015269584067079958,-0.8529568422432977,0.001670127636849779,0.0013525050951293481,-0.06575426343107192,-0.006051253190337755,0.00015126586053716427,-0.8521621133360054,0.030149702835785858,0.0007897012232010669,0.37999074700033786,-0.011025903424543612,-0.0003035789708746543,0.21878547141068388,-0.007729456301789273,-0.00013365156388106655,0.22686217956839705,-0.00021529644034735338,-0.00048782498118076596,-0.10804802762013951,0.005648445935051852,-0.00013327171715648388,1.0547531479438694,0.48863481087505645,0.5403569884498195,1.7071144692991262,0.8882637088003893,0.059020604019614974,0.011148595961275223,0.013736863841270534,0.00549295989505137,0.06291628141930841,0.009713633410095839,0.0019001521808183156,0.002459068966549022,0.0008102478285900472,0.0006896140454029367,0.002457335732194877,0.002299469275923132,0.00010607383236193403,0_1_29_p1
1016.667,-0.017283183755064924,1.686406169499461,-1.6651318161788198,0.00391797644073344,0.002099870948254952,0.002050660641996721,0.36096608119761636,-0.01579141095014532,-0.1249913250305779,0.5379661898650344,0.009389278961114815,0.828855498919294,0.25806094789324807,0.3267744298939037,-0.09194175186418975,-0.30826010235378853,0.5824009541492264,0.010164816014238494,0.7740454408890519,0.11013820408363575,-0.00029169986987881565,0.005050952935341554,-0.0025209326276295855,-0.0005417142959029987,0.0067177668056056655,-0.002678491477855124,-0.0004792310100161012,0.012280883119286457,-0.002678491477855124,-0.00033338232174044474,0.012280883119286457,-0.002205817420506014,-0.00027086961458901366,0.010299901506349853,-0.0020482595676114775,-0.00016667545290695445,0.007823925069593136,-0.0018907012160514405,-0.04035857624009289,-0.02114381615656033,0.014570724180641979,-0.47501552026308336,-0.4907030736507595,0.11152115560969353,1.2578566282027062,1.457991369819289,0.1344838526835857,-0.1751106620937661,-0.19792295367403837,-0.3300887398316054,0.12081057929764673,1.5775917951601355,1.4880401709761206,0.25851328537415297,0.2061265332345009,-0.6343590568440093,-0.0017951613880256593,0.0015957570458274702,0.24592808650401243,-0.004481102376874155,-0.000309133870712713,0.6141910005588412,0.005795246471964277,-0.0016758698446859817,2.136966888556078e-05,6.987146305910562e-06,3.687555691760033e-09,-5.365241853730751e-05,6.425604174142308e-06,-4.174364053875675e-07,-0.000885488877913246,-7.865986242637184e-06,1.4197769055610983e-06,0.4111371094991659,0.00031108278824290797,-0.000577261042942584,-0.041098698924221244,-0.001208030803963796,0.00012886979166903191,0.11376376692168316,-6.772181988998817e-05,6.713369198901796e-05,0.2940052757152024,0.009420026089693553,-0.0005036446088910355,0.005131358615508578,0.00016441067499754796,-8.790251190808053e-06,0.1334229629887887,0.0028696263758672988,-0.00021136560988981964,-0.1250351132043725,-0.005345541912336491,6.678236460035052e-05,0.3627035516950352,-0.0039486308154937175,-0.0005928929301370031,0.05686700983619399,0.0012973367881071488,-7.968504128993228e-05,0.0916577762516769,0.0032454922606844593,-0.00023555805835136397,0.19932196707339367,-0.000936748630176265,-0.00042980003369849927,0.0034788218947154263,-1.6349470992314583e-05,-7.501419552606537e-06,0.035209707840387114,0.004566663753545501,-3.667014058348579e-05,-0.30136506815509195,0.006350616207651904,0.0004633296230533665,-0.0006416252058868778,1.7190037843030233e-05,9.422621974362996e-07,-0.006488839518842006,-0.00019907937420459972,9.335340559495041e-06,0.024974846919086774,0.0006456167932221979,-4.888289630028155e-05,-0.0011915543747704064,3.192336854927775e-05,1.7498550104296007e-06,-0.008630163604066255,-0.0002647754804968929,1.2416014217269778e-05,0.026535775652956402,0.0006859677878436119,-5.1938077951895105e-05,-0.0010541235875719402,2.8241263200458088e-05,1.548034801167989e-06,-0.015776968030014382,-0.0004840414529168527,2.269795096321118e-05,0.026535775652956402,0.0006859677878436119,-5.1938077951895105e-05,-0.0007333109846285012,1.9646232066726632e-05,1.076903832439816e-06,-0.015776968030014382,-0.0004840414529168527,2.269795096321118e-05,0.0218529945804784,0.0005649148284038029,-4.2772544696152484e-05,-0.0005958049701773778,1.596231930988858e-05,8.749653870309782e-07,-0.01323204546000753,-0.00040596272101725957,1.903663203808701e-05,0.020292063282043343,0.0005245639070556871,-3.9717354136804665e-05,-0.00036662087068092526,9.82218790492144e-06,5.384002212581888e-07,-0.010051212390750323,-0.0003083739476875684,1.4460433974836104e-05,0.01873113882244944,0.00048421266818994633,-3.6662177753206017e-05,-0.5229723796367991,0.00501606134690333,0.0005039257084963262,0.024486021941029362,0.0015421625141123895,-8.01309117304419e-05,-0.12688774330411748,-0.0020912229059254564,0.00046738729357160934,-0.3192059232171263,0.0250888630529246,6.927354587288333e-05,0.060600661484721076,0.009215383269364037,-0.00018038870599081282,-0.6284408032137465,0.025179659415950142,0.0003260525788740414,0.7334408148986159,0.018477462048407098,-0.0013527754966141952,0.10019402034051031,-0.013601056041606394,0.0007605355347200622,-0.28662743129924073,0.0016617398226029154,0.0008343361459337729,-0.14509543637003938,0.027820808975042556,-0.0002581272937447809,-0.8600286040652995,0.004025622586865711,0.0013630644357560445,-0.07617287973981524,-0.005584144073074725,0.00017262479916738932,-0.8168817235077608,0.031102551416950164,0.0007054966514667408,0.3415833680089261,-0.011631546531780447,-0.00020836760452152612,0.21131288596369477,-0.007934027436408928,-0.00012425855051074265,0.21640443653972055,-0.0012348543509692889,-0.0004531077525826688,-0.10931943315904029,0.00548696545924305,-0.00013646284200538277,1.0802672359267975,0.5016999862133363,0.538702306041365,1.668695944367117,0.9165824618248017,0.06455004589040164,0.009287443233560191,0.013698029260822735,0.005649101689481116,0.06241942033566529,0.00754240787641731,0.0017400468855445685,0.0024936419599575653,0.0008388526956018166,0.0006919631239383135,0.0024460308732364103,0.0023346404917440433,0.00011994789865686548,0_1_29_p1
1033.333,-0.028885043536869968,1.6903697429162352,-1.6521358083344728,0.0039166958677279776,0.0020945995552484288,0.0020347447352150345,0.36664908966293713,-0.017497062385590303,-0.12564299656535302,0.5424788154405528,0.00946803868894031,0.8320883688021045,0.25708564294726866,0.33300206585898184,-0.09025799782820579,-0.3035743864923638,0.5867058606104826,0.010239950443874848,0.7743182617817446,0.103117571788928,-0.0003006040410569901,0.004916701710612651,-0.0018593825292881534,-0.0005582500439018937,0.006539213140475139,-0.001975594529533946,-0.0004938593624753166,0.011954465159926967,-0.001975594529533946,-0.00034355858861057293,0.011954465159926967,-0.0016269610221240733,-0.00027913798725396174,0.010026136639864533,-0.0015107500192092825,-0.00017176333700926825,0.007615970086549013,-0.0013945385176289916,-0.04984433151693744,-0.019516248258522065,0.00848951036916518,-0.4789959136671921,-0.48892548722352974,0.10235755769417156,1.2805666300248428,1.4584031997042513,0.1269333593719235,-0.1761533058316115,-0.2186604741353615,-0.3337129539219497,0.10765144899208422,1.5855161220402791,1.4913999602048051,0.26755978216884163,0.20575418917986993,-0.6511128977668129,-6.764837562091449e-05,0.001614374803716282,0.23868036386377064,-0.004781844080139912,-0.000294597048168441,0.6329226625526376,0.0037456190587786178,-0.0016951330918100836,3.2935858981634624e-05,7.01320717558117e-06,-2.982962120746624e-08,-3.229899189947802e-05,6.487959750776827e-06,-4.795164922095469e-07,-0.0008979569401860653,-6.3299580957636465e-06,1.4613964193541596e-06,0.41412674908637387,-0.00015798052787892525,-0.0005927002395959554,-0.045255120893841504,-0.0009361243661013676,0.0001384141377843291,0.11801970599801777,0.00031962252246106083,4.600993290975384e-05,0.31180003613302637,0.008913562201569303,-0.0005536339544116146,0.0054419351829597465,0.00015557120414154554,-9.662731169462466e-06,0.13700955390692154,0.002569791820455791,-0.0002216085891730412,-0.13238094415005286,-0.005352925857975734,9.079460052564378e-05,0.3577251352133101,-0.0046326607932728504,-0.0005807345075695781,0.06060230280659709,0.0011255350355360112,-8.941246941551026e-05,0.08868462767504857,0.0026678290996428257,-0.00022101715869880253,0.19935069533535743,-0.0015394442945748691,-0.00042575971521400434,0.0034793236946848516,-2.6868536810489378e-05,-7.430903417251271e-06,0.04071700439278945,0.004555645843114242,-4.961684712944734e-05,-0.2948920195204669,0.0070965830784405414,0.0004449319209083942,-0.0006327757454379089,1.7984222696084656e-05,9.27430457269992e-07,-0.007092169778850557,-0.00018734150477121159,1.0932293989593608e-05,0.026675948815456277,0.0005707344868275632,-5.346710634370854e-05,-0.0011751189297750542,3.339818906785278e-05,1.7223148548110286e-06,-0.00943259390134945,-0.0002491641647090623,1.453996005079375e-05,0.02834319673841968,0.000606405320507515,-5.680879979491499e-05,-0.0010395842112856128,2.9545967545410154e-05,1.523669445511164e-06,-0.017243907150529748,-0.0004555020895155238,2.6580780438957617e-05,0.02834319673841968,0.000606405320507515,-5.680879979491499e-05,-0.0007231954837115141,2.0553892834016844e-05,1.0599537755944009e-06,-0.017243907150529748,-0.0004555020895155238,2.6580780438957617e-05,0.023341458953515498,0.0004993927706187944,-4.6783728225881536e-05,-0.0005875872476797018,1.6699766205825123e-05,8.611917652844013e-07,-0.014462358112144226,-0.00038202694796093755,2.2293137289355728e-05,0.021674209320841815,0.00046372196136327534,-4.344202319872549e-05,-0.0003615652573602913,1.0275969439701188e-05,5.299268382349376e-07,-0.010985771663629927,-0.000290192106906662,1.693411418353188e-05,0.020006966527009284,0.0004280509567122947,-4.01003379779371e-05,-0.5201114684114256,0.005707065867981109,0.0004981461296156158,0.02833776413398061,0.0013355337187371302,-8.952672888196632e-05,-0.12972844831845634,-0.001152787060364026,0.00047155466227640104,-0.2753712886152844,0.024934576891459698,-3.375407665545817e-05,0.07801916168526171,0.00895958838409517,-0.00022565429984022236,-0.5957861556705171,0.02532950792666566,0.0002598300224965104,0.7570544298099982,0.015589466618482404,-0.001401635633571312,0.08936896315363185,-0.012626671558867701,0.0007581004245081709,-0.2894960763991006,0.0029044286767211133,0.0008204805377019866,-0.10424513612438256,0.027335520044226527,-0.0003582674977370772,-0.8637403697124338,0.006419861648076961,0.0013643903352405491,-0.08596866226844269,-0.005072599829679516,0.00019203897374823548,-0.7820861083539019,0.03190778065652086,0.0006216650659417267,0.30486731991959004,-0.012092198952566512,-0.00011663641207758713,0.2029220048629394,-0.008080926281662855,-0.00011270064614689326,0.20479193894050576,-0.002272324016995545,-0.0004137102583669689,-0.11252592385058445,0.005370543079146356,-0.00013246075998393328,1.0993137599859055,0.5117784603464373,0.5367945964261533,1.6329392793511537,0.9388866954855736,0.06928808704892193,0.008231010574015471,0.013719309379620096,0.005973539080135119,0.06190559894084521,0.006074570156813155,0.0015666110715141365,0.002516572410444197,0.0008635454529542606,0.0006917574727821402,0.0024413783779993832,0.002359337193603009,0.00013241305880590614,0_1_29_p1
1050.0,-0.04110829987357958,1.6942582906124526,-1.6385752961835156,0.003915599302292224,0.002090307042619524,0.0020192207795167957,0.37238045072985515,-0.019238582830491287,-0.12603061324826997,0.5470517660776717,0.009547851598303009,0.8351561006177463,0.25606917964686865,0.33895038182389825,-0.08842720877872029,-0.29898777890318085,0.5905487913840388,0.010307021951032488,0.7744539860643621,0.09641157348913577,-0.000309027997358116,0.004754280871756556,-0.0011018079061604986,-0.0005738941779857696,0.0063231927416248,-0.001170671118461687,-0.000507699324778131,0.011559553998067717,-0.001170671118461687,-0.0003531868220955748,0.011559553998067717,-0.0009640829775546257,-0.00028696055296140025,0.00969492750237557,-0.0008952202639189377,-0.0001765769550862686,0.00736437987754303,-0.0008263575502832509,-0.0589854520850212,-0.017535817670963592,0.001846624671121577,-0.48143698202291246,-0.4862981134474726,0.09377351779939087,1.3038261801778972,1.4589544400072119,0.11929770695806698,-0.1761052783599206,-0.23969879760527626,-0.33772520108090376,0.09524339170885293,1.5919859633296418,1.4942480922006338,0.27692602278383016,0.20513539366421635,-0.6624504551449576,0.0016013629669576104,0.0016229734339167383,0.23069226913541052,-0.005067947195073698,-0.0002780402210631564,0.6466233207956821,0.0017445289773160727,-0.0017051433603393672,4.6667397157038145e-05,6.991445006062352e-06,-6.734612449797203e-08,-1.4860801820410139e-05,6.524742946394368e-06,-5.336439837506035e-07,-0.0009032433643955338,-4.895413466679497e-06,1.4864812900631412e-06,0.4148581999062095,-0.0006116194972451098,-0.0006026709802322905,-0.04854422136706527,-0.0006707271372461486,0.00014687852620579524,0.1225503160160521,0.0006635051744444389,2.5942280019046216e-05,0.3268006811418504,0.008415946137457029,-0.0005973203182734071,0.005703745683875761,0.00014688624224668288,-1.042520071195805e-05,0.1397123041078584,0.0022814012352792624,-0.00023022192355244455,-0.1401105298280622,-0.005343171643266964,0.00011369226026406458,0.35071016312822356,-0.005244857317740057,-0.0005637425330407271,0.0637518857912163,0.000941111395615033,-9.812307351653299e-05,0.08448007992539606,0.002109648697939981,-0.0002037475921321236,0.19718166881434196,-0.002044777844379097,-0.00041695661281717424,0.003441467289495307,-3.56882238760203e-05,-7.277261167709563e-06,0.04614994051564989,0.0045497696177044045,-6.195343483624104e-05,-0.2861444774663112,0.007757748636478476,0.00042163367825940234,-0.0006199973707478787,1.8638015910088863e-05,9.033467420041328e-07,-0.007614699130663918,-0.0001728615775540293,1.2404195720047488e-05,0.027989605569841064,0.0004862654196346185,-5.7279638997717076e-05,-0.001151389005837368,3.461232761642381e-05,1.6775868769943894e-06,-0.010127557793935846,-0.00022990593917990564,1.6497592245942712e-05,0.02973895805509399,0.000516656961039444,-6.085961646158552e-05,-0.001018590678663338,3.062003197255582e-05,1.484100927271837e-06,-0.018514384316744337,-0.00042029566199856783,3.015956759828197e-05,0.02973895805509399,0.000516656961039444,-6.085961646158552e-05,-0.0007085911384342544,2.1301060654160417e-05,1.0324251480343906e-06,-0.018514384316744337,-0.00042029566199856783,3.015956759828197e-05,0.024490909147886653,0.0004254823368249678,-5.011969412709956e-05,-0.0005757218582832866,1.7306884328976e-05,8.388270238025255e-07,-0.015527899999872351,-0.0003524995185599324,2.5294643089343908e-05,0.022741555807778584,0.0003950908442690078,-4.653970730395271e-05,-0.0003542630847216616,1.0649565561989315e-05,5.161680079795247e-07,-0.01179516903033537,-0.0002677627351603715,1.9214091892885163e-05,0.02099220845165652,0.0003646991318931538,-4.295974103290553e-05,-0.5172164997571217,0.006361383987468073,0.0004930660462495019,0.0314004433995328,0.0010873765489630722,-9.778194596251746e-05,-0.1300540609330324,-0.00014365677048430758,0.00047081584773538284,-0.2340481013108714,0.024609229794891305,-0.00013041377016714863,0.0937047072319184,0.008599989391263427,-0.0002671929136795674,-0.5643795162809019,0.025409001639223768,0.00019641991860696508,0.7781189513131263,0.012602669864267578,-0.0014438837025589513,0.08013296370913013,-0.011691137189362152,0.0007524528565937079,-0.2900986629351341,0.00410943048466598,0.0008016588184363642,-0.0655141149595008,0.026701216135309076,-0.00045200347800575935,-0.8639686057775757,0.008822839233963964,0.0013562938978118697,-0.0950306841586368,-0.00451641033675779,0.00020957414462224988,-0.7478381065663423,0.03257046990836718,0.000538947020309797,0.270882953748678,-0.012399702291351239,-3.1338463072493996e-05,0.19377988902975518,-0.00816609393647932,-9.884309770522289e-05,0.1925326442617838,-0.0033381719184407384,-0.0003721761091976108,-0.11610369779276411,0.005289889035064879,-0.00012412132649483587,1.1107940036683033,0.5185389470473848,0.534240539674657,1.5995732481347815,0.954034625055457,0.07307495722249249,0.00808708710748388,0.013772053489790182,0.006455248350215197,0.06139367801992965,0.005593920708621182,0.0013695975824186714,0.002524533815609936,0.0008822399184988764,0.0006887256328895562,0.0024420322703497415,0.002370414628282528,0.00014308848005325668,0_1_29_p1
1066.6670000000001,-0.05406990029705288,1.6980831741828777,-1.6244362672253827,0.003914804429484315,0.002087290116341077,0.002003976076498876,0.37824803275022933,-0.02101014737313609,-0.1260763453626617,0.5517468229412532,0.009629795804015146,0.8380596323560262,0.2549932125869477,0.34467262678680033,-0.08646335632572828,-0.29461557603662636,0.5939451736844862,0.010366299815081722,0.7744939306669543,0.09003252173413363,-0.0003170585065792921,0.004568056235230764,-0.00025409799780834935,-0.0005888077671113108,0.006075513566139784,-0.0002699789980049957,-0.0005208930165922071,0.01110676622221583,-0.0002699789980049957,-0.0003623652592990626,0.01110676622221583,-0.00022233649608055617,-0.00029441759685692114,0.009315177766395642,-0.0002064559945494102,-0.00018116567502251196,0.007075917344093915,-0.00019057499435276375,-0.06774944041233752,-0.015305318801506873,-0.005122642583699971,-0.4822912763105341,-0.48291813524733185,0.08584023588418828,1.3272735452117579,1.4597039138092827,0.11170534569097694,-0.1750672632352515,-0.2608299745860592,-0.3420465744743197,0.0835780867154104,1.5968873255907916,1.4965523975534991,0.2865081691046038,0.2042870305040585,-0.6670028665337251,0.003276046273415478,0.0016193185321042268,0.22200995936756973,-0.0053439666829751264,-0.0002595505287942484,0.6540098787501252,-0.00025160729186129283,-0.0017038130451637321,6.267455972532824e-05,6.928845185101094e-06,-1.0873424928887389e-07,-1.8610196481271885e-06,6.461605787914096e-06,-5.774357532220028e-07,-0.0009011002425499416,-3.5525337334470836e-06,1.4934202029720251e-06,0.4132098041037331,-0.0010702286432664114,-0.0006064574133411898,-0.0507170314769472,-0.0004116752050304156,0.00015365485904160836,0.1273620383092951,0.0009439903279195717,6.226659267933457e-06,0.33872478027983355,0.00791863432850265,-0.0006334707921002455,0.005911861023497285,0.00013820655602927905,-1.1056145382307539e-05,0.14141184931301118,0.002013429109457544,-0.00023709019781384128,-0.1484266769275784,-0.005311254454099152,0.0001362085359753772,0.3416847170702139,-0.005796096173552798,-0.000541564926259831,0.06616756537659228,0.0007411116843625821,-0.00010560033867353359,0.07935790245413236,0.0015907170406360945,-0.00018412236858723254,0.19279493433643566,-0.002451524467563268,-0.00040291569641463695,0.0033649038982481077,-4.278723408360996e-05,-7.032201755847671e-06,0.05158060699810386,0.004558002116983856,-7.393910555325186e-05,-0.27511563392625904,0.008342018777531345,0.0003928952156332361,-0.0006027216031461382,1.917056624026474e-05,8.693139085459131e-07,-0.008022233368528739,-0.0001546294224417999,1.3695286864568795e-05,0.028837320963513723,0.00039082719317805434,-6.0195184361516974e-05,-0.0011193071471444233,3.560134616897432e-05,1.6143863518206683e-06,-0.010669577843028626,-0.00020565709374547898,1.821474357043765e-05,0.03063965566087119,0.00041525379963353325,-6.395738618231708e-05,-0.0009902077781777628,3.14950128489189e-05,1.4281882765233372e-06,-0.019505261446499726,-0.0003759658540201261,3.3298726832644776e-05,0.03063965566087119,0.00041525379963353325,-6.395738618231708e-05,-0.0006888465491771215,2.1909790789868233e-05,9.935293895046562e-07,-0.019505261446499726,-0.0003759658540201261,3.3298726832644776e-05,0.025232659262495086,0.0003419738337205007,-5.2670797632297e-05,-0.0005596805015092421,1.7801405817467607e-05,8.072256597216417e-07,-0.016358943153674813,-0.00031532042731306526,2.7927437653580144e-05,0.023430325419992754,0.00031754722726502196,-4.890858936673062e-05,-0.000344392072375811,1.09538939931942e-05,4.967196805913128e-07,-0.012426438521009848,-0.0002395210811689906,2.1213991841322023e-05,0.021627994142055868,0.00029312044983851427,-4.514639821195025e-05,-0.5140719544338651,0.006966946396379331,0.000488094706040411,0.03347031954669056,0.0007952949190953442,-0.00010431845130519628,-0.12756869355633105,0.0009149174372107591,0.0004643177352200094,-0.1954720294796509,0.024098130735630587,-0.00021958475885646268,0.10731988423485549,0.008135286837776878,-0.000304162677789109,-0.5342135734688552,0.02540454000368151,0.00013658832348610283,0.7964998978710498,0.009582625717432241,-0.001480128909640334,0.07245151577912598,-0.010799664545261954,0.000742804428433598,-0.2881252016253735,0.005283503486960333,0.0007776055413090067,-0.02897424225704646,0.025938775522014637,-0.0005397820788488844,-0.8605076896787033,0.01119711940594574,0.0013388602272654004,-0.10303060922733188,-0.003922149967703172,0.00022509026627948907,-0.7140317844956574,0.033089700423029327,0.00045768754248109674,0.24021599999849863,-0.01253989570170573,4.4948452976562425e-05,0.18394717077492687,-0.008190559035840702,-8.30823793251882e-05,0.1801207929889483,-0.004418309847139022,-0.0003302726116637281,-0.11898442456037191,0.005244554772292432,-0.00011561448794414289,1.11304577668633,0.5218501669629391,0.5307202730268371,1.5677050817239366,0.9601619568794425,0.07567857296432638,0.008845010421306402,0.013833425276526631,0.007071627112289938,0.060897754309432554,0.006273266111473853,0.0011447996149103138,0.002514423330016037,0.0008935301685131388,0.0006816962230988438,0.0024458176189682632,0.002364855271225442,0.00015160219505747072,0_1_29_p1
1083.333,-0.06755324844978634,1.7018287978639803,-1.6100035098261138,0.0039144349183483935,0.0020856380375376886,0.0019887922106720263,0.3842940163427564,-0.02277925449219409,-0.1257350916059948,0.5566461840577489,0.009715305966721854,0.8408575238026723,0.25383726606338686,0.3501782958374845,-0.08443226132331193,-0.2905788932708132,0.5969412766889607,0.010418591375467978,0.7745718167328228,0.08408964222050438,-0.00032479330715863043,0.004368386080813109,0.0006737295045273479,-0.0006031718268552243,0.005809952245804337,0.0007158373180609635,-0.0005336005095432274,0.010621287930808592,0.0007158373180609635,-0.0003712056012931641,0.010621287930808592,0.0005895123814636163,-0.000301599876061628,0.008908009905197885,0.0005474035705990001,-0.00018558534735406217,0.0067666280460135005,0.0005052957570653845,-0.07619042863363525,-0.013000307338293018,-0.012180558103223316,-0.48161491435082926,-0.4788925797034985,0.07854555348632887,1.350612230089094,1.4606998011737982,0.10432759808736015,-0.17311575524672607,-0.28187670655364455,-0.34661688018962356,0.07272540103771039,1.6001483102345244,1.4983332816556838,0.2960997112807392,0.20334250419010516,-0.6637381319966661,0.004980262724591594,0.0015993977676216733,0.21276837515441252,-0.0056125300266143645,-0.00023925234266645537,0.6540896546870032,-0.0022507108853649944,-0.00168732159696935,8.094452385934772e-05,6.814050351500516e-06,-1.542466139981937e-07,6.842260571246828e-06,6.2494307412144716e-06,-6.0951356477961e-07,-0.0008916754645891715,-2.27662579462589e-06,1.481455302826773e-06,0.40924823696074275,-0.001548090397197356,-0.000603657348768104,-0.051564189505066096,-0.0001591656990503389,0.00015798366902516778,0.13236029255948822,0.0011515483508361779,-1.3189325334412932e-05,0.3474259703783803,0.007412241368930879,-0.0006611493562649731,0.0060637260397993905,0.00012936833081934312,-1.153922872425205e-05,0.14191129757594093,0.0017631796206578436,-0.00024190874577101478,-0.15747390213008752,-0.005257383803255845,0.0001587665167544125,0.3308806696582049,-0.006295857777529509,-0.0005142910373843642,0.06769858187412404,0.0005258429168974586,-0.00011138106738401335,0.07371106875145726,0.0011197857194783754,-0.0001629779376533345,0.1863529049755594,-0.002763396775592583,-0.0003835866328333661,0.003252469930310488,-4.823041430202544e-05,-6.694844506407197e-06,0.05698665792669021,0.004577401344762874,-8.588359248971841e-05,-0.262050450206342,0.008856009445377172,0.00035865672457266804,-0.0005806902763792497,1.960107129069951e-05,8.238134550235116e-07,-0.008284360165847974,-0.00013325098518490622,1.4705178119952241e-05,0.029141352759983703,0.00028483135914854476,-6.202891647244294e-05,-0.0010783946348156736,3.6400879972785886e-05,1.5298898148719402e-06,-0.011018208287207561,-0.00017722373238198495,1.955789751410757e-05,0.030962689177478315,0.0003026331801813679,-6.590572674858168e-05,-0.0009540132113878335,3.220234441935981e-05,1.3534339205638028e-06,-0.020142599553840273,-0.000323986167179408,3.575417222512824e-05,0.030962689177478315,0.0003026331801813679,-6.590572674858168e-05,-0.0006636676457706363,2.240186983509173e-05,9.415267825573798e-07,-0.020142599553840273,-0.000323986167179408,3.575417222512824e-05,0.025498686763835633,0.00024922742398970617,-5.427531061587451e-05,-0.000539222963062152,1.8201184931589716e-05,7.649759408327877e-07,-0.0168934746717076,-0.0002717254772406957,2.9986806552787517e-05,0.02367735205605132,0.00023142560295688307,-5.039849890300443e-05,-0.00033180433038285584,1.1199921303589607e-05,4.7072141819899904e-07,-0.012832475052662667,-0.00020640580030488166,2.2778310644372064e-05,0.021856019057977284,0.00021362356210416567,-4.652169527687929e-05,-0.5103543586746495,0.0075162789007969,0.00048260100816582266,0.034256125475991606,0.00047293173104315397,-0.00010863691878668251,-0.12197119354400665,0.00199055162264483,0.0004514247674955571,-0.1596446452002317,0.023393078013607682,-0.00030091277958633713,0.11863320390510719,0.007579171741677108,-0.00033567353304343186,-0.5050305037778525,0.02530243249048593,8.024764204639647e-05,0.8118076581388476,0.0065911399850557655,-0.001510291192222979,0.0660320451906408,-0.00996178142678494,0.0007291529201958289,-0.2833054556617504,0.006412677762965812,0.0007476699089370372,0.005315760273440151,0.025073235543737898,-0.0006212933828272091,-0.8530988584734878,0.013508090031801362,0.0013120075212912057,-0.10963932337328341,-0.0033020029973051196,0.00023786134548725894,-0.680451454495362,0.03346448310868154,0.00037777380483561566,0.21310377671524244,-0.012496438749678013,0.00011086291470273627,0.17353002738159753,-0.008150681118055917,-6.557981926952908e-05,0.16746963698656858,-0.005502411763563687,-0.00028981717244861154,-0.12091285893999619,0.005224614103689729,-0.00010987680713206508,1.1049042658636712,0.5218566098911521,0.5258441077024532,1.5360021865811693,0.9558518543083977,0.07687570448405057,0.01030948773957449,0.013882620047585226,0.007789763070800427,0.06042163426365483,0.007833856027831798,0.0008971347460074014,0.0024810017086497106,0.0008967566205964207,0.0006696939852757754,0.0024496197950568954,0.0023371717232912935,0.00015736861764642534,0_1_29_p1
1100.0,-0.08114772969464229,1.7054513843101307,-1.595707466560482,0.003914573547357553,0.0020852979476663003,0.001973416358627457,0.39054333877178876,-0.024502833451050074,-0.12497749055359558,0.5618781695244243,0.0098066215931862,0.8436124661870854,0.2525467082786057,0.3554576420600765,-0.08240350556075872,-0.2869279696589275,0.5996103453835171,0.010465175709200206,0.7748500715834753,0.07864247760367812,-0.0003324069320213303,0.00416502929234974,0.0016665585535278206,-0.0006173109884583805,0.005539488046267288,0.0017707183072903406,-0.0005461090349595205,0.010126847124359607,0.0017707183072903406,-0.0003799073142781074,0.010126847124359607,0.0014582380486717799,-0.00030866995552870685,0.008493325160244536,0.0013540772975782593,-0.00018993620384653368,0.006451629027951561,0.0012499175438157389,-0.08432649786129956,-0.010690061881985178,-0.01908400350663165,-0.47953886914152594,-0.4742863361628996,0.07181738850770533,1.373598369428168,1.4617399790107435,0.09722070912769135,-0.1702238713372086,-0.3027382211890154,-0.35139021008350174,0.06273191152950265,1.6017206324777513,1.4998377764148538,0.3056458629283508,0.2023435340754652,-0.6529415201146985,0.0066771881895192516,0.0015599735500252767,0.20317240561225075,-0.005871506023268917,-0.000217472378545977,0.6470205497547885,-0.004206521243813314,-0.0016525618992361245,0.0001010156677814273,6.63196620586384e-06,-2.03902060331137e-07,1.1897873891880778e-05,5.872219802889608e-06,-6.301788857068024e-07,-0.0008754879275855333,-1.0250934396203345e-06,1.450915970548109e-06,0.40325349516648556,-0.0020511347670485527,-0.0005943864075902977,-0.05104022998059709,8.240180763525967e-05,0.00015917942513680273,0.13754492147328481,0.0012840343383650873,-3.2138034251844114e-05,0.35298835636081705,0.006884522289237039,-0.0006798322825425004,0.006160807664208891,0.00012015785283091676,-1.1865309021559551e-05,0.1410504550266798,0.0015192372775337914,-0.00024414749582478374,-0.1672775313740806,-0.005181775993512859,0.0001817964124648909,0.3185909301683906,-0.006747956835264021,-0.0004825712576537783,0.06827574245361438,0.00030520140927777243,-0.00011500038174450542,0.0676877859085124,0.0007064348518194432,-0.00014140518800464684,0.1780726968411453,-0.002992362813754063,-0.0003594226592922112,0.0031079532488247803,-5.222659343069006e-05,-6.2731057269405004e-06,0.06224372726537545,0.004589848499721298,-9.783237254360631e-05,-0.24713292105344278,0.009290696154082395,0.00031964563376919123,-0.0005537016446332677,1.9951952690594337e-05,7.661887131182767e-07,-0.008399258681165263,-0.00011045651701890067,1.5341462785433548e-05,0.02887166220435182,0.00016961210218128755,-6.258251800905764e-05,-0.001028274477732689,3.70524994122815e-05,1.4228795337188275e-06,-0.011171023047574467,-0.00014690710071219227,2.0404161497156756e-05,0.030676142588120316,0.00018021277002904946,-6.649392788179964e-05,-0.0009096752944977414,3.2778834303928735e-05,1.2587638821962077e-06,-0.02042196535999007,-0.0002685636367324134,3.730124365688718e-05,0.030676142588120316,0.00018021277002904946,-6.649392788179964e-05,-0.0006328236173259634,2.280294344414594e-05,8.756692417115902e-07,-0.02042196535999007,-0.0002685636367324134,3.730124365688718e-05,0.025262707420800848,0.0001484105955147347,-5.475971074261152e-05,-0.0005141620296655157,1.8526982439121177e-05,7.114672563189413e-07,-0.017127776788950187,-0.00022524292419018557,3.128432575644632e-05,0.023458228746742638,0.0001378100009402708,-5.0848302347650346e-05,-0.0003163835984432351,1.1400421471467694e-05,4.377970845392953e-07,-0.013010453329043464,-0.00017109713211272337,2.376392182436572e-05,0.021653750927539583,0.00012720908884818194,-4.693689929596139e-05,-0.5056839063230559,0.0080160832475308,0.00047566511313847,0.0336791939976798,0.00014600706036789853,-0.00010994906519469826,-0.11352211732447935,0.003049998368772992,0.00043143929344101784,-0.12637714089127097,0.022502075710807628,-0.0003746438708326248,0.12752829224737844,0.006946938047673673,-0.000361110645292177,-0.47610768618683846,0.025104021466457217,2.6649813929150182e-05,0.8233032457485914,0.003676916891009673,-0.0015335851589474315,0.06037728014194052,-0.009186230364213739,0.0007122624774726222,-0.27598962243792236,0.00747650957403978,0.0007111855041639615,0.03646599355635875,0.024127794673185828,-0.0006962271117177287,-0.8414398593190137,0.01572835686323128,0.0012755177764751072,-0.11470140880221137,-0.002665833843312675,0.00024715449783364944,-0.6469577392730952,0.03368297546162075,0.0002987125985236596,0.18964092491188186,-0.012257865678439114,0.00016606703031727126,0.1626035330833506,-0.008051066215913156,-4.6649219160132906e-05,0.15455131909007222,-0.00656270567113938,-0.0002510405117217747,-0.1213975635162604,0.005202724609603422,-0.00010750758915466013,1.0867973636974313,0.5188296884616332,0.5193628522953018,1.5028791372484713,0.9414074695485408,0.07660315778204674,0.012196070400511112,0.013889228794899585,0.00857796005717788,0.05995843204746019,0.00983637766614057,0.0006424977918690362,0.0024202348573526006,0.000892154222890362,0.0006515258711049824,0.002450057390866476,0.0022829312488277975,0.00015978189624241918,0_1_29_p1
1116.6670000000001,-0.09456287636419383,1.7089066839394704,-1.5817905137950379,0.0039153434868904324,0.002086169116295795,0.001957661520802455,0.397013881184846,-0.026150794773399634,-0.12381755670069217,0.5675810757405488,0.009906156224430933,0.8463697084167867,0.2510477113065793,0.3605266257425877,-0.0804085812604262,-0.2835855265096801,0.6020402750479513,0.010507586212692665,0.7754529432136991,0.07365903799312772,-0.0003399676983409696,0.003964884408375541,0.002697263241958573,-0.0006313519129579247,0.005273294916742618,0.0028658421010812015,-0.0005585307925787144,0.009640214920984049,0.0028658421010812015,-0.0003885486887374816,0.009640214920984049,0.0023601045263823128,-0.0003156911657767297,0.008085189389310174,0.002191525168594183,-0.00019425664174347058,0.006141604696923306,0.0020229463094715533,-0.09222940606086245,-0.00848735912619572,-0.02569733579378398,-0.4762064347075407,-0.46915022312803273,0.06551506242395186,1.3960726341162275,1.462750961977292,0.09066273668975028,-0.16598720326038152,-0.323347217100218,-0.3563148844581375,0.05366139750831008,1.6015864241382554,1.5011204039221793,0.31465602496000594,0.20135660673266395,-0.6335523556904273,0.008306356980891483,0.0015015692823462557,0.1934666735244738,-0.00611351160657908,-0.0001947010546166217,0.6316445575139752,-0.006057055409716594,-0.001599804454649516,0.00012241183717644755,6.37384880129132e-06,-2.5661753915854837e-07,1.3980301022259443e-05,5.337300302743647e-06,-6.410067429910322e-07,-0.0008533266628367811,2.513029878544561e-07,1.4030841399313234e-06,0.395544108005815,-0.0025816870320845265,-0.0005793266253422083,-0.049077392810564224,0.0003080474174470572,0.0001570495281636868,0.14279272332735554,0.00134193143020915,-5.068141761541157e-05,0.3555685220438385,0.006315510994983986,-0.0006896718007454786,0.006205840578330913,0.00011022670753180545,-1.203704016330105e-05,0.13871484373864054,0.0012704247513820395,-0.00024333453653291147,-0.17782635921833256,-0.005078685396901882,0.00020549881469185272,0.30514770300336064,-0.00715311022827997,-0.00044720943632022085,0.06783522533973504,8.976865617162935e-05,-0.00011627471190602482,0.061760711028020325,0.00035269173884513294,-0.00011991139277704296,0.16822249679862655,-0.0031562341728535873,-0.0003310249936692303,0.0029360341857034844,-5.5086718922064045e-05,-5.777473268840801e-06,0.06720922517616677,0.004571096128617405,-0.00010950740216032642,-0.23078804368630457,0.009641770824513016,0.00027651975809411014,-0.0005219583085772813,2.025723367467379e-05,6.959009496293583e-07,-0.008357317778098486,-8.777137261357507e-05,1.5590715797129395e-05,0.02804946936585347,4.744639001296632e-05,-6.177265071353078e-05,-0.0009693228121587555,3.7619439343672154e-05,1.292349221734875e-06,-0.011115241184873871,-0.00011673591653901484,2.0735666604635837e-05,0.02980256269721581,5.0411687111465045e-05,-6.563344263941118e-05,-0.0008575231467378628,3.3280390029032454e-05,1.143291903434695e-06,-0.02031998883502697,-0.00021340711278174682,3.790728077654065e-05,0.02980256269721581,5.0411687111465045e-05,-6.563344263941118e-05,-0.0005965435650216503,2.3151870889426288e-05,7.953405734227922e-07,-0.02031998883502697,-0.00021340711278174682,3.790728077654065e-05,0.024543288687114785,4.151555157164249e-05,-5.405107642629574e-05,-0.000484684914595833,1.88104768292492e-05,6.461999520715412e-07,-0.017042248531809606,-0.0001789834394833508,3.179260500790721e-05,0.022790197065462734,3.855032774644192e-05,-5.019028610134452e-05,-0.00029824357229107863,1.157490961854054e-05,3.9763614039668737e-07,-0.012945486047822379,-0.00013595794505893817,2.415001576465882e-05,0.02103710629866582,3.558478640361665e-05,-4.6329497678351956e-05,-0.4996048159717565,0.008467871357812861,0.0004663097589320147,0.03177598382878449,-0.00017677459148941472,-0.00010799358817864948,-0.10216591982992326,0.004057827447001631,0.00040509392112329383,-0.09567498164170335,0.021445199050032743,-0.00044148123922800706,0.13391397126688281,0.006246104084634472,-0.0003802211176787984,-0.44722338665889527,0.02482236411118443,-2.6093581238027553e-05,0.8303179964261956,0.0008762097184201279,-0.0015483623385571658,0.055925036404651955,-0.008444677452474804,0.0006934153620445036,-0.2658411959202153,0.00846642567564247,0.0006691173160876167,0.0638542273393258,0.023105202979356157,-0.0007623425617857205,-0.8251270398746244,0.017845168050479396,0.0012289825639646085,-0.1181418100873424,-0.0020205322962430993,0.0002527163603043691,-0.6131762669865864,0.0337388242472669,0.00022006555731667466,0.16969637734290896,-0.01181586912782345,0.00021074009399775495,0.15129189662287712,-0.007929246036193965,-2.656026590640483e-05,0.1412297651673745,-0.007594438526417533,-0.00021422018734052186,-0.12089482919015758,0.00516425634795079,-0.00010957218240580974,1.05762854968996,0.5132437413308049,0.5109330293347203,1.4667735539102513,0.9153106202536059,0.0748821230419961,0.014244956889673324,0.013824918322161157,0.009391595081683593,0.05950079670887153,0.011960709839722519,0.00042273239761286753,0.002332968683621185,0.000880510940286526,0.0006270633869825114,0.0024439712263971246,0.002202724573989771,0.00015863161403067695,0_1_29_p1
1133.3329999999999,-0.10741244061232309,1.7121825866603182,-1.5685656439178695,0.003916925253858239,0.002088221623496141,0.0019414743399884579,0.40373890756280895,-0.02767810497521734,-0.12226799205491502,0.5738548028591791,0.010015653195046052,0.8491069003040415,0.24923351136230126,0.36545658996085345,-0.07847530847192559,-0.28046229073049733,0.6043252331767253,0.010547465988769737,0.7764348125923282,0.06910439236920375,-0.0003475299606571109,0.0037751147588061976,0.0037333649871019916,-0.0006453958294504722,0.005020901856280718,0.003966700049463115,-0.0005709545448599106,0.009178809207951319,0.003966700049463115,-0.00039719155919335744,0.009178809207951319,0.0032666933663832417,-0.0003227133733557538,0.007698210998233989,0.003033357805356617,-0.00019857757830590793,0.005847651856312917,0.002800022742995492,-0.09993676358170787,-0.006471157267619375,-0.03190977442906673,-0.47171938917620493,-0.46361138783490563,0.05961832791974887,1.4179099558537367,1.463669363704336,0.08472817940466007,-0.1600761884722387,-0.3436084287313584,-0.36126250243245467,0.04548756484095312,1.5997233594629106,1.5022195110559888,0.3226631587371774,0.20031100291640713,-0.6065402479124856,0.009829798191778344,0.0014214252214180285,0.18385228185396202,-0.006330942840040471,-0.00017154716521545108,0.6086309397823951,-0.007772904094654778,-0.0015261467578382463,0.00014422004675079366,6.026093728779716e-06,-3.1133303010205773e-07,1.3435758295637717e-05,4.659107080491199e-06,-6.436649764639417e-07,-0.0008261448338282942,1.5916425800880266e-06,1.3399277224095579e-06,0.38654662853383565,-0.0031407087089466374,-0.0005592482530263831,-0.04574257895852394,0.000514970893602611,0.000151395542849265,0.14824964070156618,0.0013316483044106741,-6.848744340668196e-05,0.3555920382539903,0.005683337018718465,-0.0006910327797974745,0.006206250053944819,9.919316546363857e-05,-1.2060794832883475e-05,0.1349936114256434,0.0010102485625300187,-0.00023906957586818835,-0.18897096040312134,-0.004937749850160288,0.00022998805490251912,0.29068586207857844,-0.007515760614335411,-0.000409094975142949,0.06638901047247164,-0.0001156273159640578,-0.00011506738083681196,0.05596764751415159,4.4628250121363244e-05,-9.98805219736175e-05,0.15687063256479433,-0.003275174272319911,-0.0002991279858422945,0.002737906973582514,-5.716264915335022e-05,-5.220763678697215e-06,0.07181994110516489,0.0045014836866668914,-0.00012055379712438434,-0.21302396316473793,0.009915989547841786,0.00023056091550111403,-0.00048573809613303663,2.053445098560279e-05,6.135872933292646e-07,-0.008177100636095981,-6.617968563494379e-05,1.5420581760146863e-05,0.026797579315031274,-7.766063446096067e-05,-5.9643715413112646e-05,-0.0009020585351661805,3.8134257535721675e-05,1.1394810214618413e-06,-0.01087555177051484,-8.801888981436397e-05,2.0509388151615863e-05,0.028472430319643915,-8.251452639208239e-05,-6.337144855774195e-05,-0.0007980175350307252,3.373588127409986e-05,1.0080556737477412e-06,-0.0198818080402557,-0.00016090906620624067,3.749361457994602e-05,0.028472430319643915,-8.251452639208239e-05,-6.337144855774195e-05,-0.0005551472046814908,2.3468753479029207e-05,7.012623452164761e-07,-0.0198818080402557,-0.00016090906620624067,3.749361457994602e-05,0.02344788414464711,-6.795307041861096e-05,-5.2188257867390394e-05,-0.0004510523486719736,1.9067959198571986e-05,5.697630058386666e-07,-0.01667474972489596,-0.00013495358796266396,3.1445662749043926e-05,0.021773038269165317,-6.309917848748911e-05,-4.8460525748997764e-05,-0.00027754667440371456,1.1733350913342e-05,3.5059657817018433e-07,-0.012666330536037966,-0.00010251242144054976,2.3886477018594704e-05,0.020098189829118093,-5.824550637626138e-05,-4.473279627829571e-05,-0.4919203734841829,0.00888132278086113,0.0004534461259706076,0.028832850071111464,-0.0004789516942393311,-0.00010274563552936281,-0.08838507019040151,0.004997159620393588,0.00037223329579803334,-0.06783199655185666,0.0202447644400282,-0.0005016289467204867,0.13786607516343066,0.005482108123466916,-0.00039285292695156115,-0.41843289380530585,0.024481902809306576,-7.859729386457961e-05,0.8323968630849017,-0.0017926712682649819,-0.001553211163533683,0.05255458278680981,-0.00772845866141202,0.0006715672033138947,-0.252798596618343,0.009341468663337854,0.0006208414832873292,0.08725140062198555,0.021940755670405813,-0.0008183657057736811,-0.8037961967999858,0.019852939630897286,0.0011716427381977801,-0.1200789494568964,-0.0013727135915658532,0.00025450572260091707,-0.5786721420493824,0.0336249816734477,0.00014073451685086834,0.15314778030129866,-0.011166533348359093,0.0002457010234756163,0.13963883700194188,-0.007793666181352914,-5.662951161055598e-06,0.12746827457744,-0.008533460338543415,-0.0001791838912128584,-0.11952972639836178,0.005091285155715711,-0.00011476321888171919,1.0186519731769146,0.505540026634302,0.5006285126963939,1.4264355128317383,0.8787064687575014,0.07199825051375118,0.016295042827354344,0.013675977949310332,0.010201906357879873,0.059005990189070046,0.01404008078160735,0.00035824288927987916,0.0022158405609108574,0.0008630856823488275,0.0005955901957543887,0.002427711094452358,0.0020926070637069197,0.00015393280726667223,0_1_29_p1
1150.0,-0.1195535931703604,1.7152881402595164,-1.5561415330961792,0.003919453487946128,0.002091510821137899,0.001924929117345052,0.41076441531011576,-0.029058405595474065,-0.12030302508452924,0.5807405595999514,0.010135832578014379,0.8517704866700846,0.24698755136899941,0.37034405491316774,-0.0766046845262581,-0.27754556879106207,0.6065427727271531,0.010586169412930961,0.7777633936215277,0.06492638281387421,-0.00035528620385297363,0.0035982296284405766,0.004752726032725781,-0.0006597997824344311,0.004785644937080397,0.005049771098105204,-0.0005836969443959709,0.008748731656326383,0.005049771098105204,-0.00040605633579698697,0.008748731656326383,0.004158634405970433,-0.0003299155991804835,0.007337507292382822,0.0038615888419255085,-0.00020300921860947184,0.005573657603697331,0.0035645437765460847,-0.10744784187353953,-0.004693269147761842,-0.0376524566988442,-0.466172301467709,-0.4578132788947399,0.054172870234931024,1.4389633455044197,1.4645106293584242,0.07933280419206093,-0.15256234807219937,-0.36335203255422416,-0.3660681099468538,0.03810839703799069,1.5961458000181346,1.5031530597476126,0.329343642816633,0.19913908912351808,-0.5731682922729204,0.011207085160665967,0.0013221030526825673,0.17447979452748627,-0.0065214245208481784,-0.00014851091155832668,0.5788761327129349,-0.009324224916167391,-0.0014334254514709445,0.00016548200388823397,5.569674355270444e-06,-3.6578683069540863e-07,1.0409571086466468e-05,3.83996045723675e-06,-6.390377505885894e-07,-0.0007949947672421286,3.0131689865532406e-06,1.263907305115197e-06,0.3766688739454655,-0.0037322634370466033,-0.0005352219377429149,-0.041150402273030615,0.0006996070505123475,0.00014240444939116512,0.15409189856439728,0.001258048256307354,-8.596347975993216e-05,0.35355786684162505,0.004971108325100608,-0.0006850234364609344,0.006170747919821386,8.676244814838972e-05,-1.1955909504739935e-05,0.13012008823463175,0.0007435847802937047,-0.00023149109966607526,-0.20038222681118803,-0.004744509820472185,0.00025500906316367394,0.27523356546762684,-0.00784800507299517,-0.00036856391244519804,0.06399738223656742,-0.0003081968705506339,-0.0001114443205482866,0.050142196103448014,-0.0002295057936992957,-8.144070267900979e-05,0.14400335977864628,-0.0033682997248214762,-0.00026391630266633535,0.0025133313981664748,-5.878794860167309e-05,-4.606204470828261e-06,0.07605532177014528,0.004372564228071327,-0.00013081757674023007,-0.1936961670815327,0.010118505390875736,0.00018184884687802018,-0.0004461377864500724,2.080087269728683e-05,5.197446069628193e-07,-0.007884745306035633,-4.639472279058921e-05,1.4877522923854448e-05,0.025279731860990303,-0.00020132283161964485,-5.651391152324813e-05,-0.0008285179117075767,3.8629023268540075e-05,9.652065505462701e-07,-0.010486718343776536,-6.170495859676142e-05,1.9787118557097806e-05,0.026859717880581415,-0.00021390556660390013,-6.004603421668943e-05,-0.0007329587843092413,3.417351825887749e-05,8.538828324827652e-07,-0.019170975471634318,-0.00011280390039500339,3.617321923370772e-05,0.026859717880581415,-0.00021390556660390013,-6.004603421668943e-05,-0.0005098894636566336,2.3773228456830172e-05,5.9400888018111e-07,-0.019170975471634318,-0.00011280390039500339,3.617321923370772e-05,0.022119767515504374,-0.0001761574349244321,-4.9449678245958115e-05,-0.0004142807546599561,1.931532985276485e-05,4.826246688868584e-07,-0.01607857802186188,-9.460803998973812e-05,3.033825670672649e-05,0.020539786625044125,-0.00016357469994017666,-4.591756577383397e-05,-0.00025491951360157364,1.1885539553377121e-05,2.9697288673382533e-07,-0.012213472733302212,-7.186552259204486e-05,2.304528159792041e-05,0.01895980402487359,-0.00015099216035138253,-4.238544692535933e-05,-0.482609222869132,0.009261735835583812,0.0004367230872143447,0.02515913830070478,-0.0007525933659215792,-9.485267662630089e-05,-0.0728924449331843,0.0058540654884443035,0.00033409445147700265,-0.043249159701222825,0.018915858022430287,-0.0005545653188308424,0.13957398769073115,0.004671695750612542,-0.00039932486778422924,-0.3900712792128121,0.024089007843657743,-0.0001307593044908788,0.8293133586931899,-0.004319424209707267,-0.001547251577603511,0.05013801329722929,-0.007030808984934695,0.0006470196004561109,-0.23667684157287633,0.010087693187466839,0.0005663385018068411,0.10723035782020712,0.020571459911827177,-0.000864249163771414,-0.7772130681560467,0.021743237847880237,0.0011028149670517329,-0.12059600260665852,-0.000738130657929423,0.00025300468115395895,-0.5431476226891618,0.03334850833073816,5.948724635362095e-05,0.1398150628252781,-0.010306728202451354,0.00027168959503982436,0.12791078606836997,-0.007649757521694391,1.590221550175045e-05,0.11312474389485416,-0.009318418666757136,-0.00014581164005784026,-0.11761387805101997,0.004983121531163612,-0.0001228242532046922,0.9714647992760294,0.49615664773676227,0.4887309615388806,1.3811040066367481,0.8331046311835183,0.06833298484817249,0.01824307343521174,0.013440056019126493,0.010982542064820931,0.05843628189681027,0.01597087852037489,0.0005121774989052081,0.0020721355383305426,0.0008413519342230124,0.0005579813506533359,0.0023996988692024284,0.0019556898111203775,0.00014642086010821411,0_1_29_p1
1166.667,-0.13075093400210672,1.7182374564720653,-1.5447536985525563,0.003922995508996677,0.0020960925597571347,0.001908158996560889,0.41811684417027206,-0.030248483777886925,-0.11792191876192494,0.5882180597516367,0.010266339822165004,0.8543128733835451,0.24425251670870016,0.37527851958757613,-0.07485502436439133,-0.27492138597554294,0.6087785330163064,0.010625190487016049,0.7793783243384504,0.06113800255542184,-0.00036348426468234133,0.0034398006069165446,0.005744582185334642,-0.0006750240401668275,0.004574934328480124,0.006103618353751901,-0.0005971654009008609,0.008363528015766725,0.006103618353751901,-0.00041542526322169257,0.008363528015766725,0.005026508851169123,-0.00033752822671218215,0.007014439367856164,0.004667472184086365,-0.00020769368232182462,0.005328251844229415,0.0043084360156691055,-0.1147506395537552,-0.0032011083810828,-0.04281076383914492,-0.45972730369358406,-0.45187767790275696,0.04915096456499766,1.4590695768846385,1.4652995760255239,0.07452613452014552,-0.14376051352671734,-0.38236115794528674,-0.37055376370277743,0.03138374715248066,1.5909493534443533,1.503966459973529,0.3345532651302698,0.19789844127269243,-0.5346309265729021,0.012429925279746078,0.0012071010185465128,0.16545690876063174,-0.006686097563101562,-0.00012598064142702994,0.5433219071364664,-0.01070659942110907,-0.0013241866842590322,0.00018542235497330328,4.992231917826955e-06,-4.1755115233012863e-07,5.15392166217569e-06,2.868576345081973e-06,-6.275758706081685e-07,-0.0007610518889010571,4.513048973058941e-06,1.1779238128097995e-06,0.3662577401837969,-0.004363207472155602,-0.0005083414495512378,-0.03544061276328794,0.0008601269866571155,0.00013041172993339696,0.16031648526117742,0.0011193250258291448,-0.00010365093260678674,0.3499110633465809,0.004170702471344584,-0.0006730485391901399,0.006107098825232093,7.279269848104705e-05,-1.1746910496327654e-05,0.12443227961520269,0.00048078936412981145,-0.0002211613213813172,-0.21161861122820494,-0.004481850423973914,0.000279801355454477,0.2588894241307673,-0.008166391279522789,-0.00032568939451796023,0.06076805408985562,-0.0004886383021184406,-0.00010562092313385306,0.04419667772322772,-0.00047060354527113027,-6.418456606110078e-05,0.12971104688714835,-0.003451917942477533,-0.00022537803269445604,0.0022638829574854287,-6.024738172765916e-05,-3.933586292953861e-06,0.07990289056028468,0.004189127848143777,-0.00014023464641161937,-0.17282386916090173,0.010258035751156316,0.00013010770826485667,-0.0004043652898466259,2.108563715791425e-05,4.1757807393869944e-07,-0.007506050461303197,-2.854031595420391e-05,1.4033882364330421e-05,0.02362578890348553,-0.00032100963484187625,-5.28134551882254e-05,-0.0007509415171149327,3.915783666051576e-05,7.754769964711155e-07,-0.009983054790132444,-3.7958621440312897e-05,1.8665074035503248e-05,0.025102402419663675,-0.0003410727675500345,-5.611430008251427e-05,-0.0006643310133622514,3.464129499358343e-05,6.860357981211139e-07,-0.018250217835051905,-6.939279302742345e-05,3.4121991825743836e-05,0.025102402419663675,-0.0003410727675500345,-5.611430008251427e-05,-0.00046214836843893844,2.4098708446736783e-05,4.772473324235096e-07,-0.018250217835051905,-6.939279302742345e-05,3.4121991825743836e-05,0.020672567855115273,-0.00028088336942556013,-4.621177878177379e-05,-0.0003754917025084902,1.957972433653635e-05,3.877570457529242e-07,-0.01530634377282433,-5.819936862292689e-05,2.8617902778097708e-05,0.019195956903502575,-0.00026082023671740185,-4.291094353410958e-05,-0.0002310511031305857,1.2048206275032383e-05,2.3859620069774976e-07,-0.011626876262734214,-4.4209126856565084e-05,2.1738483914889718e-05,0.017719345951889873,-0.00024075727498027257,-3.9610104749349665e-05,-0.4717162089725939,0.0096083847743882,0.00041617363937393773,0.020983881307700434,-0.0009911098213255362,-8.50558750662134e-05,-0.05636070990928635,0.006624208859497766,0.00029259380381733036,-0.022174659474000276,0.017471472838267898,-0.00059954954925688,0.13930850986124801,0.0038355980581644853,-0.00040024194035271753,-0.3625345331554171,0.02363866412105114,-0.00018186996750594865,0.8209216099144631,-0.00669235305110206,-0.0015300672809662572,0.04847973536929004,-0.006355683617973522,0.000620070544808836,-0.2174279819587977,0.010720485272850213,0.00050542185062786,0.12495536547771456,0.018992723055421094,-0.0009016004528445675,-0.7453326364160786,0.023496391727411192,0.0010222007769806962,-0.11961989138980238,-0.00013814195340483616,0.00024860901086634033,-0.5065451335571319,0.032926764617399226,-2.445664410854199e-05,0.12937262597795315,-0.00923869199396012,0.0002895202002255106,0.11617002172909843,-0.007498861764578792,3.7527984764763375e-05,0.09781625358076373,-0.009911516139722973,-0.00011374899976737946,-0.115893439331297,0.004840976950579874,-0.00013320588288384433,0.9177022970755256,0.4856166391908588,0.47553447267647203,1.3304626631131695,0.7800035414581277,0.0641984608043925,0.020050404878088613,0.01313063807839001,0.011712536004848464,0.057785085941894326,0.017715481019893224,0.0007497400558797659,0.0019062914534656492,0.0008171523463393807,0.0005157966014092397,0.00236005717743102,0.0017962283600545539,0.00013711276868066203,0_1_29_p1
1183.3329999999999,-0.14199867345999914,1.7210411488944792,-1.5334782781727274,0.003927350853478654,0.00210194290340982,0.0018912637107360835,0.42586144203070014,-0.03135554313043393,-0.11490483540384491,0.5963609432433662,0.010408459988492899,0.8567347690480995,0.24087021722065435,0.38025194100822024,-0.0731079343245145,-0.2728002284930652,0.6110203326433369,0.01066431727818726,0.7811651749733498,0.057675495214936846,-0.0003719486128890133,0.0032783202511945265,0.006705876625410082,-0.0006907429740757888,0.004360165081370715,0.007124993509332492,-0.0006110711870497506,0.007970904232558584,0.007124993509332492,-0.0004250993739327468,0.007970904232558584,0.005867641860234258,-0.00034538819233216345,0.006685148097882395,0.005448523480315346,-0.0002125302390118512,0.005078118237150596,0.005029406596392935,-0.12184388303066641,-0.001984197506749776,-0.04730222206149516,-0.4525421820955237,-0.44580087528629814,0.04459730081344434,1.4780323144161758,1.466180604767962,0.07009356819474707,-0.1340818180850508,-0.40046252462708415,-0.37471092405352807,0.025129933741950137,1.5843802288511575,1.5047460536705002,0.33825724924474376,0.1966331408955151,-0.49181463816115234,0.013471028690744445,0.0010796227853123528,0.15687552404592783,-0.00682682555101424,-0.00010423794619945929,0.5028700078563175,-0.011891581498562712,-0.0012009020552648157,0.00020359230105549542,4.28915019867234e-06,-4.6459458004807335e-07,-1.848196820968479e-06,1.734403389108344e-06,-6.10062314050335e-07,-0.0007255899329693936,6.079119172130109e-06,1.0853212992478572e-06,0.35559330600416855,-0.0050379208477863095,-0.0004796091978735803,-0.028794285845862834,0.0009921542589158396,0.00011575642281736877,0.16672978037610364,0.0009199216615250352,-0.00012174793713219972,0.34499060005962157,0.0032827892486678683,-0.0006564298175553027,0.006021220932337676,5.7295664613730694e-05,-1.1456858659143149e-05,0.11831005327334483,0.00022885969418159837,-0.00020895644660111912,-0.22231239942376194,-0.004146537059772214,0.0003033635579486457,0.241944617972238,-0.008486435074598724,-0.0002807437028432398,0.05684154028203862,-0.0006485112838903542,-9.787941291313964e-05,0.0384189939082515,-0.0006672950159658227,-4.7779942626794475e-05,0.1143147116584774,-0.0035434246657031774,-0.00018377976232880215,0.001995166936717532,-6.184442210736959e-05,-3.207558161374543e-06,0.08335391000115694,0.003959025951740473,-0.00014878099901475248,-0.1508115834374868,0.010334531193631804,7.538087187133744e-05,-0.00036136094698091493,2.1435810249261325e-05,3.101253958414829e-07,-0.007062797810963564,-1.3392600323090954e-05,1.2961376496494486e-05,0.021896789664352153,-0.00043593792354260514,-4.888985514270651e-05,-0.000671078385012533,3.980808833178125e-05,5.759253312535421e-07,-0.009393528730986523,-1.7812152567847317e-05,1.7238643161906295e-05,0.023265340941798236,-0.00046318408650677505,-5.194547239757745e-05,-0.0005936789454346624,3.521656365651832e-05,5.095027376571766e-07,-0.017172492551813863,-3.25627269235677e-05,3.151430535937312e-05,0.023265340941798236,-0.00046318408650677505,-5.194547239757745e-05,-0.00041299932679934913,2.449882950291644e-05,3.5444178433876945e-07,-0.017172492551813863,-3.25627269235677e-05,3.151430535937312e-05,0.019159694803156286,-0.0003814456708875629,-4.27786290070559e-05,-0.00033555885417457473,1.9904886808818102e-05,2.879794138091807e-07,-0.014402461831636355,-2.7310203826659423e-05,2.6430850279005607e-05,0.017791145235420486,-0.00035419948349896046,-3.9723015939230607e-05,-0.00020647914687622242,1.224829122755489e-05,1.7719856125950484e-07,-0.010940277982585374,-2.0745429235100993e-05,2.0077178152631544e-05,0.016422596522539835,-0.0003269535159302518,-3.666740217356437e-05,-0.4593342776297927,0.009919737110670191,0.00039196772904766155,0.016416522776742895,-0.0011882610086921363,-7.392993635440165e-05,-0.03927321645927903,0.00729639315839766,0.00024950073339140625,-0.004721649626157825,0.01593437858933227,-0.0006363298897882307,0.13745370244545158,0.002991432487113253,-0.0003963909658925483,-0.33628572980968036,0.02313747507995526,-0.00023113345045429012,0.8070574315600851,-0.008897829887141986,-0.0015012962700332276,0.04735988367941905,-0.005707559827707669,0.0005912206737385069,-0.19541604159686082,0.011235234343755215,0.00043798985641986196,0.14098192983834987,0.017238548332301814,-0.0009334938979677647,-0.7082750959230139,0.025086325769584392,0.0009300755995206507,-0.11700454328848117,0.0004027103147126037,0.000241258241727628,-0.46896656483788673,0.032382661652687425,-0.00011117525619508563,0.12144154324884414,-0.007976547198530186,0.0003004268772133148,0.10465091278007078,-0.007346689024849348,5.9086223262777714e-05,0.08105669282219276,-0.010301476338814144,-8.191375024733759e-05,-0.11526212795272038,0.004648533987827884,-0.00014377982635888095,0.8588882866162366,0.47459317618163765,0.4613023589326421,1.2745511436549644,0.7206735606983748,0.0597631347536381,0.02166980923296021,0.012769582568150025,0.012371358118310926,0.05706831535485643,0.01922196477960706,0.001002597558182872,0.0017226566232593622,0.0007926707770798362,0.00047048374261710307,0.002310601357792706,0.0016182145779466998,0.00012685972943325056,0_1_29_p1
1200.0,-0.1535890823859146,1.7237234636407277,-1.5220670407584977,0.003932331025832843,0.0021088833298467504,0.001874332520995237,0.43398480027475494,-0.03239334133561029,-0.11115977421742707,0.6051771737631843,0.010562332204672726,0.8590278748724873,0.23678300916765807,0.38520857335879083,-0.07137141300125671,-0.2713566232848421,0.6132674545272552,0.010703536821141574,0.7830736635878065,0.05458393616434672,-0.00038064882987745466,0.0031067134951524365,0.007632186189962044,-0.0007068997362942506,0.0041319278764219165,0.008109197639835107,-0.0006253649349580836,0.007553659338925314,0.008109197639835107,-0.00043504276401410883,0.007553659338925314,0.006678163290215914,-0.00035346707210689494,0.0063352075881955286,0.0062011503443463465,-0.00021750143538703165,0.0048122991067513525,0.005724138894473282,-0.12874432148110634,-0.0010304174571024232,-0.05098813503689393,-0.4448383311904783,-0.4396140331511597,0.04048028353415496,1.495730538963362,1.4671562443184925,0.06600492647843663,-0.12382871384260191,-0.417519954531393,-0.37853343447483595,0.019228135289588853,1.5767264165357675,1.5056003045742232,0.3404719324391844,0.19532683974221546,-0.4453063141589876,0.01449076299461921,0.0009474180207013365,0.1487693524508253,-0.006943992827458788,-8.50098241325029e-05,0.45833043662178197,-0.013028055846705595,-0.0010691606688970992,0.00021974991812910122,3.4951851655120745e-06,-5.046967071464959e-07,-1.0093274683247302e-05,4.39957305882307e-07,-5.952150503440394e-07,-0.000689902295279757,7.703441643145346e-06,9.878852588741306e-07,0.34484743404926277,-0.005767045167135678,-0.0004523892716349958,-0.02141174058146505,0.0011133193020772215,9.836020856830542e-05,0.17302545255236923,0.000626913515227987,-0.00014108868235177137,0.33905040657209184,0.002292976193746672,-0.0006366099801102843,0.005917545810203787,4.002016568075009e-05,-1.1110938908287232e-05,0.11215479532872996,-1.5043936216643339e-05,-0.00019356191789071854,-0.2322751667916209,-0.003716267900508265,0.0003249032501949852,0.22478806077516045,-0.008808456369442256,-0.0002365231502370665,0.05231530455777523,-0.0008070311765161752,-8.79553123182544e-05,0.03321166260640019,-0.0007920650565420503,-3.106586160989554e-05,0.09835617410562301,-0.003644952660384516,-0.00014007888698110027,0.0017166371788984087,-6.361641469837405e-05,-2.4448361646588423e-06,0.08648797480035013,0.0036979466206411944,-0.0001567079249147676,-0.12809273600174903,0.01036107876897243,1.8151248132212202e-05,-0.0003181693908387046,2.1823303873744924e-05,2.0391889061248628e-07,-0.0065710646157068195,2.314947729502317e-06,1.1663721740655083e-05,0.02009730676375451,-0.0005463514291355545,-4.5151997886008344e-05,-0.0005908664720114491,4.052768096742799e-05,3.786896632635032e-07,-0.008739523512906643,3.0789439837629364e-06,1.5512762504121702e-05,0.021353390733912375,-0.0005804983980361077,-4.797400032717231e-05,-0.0005227208393655811,3.585313764548246e-05,3.350152884252587e-07,-0.01597689214764769,5.628683784627845e-06,2.835918575712369e-05,0.021353390733912375,-0.0005804983980361077,-4.797400032717231e-05,-0.0003636357165186572,2.4941717740720465e-05,2.330600301646191e-07,-0.01597689214764769,5.628683784627845e-06,2.835918575712369e-05,0.017585146517135098,-0.0004780575157588807,-3.95080069604991e-05,-0.00029545161539131697,2.0264707551074155e-05,1.893584395299596e-07,-0.013399719312484555,4.7207299241451765e-06,2.378467025677981e-05,0.01632906596639782,-0.00044391037588729855,-3.6686008008539796e-05,-0.00018180033372887998,1.2469723134240566e-05,1.1651361582036619e-07,-0.0101785840974713,3.585653264162383e-06,1.80671115443536e-05,0.015072983705950246,-0.00040976357795777403,-3.3864009056580504e-05,-0.44561303703945027,0.010195699640794647,0.0003638794667740856,0.011624673301028555,-0.0013445400328927764,-6.143695836888509e-05,-0.022006634276059093,0.007862707775462843,0.00020549929586001844,0.009019731351373197,0.014326130545772914,-0.0006659591704691974,0.13451436338976216,0.0021369624188849416,-0.00038944318479370964,-0.3118783212025331,0.022581853455093375,-0.0002745404845243399,0.7875721959501858,-0.010917104715892925,-0.0014556434470615728,0.046642643971494195,-0.0051095938081511,0.0005635370335951329,-0.17099956383149256,0.011669480411270442,0.0003689177073446743,0.1549354909917113,0.015361152321882588,-0.0009567296025820842,-0.6663662276978921,0.026494851172655643,0.0008287115137178246,-0.11266939589908447,0.0008851215344457244,0.00022983247537128798,-0.4306189291079115,0.03174612676724002,-0.00019570165241641828,0.11576206775735744,-0.006555499071305796,0.00031181744237943916,0.09341548067168531,-0.007204255674198038,7.950184868554886e-05,0.06283108712158693,-0.010488593920386544,-4.946295910306501e-05,-0.1160661405868748,0.004396139618623469,-0.00015101536007322498,0.7963560432850648,0.46377305807668545,0.4463075215151973,1.2136112726786072,0.6561229664853165,0.055073764050249156,0.02327424412997267,0.012384938606135324,0.012945356411766933,0.056320220930218566,0.02068650670006416,0.0012532613647066838,0.0015319317616364677,0.0007700253055100359,0.0004223893071473003,0.0022505846996043097,0.0014310603400912825,0.00011650294548054538,0_1_29_p1
1216.667,-0.16554236221794666,1.7262901328707385,-1.5105355042815791,0.003937737557190021,0.0021166450583631194,0.0018574950803684975,0.44240488743026174,-0.033337130123288226,-0.10666207719099917,0.6145960604897298,0.010726722772256067,0.861174177064166,0.23200266055685914,0.3900433657702764,-0.06968340086056339,-0.27069659112428446,0.6154828233867591,0.010742201848059256,0.7850694730194026,0.051927257811483024,-0.00038943880665599865,0.002922317963682734,0.008516992323567082,-0.0007232235514554032,0.003886681689914181,0.009049304281456838,-0.0006398062878545853,0.007105320158004012,0.009049304281456838,-0.0004450888791885881,0.007105320158004012,0.007452368906453073,-0.0003616297276857222,0.005959188368825366,0.006920055452566815,-0.0002225239943087707,0.0045266699906764745,0.006387743494677061,-0.1354890990022159,-0.00029580937226901175,-0.053747793300945805,-0.4368039832422788,-0.4333821984225669,0.03680497468062582,1.5120864008629087,1.46818212940486,0.06224164604928996,-0.11318026410064282,-0.43343190141033966,-0.3820308957735834,0.013628914596335804,1.568294125539465,1.506609664883233,0.3410974010965666,0.19379185158768544,-0.3975165759738983,0.015536844666759904,0.0008073906553163737,0.14100777894818944,-0.007040738957861056,-6.719133307545171e-05,0.41230563578607204,-0.014156886764036428,-0.0009280455467480314,0.00023368662153902637,2.641233725687424e-06,-5.382858848103001e-07,-1.923595044655246e-05,-9.949292652593424e-07,-5.780202497366357e-07,-0.0006551720953512139,9.378371538675521e-06,8.908211677180868e-07,0.3340970142649924,-0.006548891553957088,-0.00042519270980871367,-0.01368943143044017,0.0012275595300848953,7.922194189565891e-05,0.1788407824781696,0.00023026541798010604,-0.00016029124948373476,0.3324060603540355,0.0011997165316837229,-0.0006140590828545866,0.005801580435666988,2.0939188259558866e-05,-1.0717353830293018e-05,0.10644334825486362,-0.00025401356254456235,-0.00017817724478782666,-0.2412840594346255,-0.0031886219475658673,0.00034388610490032384,0.20770898251918893,-0.00912605908901831,-0.00019234551205695466,0.0474303536632011,-0.0009634557703355954,-7.668971999575411e-05,0.028803196855882174,-0.000820046590325375,-1.6248091452824457e-05,0.08242305139619532,-0.0037595070354453416,-9.553963809673694e-05,0.0014385510908989302,-6.561574990877314e-05,-1.6674776521988026e-06,0.08940079966889838,0.003412132886385778,-0.00016388589442832842,-0.10511534788602038,0.01033168721269043,-3.984245490424506e-05,-0.0002752633563145342,2.2245724436962293e-05,9.923367861904748e-08,-0.006058996126288555,1.951060319204924e-05,1.024616186205733e-05,0.018205992759040803,-0.000651977501678707,-4.14166395976939e-05,-0.0005111845691995423,4.1312071622977325e-05,1.8427606400951718e-07,-0.008058471532930997,2.5949201164377804e-05,1.3627407746953728e-05,0.019343870779329878,-0.0006927261260641669,-4.4005182843679145e-05,-0.0004522303390601769,3.654713347567955e-05,1.6303099462267446e-07,-0.014731848631672442,4.7438232252450794e-05,2.4912530543666706e-05,0.019343870779329878,-0.0006927261260641669,-4.4005182843679145e-05,-0.0003145986609029097,2.542446665265985e-05,1.1341589991548558e-07,-0.014731848631672442,4.7438232252450794e-05,2.4912530543666706e-05,0.015930246976724384,-0.0005704804238788156,-3.623956566686021e-05,-0.00025560938170264764,2.0656939515497864e-05,9.214849961876442e-08,-0.012355509480015653,3.978613076680109e-05,2.0893982821712287e-05,0.014792372375855886,-0.0005297316285223267,-3.365103079496618e-05,-0.00015728308820372205,1.271106095356124e-05,5.669818018467043e-08,-0.009385388800306942,3.022176717325993e-05,1.5871314571560225e-05,0.013654498629842535,-0.0004889831751078955,-3.1062488246821853e-05,-0.4307792332541935,0.010437928219175186,0.00033320726002627744,0.006721258390202721,-0.0014601138349248312,-4.8309730204713726e-05,-0.004689577170871482,0.008305774213927714,0.00016196398048248274,0.01905214718722057,0.012676246758008687,-0.0006872559073009326,0.13102246306620124,0.0012736594499730288,-0.0003802876003688133,-0.28968747932066014,0.021981703647010808,-0.00031247287831099907,0.7624130251649869,-0.012742558799644373,-0.0013965356116650792,0.04628747986945239,-0.004574470559387772,0.0005341701857670731,-0.14442363990670612,0.012021732998815971,0.00029553285733498197,0.1662807181302065,0.013401643127349103,-0.0009742115926473596,-0.6201481099199564,0.027710040191651818,0.0007180883097156489,-0.10672612835245794,0.001309061199678136,0.0002147446086721757,-0.39175875728275433,0.031040371158893427,-0.0002806349582905344,0.1123004942748792,-0.005016581611743934,0.0003201718837793294,0.08255574115676646,-0.007071197397786997,9.875857595021744e-05,0.04315604374982564,-0.01046853569698935,-1.515965289812534e-05,-0.11801978122527035,0.0041025816783467695,-0.00015339256986867682,0.7334259120025491,0.4537763757556566,0.43085718660765104,1.1480589512034112,0.5898296732352519,0.050160154797797216,0.02491418610184631,0.012008172262750104,0.013418947917491115,0.05556602715742697,0.022167162336243454,0.001497599651455763,0.0013317524734888086,0.0007515083586679415,0.00037362178622291493,0.002182475767148568,0.0012319351848993387,0.00010592137162917466,0_1_29_p1
1233.333,-0.17770013280379046,1.7287165379674148,-1.4990432362168347,0.003943438799858035,0.002124946342951105,0.001840985262975632,0.4509781900594842,-0.03415123546222248,-0.10148202374688411,0.6244444483105819,0.010898609778309476,0.8631538207575645,0.22660918426248622,0.39464562547219134,-0.0680966911203143,-0.27086869554849613,0.6176095110696384,0.010779319515928667,0.7871142484111615,0.04980200229592158,-0.00039821881012453125,0.0027256083863419615,0.00934615536595654,-0.0007395284173275342,0.003625057832371232,0.00993029013866201,-0.0006542306861240674,0.006627040601762997,0.00993029013866201,-0.0004551230263910538,0.006627040601762997,0.008177886319211097,-0.000369782409954538,0.005558057850843007,0.007593750549174627,-0.00022754106791000352,0.004221966919204801,0.007009615776469153,-0.14213551824399648,0.000296567842495373,-0.05555392384009361,-0.4285677336115465,-0.42720369247860135,0.03363117621434722,1.526989298101452,1.4692209802929077,0.05883230542714472,-0.10243034291063474,-0.4480988959578597,-0.3851918870138108,0.008314225456390885,1.5594010741032878,1.507834516506997,0.340032261061994,0.19185520333241157,-0.3491191913651791,0.016613053974310312,0.000667078397068052,0.13342839815779323,-0.007116811759953407,-5.023206634432569e-05,0.3655681883791265,-0.015278394894507516,-0.0007858423000726833,0.0002453930078786878,1.7542360284453124e-06,-5.652127750796699e-07,-2.9142011853300195e-05,-2.5330090644780633e-06,-5.587968255348434e-07,-0.000622378142323456,1.1085248592152471e-05,7.975882232882851e-07,0.3232756175678393,-0.0073716654985577805,-0.0003980531985722893,-0.005952860731050714,0.0013329727436972333,5.936191858263014e-05,0.18378871311575545,-0.0002676254454242728,-0.00017840006190876596,0.3252826584425045,1.0788833677143669e-05,-0.0005897967432700247,0.005677254577823496,1.884833469989317e-07,-1.0293896973289023e-05,0.10155861876777136,-0.00048802009530286947,-0.00016438139917469624,-0.24905421055377494,-0.002569844406259369,0.00035982033960183424,0.19091140207809618,-0.009424656913280998,-0.00014881212062687308,0.04234614116373012,-0.001113455639260448,-6.474951646851424e-05,0.025302776191102775,-0.0007446875434292328,-4.276418090836339e-06,0.06711015259412799,-0.0038833698060451944,-5.182449120410033e-05,0.0011712908884409638,-6.77775075965004e-05,-9.045023392241033e-07,0.0922604816125751,0.003108469043994154,-0.00017035085055056522,-0.08241179124424029,0.010244030610486024,-9.715746646002313e-05,-0.00023369004095960116,2.2682018077942467e-05,-2.337069287101912e-09,-0.005538450038408884,3.833036130571727e-05,8.780125765156252e-06,0.016199361359989322,-0.0007519046946177067,-3.7564693722420113e-05,-0.0004339808914496097,4.2122303328303157e-05,-4.353131744681785e-09,-0.007366144013608189,5.0979506322432156e-05,1.1677578070235457e-05,0.017211823582126515,-0.0007988987929862869,-3.991249440740117e-05,-0.00038393083248841885,3.726396615043334e-05,-3.838822976514654e-09,-0.013466191138758792,9.319660087397011e-05,2.1348010694341635e-05,0.017211823582126515,-0.0007988987929862869,-3.991249440740117e-05,-0.00026708495715347476,2.5923115870274525e-05,-2.6678458896963636e-09,-0.013466191138758792,9.319660087397011e-05,2.1348010694341635e-05,0.01417444375455609,-0.0006579167665493058,-3.2869114683367864e-05,-0.0002170049782622498,2.1062116429242484e-05,-2.1688896220703656e-09,-0.011294011911973004,7.816338698326567e-05,1.790444342701647e-05,0.013161984096984328,-0.0006109224972096969,-3.0521322372478004e-05,-0.0001335292283220079,1.29603611379359e-05,-1.3412502746522832e-09,-0.008579062073278146,5.937364649736251e-05,1.3600422238045934e-05,0.012149525294267709,-0.0005639285698121453,-2.817353006158815e-05,-0.41506660162230397,0.010653842939611427,0.000300728181899756,0.0016520443242303085,-0.0015396652379929233,-3.4775272078770685e-05,0.012536146355893792,0.008611662218432582,0.00011911786467440648,0.025451415838947025,0.011009805451934597,-0.0007001126111465697,0.12724873067940035,0.0004088886459302782,-0.0003702112811267332,-0.26984202826967174,0.02134434306919219,-0.0003441797877680846,0.7317282203296916,-0.014370789399708477,-0.0013240975852558809,0.046287432852418306,-0.004094109111318494,0.0005037532492328251,-0.11602842608763919,0.012290232692383628,0.0002184354956513055,0.1749120263853104,0.01138812308572871,-0.00098564841280409,-0.5701916746941187,0.02872808557043114,0.000599878472872864,-0.09925040131281675,0.0016767030604939869,0.0001961631757985176,-0.3527407501329706,0.030277272429260402,-0.00036528596726956525,0.11108505097311472,-0.003398698569131711,0.00032572834381867856,0.07215060334907596,-0.006965905573605072,0.00011700674302267083,0.022520667222597913,-0.010231188194933507,2.1886653873709762e-05,-0.11994358570943585,0.0038097389831567084,-0.00015127917185981692,0.6712148226329047,0.4449629605378037,0.4152591576331508,1.078477968678018,0.5228077046015722,0.04501077016213957,0.02658722339351719,0.01168461715707212,0.01378534238208726,0.05481859398396913,0.023665841521245075,0.0017326195414653254,0.0011336749269585742,0.000738649893696541,0.0003253241838865895,0.0021087471055251028,0.0010320204633504004,9.504351866996552e-05,0_1_29_p1
1250.0,-0.1898787610715266,1.7309785360405456,-1.4877464021430797,0.0039493853859523306,0.0021335109229233913,0.0018251192227440023,0.45953971420958317,-0.034838252407678,-0.0958001482495806,0.634487498188229,0.011073893693752767,0.8649529824463418,0.22079090779348087,0.39892519922735303,-0.0666383343892534,-0.27184699797279943,0.6195605812298541,0.010813371886966077,0.789162052697171,0.04824463802305003,-0.00040679286474132857,0.00251737514794852,0.010105181604356351,-0.0007554508067607284,0.00334810749066827,0.01073675542346203,-0.0006683169891841635,0.006120742028375968,0.01073675542346203,-0.00046492230214275113,0.006120742028375968,0.008842034464810498,-0.0003777441033366355,0.005133428718477298,0.008210459648373816,-0.00023243995778760135,0.0038994136174747293,0.007578885829268139,-0.14872029445125867,0.0008039973892377019,-0.056397040540520006,-0.4202848782044655,-0.42118071481894304,0.030978062821147095,1.5403242249505924,1.4702099003030498,0.05584113621913278,-0.09199045103830993,-0.4613988768273856,-0.3879939557813552,0.003330240804448355,1.5503629942835828,1.509008193082431,0.3371497839784792,0.18938620771399728,-0.30148473334269127,0.017700704614256935,0.0005282408574535293,0.12588748755857865,-0.007168267493864289,-3.372389725174603e-05,0.319362991736689,-0.01637522098780606,-0.0006445957884326101,0.00025474939742795114,8.523394272678776e-07,-5.857983847841234e-07,-3.9560986346346864e-05,-4.13764544275242e-06,-5.380039570730673e-07,-0.0005922171431387072,1.2784212129440749e-05,7.10886372157377e-07,0.3123390966736112,-0.008213795586238248,-0.00037089645694536854,0.0015030439275151926,0.001426296253923414,3.970421052174817e-05,0.18752947032023792,-0.0008511741375846075,-0.00019426323477015223,0.3178744871854604,-0.0012480724631453149,-0.0005645680126251872,0.005547957737318606,-2.1782832588792448e-05,-9.853574696598358e-06,0.09768128306666896,-0.0007138676707484937,-0.00015324257454269594,-0.2550856034074691,-0.00187551190968221,0.00037190451887915985,0.17453119354786312,-0.009688089855986726,-0.0001065223975823155,0.03714181638741952,-0.0012510025402118785,-5.258743092718641e-05,0.02229384337815387,-0.0005648112688092341,4.609763445906793e-06,0.05288399181307993,-0.00400737108760281,-1.055585250299783e-05,0.0009229973570592518,-6.994175657636071e-05,-1.8422930866694456e-07,0.09522247091015545,0.002796070120771787,-0.0001765426480047436,-0.06028368974593871,0.010088320748840147,-0.00015233638203273069,-0.0001942914770905817,2.3119874882614217e-05,-9.80075720984623e-08,-0.005024478641440444,5.8637836038415703e-05,7.301027481657383e-06,0.014090008857144464,-0.0008441973228137217,-3.35080815688938e-05,-0.0003608155493991489,4.2935417116685336e-05,-1.8201575722512614e-07,-0.006682561662406798,7.798843477197192e-05,9.710374945630762e-06,0.014970635318999583,-0.0008969597150241337,-3.560233989446396e-05,-0.0003192046204178872,3.798331454175325e-05,-1.6101074511949246e-07,-0.01221652029188998,0.00014257215470224284,1.7751727917076367e-05,0.014970635318999583,-0.0008969597150241337,-3.560233989446396e-05,-0.00022205802701745256,2.642349922260956e-05,-1.1200765691119407e-07,-0.01221652029188998,0.00014257215470224284,1.7751727917076367e-05,0.012328760207709942,-0.0007386727826372239,-2.931957678104931e-05,-0.00018042059752673188,2.1468661111217235e-05,-9.100683185116295e-08,-0.010245920182295953,0.00011957440198303359,1.4888267443879724e-05,0.011448135455565115,-0.0006859102683046484,-2.7225324038206597e-05,-0.00011101661810914072,1.3210589450752435e-05,-5.600452629653097e-08,-0.007782920090432993,9.0829873347184e-05,1.1309298100180584e-05,0.010567509848565141,-0.0006331480226408319,-2.5131071295363883e-05,-0.3989397713018485,0.010853419473143252,0.0002670899557880828,-0.0033659904191359015,-0.001595500980992014,-2.073982766592588e-05,0.029855761187671744,0.00878171425349532,7.72777284427754e-05,0.028689439572181764,0.009340659701703027,-0.000704890578681942,0.1230063402022407,-0.00044608280705210385,-0.0003599479774999789,-0.25139211712787535,0.02066640510668564,-0.00036941172010712496,0.6957284442522577,-0.015790895940628543,-0.001238614652186094,0.04624073126105545,-0.003660925335653833,0.00047250177310001186,-0.08720213275548094,0.01246845218446158,0.00013844532509612253,0.18046029870932181,0.009363952403871289,-0.0009907184944608037,-0.5170348054254306,0.02954572293471686,0.0004756905579445868,-0.0904444076833461,0.001987865032747648,0.00017423491943970154,-0.3138904014482715,0.02946436595546282,-0.00044847922771062434,0.11206118014192953,-0.001741648652818867,0.00032860937104169975,0.06211284124915917,-0.006892125493008467,0.0001340185760178158,0.0014272293893738876,-0.009764307788058094,6.107566797362245e-05,-0.12104370990715266,0.00354740948747064,-0.00014744707606990297,0.6113892228571728,0.4372462444614074,0.4000695408225527,1.005285899544035,0.456873988794509,0.039696398874947275,0.028263322644702327,0.01145606607324592,0.014052076105344523,0.05407364102555379,0.025156451387008547,0.0019536135862168423,0.000941643824728843,0.000731515913324461,0.00027881720220920315,0.00203228974940724,0.000834074680805972,8.377212403603486e-05,0_1_29_p1
1266.667,-0.2017851563731952,1.7330521497568683,-1.4768575058700564,0.003955627182022962,0.0021420395989796364,0.0018102435321965045,0.467919569032504,-0.035399306447689606,-0.08982451788187047,0.6444723333566743,0.011248161827571398,0.8665550146814269,0.21469213746572552,0.40281652748240143,-0.06532159666569232,-0.2735268280099595,0.6212353747454584,0.010842602661278481,0.791188425337297,0.047268100874618676,-0.00041505724808227194,0.00230159859652796,0.010777083001158613,-0.0007707992322027665,0.003061123999093844,0.011450650439398274,-0.0006818946534336782,0.005596102039212479,0.011450650439398274,-0.0004743675253890439,0.005596102039212479,0.009429948124679285,-0.00038541806672490425,0.00469341625408451,0.008756379689108622,-0.0002371623200779975,0.0035651750870698065,0.008082811752203458,-0.1552628147413336,0.001235076261187783,-0.05629566982290218,-0.4121918343348559,-0.4154282841372949,0.028787179435052143,1.5520717623784062,1.4711389395625514,0.053284201937024066,-0.08217541097414308,-0.4732014065879369,-0.39040534705714014,-0.001307787176491363,1.541493891756736,1.5100486830839794,0.33259804357976164,0.18614870024203137,-0.2572964297804525,0.018779609622017912,0.00039465498677861117,0.11847540875867198,-0.007192391212930059,-1.730135254389318e-05,0.27602204880323805,-0.017430981256611956,-0.0005078156443941704,0.00026112234252523335,-5.56144332146635e-08,-6.001411094953253e-07,-4.9806425245198365e-05,-5.775547898338316e-06,-5.164099672193579e-07,-0.0005652550119021832,1.441972099062392e-05,6.325802453003228e-07,0.3015242626993973,-0.009050399084262693,-0.00034367544626197376,0.00838949538056754,0.0015090015107103011,2.1058088491372915e-05,0.19046365716397554,-0.0014900804888987413,-0.0002068810188153049,0.31051393135992733,-0.0025389977155515233,-0.0005390055639782225,0.00541949181601353,-4.431366342843988e-05,-9.407425448110947e-06,0.09472917332998577,-0.0009270237492111548,-0.00014522534593233003,-0.2594736235875121,-0.0011368080103177523,0.0003788066255910436,0.15873676937581177,-0.009903495986461253,-6.587183938759159e-05,0.032120406675945484,-0.0013732621643238563,-4.041253651551952e-05,0.01907848014507158,-0.0002873577980406311,1.1598193081294083e-05,0.03997309662379773,-0.004116536260441416,2.7015929189787143e-05,0.0006976583959997614,-7.184700887207254e-05,4.715220469973295e-07,0.0982489898031237,0.002485336992707139,-0.00018289102282058946,-0.039068537637335726,0.009862376477065529,-0.00020466269623501123,-0.00015746859176993402,2.3532940888114783e-05,-1.8546937200621558e-07,-0.004577670648557608,8.037694889270934e-05,5.850116389154228e-06,0.011939571161231803,-0.0009274388912934183,-2.9252016706730946e-05,-0.00029243312187843924,4.3702466425031223e-05,-3.444354431898434e-07,-0.00608830654460519,0.00010690149199332013,7.780662627350412e-06,0.01268579558766306,-0.0009854038586359058,-3.108026783813174e-05,-0.0002587082315990456,3.8661947403794035e-05,-3.046968912179047e-07,-0.011130151568292623,0.00019542870310064057,1.4223981493595776e-05,0.01268579558766306,-0.0009854038586359058,-3.108026783813174e-05,-0.00017997350828650706,2.6895574657467363e-05,-2.1196290305573045e-07,-0.011130151568292623,0.00019542870310064057,1.4223981493595776e-05,0.010447127437500151,-0.0008115091764283372,-2.559552002665681e-05,-0.00014622810148366133,2.1852222402039178e-05,-1.7222016403818965e-07,-0.00933478992434341,0.00016390479614785972,1.1929567035727834e-05,0.009700906430489471,-0.0007535440869636861,-2.3767272384460684e-05,-8.997777816424312e-05,1.344655389488329e-05,-1.0598040476646447e-07,-0.007090814833447577,0.00012450376541113967,9.061837171698554e-06,0.008954681149203069,-0.0006955792661677945,-2.1939019857378018e-05,-0.38257601018458304,0.011042581037788976,0.00023360623305482243,-0.008140266637658457,-0.001639263262852682,-6.856516763682444e-06,0.04745893232551459,0.00882367227808941,3.587075812905946e-05,0.029233190702940844,0.007685917308092188,-0.0007029550945212981,0.11833255818986184,-0.0012797563989810166,-0.0003489713569210959,-0.2337079296583411,0.0199490440093308,-0.0003908380871728709,0.654799594786854,-0.01699126365211199,-0.0011405134549565994,0.046140847421484256,-0.0032583378758376863,0.0004417865521348889,-0.05850074316324342,0.012544955906819748,5.928571993539296e-05,0.18352160593236827,0.007384637729969998,-0.0009885219654528704,-0.4613395489543104,0.030156310279861313,0.00034693782890062545,-0.08071560391009275,0.002240751749666055,0.0001494448557928608,-0.27580784860470287,0.02860149476167184,-0.0005291593542948384,0.11545811033328589,-8.547083529934137e-05,0.00032897467681369233,0.052509148945625306,-0.0068061351744504615,0.00015015722158779465,-0.01920387628155499,-0.009055395492758505,0.00010178926144204989,-0.12023500326340336,0.0033331217273441568,-0.00014406101926960947,0.557030678754412,0.4307272917855857,0.3855943694702558,0.929409900105801,0.39550782149361485,0.03451505054548746,0.02991150920647496,0.01135757813546415,0.014229651172541042,0.05330866953382363,0.026612846104315458,0.002157398905484206,0.000762490952668897,0.0007288802278615162,0.00023644364071158302,0.0019570164687824163,0.0006433736481135303,7.220214735463702e-05,0_1_29_p1
1283.333,-0.21304634483963794,1.7349087537219872,-1.466645277238689,0.003962260430511543,0.002150168345304425,0.0017966997772010285,0.47595058589515976,-0.03583121609636364,-0.08375745968795834,0.6541671227287064,0.011417368007893745,0.8679510402195787,0.2084454804037937,0.40624933829499643,-0.06416426784136385,-0.27580975706881156,0.6225244559816924,0.01086510145133319,0.7932000439612573,0.04691203475792281,-0.00042261302774690575,0.0020854206193794403,0.011349281716442445,-0.0007848306820577997,0.0027736074340993086,0.01205861144972097,-0.0006943079337393625,0.0050704876576608765,0.01205861144972097,-0.0004830029158624112,0.0050704876576608765,0.009930621751219889,-0.00039243429031792155,0.004252586476936288,0.00922129102061036,-0.00024147926731643029,0.003230315718116674,0.008511960788666333,-0.1618357266990063,0.001572411005685742,-0.05533450254252937,-0.40462067632485,-0.41005915618331845,0.02688966944025592,1.5623322244303162,1.4719852312662205,0.051219696346069536,-0.07321514042581999,-0.4833592313118574,-0.39243140254600767,-0.005557943157777876,1.5331052609196703,1.510917634147994,0.32662243365733706,0.18176493382118417,-0.2180344247463849,0.01982271070736526,0.00027334728608866736,0.11138718157174562,-0.007187003109807342,-1.2517214698977534e-06,0.23668662966427295,-0.01842949764060137,-0.000381676507596512,0.0002639544776167554,-9.737532821248872e-07,-6.069094687116881e-07,-5.8837969839803795e-05,-7.411056759521358e-06,-4.960281270675515e-07,-0.0005417430760261743,1.5930885065028182e-05,5.641576395878491e-07,0.29118374339202957,-0.009855989487919442,-0.00031712491137794453,0.014565669065986844,0.0015829258908551889,4.1585241456490296e-06,0.19296271590066055,-0.0021522317193419433,-0.00021739054654359728,0.30351755750334997,-0.0038203282692188265,-0.0005141075827201832,0.005297382597557998,-6.667708920649191e-05,-8.972873618101398e-06,0.09233463431231695,-0.0011226185140295805,-0.0001400145334858727,-0.26248382671520487,-0.0003777934366199126,0.00038098647689850115,0.14383509778583065,-0.01006212324889313,-2.7351388305046316e-05,0.027494131528474904,-0.0014805318546398417,-2.9012119928938443e-05,0.015244738636883925,7.044421600547389e-05,1.8671197548646988e-05,0.028563869900104,-0.004193913742454308,6.03171051088718e-05,0.0004985292936502226,-7.319750902830155e-05,1.0527411995742455e-06,0.10118876825435756,0.0021842389369685997,-0.000189307804889648,-0.019180096776018986,0.009567612311756445,-0.0002534220935043593,-0.00012358298872349968,2.391305833392871e-05,-2.638069017052916e-07,-0.004242833292124428,0.00010325739106175201,4.592210652900774e-06,0.009817655707193161,-0.0010000468189412344,-2.4934633259561118e-05,-0.00022950552503053404,4.440850350054003e-05,-4.89913644806105e-07,-0.005642971467135173,0.0001373325765546559,6.1076469095014515e-06,0.010431259616320307,-0.0010625497481781153,-2.6493048143589086e-05,-0.00020303835492229073,3.928648014744644e-05,-4.333982989460756e-07,-0.01031602599778663,0.00025106035554024953,1.1165510069305858e-05,0.010431259616320307,-0.0010625497481781153,-2.6493048143589086e-05,-0.00014124686056054086,2.7330012041563775e-05,-3.014944991729619e-07,-0.01031602599778663,0.00025106035554024953,1.1165510069305858e-05,0.008590450453504305,-0.0008750410825896348,-2.1817809074232623e-05,-0.00011476259334942128,2.2205179878711876e-05,-2.4496170728958885e-07,-0.00865198891074348,0.00021056274104945178,9.364447518524581e-06,0.007976849108942592,-0.0008125380312305906,-2.025940256429585e-05,-7.061616401154789e-05,1.3663784799147843e-05,-1.5073782873387577e-07,-0.006572151136594635,0.0001599456688835727,7.113342464686539e-06,0.0073632443449603,-0.0007500351752670073,-1.8700980701858535e-05,-0.3658965997894429,0.01122320758213208,0.00020075160834060274,-0.012515157952402352,-0.001674823771370214,6.294881121229069e-06,0.06522922764397697,0.008747869195007136,-5.661499754536855e-06,0.027523682161087023,0.0060747128090789726,-0.0006955863639079312,0.11322294965377763,-0.0020785859242762285,-0.00033738454771895345,-0.21631716950721755,0.01920278184715105,-0.0004102069037418435,0.6095144351381135,-0.0179754879816204,-0.0010306641328233525,0.04611589590954689,-0.0028839879911325248,0.0004117872273419869,-0.03063137809851346,0.012525195954594451,-1.755171205080628e-05,0.1843953277292266,0.005485511594887706,-0.0009807975062364831,-0.40376899504445124,0.03055224445094192,0.00021529589742710442,-0.07047191319001175,0.0024327187046495283,0.00012286974992955496,-0.2389870918733634,0.027695590501882302,-0.0006055678367180442,0.12150447511996867,0.0015286388767079486,0.0003260915686290072,0.043457921311333456,-0.006693800345285085,0.00016525781411417831,-0.038821599906212215,-0.008134156719276725,0.00014206159403773005,-0.11683336282020418,0.0031990902349884995,-0.00014389237972740236,0.5097829414690294,0.42543812721020846,0.371876058728011,0.8519766133043021,0.34053933968669475,0.029774736818198484,0.03149541414571349,0.011397663337892152,0.014327967006862086,0.05251973238862671,0.028004277645357355,0.002340428075702978,0.0006084248206274501,0.0007299598263871597,0.00020093005339953448,0.0018875226054706543,0.0004694658610874667,6.0896457766965374e-05,0_1_29_p1
1300.0,-0.22330178084196745,1.7365203857666238,-1.457358015764346,0.003969390848504189,0.002157467810901766,0.0017848220636429567,0.48346146621678776,-0.036126736242642316,-0.07774973670462804,0.6633527342327509,0.01157768747033044,0.8691570991352885,0.202159131064013,0.40914136183085403,-0.06317255929374317,-0.2785902605481183,0.6233210546708982,0.010879004744154576,0.7952112736261279,0.047219134415790225,-0.0004292173536364523,0.0018767964272335524,0.011807191784316183,-0.0007970958587098148,0.002496137482944752,0.012545140928003413,-0.0007051583963662609,0.0045632391264952615,0.012545140928003413,-0.0004905512155445364,0.0045632391264952615,0.010331292998276223,-0.00039856687864392904,0.003827160477100668,0.009593342857257992,-0.00024525316782474257,0.0029071570364689113,0.008855393713570761,-0.16848076812800883,0.0017587074500436187,-0.053540190375745075,-0.3979136457874715,-0.4051818804631772,0.02507403982198777,1.5712689200684344,1.4727669632408578,0.04974224671032277,-0.06523925302891422,-0.4917671270932063,-0.3940909772892001,-0.009458075850904425,1.5255801247487124,1.5115900456796025,0.31963612251437146,0.17627938841677554,-0.18385100042610059,0.02079211573216442,0.00016825981485442734,0.10468334000024344,-0.007149067886973522,1.3817364236162073e-05,0.201462268751866,-0.019346735594312305,-0.00026925640017552087,0.0002633099168383049,-1.9128238698428713e-06,-6.048117588648603e-07,-6.589479905215318e-05,-8.998180819563472e-06,-4.798800878607619e-07,-0.0005216839000761108,1.725827970794085e-05,5.061991586768418e-07,0.28152690645391487,-0.010605588564940937,-0.00029233632436251973,0.020061302829661662,0.0016498868896671647,-1.0628294672487905e-05,0.19498972704634104,-0.0028060792288600056,-0.00022694819481383294,0.2970720822213891,-0.005054280039702843,-0.0004908417006725251,0.005184887934905166,-8.82136502405622e-05,-8.56680905068906e-06,0.09016892120983913,-0.0012976097799912518,-0.00013646242752891826,-0.2643787729994247,0.0003767960893358111,0.0003794314346797059,0.13021626542229905,-0.010154680344846212,8.206024590103573e-06,0.02325009716487337,-0.001572278670038737,-1.8969435224182544e-05,0.011038466644406168,0.0004937414942339346,2.713243722287992e-05,0.01897082396253267,-0.004222320505610618,8.898479447950728e-05,0.00033109907488919745,-7.369330058729284e-05,1.5530882641807215e-06,0.10394074528875255,0.0018959918941829654,-0.00019538118920498564,-0.001073075726110769,0.009200737573522237,-0.00029775556793906717,-9.271160491422403e-05,2.420129106399685e-05,-3.320292270697779e-07,-0.004009671551643718,0.00012656694608856664,3.661061257621738e-06,0.007749095182101771,-0.0010611884524226413,-2.0719051545646507e-05,-0.00017217466480930974,4.494371609387812e-05,-6.166059684860322e-07,-0.005332865924868259,0.0001683342647122845,4.86921582018592e-06,0.008233414218696047,-0.0011275127062746236,-2.2013990304571783e-05,-0.0001523189443834785,3.9759996623832415e-05,-5.454785313143785e-07,-0.009749116841181129,0.0003077350778019325,8.901509612853197e-06,0.008233414218696047,-0.0011275127062746236,-2.2013990304571783e-05,-0.00010596356935393828,2.7659424365132018e-05,-3.794628710180892e-07,-0.009749116841181129,0.0003077350778019325,8.901509612853197e-06,0.006780461383188947,-0.000928539969143109,-1.8129172632114074e-05,-8.609588095609323e-05,2.2472822812029954e-05,-3.0831100941375383e-07,-0.008176526173439329,0.00025809554470524354,7.465648157927128e-06,0.006296144911160106,-0.0008622155931689632,-1.683423945591627e-05,-5.297708297367798e-05,1.382840547541758e-05,-1.8971852545177024e-07,-0.006210984241731367,0.00019605211232038943,5.6709910890766715e-06,0.005811823310000402,-0.0007958913881658464,-1.5539293718581637e-05,-0.3488597847169275,0.011405950772235747,0.0001682341922288632,-0.01659743320626704,-0.001704054297367549,1.8186290912540824e-05,0.08310503516827732,0.008575302347082267,-4.706785666607203e-05,0.023815500066715536,0.0045512128574315075,-0.0006839879782225393,0.10750877302743704,-0.0028289347825321415,-0.00032519730919900906,-0.1990361701919968,0.01845442624242178,-0.000428921922909766,0.5606910044033899,-0.018765169482201582,-0.0009103549629557268,0.046091869350874365,-0.0025332199206054055,0.00038214556975421773,-0.004173545573006343,0.01241055177089467,-9.011812723499635e-05,0.18283654382691292,0.003693322245103964,-0.0009682363547744669,-0.34491900936074577,0.030723255022865225,8.243336190876083e-05,-0.05993097993301347,0.0025673117147125123,9.561874046009946e-05,-0.2036887500870983,0.026751239400667613,-0.0006761532552537335,0.1302042059807853,0.0030590097143618025,0.0003190134266567023,0.03512263486000121,-0.006549077863529633,0.00017908294462209255,-0.05695625842292061,-0.007044392926263419,0.00018076336233872664,-0.1109597497255522,0.0032001199446458992,-0.0001495091995183153,0.46973047880371765,0.42127201055159946,0.35900566994421984,0.7742602681913986,0.29214240293093735,0.0255957488620057,0.03296400914458694,0.011552535354465607,0.014371336904092001,0.05170825824283567,0.02928681971301899,0.0025004381515585307,0.000489126225002457,0.0007337179745325721,0.00017563845747213666,0.0018275506174821503,0.0003178083482297339,5.036451387884742e-05,0_1_29_p1
1316.6670000000001,-0.23213916325632317,1.7378658067297779,-1.4493224171630714,0.003977072291874968,0.002163520612747683,0.0017748946308576128,0.49029453196610767,-0.03624178934426478,-0.07185947437995692,0.6718166341391378,0.011725410143557234,0.8701954917497413,0.19588136076550408,0.4114253036793379,-0.06237202364041043,-0.2817924914252429,0.6235549796545464,0.010883087817273242,0.7972532175951746,0.04827228453706712,-0.0004345166719110077,0.001684796745545661,0.012134252024840404,-0.0008069370223635598,0.0022407773627544612,0.012892642464726992,-0.0007138645973407094,0.00409641042614383,0.012892642464726992,-0.0004966075080489568,0.00409641042614383,0.010617470646401728,-0.0004034877098035519,0.003435634256659285,0.00985907920918414,-0.000248281563409703,0.002609749441270573,0.009100689267963051,-0.17522131646700806,0.001741022278065907,-0.05086946611172684,-0.39232482775522587,-0.4009316776073337,0.023226569912842727,1.5790365682429608,1.473554787411915,0.048885117509330375,-0.05835543210761531,-0.49836269292590435,-0.39539904321970615,-0.013041297143774356,1.519350326570024,1.5120502760380508,0.312068723444909,0.17018069089418322,-0.15333818304234065,0.021649663938370207,7.959110114529015e-05,0.09822483330646871,-0.007074866289517709,2.7643644785936828e-05,0.1692118480119498,-0.0201593184443769,-0.00017066568637270977,0.00025985117292635224,-2.8866504252657315e-06,-5.941522386019531e-07,-7.125046652827272e-05,-1.0478106044568872e-05,-4.702826814990084e-07,-0.0005049338683878283,1.8342993187735384e-05,4.5856523438054727e-07,0.2724367256352835,-0.0112725226366406,-0.00027003065259798486,0.024974741771904084,0.001711384460406031,-2.347193005095958e-05,0.19617579496079834,-0.0034275622401501336,-0.00023564315746711726,0.2911627327623046,-0.006204996567635185,-0.00046979217468940846,0.005081750516656742,-0.00010829747044320117,-8.199425806234042e-06,0.08816670684731553,-0.0014529227934549352,-0.00013346936613102992,-0.2654029467370324,0.0011051261994076845,0.0003752119359846302,0.11813148429205997,-0.010169019147691359,3.971406264005091e-05,0.019221715398696552,-0.0016501427111750631,-1.0197737283983037e-05,0.00722482449036055,0.0009656336481488909,3.6493952413800784e-05,0.011539444243188614,-0.0041848035267620445,0.00011228553507748792,0.00020139617819099013,-7.303850597154883e-05,1.9597627445691386e-06,0.1065645470525908,0.0016222340598988482,-0.00020082306515869608,0.01482605623308831,0.008758693175442898,-0.00033669197757778355,-6.477151939315517e-05,2.436683986870847e-05,-3.9002260002747346e-07,-0.0038150971175005244,0.0001493958527046524,3.037414074114252e-06,0.005713455128599431,-0.0011094971958802748,-1.665209041107279e-05,-0.00012028923185430774,4.525121970133154e-05,-7.243051554723034e-07,-0.0050740824660165515,0.0001986966677689216,4.0397641798629856e-06,0.006070546074136898,-0.0011788407248269808,-1.769284409908722e-05,-0.00010641835229045764,4.003201153060038e-05,-6.407589410437766e-07,-0.009276029746321697,0.00036324121308199415,7.385175932811723e-06,0.006070546074136898,-0.0011788407248269808,-1.769284409908722e-05,-7.403131031116471e-05,2.7848664869544177e-05,-4.4574380290490456e-07,-0.009276029746321697,0.00036324121308199415,7.385175932811723e-06,0.004999274947234789,-0.0009708101135624303,-1.4570585128566743e-05,-6.0151882195876274e-05,2.2626525766891304e-05,-3.62162696429691e-07,-0.007779751142414804,0.0003046481958775481,6.1939091208441075e-06,0.004642185711407612,-0.0009014664136446956,-1.3529837721120724e-05,-3.701266316257884e-05,1.3923025727623655e-05,-2.2285410650864191e-07,-0.00590959052823526,0.00023141407462465752,4.704964301770134e-06,0.004285093056159858,-0.0008321230068201529,-1.2489070774128557e-05,-0.3315651914952096,0.0115989513936347,0.00013584711396184132,-0.020769257955868915,-0.0017208442385788325,2.9039115207619324e-05,0.10132225303021182,0.008314700855583956,-8.821453580070691e-05,0.018101835498605803,0.0031609263994647886,-0.0006687872559897811,0.10086753078840738,-0.00351714698034368,-0.0003119785166280813,-0.18207426094660475,0.017737381758987782,-0.00044755778667841535,0.5094181905643892,-0.019390671582738224,-0.0007815249201147173,0.046011887393906055,-0.0022087477072156515,0.00035310686557490846,0.020975520824393794,0.012198490786295705,-0.0001568162402952991,0.17863851007345624,0.0020241417877535552,-0.0009497637906692,-0.28545004272905883,0.030665918080960263,-5.028130600060962e-05,-0.04910794105912914,0.0026497039723946073,6.829103687634516e-05,-0.16994592494678723,0.02578773172841257,-0.0007401040948671028,0.1413242198219274,0.004453960848179641,0.00030740802697208343,0.027919557029644555,-0.006368768470444826,0.00019122602237206884,-0.07380060456951204,-0.005852355387365709,0.0002168287483042066,-0.10324867166140711,0.0033334260801997947,-0.00016065526983273032,0.43531696850074786,0.41799840602176946,0.3473226702166311,0.6980418587107595,0.24858337297957322,0.02188904453470854,0.034263266224929055,0.011777532168261206,0.014374673166482738,0.050881635893687216,0.030416447136205307,0.002633559147692166,0.0004101641953317616,0.0007386970014196173,0.00016455853946342953,0.001779286673579204,0.0001903325391213923,4.0636143695436e-05,0_1_29_p1
1333.333,-0.23920848076251702,1.738951012565428,-1.4428533931864636,0.003985250406084311,0.0021679776849917753,0.0017670890197771935,0.49634434331501703,-0.036096482206722735,-0.06601292956105527,0.679390639529152,0.011857601381103283,0.8710753162149957,0.18952294777823953,0.4130609000919353,-0.06179927639307596,-0.2853652512145763,0.6231856570141834,0.010876642067012873,0.7993773032414717,0.05015017254308142,-0.0004383613829204008,0.0015170416818299723,0.012314426851513283,-0.0008140774136662191,0.002017662948493016,0.013084078654399239,-0.0007201811932364269,0.0036885304706112602,0.013084078654399239,-0.0005010017484399778,0.0036885304706112602,0.010775123744406872,-0.00040705815478763173,0.0030935477286063934,0.010005471442855417,-0.000250478184939713,0.002349896843585648,0.009235820138634963,-0.18199271025921046,0.0014465004601193696,-0.047218140575447584,-0.38800642341620034,-0.3974296595032422,0.021282111558498854,1.585765103730051,1.4744598992047036,0.048707031093773896,-0.05253241731902354,-0.5031403946202262,-0.39635052641605795,-0.016304026618093565,1.5148136638213812,1.5123220562158441,0.30420804124260337,0.16408065894271148,-0.12445279357408917,0.022348719167675,3.1666304884514422e-06,0.09183501507835828,-0.006961150405230891,4.052547090519241e-05,0.13833470931784586,-0.020830816416718405,-8.248634338813208e-05,0.0002543082921737323,-3.90312204014978e-06,-5.768067043528621e-07,-7.624965940941372e-05,-1.179101699890179e-05,-4.6667275034876106e-07,-0.0004913057676848263,1.9133025887234086e-05,4.2065502565501313e-07,0.2634963855359735,-0.011831046836657855,-0.00025001186558764373,0.0293476677746723,0.001762958921484139,-3.473724184140456e-05,0.19589779350345807,-0.004006522973602381,-0.00024261029667345748,0.28563961797032106,-0.0072370471847825295,-0.0004509637389237302,0.004985355340927743,-0.00012631012317892634,-7.870807625648388e-06,0.08655260270407894,-0.0015907274698688382,-0.0001306377055713418,-0.265447109408618,0.0017929312907752916,0.00036931676140206614,0.10754106432563994,-0.010093652871163157,6.647388281147266e-05,0.01523370673125277,-0.0017121846780939578,-2.177645432265712e-06,0.004484160608939029,0.0014753181175420386,4.4811234481811655e-05,0.006505268979851604,-0.0040687556220672175,0.0001293913407284506,0.00011353416650773559,-7.101310989147905e-05,2.2583179377291833e-06,0.1093018017716989,0.001360278551126004,-0.000205772495700692,0.028464597281960966,0.008228812167090295,-0.0003692639278649724,-3.972682824425179e-05,2.4354554379069947e-05,-4.381129122944358e-07,-0.003591275524321346,0.00017053278117119678,2.5562778725727435e-06,0.0036647922118359173,-0.0011431703552112497,-1.2661760585115161e-05,-7.377998289887729e-05,4.52283828567748e-05,-8.136085576042018e-07,-0.004776400533554974,0.00022680884784266064,3.3998552090764954e-06,0.0038938420990747924,-0.0012146184642487774,-1.3453116391024207e-05,-6.527417421772916e-05,4.001181252477323e-05,-7.197608153117758e-07,-0.008731830671467282,0.0004146336388633307,6.215344700805862e-06,0.0038938420990747924,-0.0012146184642487774,-1.3453116391024207e-05,-4.5409050385315866e-05,2.7834571971887254e-05,-5.00705057005491e-07,-0.008731830671467282,0.0004146336388633307,6.215344700805862e-06,0.0032066950019236083,-0.001000274112711763,-1.1079042692728686e-05,-3.6895548007873473e-05,2.2615095132396602e-05,-4.068161420979749e-07,-0.007323334577715275,0.00034775067611377117,5.212779660049529e-06,0.0029776468243950275,-0.00092882585712764,-1.0287690376024316e-05,-2.27023880547983e-05,1.3916064764309579e-05,-2.503315932747334e-07,-0.005562891201826242,0.00026415519760452684,3.959690421920751e-06,0.002748595227445868,-0.0008573779434855744,-9.496322706819397e-06,-0.31436651900461576,0.011809110032445447,0.00010377957217349364,-0.02536697666725969,-0.0017187938318796974,3.981870598158813e-05,0.11987226599964088,0.007961945075876336,-0.00012982276972028255,0.010205305159557292,0.0019350505920711963,-0.0006498210831719635,0.09296297763383402,-0.0041246076561629015,-0.0002968671857254125,-0.16578340785999143,0.01706792425260125,-0.0004655424832084935,0.4570658194875776,-0.01987903635563508,-0.0006468656507529041,0.045771723534943035,-0.0019205003224878811,0.00032480372621453824,0.045228620384382696,0.011897692100828569,-0.00021805705721077823,0.17217610865964764,0.0004983326769671428,-0.0009242812134063056,-0.2262419701935733,0.03038203194735647,-0.00018136497798611445,-0.03800054915418583,0.002684704843886102,4.090557020714041e-05,-0.13779918189357052,0.024819974351417626,-0.0007972530251655367,0.15463174386200368,0.005656950815604542,0.0002915180053786113,0.02188542778463568,-0.006150053024737514,0.00020038304504712984,-0.08963812711849511,-0.004623059451088231,0.0002508805693848078,-0.0941052410610109,0.0035379951631670688,-0.0001755540321064123,0.40440549182751695,0.41517203016799964,0.33740058081189694,0.6259582094925301,0.2075065577107515,0.018527060434867765,0.03532662146701015,0.012010801192701903,0.014345797342294462,0.05002758872320573,0.03133442669528195,0.002734335577743547,0.0003707573283903568,0.0007431935893633491,0.00017090839793411865,0.0017441272716303556,9.196230546459533e-05,3.1322713921181256e-05,0_1_29_p1
1350.0,-0.24386759880347234,1.7397825263169866,-1.4385493952937494,0.003993929180456228,0.0021706016628557736,0.0017614645715962665,0.5015405824439497,-0.03558878537527211,-0.06022077169497326,0.6859417518258016,0.011971939895063436,0.8717867458286971,0.18302573424088445,0.4140608844922035,-0.061517390758913874,-0.2891663658939167,0.6222254651235297,0.010859883415535225,0.8016367092513312,0.052835463823702314,-0.00044050813790035394,0.0013873991236573345,0.012324153820767398,-0.0008180642443432746,0.0018452383810299918,0.013094413496898548,-0.0007237077556564565,0.003373318023715078,0.013094413496898548,-0.0005034551827027813,0.003373318023715078,0.0107836344685051,-0.0004090518194589097,0.0028291807121448103,0.010013374792373948,-0.0002517049020711148,0.0021490807558476824,0.009243115116242798,-0.18869405052456192,0.000810905402417095,-0.042526048278267094,-0.38501862468830683,-0.3948014719050879,0.019247236671588175,1.5915243142678452,1.475519577854714,0.04932781877810226,-0.04777486320692124,-0.5060952170972326,-0.39685883361408125,-0.019207606228261384,1.5122151049326091,1.5124102601695846,0.29638555731630684,0.15847463794802713,-0.09593046279513417,0.022841803595820945,-6.700221608888583e-05,0.08536164758276474,-0.00680934598594625,5.2905968795484715e-05,0.10798188063881968,-0.02131614970230421,4.029124199134211e-08,0.00024694115054417286,-4.955692966536089e-06,-5.548686789188114e-07,-8.249523109026486e-05,-1.2887747299575352e-05,-4.653796510985369e-07,-0.0004804986889564774,1.9594403420577596e-05,3.9169253338191536e-07,0.2542366903617401,-0.012263796150513961,-0.00023118613814262885,0.03316266572897615,0.0017922603271851136,-4.463528017093718e-05,0.19379455834402254,-0.004555325834197257,-0.00024620127027689866,0.2803523354862874,-0.008121418718173925,-0.00043393873976368947,0.004893075437861153,-0.0001417453143826941,-7.573669049583863e-06,0.08553636886104772,-0.0017101936227662342,-0.00012837361648909107,-0.26442273734461696,0.0024494089453266036,0.000361692318841825,0.09817785303232969,-0.009921408376900816,8.860970009273474e-05,0.01122831458445909,-0.001753371940865936,5.656310609353523e-06,0.0031062144734622568,0.0020152332690263597,5.034860857162311e-05,0.0039025274273360344,-0.003865423392370897,0.00013975447050077635,6.810887387468124e-05,-6.746431309623204e-05,2.4391864444592357e-06,0.11238578146287001,0.0011023327037686691,-0.00021089383237830734,0.040043746127159774,0.0075980991871144625,-0.0003954997350922019,-1.7281751587747306e-05,2.414731306777191e-05,-4.7657301967575895e-07,-0.003313804077170284,0.00018877104239159621,2.0333109919399603e-06,0.0015714545652556475,-0.0011603942941668412,-8.60607167514418e-06,-3.209639123039009e-05,4.484355149545348e-05,-8.850297858089613e-07,-0.004407362132527285,0.00025106575333987206,2.7043115676883725e-06,0.0016696697275858784,-0.0012329189589236475,-9.143948625167317e-06,-2.8397433023020347e-05,3.967133593320049e-05,-7.829426356118437e-07,-0.00805718412108439,0.000458978199199112,4.943805246229872e-06,0.0016696697275858784,-0.0012329189589236475,-9.143948625167317e-06,-1.975484751885896e-05,2.7597728248179883e-05,-5.446571725353644e-07,-0.00805718412108439,0.000458978199199112,4.943805246229872e-06,0.001375023385740051,-0.0010153450867753924,-7.530315681575122e-06,-1.605332474605764e-05,2.2422679451735922e-05,-4.4253024540502317e-07,-0.006757513651707873,0.0003849421993968726,4.146346821355278e-06,0.0012768082234098214,-0.0009428203487452881,-6.992442918597603e-06,-9.87699633185749e-06,1.379760626580687e-05,-2.723073021192033e-07,-0.005133087132609406,0.0002924062794269228,3.149615730805017e-06,0.0011785913513693087,-0.0008702958549595108,-6.454554105278601e-06,-0.29761542729595486,0.01202653161825594,7.295784532938089e-05,-0.030508636287251485,-0.0016881184785671193,5.1424744190660065e-05,0.13839414397657604,0.007503303982697087,-0.0001720508238636849,-5.2117953554002214e-05,0.0008899925234797023,-0.0006263512773488064,0.08376498504902767,-0.004634538787901666,-0.0002789238655799775,-0.15052986848940172,0.016457150255942257,-0.0004818218595682188,0.40512055864047913,-0.020252068126981628,-0.0005099289600578008,0.04527736849896018,-0.0016872244466332722,0.00029749752869267864,0.06878927189047347,0.01151001871252045,-0.0002751889225070185,0.16421706276393042,-0.000888111964285451,-0.0008924705252325997,-0.1683433271537867,0.029881363244374425,-0.00030877961937053513,-0.02676875445443635,0.0026735028953546094,1.3394430062018987e-05,-0.10742970320090801,0.02385627709671612,-0.000847494901757708,0.17007439514236863,0.006617721656904411,0.00027154008323551155,0.016953380355622164,-0.00589842411725335,0.0002064091834377273,-0.10431427424385059,-0.0034034312670278262,0.00028380922315880176,-0.08360456891672159,0.0037272725973214365,-0.0001929793581857086,0.37578804157624873,0.4124397270640477,0.32963412829934774,0.561452423087443,0.1677785736642618,0.01565928143173478,0.0360891632768246,0.012198122733507342,0.01427539062230339,0.0491182052886746,0.03197646004471091,0.002797005367615503,0.00036573498243323344,0.0007457176542760074,0.0001938268234851756,0.0017236388842779967,8.537574596397939e-05,2.1867364369538762e-05,0_1_29_p1
1366.6670000000001,-0.24558227807913965,1.7403828527584952,-1.4369059967607298,0.004003098641680706,0.0021713257251626014,0.0017579579557962602,0.5058660563637766,-0.034637896089531564,-0.05453833120965762,0.6913938761696966,0.01206709773920967,0.8722951562504789,0.17634104890458654,0.4144891179788072,-0.06157592411537074,-0.29300961182406926,0.6207367611061005,0.010833900948293534,0.8040440398939446,0.056202316649202506,-0.00044083476380322724,0.001308580553302771,0.012138577948057847,-0.0008186716189229685,0.0017404089195002072,0.012897239163311246,-0.0007242448184005705,0.0031816773811875953,0.012897239163311246,-0.0005038286831627082,0.0031816773811875953,0.010621255517551054,-0.00040935550674875686,0.0026684528426631515,0.009862594800963157,-0.00025189190163382843,0.002026989988015674,0.00910393358570976,-0.19520588742772124,-0.00027290018050733436,-0.0367157100653653,-0.38334497112203697,-0.39313809433878816,0.017199981416294842,1.5963245411814933,1.4766927068954279,0.050862715178180126,-0.04407933945132998,-0.5072172414014517,-0.3968331797674044,-0.02164893588470401,1.5116480993198482,1.5123365519232799,0.28870775220902173,0.15349793431105846,-0.06751214053181925,0.023035254872427306,-0.00013468926047162223,0.0786972011557105,-0.00662148797769709,6.51935721941992e-05,0.0781874048712653,-0.02152560696910607,7.95265836574435e-05,0.0002375676638920331,-6.047098740885275e-06,-5.29179758465905e-07,-9.107284760349417e-05,-1.3738328167690128e-05,-4.618074033587117e-07,-0.00047189371707864514,1.9711860517340372e-05,3.7056609695381033e-07,0.24434231482480828,-0.012560201662123648,-0.00021224209037161597,0.03639844974173414,0.0017819367545261178,-5.3203341846102354e-05,0.18980192063597479,-0.005074914020251609,-0.0002454779037174823,0.27515894601697655,-0.008834975148376743,-0.00041825110460214017,0.004802434292105293,-0.00015419923490899015,-7.299870461389245e-06,0.0850899720534886,-0.001806997443678431,-0.000127083676364776,-0.2623811936614913,0.0030806268760236824,0.00035230249573342683,0.08976790524244592,-0.00965454621942226,0.0001069030028189417,0.007223290025377233,-0.0017628714820151394,1.357500128851152e-05,0.003049567497356199,0.0025670694243403185,5.25289413893247e-05,0.003604453116363826,-0.0035747916456759874,0.0001433669704035016,6.290708032445438e-05,-6.239179806818282e-05,2.502232883618168e-06,0.11582755735507214,0.0008390706588183841,-0.0002168818225964232,0.04981651595531568,0.006865699014005062,-0.00041626568573564153,2.833844801809437e-06,2.3712533741617963e-05,-5.064936475508812e-07,-0.002998248833361424,0.00020187172189528433,1.4002262076445337e-06,-0.000555040347788511,-0.0011580315233981494,-4.373192578004904e-06,5.26163341029763e-06,4.403615302431864e-05,-9.405974636809686e-07,-0.00398767270937229,0.00026848963070139,1.8623057689674058e-06,-0.0005897320792355811,-0.0012304085180349666,-4.646511749478046e-06,4.652121692744561e-06,3.895699455058014e-05,-8.321034358711659e-07,-0.0072899405163765404,0.0004908311032601053,3.404517484354836e-06,-0.0005897320792355811,-0.0012304085180349666,-4.646511749478046e-06,3.2364815745552163e-06,2.710081316528554e-05,-5.788583566980599e-07,-0.0072899405163765404,0.0004908311032601053,3.404517484354836e-06,-0.00048566115917009266,-0.0010132776073978136,-3.826543069603718e-06,2.626115001857884e-06,2.2018968003952157e-05,-4.7031338650009395e-07,-0.006114032555303731,0.00041165708210136624,2.8553578421149707e-06,-0.0004509694277230206,-0.0009409006371854291,-3.5532238981305843e-06,1.6182407872777458e-06,1.3549185361008728e-05,-2.89405102836816e-07,-0.0046442903647717325,0.00031269917277331084,2.168965686731929e-06,-0.0004162802608413842,-0.0008685237402463431,-3.2798928633615803e-06,-0.2815839629056351,0.012236501016562274,4.4330108747884535e-05,-0.03593489000745273,-0.0016198377788085262,6.42042842750494e-05,0.1562559327313727,0.00693049405412689,-0.00021408532065865903,-0.01272805877111907,2.763282615793729e-05,-0.000597576270510176,0.07356636913097082,-0.005028915022119319,-0.00025797513643917243,-0.1366559242698613,0.015902089855694506,-0.0004953155609922678,0.35496707332000177,-0.020518067540224644,-0.0003746548083946088,0.04442750656402085,-0.0015127954799608108,0.00027143892142238955,0.09142427427884886,0.011024537097354986,-0.0003291142784968074,0.15559244204061687,-0.002128223869784779,-0.0008560798162914227,-0.11271545463937895,0.029172553116476756,-0.00043001555479669346,-0.015719149047506025,0.002605209128524526,-1.3932621040462584e-05,-0.07898976507042613,0.02289685089370866,-0.0008903110076142689,0.18767467088583936,0.0073100954849516005,0.0002471390254344545,0.013122341899398902,-0.005616302258119798,0.0002095315945375714,-0.11784979926390515,-0.00224507357975566,0.0003150269258839478,-0.0719863839662348,0.003835264322716343,-0.0002126225532486915,0.34933827719382954,0.4095490293285206,0.32403203699517286,0.5083773491935064,0.12986414549740952,0.013847186236771291,0.03643372037040887,0.012306947450732127,0.014155831992231084,0.04810755988506038,0.03221520509528707,0.002811145635736935,0.0003888766268936624,0.0007457410940627079,0.00022785932761770249,0.0017179676759200852,0.00016945945493416383,1.2011325623018379e-05,0_1_29_p1
1383.3329999999999,-0.24437271404362657,1.740790867852379,-1.4379025648036534,0.0040126306327240985,0.0021702286610613473,0.0017564071060894876,0.5093646506305414,-0.033249297176679855,-0.049023328138133815,0.69576185883012,0.012143333222271279,0.8725654523997424,0.1694687516443403,0.4144178925880299,-0.06197078092269044,-0.2967744076976722,0.6187916170866935,0.010799951801014743,0.8065560439157866,0.06013712454657667,-0.00043922656756388947,0.0012820226260734243,0.01174627929475608,-0.0008156856099055566,0.0017050869460983457,0.012480421626011961,-0.0007216033872440522,0.003117104188187811,0.012480421626011961,-0.0005019911007931084,0.003117104188187811,0.01027799413357882,-0.0004078625022400508,0.0026142957746392685,0.00954385230098844,-0.00025097335978177884,0.0019858515802151657,0.00880970947106706,-0.20141537695523357,-0.0018299597687580329,-0.02990265077592826,-0.38291820670399784,-0.39246684469779525,0.015316275978550896,1.6001001760484166,1.477880476256573,0.05326099354596205,-0.04155752318843338,-0.5064838241298336,-0.3962516016527204,-0.023519421201362356,1.513119918523428,1.5121124267140487,0.28131444075646656,0.1493435021592613,-0.04029682684734694,0.0228485619340415,-0.000200873600705594,0.071859987649233,-0.006402402819352238,7.768237150820501e-05,0.05018864380283295,-0.021382890832373228,0.00015609745785297494,0.0002259176979918618,-7.178243067206287e-06,-4.994663893481014e-07,-0.00010230991846919162,-1.4341929172534979e-05,-4.5262870155720373e-07,-0.00046446160645815333,1.949157655899066e-05,3.55278495618325e-07,0.23371312717761558,-0.012719657987498429,-0.0001922400752702753,0.0389592862950986,0.0017160004583628404,-6.043645475024704e-05,0.18404344028694974,-0.005562114675838017,-0.00024025934593450136,0.269865422235538,-0.009364022501993084,-0.00040341759045576213,0.004710044112725151,-0.0001634328916840311,-7.040977755539362e-06,0.08498648841890652,-0.0018721415089432592,-0.0001265388761348479,-0.25938174717607343,0.003695768229914799,0.00034144223664104044,0.08215952092672951,-0.009305708118716652,0.00012217278269266197,0.003455366379278903,-0.0017306001141490256,2.1609130210611105e-05,0.004324065047312045,0.0031059799500596148,5.164838127469617e-05,0.005260560567092763,-0.0032064971640188913,0.00014068360522927954,9.181229730290707e-05,-5.596389799736837e-05,2.4553979871910024e-06,0.11929432408254881,0.0005670064635453156,-0.0002238168485586735,0.05767897775231701,0.006049237539606335,-0.00043251708983937844,2.100977487000707e-05,2.303600138078778e-05,-5.290025068687293e-07,-0.0026850649577215627,0.00020771582917615796,6.95299397061313e-07,-0.002679135682443929,-0.0011323659631704962,3.378876017084918e-08,3.901558876458199e-05,4.2779857904940235e-05,-9.824030204986515e-07,-0.00357113855655319,0.0002762624133089165,9.247515895984801e-07,-0.0028465829983078377,-0.0012031388587665577,3.5908103086627975e-08,3.4513066722008276e-05,3.7845560741432624e-05,-8.690876096776255e-07,-0.006528464619324146,0.0005050406520075093,1.690552460513895e-06,-0.0028465829983078377,-0.0012031388587665577,3.5908103086627975e-08,2.401031642486433e-05,2.6327633324336748e-05,-6.045870540841935e-07,-0.006528464619324146,0.0005050406520075093,1.690552460513895e-06,-0.0023442444701366923,-0.000990820220827238,2.9569613885450436e-08,1.950352010657173e-05,2.1390771595397618e-05,-4.912165138294014e-07,-0.005475386519593113,0.00042357454438825737,1.4178697199723485e-06,-0.002176796299417638,-0.0009200474229289072,2.7450270969673337e-08,1.2003875929716465e-05,1.3162668713832367e-05,-3.022698004503497e-07,-0.004159167764342258,0.00032175182007775294,1.077029553273138e-06,-0.0020093524029743057,-0.0008492746250305761,2.534418703164418e-08,-0.2662356141156082,0.012419457456387667,1.8613726858549003e-05,-0.04112818629755266,-0.0014977581139165395,7.749644644606976e-05,0.17280416560469153,0.006232511326085557,-0.00025444462726343476,-0.027539393543775506,-0.0006615359057106708,-0.0005629126592613722,0.06269362384989298,-0.005294988954306404,-0.00023469036732664262,-0.12418167284580164,0.015387471528777652,-0.00050494039459624,0.30764761317576894,-0.020672315917092204,-0.00024482924382138735,0.04308594306346588,-0.0013851729831650822,0.0002469864439099765,0.1127530793788246,0.010427720613722564,-0.0003795597376202609,0.1470902314447693,-0.0032146668436574886,-0.0008173795699815032,-0.06011755292301028,0.028262272071624104,-0.0005428746613879656,-0.00511184911141577,0.0024685324945339527,-4.034849495518924e-05,-0.05280553577254425,0.021931708640720884,-0.0009253994169703516,0.20736123770493925,0.007731230004090566,0.00021775877487342118,0.010251897329461506,-0.00530966432583393,0.0002097058963611171,-0.12991372534805515,-0.0011662340050498361,0.00034463917296556276,-0.05990250470817235,0.0038489528494657877,-0.00023362001401758167,0.32572892559161537,0.4061241273005593,0.3200534480082583,0.4700644511147238,0.09647211657463611,0.013789211495065023,0.036265492829397124,0.012331860018979207,0.013976065265610734,0.046942221071891214,0.031941762659625304,0.0027648641596636765,0.00043260353067578353,0.0007432046395537625,0.0002666350284238016,0.001725540074285398,0.0002659920134401698,3.595738963301583e-06,0_1_29_p1
1400.0,-0.24007843564018405,1.7410640477842318,-1.4416837567989154,0.004022404476535267,0.002167434139596154,0.0017565741590321788,0.5120830926949748,-0.031412338138955824,-0.04378698283898692,0.6990685631216067,0.012201046273979723,0.87255159797614,0.16241427990876386,0.4139385039997157,-0.06270966257086372,-0.30022025611977965,0.6164944970050262,0.010759859094768932,0.8091108090029677,0.06444661125045548,-0.00043566958654832507,0.0013133557741362276,0.011149484900987643,-0.000809079289354008,0.001746759923315464,0.011846327551466402,-0.0007157590275773738,0.003193287810037363,0.011846327551466402,-0.0004979254809669628,0.003193287810037363,0.009755799101364624,-0.00040455934196427637,0.002678190782558279,0.009058956949551366,-0.0002489403005359558,0.002034386693385626,0.008362113800407108,-0.20718623282846232,-0.0038849602966062125,-0.022089208652488097,-0.3836953738946429,-0.39281093735715694,0.013683331967750985,1.6028216594737377,1.4790346929095124,0.05657482925277264,-0.04017644066067177,-0.5038467991816784,-0.3951199022404593,-0.024646318963518526,1.5165592169741855,1.5117568742228187,0.2742628902033925,0.14593293083066064,-0.01548134971787001,0.02228473199008853,-0.00026297534537671256,0.0650049127993794,-0.006159451326613269,9.032292121813988e-05,0.025169113605378574,-0.02088945654865355,0.00022674867371678522,0.00021191089646014288,-8.331320534075052e-06,-4.6515843552254035e-07,-0.00011600811729398756,-1.472045903022464e-05,-4.365741730355357e-07,-0.000456973930253313,1.8956705907710157e-05,3.4273061778871167e-07,0.222343108385094,-0.012752186056152033,-0.00017082412348046566,0.04076423513948594,0.0015905770397879636,-6.613076558980652e-05,0.17666512142638297,-0.006016277940076132,-0.00023087993879988044,0.2640944712596745,-0.009709809991056846,-0.00038878193445148813,0.004609321660258062,-0.00016946799802846992,-6.785535175265908e-06,0.08498202949447631,-0.0018965439107859578,-0.00012600486382791478,-0.2553420368695305,0.0043004133792567244,0.00032940085804170386,0.07530659176328736,-0.008889831960113987,0.00013492029118035125,0.00017236615236154154,-0.0016542873664299952,2.919044201410129e-05,0.00693331717660284,0.003616773239847622,4.78659815290385e-05,0.008404798142497259,-0.0027727060015623663,0.00013281413117765577,0.00014668886840619105,-4.8392812354921294e-05,2.318048236770981e-06,0.12226307955859314,0.00029088344047369194,-0.00023085432873545212,0.0634871277497643,0.005166788697555589,-0.0004442499166741791,3.783930808666633e-05,2.210477103596041e-05,-5.455894880228433e-07,-0.0024058718323108235,0.00020586716829096798,2.419135380910201e-08,-0.004748088586046339,-0.001081637930806947,4.542439241824426e-06,7.026909282315102e-05,4.1050510373396826e-05,-1.0132057193140243e-06,-0.0031998134180157506,0.00027380365451978866,3.217953897764464e-08,-0.005044845565242288,-0.001149240290796692,4.826348149467093e-06,6.216164663903007e-05,3.631571197602737e-05,-8.963382981402504e-07,-0.0058496369724327524,0.000500545848085663,5.8818918782322634e-08,-0.005044845565242288,-0.001149240290796692,4.826348149467093e-06,4.3244557161128345e-05,2.5263387519128835e-05,-6.235459965720964e-07,-0.0058496369724327524,0.000500545848085663,5.8818918782322634e-08,-0.0041545789019301555,-0.0009464331864030246,3.974638174721516e-06,3.513112699100033e-05,2.0526073405193226e-05,-5.066171653961537e-07,-0.004906057268075413,0.0004198047797505456,4.9342936743027995e-08,-0.003857821067879061,-0.0008788309241110101,3.6907264757151115e-06,2.162099629784834e-05,1.263060687231012e-05,-3.1174717817149993e-07,-0.003726699111642087,0.0003188882507413706,3.748173439222269e-08,-0.0035610675081036835,-0.0008112285641212653,3.4068336184139263e-06,-0.2516036775337264,0.012557372922028253,-4.33975762318748e-06,-0.045881444192653754,-0.0013160025501727638,8.995009411656066e-05,0.18736637934618694,0.005425766501618134,-0.0002915865863942173,-0.04395377576323831,-0.0011946310717063642,-0.0005226736974191429,0.05128719164766465,-0.005429221117800969,-0.000209811835593267,-0.11284668003308838,0.014879876203233873,-0.0005104921142021264,0.26386162239617666,-0.020696131082299916,-0.00012335212759011718,0.04157974984960042,-0.0012830536485440734,0.00022456657885072456,0.132303454950685,0.009735817175824389,-0.0004258794306471769,0.13896605061635234,-0.004114397730389172,-0.0007787503101448862,-0.010976776022951265,0.027152387626363662,-0.0006457742498634415,0.004896697459105469,0.002262410554985686,-6.524776931247891e-05,-0.029115852431043126,0.020948153027754816,-0.0009520353892177393,0.22897815206947517,0.007892452411343662,0.00018307014881850772,0.007849824473409631,-0.004984222438042266,0.00020728644625394444,-0.14050610378760958,-0.00018506697947779304,0.0003717334850447091,-0.0479463698736736,0.0037496823073994217,-0.000253961899984564,0.3051671534548279,0.40154473584929673,0.3170420754079783,0.44831898910043383,0.0714077190932928,0.015514664353100198,0.03559647136014088,0.01228291995249217,0.013742576888816416,0.045567841627063,0.031159559702803773,0.002653054454555704,0.00048676089855786823,0.0007374796698074957,0.00030517632656029936,0.0017430146430694176,0.0003587892805524654,1.0541796129551511e-05,0_1_29_p1
1416.667,-0.23305806713952618,1.741252118480441,-1.4479758487706007,0.00403209554187334,0.00216302892856412,0.0017581474486864758,0.5141226789735347,-0.029176239754593214,-0.03881939131671012,0.7014403254500614,0.012242440995847528,0.8722787531475031,0.1552390832501615,0.413072754368215,-0.0637660305806158,-0.3032859773161232,0.6138758962511205,0.010714155902976207,0.8116589782415731,0.06908628732087459,-0.00043014786346051557,0.0013954974513865881,0.010387838674047837,-0.0007988247320002903,0.0018560085585112992,0.0110370787158422,-0.000706687304791008,0.003393007831005076,0.0110370787158422,-0.0004916143703917513,0.003393007831005076,0.009089358590459106,-0.00039943206328741754,0.0028456945188616795,0.008440120044661242,-0.00024578474524834993,0.002161624187849015,0.007790879504201376,-0.21244864835997895,-0.006366606061438907,-0.013465076051461591,-0.3856874518122981,-0.3941169168712086,0.012323224806939837,1.604483184996368,1.4801315475712555,0.06082117991762432,-0.03982778471331437,-0.49928311424822563,-0.39353126815004347,-0.024868428068130822,1.5219079639704878,1.5112994742897516,0.26762087118598893,0.14334397773542587,0.006285906311102412,0.021299924234156623,-0.00031808419562614923,0.05829941451860914,-0.005902778016622996,0.00010268103934968883,0.0036028237624588823,-0.020002802967243445,0.0002885845661144211,0.00019547203204421708,-9.490528533546575e-06,-4.2611842232527807e-07,-0.0001318357602820719,-1.4899807639400952e-05,-4.13871313938106e-07,-0.00044836211953432954,1.8142688415318745e-05,3.293334675427353e-07,0.2102404308624185,-0.012668831671217788,-0.0001479276023584687,0.04178364904365277,0.0014020716131017724,-7.01306649084886e-05,0.16786953736799887,-0.006427375263029314,-0.0002177489150788702,0.2573888139758465,-0.009877280217038584,-0.0003731964450587743,0.004492285152226044,-0.00017239091873626656,-6.513516081452346e-06,0.08493337626882058,-0.0018704811848584816,-0.00012477591569904804,-0.2500603177827729,0.004898937912315404,0.0003160377226563581,0.06912825871377469,-0.00842353532160408,0.0001453807823240711,-0.0025037732628032648,-0.001532419290398326,3.5724435539913304e-05,0.010696631443765356,0.004066239856652215,4.136923456522371e-05,0.012565102009325353,-0.0022889120414218756,0.00012123768630906151,0.00021929940946830082,-3.994896845948534e-05,2.116002351224639e-06,0.1242601741936599,1.8006986267356484e-05,-0.00023664525425660723,0.06722320804175484,0.00424839715346472,-0.0004513925468250137,5.3591723822094495e-05,2.092888114896779e-05,-5.582713513117372e-07,-0.0021773664877985754,0.00019546673194232474,-5.326368624516567e-07,-0.00668492106260378,-0.0010062979593927362,9.024147480708097e-06,9.952309070029317e-05,3.8866672998525944e-05,-1.0367564551459483e-06,-0.0028958995915556195,0.0002599710968908153,-7.083978713876466e-07,-0.0071027306592974775,-0.0010691915574303494,9.588163458586383e-06,8.804238611860288e-05,3.4383763775395285e-05,-9.171723392171179e-07,-0.0052940478076418974,0.00047525820710488185,-1.2950469242700172e-06,-0.0071027306592974775,-0.0010691915574303494,9.588163458586383e-06,6.124866134541556e-05,2.3919408686425782e-05,-6.380401527659179e-07,-0.0052940478076418974,0.00047525820710488185,-1.2950469242700172e-06,-0.005849306998347235,-0.0008805107144686438,7.896135064497632e-06,4.9759408212286947e-05,1.9434130293325083e-05,-5.1839323115305e-07,-0.004440086842288395,0.0003985961411496501,-1.0861377731403404e-06,-0.005431498256508677,-0.0008176171897043287,7.3321162952556e-06,3.062262096242e-05,1.195859303152591e-05,-3.1899565195027794e-07,-0.0033727437747722053,0.0003027779682183009,-8.250412856217012e-07,-0.0050136920792355506,-0.0007547235916667154,6.76811636771877e-06,-0.23756446587893895,0.01263150813387605,-2.447038829782102e-05,-0.04986797310584361,-0.0010704087490330054,0.0001011598668406119,0.1996375804473523,0.004508110694712915,-0.00032378902223073933,-0.06139880981258869,-0.0015812111735588094,-0.0004778697658427026,0.03944073729268539,-0.005430363839308371,-0.0001835593946295411,-0.10218244332499843,0.014366186542096405,-0.0005125458579766062,0.2238793736932088,-0.020576869752694987,-1.217060338776573e-05,0.04004965232134795,-0.00121561192804806,0.00020314146789866081,0.1490637543041001,0.008943665021755408,-0.00046723477399077384,0.12986243574913545,-0.00481999663157568,-0.0007411811956001508,0.03446792438642774,0.02583703637811277,-0.0007381117073610401,0.014188341989484342,0.00198997405808522,-8.830699344385912e-05,-0.008142931221141809,0.019920680086629415,-0.0009698248354372846,0.2522954981239479,0.007818429747281707,0.00014290285942722205,0.005797666908818733,-0.004646058766971153,0.00020385408072928833,-0.1486955245960386,0.0006938776892162076,0.0003963209787274622,-0.0367695526179342,0.003560977333098225,-0.0002720558714264574,0.287189950972104,0.39513352628019777,0.3142910334656459,0.4417934874455681,0.05875007497017467,0.018295816956137023,0.03438396639036409,0.012181075179349478,0.013454509826150048,0.04393978676503898,0.029810104469327945,0.0024748114023520475,0.0005416097865860591,0.0007274793093383992,0.000340105056533705,0.0017663688621524282,0.0004415908337764979,2.0885947530428882e-05,0_1_29_p1
1433.3329999999999,-0.2238184347031393,1.741398067899148,-1.4564099663786314,0.004041314869647875,0.0021570828411353266,0.001760743002616942,0.5156066202367678,-0.02660063743080516,-0.03406502317849096,0.7030499748006678,0.012270534812818626,0.8718310447784401,0.14807029743523448,0.41180689548567706,-0.06510231848512674,-0.3060089253220197,0.6109289472037024,0.010662722047250937,0.8141699255912193,0.07408520850055568,-0.0004229835362138292,0.0015173478624473226,0.009519825599839988,-0.0007855203364450878,0.0020180698595414805,0.010114814824496362,-0.0006949173029810585,0.0036892749782036108,0.010114814824496362,-0.0004834267815378956,0.0036892749782036108,0.00832984715052724,-0.0003927798655098164,0.0030941720578131064,0.007734859421867366,-0.0002416912001541724,0.00235037007714569,0.007139869698545491,-0.21715680616359137,-0.00915307308146691,-0.004301537975799721,-0.3889076994739583,-0.396288891858853,0.011204594420117614,1.6050910687135382,1.4811414613989713,0.06605873148861711,-0.040273813576971546,-0.4928289714474856,-0.3915750043886392,-0.024086918498306818,1.5290738630108323,1.5107596414587823,0.2613376659321893,0.14155729864145877,0.02453031198603143,0.019945956687766622,-0.00036475426411828325,0.051803760094560086,-0.00564083388963581,0.00011428868677995235,-0.01421009634318527,-0.018762375937713637,0.00034065122277719006,0.0001765070706782617,-1.0612977761833102e-05,-3.8214816293113e-07,-0.0001497415561248204,-1.4895386817085718e-05,-3.851516703099562e-07,-0.0004379756295367454,1.709644341699678e-05,3.120242210221994e-07,0.19731854309084176,-0.01248765447803989,-0.00012356607933983408,0.04200147468285309,0.0011556163866457904,-7.239362837331369e-05,0.15779056441130762,-0.006801810047062403,-0.0002014418246643027,0.24933968429992753,-0.00988709033927376,-0.00035534579888718066,0.004351801677308945,-0.00017256208516049518,-6.201961507378556e-06,0.08490760495079964,-0.0017949385150774536,-0.00012253348201665334,-0.24327324067562578,0.005487943193707696,0.0003007558038395952,0.06340544548591584,-0.007911940324237773,0.0001539169317333362,-0.0045356921318645506,-0.0013679187823373768,4.0919783831278935e-05,0.015498158734563222,0.004449058986662716,3.2824544280771104e-05,0.01733074932002631,-0.0017591678343166933,0.00010750123114643844,0.00030247681496334007,-3.0703197165834604e-05,1.8762570049147761e-06,0.12504245042607154,-0.0002474281248829682,-0.0002399578437590783,0.06885018117432687,0.0032985674810286497,-0.00045415975060901476,6.860639956839439e-05,1.950906445279031e-05,-5.681143976821678e-07,-0.002005037094208231,0.00017742684596415998,-9.344543699412384e-07,-0.008416936230684607,-0.0009124073382641365,1.3278087417227703e-05,0.00012740590092672515,3.622993336845178e-05,-1.0550363984053213e-06,-0.0026667026692320113,0.00023597802411542368,-1.2428198109478225e-06,-0.00894299527938686,-0.0009694328198035502,1.410797520813423e-05,0.0001127083764387881,3.2051157181064587e-05,-9.333461985384558e-07,-0.004875046542877697,0.00043139595604125175,-2.2720284185544296e-06,-0.00894299527938686,-0.0009694328198035502,1.410797520813423e-05,7.840816864759434e-05,2.2296673803534796e-05,-6.492921399815748e-07,-0.004875046542877697,0.00043139595604125175,-2.2720284185544296e-06,-0.007364818988135246,-0.0007983564240341734,1.1618331374960772e-05,6.370124075307497e-05,1.8115748266071675e-05,-5.27535645226004e-07,-0.004088672134905989,0.0003618091597450434,-1.9055300364033924e-06,-0.006838759939432993,-0.0007413311867390858,1.0788444281895174e-05,3.920109233079379e-05,1.1147262226729433e-05,-3.2462164555810624e-07,-0.0031058058527034713,0.0002748342190323297,-1.4474574777220665e-06,-0.006312703455296168,-0.0006843057051996715,9.958571145648246e-06,-0.22405186807384192,0.012637395350280606,-4.2155556146636846e-05,-0.05299021098412184,-0.0007707670245175376,0.0001103192328655284,0.209374831899137,0.0035045614853985276,-0.00035045948945332305,-0.07948003902795243,-0.001819270086065371,-0.00042967318496266773,0.027449326860676165,-0.005307859775474134,-0.0001560397889760529,-0.0920407932440165,0.01384573263202568,-0.0005123004894280526,0.18777437862524982,-0.02030944825128361,8.805852717940118e-05,0.03862060380022835,-0.001178024606833361,0.00018239162691317842,0.16240624961325636,0.008053269763805203,-0.0005013023383628403,0.11812730746982723,-0.005348199290612179,-0.0007011342063095899,0.07595423087511127,0.024311984229344,-0.0008198002531736038,0.022523790008438356,0.001665893637020094,-0.00010934103014960941,0.010101829218671858,0.01882311735244117,-0.0009784311004143672,0.27709106567712644,0.0075309048616971274,9.723675375123539e-05,0.004031241256632661,-0.004299041727541795,0.00019981278688209722,-0.15349763489804422,0.0014693828582783921,0.00041595569711662313,-0.02669075148712676,0.0032808581064735216,-0.00028636870970398753,0.2708600145626723,0.3863376704030291,0.3111993288558185,0.44729264663709484,0.05905538082242023,0.02137126235810392,0.03270310816502818,0.012048279548548,0.01313696290054578,0.04203313193538981,0.027958676162956008,0.0022442787225912635,0.0005913389449739395,0.000712164650740776,0.0003698233061908819,0.0017891604519296393,0.000512007055064765,3.0765358474620404e-05,0_1_29_p1
1450.0,-0.2128313462063982,1.7415383190671798,-1.4666384255747111,0.004049706911356964,0.002149724034343418,0.001763913019204064,0.5166672169299649,-0.023739022517172286,-0.0294966213680683,0.7040757157727058,0.012288437402954586,0.8713300016407637,0.14106609666743597,0.41015790092841015,-0.06667485266119112,-0.30841918213379077,0.6076761361861897,0.010605949478676564,0.8166244893313814,0.0794408475527419,-0.00041446682812959734,0.0016678600704843082,0.00859906219298536,-0.0007697036640980146,0.0022182506474317204,0.009136503424213977,-0.0006809252477005703,0.004055229631775775,0.009136503424213977,-0.0004736933296322735,0.004055229631775775,0.007524179231862627,-0.0003848715293362798,0.003401096185424319,0.006986738997965013,-0.00023682472353411167,0.0025835126546235937,0.0064492967694053955,-0.221266673078268,-0.012137807011193965,0.005113131037942099,-0.39329741347823083,-0.3992051086501363,0.010297891884382557,1.6046228113365277,1.4820255858568372,0.07229558179481474,-0.04123217636256913,-0.48459189852001194,-0.3892762591561054,-0.022303296223858227,1.537873115466353,1.5101550953098077,0.2552937263695491,0.14025689819702733,0.03921376470344592,0.018297915088412938,-0.00040255203392120946,0.04550123710917209,-0.005380712997699419,0.0001249885478315602,-0.02828095729996182,-0.017224133056557924,0.0003829696235949198,0.00015501772207256228,-1.1649404138217523e-05,-3.330508661967792e-07,-0.0001699622996970662,-1.4718089860254619e-05,-3.5029940055607427e-07,-0.0004255434711799683,1.587817713930267e-05,2.890108227092517e-07,0.1834033777562657,-0.01222966740224018,-9.75062920205272e-05,0.041412774413776124,0.000859324790590142,-7.298689784313443e-05,0.14643329749296669,-0.007151181357557854,-0.00018236019197047482,0.23967953650784046,-0.009768360241079667,-0.0003340670049415346,0.004183199452145716,-0.0001704898918674086,-5.830576843009469e-06,0.08507419142753327,-0.0016803807205960442,-0.0001196107615892051,-0.2346465058955416,0.006053391402872384,0.00028282265472576916,0.05779065944772807,-0.00735532467381464,0.00016122843171388588,-0.0059501311785764175,-0.0011667197337425607,4.4774706695976195e-05,0.021316478943656902,0.004771809595066099,2.2613160717328364e-05,0.022320198562237943,-0.0011835054983758365,9.289567441731766e-05,0.00038955919875541473,-2.0656011387056337e-05,1.621338503182571e-06,0.12463242685002851,-0.0005028530044211429,-0.00024021800234838044,0.06849613180339108,0.00231447985506992,-0.0004526783843424815,8.327656869172871e-05,1.791060745598422e-05,-5.765289636612294e-07,-0.0018867670302036605,0.00015332957855895143,-1.1834370366910491e-06,-0.009913455048886915,-0.0008085316426890657,1.7127546885254564e-05,0.00015465013436071368,3.3261534367002753e-05,-1.0706610569118042e-06,-0.0025094033387805543,0.0002039286010690795,-1.5739634778726765e-06,-0.010533046363441474,-0.0008590648902019837,1.819802161863706e-05,0.0001368093075088988,2.94251154525047e-05,-9.47166240390283e-07,-0.004587486095319111,0.0003728058453442947,-2.8774047307346742e-06,-0.010533046363441474,-0.0008590648902019837,1.819802161863706e-05,9.517529743875358e-05,2.0469897210026993e-05,-6.589069923666716e-07,-0.004587486095319111,0.0003728058453442947,-2.8774047307346742e-06,-0.008674272419777801,-0.0007074651965120946,1.4986604396898911e-05,7.732335747006905e-05,1.6631524340914482e-05,-5.35347276638312e-07,-0.0038474961274518305,0.00031266996115182443,-2.413258164566059e-06,-0.008054681105223241,-0.0006569321688190705,1.3916128965675489e-05,4.758294701608566e-05,1.0233934991057236e-05,-3.2942697822785356e-07,-0.0029226069759592755,0.00023750757978763687,-1.8331318308913918e-06,-0.0074350923552341155,-0.0006063989457305852,1.2845665397747921e-05,-0.21112052816893986,0.012575165681596563,-5.7612369253895964e-05,-0.05514483063139815,-0.0004313081013568981,0.00011742804494687307,0.21659898703791983,0.0024547450488321457,-0.0003710649939049585,-0.09788795712051802,-0.0019051429719510824,-0.0003788313528866897,0.015704207889302026,-0.005076758724378707,-0.00012786677950380092,-0.08251286076789581,0.013325741125314464,-0.000510125336683602,0.15563010182912412,-0.019892547561003254,0.00017727527561119333,0.037257785181376735,-0.0011657221422141407,0.0001621260749745724,0.1724660746695809,0.007065799207373562,-0.0005267608380199976,0.103250555762144,-0.005734179333002532,-0.0006543825588166197,0.11302226813448703,0.022581944167436342,-0.0008906672030728746,0.029549349474481335,0.0013036426392878605,-0.00012793279386045172,0.025721581694038893,0.01764032433919106,-0.0009781266617242949,0.3031276982504393,0.007052612334046944,4.612512450697383e-05,0.0025495575945967885,-0.0039501512852769625,0.00019541830875993262,-0.154343965426384,0.002148217661528556,0.00042812201366753186,-0.01783495399697658,0.002911694163861854,-0.00029609797031880864,0.25501414195712035,0.3748115327322346,0.30745398183394973,0.4615116311291361,0.06639373819425988,0.024308989911917954,0.030661244828339984,0.011913351565547256,0.012819773471191525,0.03985119421434872,0.025698971437465894,0.001982378835854491,0.0006331957574917151,0.0006907856332453411,0.00039344346548491433,0.0018058684363804972,0.0005695053352334677,3.964571867950218e-05,0_1_29_p1
1466.667,-0.20046745821987993,1.74171143328903,-1.4783238467344466,0.004057040286208344,0.002141167931684641,0.0017671862595498042,0.517433082365705,-0.020663983755950542,-0.02516477599914044,0.7046772574620396,0.012298936306403585,0.870909478021464,0.1343778603341086,0.40821891941725913,-0.06842466790802856,-0.31041241346474885,0.6042128434475412,0.010545503740024996,0.8190045155445116,0.08501519381349552,-0.00040490441849067065,0.0018370089042740883,0.007658493288444605,-0.0007519456869572233,0.0024432186013587844,0.008137148838473046,-0.0006652152897706191,0.004466498019384717,0.008137148838473046,-0.0004627645765217856,0.004466498019384717,0.006701181689722217,-0.0003759922914331338,0.003746024608164957,0.006222526638359274,-0.00023136084564436826,0.0028455239752604843,0.005743870090999827,-0.22474296453051973,-0.015223300294635153,0.014535937773987729,-0.39874492217425245,-0.4027046583600002,0.009553372324059818,1.6030323391650765,1.4827443972159433,0.07939843904391145,-0.04261274277153765,-0.4747232593945164,-0.38662021111643446,-0.019580086418574005,1.548063625719173,1.5094930261006798,0.24929435304136036,0.13905186752957988,0.049736139910126924,0.01642278312520551,-0.00043189636242233745,0.03935972779983526,-0.005127900897422827,0.0001348436389365063,-0.03799934466328868,-0.015437794237680864,0.0004160380186202102,0.00013104330956373704,-1.2555599439546792e-05,-2.7890817951146916e-07,-0.0001927117047847773,-1.4387187646292835e-05,-3.0842057044035497e-07,-0.00041097417496360555,1.4559697414318532e-05,2.5960589928416476e-07,0.1683538991473503,-0.011916612170087264,-6.927937014909846e-05,0.039972632437454525,0.0005196974365417346,-7.194153072870706e-05,0.13402887662104146,-0.00748393106003206,-0.000160481542332275,0.22828914395267627,-0.009550647100816255,-0.0003086332249037717,0.0039843994690265455,-0.00016669008517749984,-5.386671850964964e-06,0.08547700088101831,-0.001544112829486402,-0.00011671318785980243,-0.22424079875432557,0.0065777184173555015,0.0002612076165938134,0.05192047603191314,-0.006758414669029464,0.00016833669319873387,-0.006598608903296279,-0.0009346840573061707,4.738217957512995e-05,0.028191742052586538,0.005042580785297512,1.0667832246270539e-05,0.027096328106712447,-0.0005671930173621074,7.857002029103882e-05,0.00047291954325124366,-9.899295838895097e-06,1.3713090750321556e-06,0.12310168476099799,-0.0007472018189538665,-0.00023752400068264884,0.06624960496989094,0.0012966781588554734,-0.00044730246761598706,9.859386315894565e-05,1.6185021287073658e-05,-5.846874220176067e-07,-0.001839170405505271,0.00012475186879831298,-1.298285604043507e-06,-0.011177153213810902,-0.0007020391133965553,2.0516965883166954e-05,0.00018309458441664498,3.0056926677096052e-05,-1.085813277106145e-06,-0.0024460996056693625,0.0001659203003326936,-1.7267131820185336e-06,-0.01187572544995942,-0.0007459165320328806,2.1799278606078054e-05,0.00016197282352279512,2.6590171551224497e-05,-9.605675776818643e-07,-0.004471760080222588,0.0003033221201539999,-3.156645082530605e-06,-0.01187572544995942,-0.0007459165320328806,2.1799278606078054e-05,0.00011267931136389771,1.8497770817634736e-05,-6.682329386052e-07,-0.004471760080222588,0.0003033221201539999,-3.156645082530605e-06,-0.009780008741513857,-0.0006142842272750401,1.7952343926549455e-05,9.154643735317833e-05,1.5029208283744792e-05,-5.429216421331476e-07,-0.003750437584131211,0.0002543943394500674,-2.647457768975484e-06,-0.009081435650510197,-0.0005704069551853112,1.6670031203638365e-05,5.633495397865778e-05,9.247945068159147e-06,-3.3408646214244884e-07,-0.0028488817037896057,0.0001932408356943772,-2.0110296287665134e-06,-0.008382865978927106,-0.0005265294877001209,1.5387728948341284e-05,-0.19882667255160769,0.012446047969880948,-7.071189871572483e-05,-0.056238540850970735,-6.427807257970141e-05,0.0001223145407042603,0.2212350690836004,0.001396271225555399,-0.00038588824978960987,-0.11615309217782978,-0.0018470761058754467,-0.00032590459820115383,0.004532511215874181,-0.004755088530754979,-9.997772080964812e-05,-0.07343688678689957,0.012812885436430894,-0.000505736199138102,0.12755349166730753,-0.019320731169505632,0.0002555372731011211,0.03594873524136207,-0.0011704561590296597,0.00014254007076747378,0.17908775098407836,0.005980038090388014,-0.0005444064375900296,0.08556356351288295,-0.006032838047375887,-0.0005993890923785311,0.14512528278253115,0.02066439539109136,-0.0009499579907291285,0.03481205829255034,0.0009065122571922557,-0.000143347406432924,0.038887593868460975,0.016372931270515523,-0.0009695194072087679,0.33003846038651424,0.006417140228938734,-1.019482449592688e-05,0.0012640110419064954,-0.003601181268210459,0.00019070152512626662,-0.1511499419422574,0.0027522341015488424,0.0004315051786149967,-0.010571247275254042,0.002500815244185707,-0.0003008168432882287,0.23854912167432513,0.36055447825646236,0.3027206220055317,0.4811770182743023,0.07393946977358493,0.02696336064871299,0.028365324253148434,0.011809098202569573,0.012524289004750179,0.03742857392042432,0.023115562738885063,0.0017080017689326198,0.0006665064173324667,0.0006631795744350892,0.00041093887722307973,0.0018136527011864295,0.0006146585621960864,4.740535207610353e-05,0_1_29_p1
1483.333,-0.18697942660076508,1.741942971160927,-1.4911541978995044,0.00406319780780938,0.002131655388595771,0.0017701004607351342,0.5180041127077208,-0.017462999043911884,-0.021189498404402037,0.7049887887602104,0.012304373755021799,0.8707037964544371,0.12811263995025254,0.4061361641649802,-0.07030026903405727,-0.31181679613802454,0.6007156040549415,0.01048446508809325,0.8213153938073395,0.09064486950486485,-0.0003946199412069192,0.00201716777365095,0.0067115903347156084,-0.000732846299619899,0.00268282986771008,0.007131064761801929,-0.000648319505280313,0.004904536267060748,0.007131064761801929,-0.0004510105320078546,0.004904536267060748,0.0058726414805429705,-0.00036644234843172144,0.00411340444773775,0.005453168050787653,-0.00022548457138565366,0.0031245896560168638,0.005033692626370332,-0.22758231502688314,-0.018277661392210272,0.02373867644331489,-0.40514721722690156,-0.4065789138043056,0.008857238277257371,1.6002901765801127,1.4832865633027899,0.08723094165877987,-0.04453599986345929,-0.46341343658046846,-0.3835992177221645,-0.016025231712703994,1.5594192768900546,1.508783952681469,0.24336625247717145,0.13774616976153592,0.05914597842240275,0.014373676807291116,-0.00045171915243234637,0.033398539924829065,-0.004888472409278131,0.00014395472902346834,-0.04622722198521807,-0.013451643360467625,0.0004386785549395318,0.00010533952509893695,-1.330428157451664e-05,-2.19895260949571e-07,-0.00021796412573363112,-1.3936410316732843e-05,-2.5874964845846035e-07,-0.0003941121572514809,1.3218967031162027e-05,2.2363429267256386e-07,0.15190490298825846,-0.011570625646321598,-3.850788506085162e-05,0.0380460488192165,0.00014635740443027416,-6.918695018935658e-05,0.119989641885165,-0.007797681753481151,-0.00013640748511652276,0.21475018925378464,-0.009261481943606091,-0.00027872250357854596,0.003748100410167969,-0.00016164321580376564,-4.8646310052512254e-06,0.08592806434280734,-0.001406809977466316,-0.00011416679281053413,-0.2116354287934496,0.007044478069835736,0.00023607464437974592,0.045712158938230635,-0.006137416531576922,0.00017623109622203408,-0.00689411522941681,-0.0006792625971885705,4.834544570370261e-05,0.03637017113357606,0.00525239416032788,-3.370276523258689e-06,0.0315012137238881,7.330873789473534e-05,6.572314762847541e-05,0.0005497992309016644,1.279547179290287e-06,1.1470858046115008e-06,0.12068651039501202,-0.0009794442482128716,-0.00023205823484241298,0.06253722553676319,0.0002647140530487011,-0.0004381152528529278,0.00011393081929447071,1.4384549807563267e-05,-5.956672512691036e-07,-0.0018024381348298718,9.320854442155114e-05,-1.2465441880112084e-06,-0.012228089046551482,-0.0005969450538460601,2.3480708192065136e-05,0.00021157579324376037,2.6713295116369283e-05,-1.1062006999854182e-06,-0.002397244634199253,0.00012396767353822498,-1.6578976918603661e-06,-0.012992344077676484,-0.0006342541074992224,2.4948254416746824e-05,0.00018716882403215724,2.3632177358097545e-05,-9.786032766144265e-07,-0.004382447379360246,0.00022662766740103347,-3.0308390168365246e-06,-0.012992344077676484,-0.0006342541074992224,2.4948254416746824e-05,0.00013020811608821308,1.6440036788695684e-05,-6.807766293892125e-07,-0.004382447379360246,0.00022662766740103347,-3.0308390168365246e-06,-0.010699578129446337,-0.000522326970964168,2.0545619929747335e-05,0.00010578832404945194,1.3357331442299707e-05,-5.531164003341843e-07,-0.0036755309021527646,0.00019007115494320433,-2.541945615475561e-06,-0.009935319678900757,-0.00048501803943316884,1.9078071611542846e-05,6.509892891324353e-05,8.219163539204001e-06,-3.4035935429585574e-07,-0.0027919816905608765,0.00014438024660474994,-1.9308770147987684e-06,-0.00917106635748604,-0.0004477089369311411,1.7610536552316082e-05,-0.1872132329020243,0.01225159653718074,-8.138515876877887e-05,-0.05627193149288889,0.0003208686570164415,0.00012482505765760288,0.223236007147394,0.00035863058850037384,-0.00039489160440185617,-0.13386388102972996,-0.0016618302418526932,-0.00027194071720477645,-0.006151982994559163,-0.004366273984103118,-7.314322886695204e-05,-0.06482100524772134,0.012315752560870334,-0.0004995583878119173,0.10373209822923102,-0.018583827301980882,0.00032290731207425407,0.03431465655283474,-0.0011830339114296405,0.00012373573982332826,0.18300916643581752,0.0048140919517017594,-0.0005541422907081513,0.06579929292577348,-0.0062647579764258015,-0.0005367645776179238,0.17192707140429098,0.018584588123058923,-0.0009966589526393987,0.038330948957567446,0.0004716792217108419,-0.00015457090080325575,0.04994563840537118,0.015031481099327927,-0.0009534344856209122,0.3571369623898573,0.005665322900516835,-7.094989038776981e-05,4.366001676078422e-05,-0.00325725909749497,0.00018594415297037365,-0.14398262441227794,0.0033154499664153547,0.0004260889238911682,-0.005191632741990021,0.00211367555415609,-0.0002992823901683426,0.2216549444621645,0.34318165177926346,0.29673159544389494,0.5037324700539609,0.08216373417933553,0.029210704931828976,0.025920427569036238,0.011766041062463784,0.01226104360582421,0.0348196057401633,0.020284156440987997,0.0014335812349074474,0.0006895614040879812,0.0006297555398852603,0.00042207134268286363,0.0018112479699901854,0.0006459196517863941,5.4117339276581314e-05,0_1_29_p1
1500.0,-0.1729718239273001,1.7422129865615137,-1.504440756688417,0.00406814157758203,0.002121392852594044,0.001772241231729081,0.5184360752149381,-0.014273055284721343,-0.0177403433313603,0.7051392142004506,0.012306999228882296,0.8708549225197052,0.12238657570828154,0.40404431275530545,-0.07221703848781648,-0.3124748580711895,0.5973941248033383,0.010426494226321007,0.8235677766122887,0.0961488829860871,-0.00038388766230365557,0.0022003400786477553,0.005760448724231771,-0.0007129151382276244,0.0029264494073549564,0.006120477236995164,-0.0006306876905111656,0.005349901406936654,0.006120477236995164,-0.00043874485669033903,0.005349901406936654,0.005040392696035988,-0.0003564765184028338,0.004486929342274063,0.004680365180603596,-0.00021935198305964617,0.003408323843189577,0.004320336667840203,-0.22981581536398785,-0.021214579284418687,0.03257462718901844,-0.41240607998318973,-0.41060326108163114,0.008088840119439849,1.5964107739105107,1.4836690163044486,0.09570720547758792,-0.047104868706993167,-0.45089520962686186,-0.38025057715807614,-0.011742658484556445,1.5717795046717986,1.5080409216376651,0.23754962559364207,0.13642776150854793,0.06846204787395128,0.01219206816190234,-0.00047104923394460996,0.027591777357279003,-0.0046666394045589065,0.00015225424755050873,-0.053939392554236354,-0.011314959233568641,0.0004593231042892506,7.84611696665119e-05,-1.3883067355757598e-05,-1.5811749660819047e-07,-0.0002452750378688391,-1.3401832758644431e-05,-2.0131594392962976e-07,-0.0003748727873843546,1.193311834823969e-05,1.8073521911170822e-07,0.13402785848856502,-0.011209888059711558,-4.485635687658188e-06,0.035792117230460455,-0.00024766636079933475,-6.572693620690496e-05,0.10426640321065088,-0.008079026476015622,-0.00010839171106993911,0.19884814052883468,-0.008925043516761797,-0.00024317715705098167,0.0034705580100399666,-0.00015577128909406834,-4.244248321631795e-06,0.08618596302658495,-0.0012911044300443768,-0.00011159367464054829,-0.19689211228002265,0.007442956143277807,0.00020623303582491498,0.03921363134604381,-0.005515469382792555,0.00018507932637743674,-0.006923009333278417,-0.0004073277537109329,4.878402965862733e-05,0.04586998742401614,0.005383377068269596,-2.044689218580497e-05,0.035358509055853415,0.0007101972158540704,5.475600303163138e-05,0.0006171216380440152,1.2395399585592024e-05,9.556729213726046e-07,0.1174791417672351,-0.0012017854276784026,-0.00022439155825102071,0.05759330160523651,-0.0007581910551011333,-0.0004260661282192266,0.00012933872840693386,1.2559458499910467e-05,-6.080029854548613e-07,-0.0017623437188737704,6.0020869538975645e-05,-1.2006632401404671e-06,-0.01307008802387732,-0.000494187875165614,2.609157188031611e-05,0.00024018864976302665,2.3323892168798373e-05,-1.129107328635499e-06,-0.0023439187703268886,7.982805861706977e-05,-1.5968784806139636e-06,-0.013886967937656739,-0.000525074646367479,2.7722294948375632e-05,0.0002124827945513685,2.063380957774898e-05,-9.988671816484272e-07,-0.004284961408467713,0.00014593515483808593,-2.9192884457369403e-06,-0.013886967937656739,-0.000525074646367479,2.7722294948375632e-05,0.0001478172771960489,1.4354165813308142e-05,-6.948758076145358e-07,-0.004284961408467713,0.00014593515483808593,-2.9192884457369403e-06,-0.011436328196318478,-0.0004324144060351828,2.283012644203801e-05,0.00012009603459180118,1.1662568907432549e-05,-5.645714592615592e-07,-0.00359376999163105,0.00012239486219573411,-2.448390966375298e-06,-0.010619444863118482,-0.0004015278546532124,2.1199394302046334e-05,7.390222718444569e-05,7.176337961457301e-06,-3.4740964124945134e-07,-0.002729874754651051,9.297260440185307e-05,-1.8598116854702129e-06,-0.009802565804194203,-0.0003706410101780495,1.9568679608078018e-05,-0.17626852762464904,0.011996264177393553,-8.960583592496787e-05,-0.055218172928463385,0.0007079743482357622,0.00012498166921347606,0.22239505964189504,-0.0006324974046030772,-0.0003980625670868244,-0.15044689453943114,-0.0013651386712874728,-0.000217872209615044,-0.01636972116732809,-0.003940702644645466,-4.7040895581597e-05,-0.056392396824902845,0.011850329169102072,-0.0004915368730625363,0.08416709865042458,-0.01767239904152526,0.0003792381613525383,0.03236976706654599,-0.0011974229064839522,0.00010681510556629122,0.18436912128993727,0.0035830608060288863,-0.0005582997192435345,0.04454576380519834,-0.006408006516942279,-0.0004682824153688043,0.19330271829187265,0.01637379391705338,-0.0010303493702745073,0.04009939377760292,-2.484526565608796e-06,-0.0001618136592647864,0.05919322968562297,0.013633109763352885,-0.0009312208213921278,0.3837412059558473,0.004834740538061298,-0.00013439463830996595,-0.0013121402413601552,-0.0029206394657846925,0.00018159606801132383,-0.1331126847657823,0.0038481034898193134,0.0004121614968807758,-0.0017905539386203276,0.0017976691178023141,-0.0002904654951643876,0.2053381141550742,0.32267025584567294,0.2891006797045649,0.5269245743473091,0.09142222427591076,0.031016540212437445,0.023431037779200088,0.011801224042114792,0.012033770600206956,0.032083930635409194,0.017275788450949757,0.0011657292331362363,0.0007135739465022643,0.000590780337223008,0.00042673578568823076,0.001799380378762005,0.0006753121863444793,6.0045297948584796e-05,0_1_29_p1
1516.667,-0.15877721620580096,1.7424785822897686,-1.5177917256067106,0.004071903510118328,0.0021105324166571346,0.0017732779573047654,0.518727044041193,-0.011224209926248029,-0.014986619685430701,0.7052213344350842,0.012308432892196434,0.8714738357204169,0.11733077873626746,0.40203790817781876,-0.0741043836850491,-0.312297700170795,0.5944521529362817,0.010375147138392831,0.8257884188594612,0.10134756457864147,-0.0003731244661393568,0.002382160002807015,0.0048055466772081385,-0.0006929271289682847,0.0031682702605392767,0.005105893406866833,-0.0006130050118609603,0.0057919788451673004,0.005105893406866833,-0.000426443776122283,0.0057919788451673004,0.004204853217890746,-0.000346481765774913,0.004857696616592228,0.0039045069868975497,-0.00021320194144111871,0.0036899631365943973,0.0036041602572388534,-0.231502819203039,-0.024012321131414577,0.04092971479252252,-0.4204096737339726,-0.4146122753921452,0.007176950963833362,1.5914574207842707,1.48394264304059,0.10470934248534236,-0.050248422113331186,-0.43741403814903845,-0.37661564525012814,-0.006850658668180016,1.5850136806445385,1.5072738030555226,0.23196673569686715,0.135505874109655,0.07781118996130443,0.009980137999957247,-0.0004926375803586911,0.02194871527549884,-0.004458751871621059,0.00015977623798974787,-0.06123374070373542,-0.009140941457612814,0.00048055731527116145,5.1008351577428585e-05,-1.4291053079260558e-05,-9.503895676632341e-08,-0.00027401184838396085,-1.2810810336630289e-05,-1.3727647712199196e-07,-0.0003534663597276087,1.077049092819277e-05,1.3075934064177588e-07,0.114923177033335,-0.010845198160253975,3.2801572055072854e-05,0.0332446087236435,-0.0006411073834896086,-6.19537954147559e-05,0.08699275650452225,-0.008305344490459126,-7.616988642091388e-05,0.18067420312797763,-0.008565067825904833,-0.00020148298960314282,0.003153363154065243,-0.00014948854342667668,-3.5165495656986906e-06,0.08612809189791254,-0.00122199608395996,-0.00010841744953709852,-0.18024613014042687,0.007759579394254513,0.00017180940928186167,0.03264014065143868,-0.00491247686383912,0.00019468778793526245,-0.006660864584001156,-0.00013180720812026986,4.887284317642382e-05,0.05662220667836463,0.005418297339133264,-4.092703160721672e-05,0.03865159999288892,0.0013112128700751447,4.6110129998831724e-05,0.0006745978236396964,2.288513166011739e-05,8.047738913830424e-07,0.113593879849239,-0.0014164396031439647,-0.00021466751957990727,0.05154191881885893,-0.0017442273599968798,-0.00041149853892178843,0.00014455771453260975,1.0742109737417503e-05,-6.218523366259046e-07,-0.001718422116438724,2.6610346132618987e-05,-1.199883053976548e-06,-0.01370166611725872,-0.0003929254961896766,2.8362476774967207e-05,0.0002684510156733211,1.994887521207655e-05,-1.154822767043891e-06,-0.002285503098928139,3.539202878089826e-05,-1.595841488986434e-06,-0.014558019822159818,-0.00041748345724411373,3.013513161701771e-05,0.00023748645265336783,1.7648142502394505e-05,-1.0216202852930856e-06,-0.004178170339334542,6.470081066054363e-05,-2.9173917140790193e-06,-0.014558019822159818,-0.00041748345724411373,3.013513161701771e-05,0.0001652110148076381,1.2277160906983787e-05,-7.107021421508713e-07,-0.004178170339334542,6.470081066054363e-05,-2.9173917140790193e-06,-0.011988959562311666,-0.00034380986717399455,2.4817171277911785e-05,0.0001342284998296642,9.975011580206268e-06,-5.774312719885577e-07,-0.003504205108501279,5.4264152878234426e-05,-2.4468005868873066e-06,-0.011132602437989993,-0.0003192521259394514,2.304450736392914e-05,8.259866856266841e-05,6.137884357160489e-06,-3.5532106391528466e-07,-0.002661839398318738,4.121967399414527e-05,-1.8586044206548384e-06,-0.010276249587944037,-0.0002946942625827453,2.1271859500287972e-05,-0.16585158170285696,0.011688450843709319,-9.549686812374917e-05,-0.05311459497211511,0.0010862965005499193,0.00012271770992963857,0.21850900954745633,-0.001564571760126151,-0.00039492033521093924,-0.16549260067259666,-0.0009712179771637548,-0.0001651154594485802,-0.026046918190403466,-0.0035100733715460763,-2.1528648215722944e-05,-0.04802639029912246,0.011431397660517602,-0.00048244396173189886,0.06882114003537941,-0.016584224131131177,0.0004248883443919412,0.030257349053156163,-0.0012117985902224916,9.213503756931314e-05,0.18308455525609718,0.0022944298627065453,-0.0005573150991823895,0.0222915053493352,-0.006441399454757102,-0.0003955444771636688,0.20933559319318007,0.014068146132236366,-0.0010511354452547928,0.040154255816168626,-0.0005116967251284272,-0.00016517095245747326,0.0668398055097453,0.012195314681918732,-0.0009040710846925004,0.4092133041601448,0.003950851729157415,-0.00019876032481889447,-0.002962626164662854,-0.0025953048989502438,0.0001778862883845956,-0.1182626062482971,0.004365074475789728,0.0003900264967712473,0.0002166373905504635,0.0015612941722313904,-0.0002746841804402111,0.1910031452871442,0.2993565887343274,0.2794174200113544,0.5489929051667625,0.10142041712014335,0.03236565902436193,0.021060787138366423,0.011910311232060091,0.011842626735885091,0.02929058439147974,0.014249242710997452,0.0009088655782103736,0.0007428583909629695,0.0005471933487799917,0.00042443062956735376,0.0017789846140039433,0.0007065094550278067,6.522495338137604e-05,0_1_29_p1
1533.333,-0.14482202576977327,1.742693980354074,-1.5308030758925142,0.004074471138780763,0.0020992695576612652,0.001772977760673422,0.5188707878623908,-0.008429497472168104,-0.01304730007907021,0.7053091559123863,0.012309965789945186,0.8726010007672815,0.1131120875507359,0.4001785426031576,-0.07591938348879004,-0.31137672084177864,0.5920524209585654,0.010333263724334475,0.8280025540205167,0.1061126615051054,-0.00036276219703751617,0.002556702402650958,0.003862541293031597,-0.0006736836273012957,0.003400411517692036,0.004103949749846946,-0.0005959810703370076,0.0062163611381102265,0.004103949749846946,-0.00041460096914925065,0.0062163611381102265,0.0033797233820698964,-0.0003368595162759181,0.0052136236056134315,0.0031383149252545476,-0.00020728078728735283,0.003960329099027836,0.002896905969773698,-0.2327479804753103,-0.02658454898576027,0.04871367431557248,-0.42896141905360535,-0.41854966986747066,0.0062836899566661615,1.5855121332149398,1.484105885680191,0.1138552721835136,-0.05392392594507108,-0.423200016382271,-0.37278818507506156,-0.0014455011344562253,1.598959738520589,1.5065168761988803,0.22681788325445718,0.13527249017807483,0.08711490932059013,0.007780891812269874,-0.00051645686771283,0.016534885165102146,-0.004257770102779362,0.00016641741360241336,-0.06802541094756989,-0.0069810965693309175,0.0005023574417539762,2.3553823778058222e-05,-1.4540621932394627e-05,-3.1950647151377813e-08,-0.00030363001455237644,-1.217919450750043e-05,-6.8516116397592e-08,-0.00033052375737739257,9.78476967405417e-06,7.450568513189906e-08,0.09497761389645207,-0.010477306901555999,7.274494173674676e-05,0.03042479123988912,-0.0010143521847380454,-5.791601659234942e-05,0.06849047608175948,-0.00845163018475505,-4.014697384602499e-05,0.16067166047633746,-0.008199195808329876,-0.00015387557698176194,0.00280425228129547,-0.00014310292204883327,-2.6856436248698453e-06,0.0857613060401893,-0.0012191755016250914,-0.00010435170962415774,-0.16209483186834378,0.007977230472034469,0.00013340581026798898,0.026260747381806414,-0.0043416865916073195,0.00020440412034894483,-0.006054845804565255,0.0001366287865269526,4.8507375505331936e-05,0.06861148424678984,0.0053468895304096525,-6.455787469344929e-05,0.041483509402652254,0.0018450360307113239,3.97784077611869e-05,0.0007240238383458929,3.2202100175033315e-05,6.942624054337852e-07,0.10923930844126423,-0.001628353870175825,-0.00020315157542674553,0.04431886216893595,-0.002664774360271847,-0.0003947292293777112,0.00015941595178758775,8.993295933027353e-06,-6.363967373669558e-07,-0.0016680779873080578,-6.2979620889516485e-06,-1.2355510997819734e-06,-0.014118944848908103,-0.0002920142428579607,3.0266335482334283e-05,0.00029604317515084994,1.6701256096218662e-05,-1.1818313047025083e-06,-0.0022185457149322,-8.376066094746493e-06,-1.643280017821278e-06,-0.015001378474537284,-0.00031026518035892126,3.215798197336088e-05,0.00026189684128554634,1.477509648613197e-05,-1.0455171502281464e-06,-0.004055764486144104,-1.531250727841128e-05,-3.0041151982788797e-06,-0.015001378474537284,-0.00031026518035892126,3.215798197336088e-05,0.00018219185738475586,1.0278485156267332e-05,-7.273254110335388e-07,-0.004055764486144104,-1.531250727841128e-05,-3.0041151982788797e-06,-0.012354077597649733,-0.00025551248997820233,2.648304947869044e-05,0.00014802500699600044,8.351079900113915e-06,-5.909379832611343e-07,-0.0034015429897128286,-1.2842464401384815e-05,-2.5195351517293685e-06,-0.01147164140745512,-0.00023726169902383757,2.4591393217890776e-05,9.108908985122723e-05,5.1386319673166385e-06,-3.6363304727708557e-07,-0.002583856947532775,-9.75531380824109e-06,-1.9138566744247936e-06,-0.010589207781825932,-0.00021901083479617458,2.2699753705273507e-05,-0.15578760974422978,0.011339151853959032,-9.960325099051108e-05,-0.050246705564202354,0.0014541985792715574,0.00011803645198222855,0.21176956667863397,-0.0024272867352457097,-0.00038497233844895997,-0.17882342891874978,-0.0004942857438673618,-0.00011472470896080962,-0.035079716002650065,-0.003095264511802682,3.213731262274473e-06,-0.03980712991704285,0.011065632475411221,-0.00047278129049465787,0.05779904557668884,-0.015326118501831337,0.00046023093532973055,0.02818746264773671,-0.0012277929788124511,7.93122864764638e-05,0.1790681303488171,0.0009614182841613466,-0.0005508727161208362,-0.0001542056096858757,-0.006373125935781721,-0.0003202020975003957,0.220160437521128,0.011701762452613652,-0.0010596987692878597,0.03853114320942612,-0.0010527249468588887,-0.00016479827957874038,0.07307141056725623,0.01073843974658729,-0.0008728364900297125,0.43290863381987177,0.0030305740571016163,-0.00026255900998643496,-0.005044211262725869,-0.0022848183355335173,0.00017551893419665002,-0.09925065947907016,0.004866595884565537,0.00035890402770048866,0.0012874169757446385,0.0013538008007880958,-0.0002543580768437866,0.18044736777947773,0.27399229233461936,0.2676581030739262,0.5688374750706582,0.11175897449362203,0.03323966255135118,0.0188970396897575,0.012063483696880794,0.011686863530057915,0.026523320204548638,0.011287473076684464,0.0006700489132716184,0.0007780392422134251,0.0005010347555167071,0.0004147976771575418,0.0017510011639170202,0.0007394494318814932,6.958363722119175e-05,0_1_29_p1
1550.0,-0.1321592167382624,1.7428850594992478,-1.542547919529294,0.004075617072101071,0.0020879648107633474,0.001771151148944835,0.518955900090028,-0.006002987157071413,-0.01174251287423027,0.7055278730942636,0.012313783074352049,0.8741859841275675,0.10968059770305184,0.3985136510883982,-0.07754066271620062,-0.3099914450358228,0.590261443866649,0.010302004877431256,0.8301902733740106,0.11036779317075658,-0.0003530112918393742,0.0026988076090138373,0.0029638473252356894,-0.0006555755869791042,0.003589411726394,0.003149087596063357,-0.0005799614411312025,0.006561875991479535,0.003149087596063357,-0.00040345679254251665,0.006561875991479535,0.0025933662849148523,-0.00032780524678207207,0.0055034046106460545,0.002408126512752685,-0.00020170969631498696,0.004180450024289361,0.0022228852445940164,-0.23360609055134235,-0.02882169556500508,0.055950395326304136,-0.43783328368866,-0.4222905143384157,0.00555982811337003,1.5786889245865694,1.4842376530520613,0.12292754150726819,-0.057843830725295205,-0.4085359345399399,-0.36894810367617564,0.004268559730250537,1.6135449040541276,1.5058031282892663,0.2223994895012505,0.13606246958142604,0.09636770068468184,0.005662695759688748,-0.0005423806988700618,0.011396017502011165,-0.004056356192450219,0.00017194308908681332,-0.07430335342815218,-0.004901352633852377,0.0005247087348695528,-3.38351665929636e-06,-1.4639076820531727e-05,2.999599469596297e-08,-0.00033370039909188,-1.152916265612914e-05,3.362197618768196e-09,-0.0003069724981647661,9.012664508143394e-06,1.4121509135203662e-08,0.07465418341461635,-0.010105906560190343,0.00011423890699478598,0.027421921059620095,-0.0013506978231625718,-5.367016602793376e-05,0.04927806749101378,-0.00849941114064688,-1.2768493262408282e-06,0.13953198352838395,-0.007841839124964875,-0.000101596126287386,0.0024352968012167284,-0.00013686587449498796,-1.773192877410428e-06,0.08517286906649629,-0.0012902993763187834,-9.947287127533752e-05,-0.14304095958344265,0.008072293636902783,9.207336238758748e-05,0.0203059803237848,-0.003810899949715326,0.00021341719448971674,-0.005087586612723679,0.0003920199359235983,4.756921071514593e-05,0.0817998243827136,0.005186823717741714,-9.120508636691582e-05,0.0440646051680708,0.002287711336311268,3.5315014357610746e-05,0.0007690729947156534,3.992825654057153e-05,6.16362422000144e-07,0.10467757485715311,-0.0018429799819682392,-0.00019042152482569543,0.035921682495480514,-0.003504092536291054,-0.0003755545598327561,0.00017370998464763543,7.373247737731278e-06,-6.509641668588201e-07,-0.0016017275504642396,-3.780767844634447e-05,-1.3091468003362675e-06,-0.014335114633694824,-0.00019241592490500995,3.1759879073161613e-05,0.00032258728222203843,1.369272775187478e-05,-1.2088824106580835e-06,-0.0021302981635790766,-5.028397175297607e-05,-1.7411612807107302e-06,-0.01523105839001716,-0.00020444190494630268,3.374487155884926e-05,0.0002853805669418092,1.211356605688666e-05,-1.0694496050508276e-06,-0.003894437933110041,-9.192521145519481e-05,-3.1830527791452644e-06,-0.01523105839001716,-0.00020444190494630268,3.374487155884926e-05,0.0001985281391834228,8.426991036886382e-06,-7.43973104348888e-07,-0.003894437933110041,-9.192521145519481e-05,-3.1830527791452644e-06,-0.01254322626619501,-0.00016836394039799183,2.778989759099097e-05,0.00016129834281431016,6.846754666860291e-06,-6.044628383979881e-07,-0.0032662407918225105,-7.709708952571254e-05,-2.6696114272580535e-06,-0.011647279945307242,-0.00015633805805443003,2.5804897429053036e-05,9.92555210402731e-05,4.212921544275191e-06,-3.719582896166275e-07,-0.002481079423299903,-5.856383000739244e-05,-2.0278538758380834e-06,-0.010751336188984908,-0.0001443120535887047,2.3819909130410968e-05,-0.14597817261438958,0.010968977594689518,-0.00010254264702491312,-0.04690588379021121,0.0017982006178818854,0.0001116366832751352,0.20252785936633722,-0.0032184717306293943,-0.000368735439666872,-0.19026204385257803,3.747110976400547e-05,-6.71112132600087e-05,-0.04337574152179092,-0.002697513749116993,2.6961039813302403e-05,-0.03182776582426708,0.010716871433790739,-0.0004624676718387403,0.051234649685959005,-0.013907588020703321,0.00048515748898695916,0.02636661862680459,-0.001232716504801146,6.782504801011042e-05,0.17236610107021988,-0.00035457940554931326,-0.0005386068874527753,-0.021627615441227134,-0.0062076220231773675,-0.00024477081778705005,0.2258837021125031,0.009304097302956917,-0.001056774820660367,0.03526456047554619,-0.0016147111636620895,-0.0001608566381147295,0.07796679667857116,0.00927960814552935,-0.0008382593984955562,0.4541774050076615,0.0020902854717747025,-0.00032429817674577073,-0.007075958305903969,-0.001989285826421202,0.00017471961881705117,-0.07609214123604524,0.005344489463532268,0.00031831625844161985,0.0017150138089803437,0.0011300654014318463,-0.00023123265831279414,0.1755584270702875,0.24775044237017216,0.2540222876707636,0.5857116342882048,0.1222202801516452,0.03365413373023948,0.01703870109506172,0.012216809211538206,0.01157197283162262,0.023857535981341233,0.00851726686915944,0.00047432810642591223,0.0008192199017226885,0.0004552432184454047,0.0003986772729638224,0.0017160746058638412,0.0007739899908593007,7.302065539574798e-05,0_1_29_p1
1566.6670000000001,-0.12156103746541574,1.743116507611355,-1.5524042057130094,0.004075128379910513,0.002077127313439464,0.0017677138476494074,0.5191124945211755,-0.004003648669727834,-0.01089241884611991,0.7059894094576574,0.01232183851684825,0.8760780666470555,0.10694600386305511,0.3971290569581816,-0.0788779549330297,-0.3083558880177999,0.5891167861326899,0.010282026841481927,0.8323058961680978,0.11400542086440069,-0.0003441549925492543,0.0027875256868857127,0.0021463031890095086,-0.0006391291001048115,0.0037074069544698303,0.00228044670199029,-0.0005654118778210772,0.00677758522305752,0.00228044670199029,-0.00039333537887745114,0.00677758522305752,0.0018780151657169454,-0.0003195817540121755,0.00568431845959078,0.0017438716527361643,-0.0001966492388152045,0.004317874257598391,0.001609727142424381,-0.2340585856105454,-0.03064938740306652,0.0625218372180811,-0.446801933313389,-0.42574911662936576,0.005149570022065242,1.571154478829381,1.4843839590166017,0.13157334461495296,-0.06191084432151496,-0.39369078974767935,-0.3652722019093663,0.010101180811045279,1.628704872832859,1.5051647940619695,0.21894622442715297,0.13820002119090052,0.10561413705563441,0.0037716866940170585,-0.0005695534538528886,0.006583748101476136,-0.0038589177004819787,0.00017622889941877457,-0.08025644924436696,-0.0030317611089543143,0.0005468714162353992,-2.9572858845791632e-05,-1.4561993310990525e-05,8.982538715034218e-08,-0.0003637246214536149,-1.090924613025337e-05,7.715538715731867e-08,-0.0002838777315989484,8.483484749677458e-06,-4.731640667144533e-08,0.05445984631776108,-0.009745616746704646,0.0001559769072273539,0.02437326483784738,-0.0016351591765804332,-4.937332422648948e-05,0.02997894581389824,-0.008476499557326168,3.893892465744193e-05,0.11803834611442902,-0.0075145633774942565,-4.6651132578397646e-05,0.002060162428158358,-0.00013115383012162027,-8.142261468305547e-07,0.08443846557699392,-0.0014274708737399106,-9.41324816307794e-05,-0.12362710694261798,0.008057761490248533,4.938491047951249e-05,0.014941743779703621,-0.0033272855335794763,0.0002210365323435278,-0.003847184960179449,0.0006174867833126025,4.597279001818443e-05,0.09586662392270306,0.004980180511951182,-0.00012066310153024173,0.046644947806107374,0.002629965904460989,3.191876210127423e-05,0.0008141084734031121,4.590178889022185e-05,5.5708502172437e-07,0.10018127188575048,-0.002058079414841599,-0.0001771950504217686,0.026556228917127764,-0.004253713619726386,-0.00035391686629488616,0.00018761762298266969,5.905461455768378e-06,-6.647632734826343e-07,-0.0015106487188747389,-6.431251102978163e-05,-1.434271075438076e-06,-0.014356257765967273,-9.76608986793979e-05,3.285382498850957e-05,0.00034841758524812514,1.0966936640245832e-05,-1.2345050362222895e-06,-0.00200916177027723,-8.553543792379555e-05,-1.907580990907661e-06,-0.015253522273486829,-0.00010376471095296844,3.490718774183967e-05,0.000308229990081347,9.702141818294463e-06,-1.0921203634653052e-06,-0.0036729859983895717,-0.00015636910150836742,-3.487286303983175e-06,-0.015253522273486829,-0.00010376471095296844,3.490718774183967e-05,0.0002144233157278716,6.749472151492e-06,-7.597422159286565e-07,-0.0036729859983895717,-0.00015636910150836742,-3.487286303983175e-06,-0.01256172533150757,-8.545329855668939e-05,2.874710087753125e-05,0.00017421263947220967,5.483822474396791e-06,-6.172765936233583e-07,-0.003080510688997424,-0.00013114574563440263,-2.9247664970668053e-06,-0.011664458259422585,-7.934968167858037e-05,2.6693730447950884e-05,0.0001072031093124975,3.3743086481740793e-06,-3.798397051223098e-07,-0.002339996694926979,-9.961981145370982e-05,-2.221673612457463e-06,-0.01076719289704788,-7.324574728284645e-05,2.4640371881666386e-05,-0.13641230936068174,0.010587022039345308,-0.00010466459847009747,-0.04327052253126721,0.0021028405338767544,0.00010427310970626841,0.1911452143633412,-0.003946765399447704,-0.0003472251837467991,-0.1994323331467383,0.0005945204648382585,-2.2720614264305896e-05,-0.05080777947959633,-0.0023293472759115933,4.9500342441885744e-05,-0.02403257770766493,0.01035716184712782,-0.0004514761230466026,0.048949589401995994,-0.01234373192087915,0.0004994988361601554,0.02484150233947663,-0.0012319682867303853,5.6857691967465445e-05,0.16342063525946726,-0.0016223545212008378,-0.0005201684310209862,-0.04143441336203203,-0.005991185254917011,-0.00017226225989683567,0.22660281566290247,0.006910520803331003,-0.001042913511984924,0.0304012887074197,-0.0021735326334495052,-0.0001534608522083614,0.08163949031650153,0.007850992181112057,-0.0008007307098761126,0.4724023866640116,0.00112911648779773,-0.0003824375638469199,-0.008896642468923282,-0.0017136066197157664,0.00017379243664748253,-0.04931875004730887,0.00576735203570787,0.0002681618206206053,0.0021561524025492324,0.0008397242566369601,-0.00020638107510275824,0.1775560117277367,0.22196564130974264,0.23878264015470407,0.5991550400394668,0.13281190867954726,0.0336130330010457,0.015622579739735928,0.01235717020518584,0.011492777344522774,0.021395288535532447,0.006189413929565559,0.0003712816560969171,0.0008650601797864021,0.0004137041654079259,0.00037734982152999705,0.0016742560362825428,0.0008090217079546226,7.556630127657702e-05,0_1_29_p1
1583.333,-0.11320763934062755,1.7434070406039623,-1.5602566793825103,0.004073022016836106,0.002067207859302129,0.00176267533143165,0.5194305094681848,-0.0024233677251121032,-0.010458971811707614,0.7067552634240911,0.012335205245591027,0.8781313318189617,0.1048196193688004,0.3961522086424778,-0.07992154015134018,-0.3064491970924727,0.5887017089379877,0.010274782229089651,0.8343095770346203,0.11686961637199898,-0.00033629253360177016,0.0028225629222867477,0.0014295563050755048,-0.0006245276755826269,0.003754006248167077,0.0015189032001436003,-0.000552494446694317,0.006862774245181862,0.0015189032001436003,-0.0003843494265571833,0.006862774245181862,0.0012508620162738175,-0.0003122807924183328,0.00575576575651592,0.0011615151212057244,-0.0001921567613205711,0.004372146517352906,0.0010721667301411286,-0.23409555617209218,-0.03208669546334839,0.06839848547592116,-0.45570383855552904,-0.42891526207620717,0.005094719808995566,1.5631520140572914,1.4845801370165188,0.1395164587178303,-0.06623877915558732,-0.378902360676126,-0.3618635629095804,0.015926155355054285,1.6442819777961453,1.5046581688626794,0.216651596176992,0.14158682113508905,0.11469739782187659,0.0022096374404493363,-0.0005976457615103579,0.0021844993991186248,-0.00367649471469081,0.00017916755015905892,-0.08594772515626023,-0.0014546800825374245,0.0005689884462430415,-5.496975031395575e-05,-1.4283261685235322e-05,1.47235365087424e-07,-0.00039295895766244815,-1.0390544453407613e-05,1.5157384217249515e-07,-0.0002623388013949089,8.208587759853117e-06,-1.0638166330336764e-07,0.03491862966391149,-0.00941835790094145,0.000196575084783749,0.021446269890434806,-0.0018601149915644538,-4.532640019864638e-05,0.011291649092355431,-0.008412228592256377,7.88435690521793e-05,0.09690818113966046,-0.007237508073827215,8.697407887915861e-06,0.0016913710802672402,-0.00012631832978830687,1.5178738149824028e-07,0.0835845541932385,-0.0016062097758032573,-8.863148389532153e-05,-0.10452057558085683,0.007954869952763908,6.68055407871663e-06,0.010356231544911467,-0.002903518182719632,0.00022674466531846137,-0.002407817482618213,0.0008000219749475542,4.394636252921489e-05,0.1105404535357634,0.00475968166744279,-0.0001520916659654497,0.04948681542344164,0.002868667985553331,2.8639283057586025e-05,0.000863708023703498,5.006793764591286e-05,4.99847410497917e-07,0.09592129703828242,-0.002266473730333224,-0.00016424525389772702,0.016291610488270727,-0.004902415218796192,-0.00033023048623578274,0.00020024383345709751,4.624839601439742e-06,-6.780424886108103e-07,-0.001394432016925656,-8.263730801516973e-05,-1.6318116999161614e-06,-0.014196537485748477,-1.1969999241587916e-05,3.355524026351423e-05,0.0003718645521332027,8.588754054532453e-06,-1.2591723175482018e-06,-0.0018545945568654708,-0.00010990743134779986,-2.170314613256854e-06,-0.015083818994898345,-1.2718095190173358e-05,3.5652439290779185e-05,0.00032897305014647804,7.598270036021059e-06,-1.1139383602587492e-06,-0.00339041961458126,-0.00020092402948283003,-3.967594866177241e-06,-0.015083818994898345,-1.2718095190173358e-05,3.5652439290779185e-05,0.00022885327055578855,5.285911296382887e-06,-7.749195583966117e-07,-0.00339041961458126,-0.00020092402948283003,-3.967594866177241e-06,-0.012421969338317879,-1.047375849555166e-05,2.9360835928415864e-05,0.00018593697776989247,4.2946945448910865e-06,-6.296074429225795e-07,-0.0028435226168929107,-0.00016851363774589368,-3.327597967433118e-06,-0.01153468526460258,-9.725784669129803e-06,2.726362922490064e-05,0.00011441637701616832,2.642577069484892e-06,-3.874294231176881e-07,-0.0021599787341729923,-0.0001280049101382261,-2.5276684878121277e-06,-0.010647402045742431,-8.977566598380693e-06,2.5166430895476597e-05,-0.126835052597617,0.010188676932514754,-0.00010604153004953298,-0.039551373500255456,0.002355532172851333,9.639740881999265e-05,0.17823209142155408,-0.004600928130693945,-0.00032148081564465687,-0.2057297458080769,0.0011482941859723558,1.7432206790902915e-05,-0.057237670752284475,-0.001998874199231997,7.052249770789889e-05,-0.01610767900066826,0.0099598087386306,-0.00044015119400734703,0.05039423902949071,-0.01065571497467868,0.0005039445623248115,0.023695298030085583,-0.0012340384772200255,4.6233275894883995e-05,0.1526310622547538,-0.0027926004347139815,-0.0004965748868348211,-0.05902910348199285,-0.005737760492171078,-0.00010416972526977535,0.22235708355698525,0.004555295303656408,-0.0010185530001378016,0.024101646583866026,-0.002704597274234273,-0.00014279794811476466,0.0841312656873611,0.0064843389019051826,-0.0007607521550545595,0.48705608700300096,0.00013956650844096916,-0.0004354209204105908,-0.010432253812853301,-0.0014615532400160335,0.00017216072543665986,-0.019691572850822677,0.00611142124150808,0.0002098030051140916,0.003956170442466975,0.0004156239519108167,-0.00018189536500939611,0.18624311621670891,0.1980428928729238,0.2223018671214846,0.6087524655059465,0.1433440017033611,0.03314842299097034,0.014668731720821187,0.01247636510390428,0.011424806743061646,0.019237711277816785,0.004529413262643127,0.00038129978823955727,0.0009145590363606788,0.0003805587648873691,0.00035197610906140866,0.0016264886084057634,0.0008444106673943109,7.725032197138473e-05,0_1_29_p1
1600.0,-0.10673045719643032,1.7437039889282344,-1.5664249048385157,0.004069556291607146,0.0020583081761134598,0.0017561158854371545,0.5198875044848651,-0.0012228115832012664,-0.010555444636778854,0.7078111173097121,0.012353633429164582,0.8802860779135614,0.10324256229664584,0.39568446239760535,-0.08072908454828343,-0.3040456214010782,0.5891322966244198,0.010282297118183239,0.8362080933363966,0.1187867368862706,-0.0003294832561914895,0.0028254796167995816,0.0008119161973867496,-0.0006118830144846782,0.00375788536709601,0.0008626603987247334,-0.0005413083821855348,0.006869865767265466,0.0008626603987247334,-0.00037656725275529083,0.006869865767265466,0.0007104262987142804,-0.00030595821253660816,0.005761713339941217,0.0006596820973762968,-0.00018826617308512545,0.004376663928122567,0.0006089364000418108,-0.23377160461229848,-0.0332592166308172,0.07367537178159889,-0.46445611622223,-0.4318636806908552,0.005311170057507397,1.5550172393652666,1.4848316374657342,0.1467195731644821,-0.07090486455091662,-0.3644354785993227,-0.3587350387827641,0.02167545641202082,1.6600309233895931,1.5043265792434133,0.21546293270860428,0.1458981414320134,0.12337918099894805,0.0009905271520594962,-0.0006258614879196866,-0.0016922336291074194,-0.003513574809366366,0.0001805795426626875,-0.09138514499435044,-0.00017805255108056583,0.0005909004142966252,-7.966309599873984e-05,-1.38081820451578e-05,2.023920146494604e-07,-0.00042038613009721807,-1.0034289678322985e-05,2.2473339214320553e-07,-0.00024348411634250754,8.183796960681972e-06,-1.5967089052670544e-07,0.01659881721674483,-0.009139990052686562,0.00023464526726277597,0.01879975718998985,-0.0020295483557473816,-4.193019469765335e-05,-0.00620091148357153,-0.008315232331239094,0.00011658040757181682,0.07683039584797088,-0.007022700024435747,6.240658252620553e-05,0.0013409471499965368,-0.00012256922822064353,1.089190827225466e-06,0.08257066521786595,-0.0018018014387187488,-8.309811052758257e-05,-0.08635569622510354,0.00778687584712557,-3.4301330617255784e-05,0.006787881525837657,-0.0025586386230919355,0.00022999014764538015,-0.0008879850549332268,0.0009404159831677424,4.167292935686097e-05,0.12545495393688808,0.004522780595167487,-0.00018483474987834278,0.052853843636722075,0.0029932450975358135,2.453710258892775e-05,0.0009224741857112165,5.2242225067605285e-05,4.282510242188053e-07,0.0919878999368468,-0.0024621435270088627,-0.00015211136950421512,0.005189192985409511,-0.005433603007570524,-0.0003045702512322945,0.0002112141895179189,3.5392468420686616e-06,-6.880990743069668e-07,-0.001259984674179172,-9.276988161060088e-05,-1.9029263918796e-06,-0.01385755493672285,6.279362883465024e-05,3.390241263884619e-05,0.0003922383147761977,6.572688107747126e-06,-1.2778458430942036e-06,-0.001675780232153999,-0.0001233837342016884,-2.5308939086078835e-06,-0.014723649715987934,6.671824437555901e-05,3.602130823858213e-05,0.00034699681599907286,5.814700263925905e-06,-1.1304597443650912e-06,-0.003063525572144586,-0.00022556029526844238,-4.626774016508089e-06,-0.014723649715987934,6.671824437555901e-05,3.602130823858213e-05,0.00024139228580554508,4.045198965054973e-06,-7.864123007344084e-07,-0.003063525572144586,-0.00022556029526844238,-4.626774016508089e-06,-0.01212535939420667,5.494434890396679e-05,2.966460887823749e-05,0.00019612343166381795,3.2866249348493937e-06,-6.389452524569814e-07,-0.002569358604293346,-0.00018917590178771577,-3.880451979576218e-06,-0.011259261195521007,5.1019586816461695e-05,2.754570560225128e-05,0.00012068502978590267,2.0222941771189696e-06,-3.931719561614509e-07,-0.001951719778887309,-0.00014370019712561368,-2.9476200898059276e-06,-0.01039316641625592,4.709519109544676e-05,2.542680790899254e-05,-0.11700908085958461,0.009770710335567777,-0.00010732225448647905,-0.03574352640922978,0.002558531546379066,8.860878941031568e-05,0.16412678664132097,-0.005178731658950198,-0.00029318427297463247,-0.20857349923585872,0.0016813090932822584,5.165984749907906e-05,-0.06249948282730776,-0.0017038648126188102,8.965233725342843e-05,-0.0076324416491741955,0.009515136882205604,-0.0004295660203218369,0.05476730950277808,-0.008875910155608012,0.0005001680195581122,0.02288785058796248,-0.0012423157464845948,3.5654442094259456e-05,0.14031974622110902,-0.003826828587732553,-0.00046869519525952197,-0.07425047379866494,-0.005420923698379451,-4.1404772114774676e-05,0.21327852876830997,0.002265776876844374,-0.0009839177931085243,0.016566759293996036,-0.0031939577824026443,-0.0001293588750746907,0.08568888698667923,0.005198908096601564,-0.0007186708017300896,0.49747199769521355,-0.0008722655877575249,-0.00048177994584605756,-0.011594010501874204,-0.0012411166533865179,0.00016955202365962144,0.011571997981920714,0.006354151839677944,0.0001452045139847762,0.007350479647952542,-0.00013596898490251323,-0.0001613342083491001,0.20007494912278534,0.17737815563052792,0.20471034848531183,0.614083824892922,0.15354729903025735,0.032271100430558114,0.014072901071539216,0.012560402087015617,0.011350424033083562,0.01748378257928276,0.0036549162806172077,0.0004503646035704437,0.0009657528202346499,0.00035844219144120994,0.0003245406011402673,0.0015739601715113196,0.000879474269019652,7.817207265977237e-05,0_1_29_p1
1616.6670000000001,-0.10148250645508866,1.7439401683786109,-1.571440561232396,0.004065042371495988,0.002050120587259604,0.0017481497040655524,0.5203553145589217,-0.00037758951703145986,-0.011369283688335797,0.7091019259232401,0.012376162637814828,0.8825773870461505,0.10224149579224145,0.3957343533822718,-0.08137166890164167,-0.30095862613714935,0.5905006008487294,0.010306178707671027,0.8380776461485689,0.11972192020340523,-0.0003237780241994703,0.0028217909880918655,0.0002784129276161325,-0.0006012883672595721,0.0037529794959014037,0.000295813361593016,-0.0005319359641023253,0.006860897268237718,0.000295813361593016,-0.0003700472013353405,0.006860897268237718,0.0002436110623313652,-0.0003006603902585546,0.0057541914695306215,0.00022621062835448383,-0.0001850063967079006,0.0043709502188170385,0.0002088086983810987,-0.2332248009362967,-0.03431365131442356,0.0784149988689557,-0.47304281899078365,-0.4346970836037932,0.0056505697758432154,1.5471883580592631,1.4851033717663014,0.1533167212628134,-0.07571724244681706,-0.35063495674827927,-0.3558799409285581,0.027268592887501407,1.675717972626448,1.5041664597458426,0.2152708746830528,0.15085946522761357,0.1310922731018122,4.318369147488665e-05,-0.0006527607108895553,-0.004959900319310531,-0.003363452598458177,0.0001802170652399962,-0.09615591203250667,0.0008585970401939948,0.0006118446521331813,-0.0001036734124236077,-1.3175027476769005e-05,2.55829184150746e-07,-0.00044498458686104077,-9.845586511429811e-06,2.939633998160173e-07,-0.00022830103413287213,8.392967802161814e-06,-2.0374931526558457e-07,4.010980334877008e-05,-0.008908395823446458,0.00026866534007009694,0.01644844135810337,-0.002151927830550527,-3.9555037950228636e-05,-0.0222085980780656,-0.008171737861109953,0.00015056935946485624,0.05850338466563777,-0.006870168660761255,0.00011253058261921155,0.0010210808716973239,-0.00011990706275614811,1.96402027210592e-06,0.08133409246151221,-0.0020025278745411717,-7.74670582708253e-05,-0.06962834897291766,0.00757316079109658,-7.187289318798685e-05,0.004447284722599585,-0.0023060748948713072,0.0002300664111918236,0.0006758390733085581,0.0010493174454067112,3.941816831437097e-05,0.14032076178901992,0.004236222306506234,-0.00021801256287284275,0.05694424856300481,0.0029892526309209036,1.8704982819613974e-05,0.0009938648484830845,5.217259101003204e-05,3.264604564185334e-07,0.0883267536821996,-0.0026463915064099783,-0.0001411411397526015,-0.006883593672306493,-0.005827654396833494,-0.0002769984428899165,0.00021963365782953938,2.6502707657793986e-06,-6.939734992872076e-07,-0.0011235224378586687,-9.787177923116554e-05,-2.225341464405211e-06,-0.013335013616937473,0.00012757286634853244,3.389701623490556e-05,0.0004078744702120642,4.921889551705714e-06,-1.2887586796160617e-06,-0.0014942842268563258,-0.00013016923239138496,-2.959704601255544e-06,-0.014168449510287529,0.00013554624682166766,3.601557338178864e-05,0.00036082922708145055,4.3543390094979956e-06,-1.140112978001544e-06,-0.00273172979031317,-0.0002379650249873186,-5.410691535904365e-06,-0.014168449510287529,0.00013554624682166766,3.601557338178864e-05,0.00025101453530454,3.0292158388246554e-06,-7.931290197216751e-07,-0.00273172979031317,-0.0002379650249873186,-5.410691535904365e-06,-0.011668134991396214,0.00011162627637329039,2.9659886588638867e-05,0.00020394108195417936,2.461201232396e-06,-6.443988793541754e-07,-0.002291084448162232,-0.000199579659859204,-4.537919326096587e-06,-0.010834695678625586,0.00010365279820242423,2.754131897414178e-05,0.00012549700939054403,1.5143636750855157e-06,-3.965299667346173e-07,-0.0017403397474714847,-0.0001516029421394357,-3.4470418173342677e-06,-0.010001261494985817,9.567966197361571e-05,2.542276461862243e-05,-0.10679261727583492,0.009339350894053387,-0.00010920829103423907,-0.031820019981808806,0.002729188428092715,8.087799938097701e-05,0.14893962933721544,-0.005696584000573915,-0.00026326723479327334,-0.20764451789279256,0.002190838980440966,7.831861332488572e-05,-0.06634210628043986,-0.0014307631162942713,0.00010638727464231449,0.0015911931705267655,0.009035521014368383,-0.0004210933130275404,0.06128815736277032,-0.007050831157869244,0.0004904445607928143,0.02215145186655601,-0.0012585411413588603,2.5262460088530052e-05,0.1269231471298994,-0.004727568325656126,-0.0004372527026171177,-0.08680349243053256,-0.0050143224249941795,1.608376317190582e-05,0.1996307484450427,7.208741856295413e-05,-0.0009394268913418919,0.007996007267570911,-0.003640904872429601,-0.00011369153173181334,0.08661299394571517,0.004003924775727077,-0.0006754535385235618,0.502860598465749,-0.0018890687643151151,-0.0005196817051135652,-0.012329851002873633,-0.0010675197050133095,0.00016568025979966835,0.04298485815241766,0.006508495911472729,7.75294368762123e-05,0.011303906860262978,-0.0007738480445780749,-0.00014556619796232516,0.21663317134550297,0.16118208551305585,0.18601126300139137,0.614675341162749,0.16265302019268485,0.03098445786277759,0.01368153665373416,0.012588875026465777,0.011274884206673065,0.016255439503422068,0.003471629019573613,0.0005366937501675109,0.0010155586783242888,0.00034761011053392716,0.0002962724059546972,0.001517827326844718,0.0009126493346327293,7.83401730403269e-05,0_1_29_p1
1633.3329999999999,-0.09706773650407453,1.744052585035732,-1.5755858658108708,0.004059648306776325,0.002042184824483536,0.0017389298776255171,0.5206851867742036,0.00010630551141147258,-0.01298378754759014,0.7105906284446727,0.012402145603722015,0.8850523157866907,0.10182258286250874,0.39622079609275723,-0.08187735860445249,-0.29717582046032787,0.5928252657166515,0.010346752127459386,0.8400123585843696,0.11977042539664565,-0.00031910901911763525,0.0028212284934072233,-0.0001851260764280373,-0.0005926170728701638,0.0037522314976505496,-0.00019669711070325824,-0.0005242644940415595,0.006859529927435156,-0.00019669711070325824,-0.0003647104831482425,0.006859529927435156,-0.00016198600253959563,-0.00029632499239660054,0.005753044538879311,-0.00015041546692987475,-0.00018233853627985214,0.004370079050187543,-0.00013884592865115447,-0.2325944513409949,-0.035332522171860295,0.08257654199079094,-0.48146738416248563,-0.43743520550220644,0.005964427847239852,1.54014650605151,1.485366238298272,0.15942478222750983,-0.08031199174762782,-0.3378990717783185,-0.35334030784599163,0.03257606484165658,1.6911960271626902,1.5041375640747467,0.2160760294749173,0.15636606179612875,0.13701267070877574,-0.0007437145961533936,-0.0006765900625056409,-0.007634840372708292,-0.003216238287231733,0.00017786039080970505,-0.09944191878496536,0.0017459391707857696,0.0006304439427563318,-0.00012678185667172503,-1.2428958756096052e-05,3.078455495109483e-07,-0.0004659319573055475,-9.763544842054424e-06,3.564676165694237e-07,-0.00021743924467531776,8.813825201687542e-06,-2.3558551650383107e-07,-0.014374665361779207,-0.008703134332237121,0.000297166701147697,0.014184890084413732,-0.00223296194322895,-3.820981626282258e-05,-0.03688608818085192,-0.007953539285247016,0.0001800455436147333,0.042551026005762944,-0.0067719097542721035,0.0001571134312094338,0.0007426596804814673,-0.0001181921744887524,2.7421366398200016e-06,0.07985552731104019,-0.0022116753418389254,-7.158075813141846e-05,-0.05438121674163107,0.007316059516196912,-0.00010466590831753031,0.003460869936694982,-0.0021435178144943406,0.00022626796668741745,0.0023838678609085307,0.0011390822669424064,3.724199253511165e-05,0.15501324434131866,0.0038718499979467896,-0.0002510424377764351,0.061891850081360555,0.002846628623148076,1.0377116598160618e-05,0.001080216331127185,4.968330168005295e-05,1.8111205321592897e-07,0.08473158514755331,-0.0028315145155363526,-0.0001312714777289581,-0.020211005917305,-0.006084742091748593,-0.0002469475267167829,0.00022515858662413822,1.9579602214372974e-06,-6.927962416319846e-07,-0.0010077126469580499,-0.00010169569283613067,-2.5542904215934547e-06,-0.012624194725998386,0.00018505291100457216,3.351917793758123e-05,0.00041813529650350386,3.6362851131101582e-06,-1.286573739652514e-06,-0.0013402564270403232,-0.0001352550343108126,-3.397209694096684e-06,-0.013413205507233678,0.00019661875915858785,3.5614120147266486e-05,0.00036990607899867916,3.2170397261412908e-06,-1.1381792607741459e-06,-0.002450147344775415,-0.0002472624783805223,-6.210502382566616e-06,-0.013413205507233678,0.00019661875915858785,3.5614120147266486e-05,0.00025732935025204155,2.2380596154226563e-06,-7.917821867195526e-07,-0.002450147344775415,-0.0002472624783805223,-6.210502382566616e-06,-0.011046168889252084,0.00016192128796983842,2.9329276072187385e-05,0.00020907192252747072,1.818325739800188e-06,-6.433039669291338e-07,-0.0020549230209818054,-0.00020737737981249763,-5.2087133409286135e-06,-0.010257156398306507,0.0001503553421180917,2.7234324092729068e-05,0.00012865313458157896,1.1188099878171987e-06,-3.958607372791588e-07,-0.0015609492503930733,-0.0001575261845821959,-3.9565843319246664e-06,-0.009468146471926365,0.00013878973820840267,2.513938886145316e-05,-0.09628789311816377,0.008914908573996405,-0.00011220560158557296,-0.027683703350316377,0.002887242595636175,7.312499916824013e-05,0.13256157846136565,-0.00616543560571328,-0.000231874947619006,-0.20289836298908182,0.0026869350876830744,9.653203350156647e-05,-0.06850415034463993,-0.0011623459040357891,0.00011996788029136503,0.011620742677077214,0.008545236554336108,-0.0004153110393382824,0.0692965668687691,-0.005244843737755455,0.0004768435118936111,0.021080108076965587,-0.0012787236851183976,1.572027457770119e-05,0.11275199200308168,-0.00552218180307967,-0.00040350018062811164,-0.09659803370949158,-0.004535252247831915,6.765835195490459e-05,0.18187910777552938,-0.001984447444004769,-0.0008858015008817898,-0.00145808282122545,-0.004047605284587126,-9.631524921549888e-05,0.08713159181872207,0.0029081483468473947,-0.0006321009095283881,0.5025032117403324,-0.002895799378108334,-0.0005470168525665598,-0.012664955074112121,-0.0009417725161588633,0.0001603407864202576,0.07341254991580982,0.0065951508921173255,1.0190516026000719e-05,0.01435084311348618,-0.001464388501434924,-0.00013239289694402643,0.23352715122685608,0.15021670209930296,0.16616352751579405,0.6101028283455034,0.1694689894345185,0.02929228039863425,0.013372314087081864,0.012547361854020615,0.0112171458445082,0.01566811304331759,0.0037344251496327177,0.0006312056164614702,0.0010604994927033411,0.00034509984938493296,0.0002677748193237225,0.0014585101000665333,0.0009417368388234033,7.76967800875024e-05,0_1_29_p1
1650.0,-0.09345198227394745,1.7439898748570422,-1.5788269477171446,0.004053385566754668,0.002034164288572372,0.001728704741536333,0.5207810497313675,0.00022228164287549148,-0.015358558325009713,0.7122562081178229,0.012431215807743234,0.8876954493872279,0.10193751628441107,0.3970372381782271,-0.08224977047759156,-0.2928366616631686,0.5960477713356984,0.010402995611937653,0.8420600057907464,0.11909215604140112,-0.00031540543044490324,0.002819077749103266,-0.0005778715340183137,-0.0005857384809553038,0.003749371152339281,-0.0006139893775590852,-0.0005181792789381061,0.00685430092099618,-0.0006139893775590852,-0.0003604773117139054,0.00685430092099618,-0.0005056388389297764,-0.0002928856964391707,0.005748658775801799,-0.0004695214940545058,-0.00018022170122993327,0.004366747964643737,-0.0004334051465102379,-0.23200675210729135,-0.03626733797252097,0.08602665150960077,-0.48971597726035354,-0.4400044199209322,0.006124280060102509,1.5343376713150922,1.4856199593049615,0.1650361723536388,-0.084305005378225,-0.3265806564590303,-0.35121607808536487,0.037500723757661815,1.7063642169408646,1.5042070969948151,0.2177624528673258,0.16229497319042152,0.1392310540012307,-0.0014380778430913008,-0.0006948681571843792,-0.009742119851828409,-0.003062191656178154,0.0001735684227293404,-0.0993863651685874,0.0025318231361492307,0.0006441568227586931,-0.00014897389620565645,-1.1592446361205583e-05,3.580740463988931e-07,-0.0004827025055172818,-9.701653329640817e-06,4.0997247664128943e-07,-0.0002111851244430284,9.417279659936281e-06,-2.531376116693097e-07,-0.026397254070594567,-0.00849870180627297,0.00031910506712812,0.01165075493146693,-0.0022737921696439982,-3.727604298563264e-05,-0.05025995239951122,-0.007647736302192312,0.00020551877888104757,0.029500650086647446,-0.0067201543325722595,0.00019440868645381323,0.0005148878016826295,-0.00011728891011934452,3.3930617275865245e-06,0.07816693878426607,-0.002434499563309617,-6.54223579486459e-05,-0.04060473626674951,0.007019332896570789,-0.00013257273334401528,0.0037755993904347975,-0.002054491074889838,0.00021810388582663677,0.004467063506062392,0.0012162367294604854,3.484662840776867e-05,0.1692053323060435,0.0034292299892624595,-0.00028369805360885166,0.06767722673777607,0.002566319496559289,-1.0451786973760622e-06,0.0011811909658617085,4.479091684302594e-05,-1.8243655530815703e-08,0.0809480800567473,-0.0030328616738909586,-0.00012197918277593698,-0.03481616843608183,-0.00622728022321611,-0.0002134771090187651,0.00022721707781049068,1.4432885759838952e-06,-6.835833456247225e-07,-0.0009567231021937867,-0.00010562150517424121,-2.826194371652956e-06,-0.011693782355421522,0.0002377654529478826,3.2745444708771976e-05,0.0004219582087067291,2.6804349401404066e-06,-1.2694654713208975e-06,-0.001272440768479974,-0.00014047639183161975,-3.7588441249395348e-06,-0.012424642470352647,0.0002526258884018016,3.4792031426635445e-05,0.00037328703109254236,2.371392593428087e-06,-1.123042393080347e-06,-0.0023261728323960406,-0.0002568077420677069,-6.871615947965783e-06,-0.012424642470352647,0.0002526258884018016,3.4792031426635445e-05,0.00025968191160787246,1.649748305436136e-06,-7.812531627112539e-07,-0.0023261728323960406,-0.0002568077420677069,-6.871615947965783e-06,-0.0102320569964284,0.00020804482628437057,2.8652260805431043e-05,0.00021098337862908344,1.3404372899643148e-06,-6.347498327633241e-07,-0.001950945280126994,-0.00021538290283904126,-5.763185646197055e-06,-0.009501196881497267,0.00019318439083045147,2.660566850484011e-05,0.0001298294152594946,8.247153939056378e-07,-3.9059413175220756e-07,-0.0014819674739439655,-0.00016360728213337305,-4.377766925325592e-06,-0.008770336766566142,0.0001783241996208589,2.4559086671863188e-05,-0.08579441885418543,0.00851850020255529,-0.00011603616282327346,-0.023224002711607863,0.003042444868722074,6.503148677404292e-05,0.11499859833811017,-0.006578068785842307,-0.000198577196703224,-0.1945048805641231,0.0031829612677744205,0.00010615428788544929,-0.06869214153932071,-0.0008938429375941594,0.0001296170671482424,0.02235957148045268,0.008068495368952136,-0.0004124664708148442,0.07836753396318723,-0.0035302925763790677,0.00046105142808814206,0.01950367398049759,-0.0012993022954783167,8.135965547402175e-06,0.09773359678205112,-0.006235496260427929,-0.00036832613362832264,-0.10346207769951374,-0.0040240180481851615,0.00011341162075487996,0.1605316693979833,-0.0038534250119385315,-0.0008242725307901096,-0.011848289728973472,-0.004409791704119362,-7.757030732617848e-05,0.0873579967841459,0.0019288151565299099,-0.000589437126995162,0.4960693419718047,-0.003890029811499821,-0.0005618854080975848,-0.012623408259266125,-0.0008569532270257005,0.00015360478469231113,0.10154321769750019,0.006607632558799152,-5.4100706668256254e-05,0.015249826734700107,-0.0021972345914117726,-0.00011820633856618427,0.24775273336348239,0.1448299964497548,0.1453434354493046,0.6001322967954155,0.1713421859117368,0.02715200526735224,0.013084389502588325,0.012447382225782632,0.011184467150089033,0.015736166175333917,0.00422558057629291,0.0007297545119261845,0.0010966448011015368,0.0003465751788854534,0.00023901127254860314,0.001395867689689493,0.0009632788412070751,7.614878175445076e-05,0_1_29_p1
1666.667,-0.0910597307774054,1.7437471239926996,-1.580726800941128,0.0040462202421769795,0.0020259572517639934,0.0017178562735714368,0.5206266738630322,-5.3004153386567075e-05,-0.01837641810527411,0.7140676803618128,0.012462831699144859,0.8904329753803678,0.10253124687734401,0.3981046830447434,-0.08241663093539923,-0.2880565219932145,0.6000099370197648,0.010472148548894673,0.844160172447643,0.11773571257602264,-0.0003125376051511263,0.0028020981888088638,-0.0008890996435649441,-0.0005804127334092181,0.003726788087814976,-0.0009446694309519424,-0.0005134678872887226,0.0068130169028695065,-0.0009446694309519424,-0.00035719958337865993,0.0068130169028695065,-0.0007779635594494541,-0.00029022282266612785,0.005714034435435235,-0.0007223942707279558,-0.0001785830863950609,0.004340446850147183,-0.000666826478002961,-0.23149453686774005,-0.036991749345198735,0.08862187183284675,-0.4976795605846983,-0.4423212991243943,0.0061062443262779025,1.5300733377749591,1.48583326796082,0.17010022772500785,-0.08731312023727729,-0.3169452790920672,-0.34959879217128276,0.04192217183705956,1.7211090322290723,1.5043135550978697,0.22031670482770702,0.16839937644367128,0.13596153569478672,-0.0020503133001041965,-0.0007023909271119378,-0.01131572352291586,-0.0028936470238271885,0.00016744668292217969,-0.0943115244460599,0.0032127001394891296,0.0006478368276062995,-0.00017029398349287236,-1.0667273275683034e-05,4.0663540129613493e-07,-0.0004951252604674775,-9.592573813287661e-06,4.531185858926893e-07,-0.00020947028502449816,1.0158121552015484e-05,-2.5546142197867e-07,-0.03593979260170233,-0.008276493031656992,0.00033384557163916714,0.008495826537633333,-0.0022744416153089855,-3.5719794199863035e-05,-0.06231372109484235,-0.007257528756871371,0.0002271749735777531,0.01968518280862235,-0.006707374297020798,0.0002229605509776291,0.00034357483085830005,-0.00011706589062453451,3.891385751326088e-06,0.07638634476292686,-0.002665681044061832,-5.914713640220195e-05,-0.02812201408306955,0.00669309447918057,-0.00015563175231016142,0.005180885503122027,-0.002019810383286339,0.00020562975792042258,0.007127577878908135,0.0012821624742688474,3.1571399215367144e-05,0.1824203670035438,0.0029274790640927417,-0.00031522861238141264,0.0741255042348982,0.0021605294074322013,-1.5687393010745456e-05,0.0012937335004025946,3.770851524965966e-05,-2.7380068171741606e-07,0.07683188415077626,-0.0032561883547907004,-0.00011258158223032966,-0.050327136320120265,-0.006282088699001073,-0.00017628311468091698,0.0002255697719483226,1.0859835502939813e-06,-6.646906980255258e-07,-0.001014306144682442,-0.00010891550628776026,-2.921441285017534e-06,-0.010491455950983667,0.0002860139657545245,3.147809299763938e-05,0.00041890039185723464,2.016774255333082e-06,-1.2343808205360836e-06,-0.0013490238213954846,-0.00014485742674603816,-3.885521096118924e-06,-0.011147170879351216,0.00030388996378939985,3.344547058247753e-05,0.00037058141456230835,1.7842780806429146e-06,-1.0920017305065685e-06,-0.0024661767335774445,-0.0002648168310614217,-7.103195159669004e-06,-0.011147170879351216,0.00030388996378939985,3.344547058247753e-05,0.0002577995205811501,1.241322942144954e-06,-7.596605685394081e-07,-0.0024661767335774445,-0.0002648168310614217,-7.103195159669004e-06,-0.009180020965117703,0.00025026236047569694,2.7543325266826298e-05,0.00020945404277676472,1.008606947560666e-06,-6.172061116890501e-07,-0.002068365618118595,-0.00022210003704166352,-5.9574129219217375e-06,-0.00852430774646044,0.0002323863624408216,2.5575946984147208e-05,0.00012888907460127712,6.204782878273644e-07,-3.797992303481528e-07,-0.0015711613499413144,-0.00016870976594032182,-4.52530096633266e-06,-0.00786859281809289,0.00021451060865027323,2.360857149283188e-05,-0.07567334770108111,0.008167759340846115,-0.00011990226370404732,-0.018165408511087285,0.0031853073566555958,5.6288755513162184e-05,0.09616670286898786,-0.006915010331575386,-0.00016324261139662738,-0.18279840190010513,0.003691134939459653,0.00010765406947638208,-0.06669140949561699,-0.0006349911147553863,0.00013447525219678966,0.03353099972936532,0.007629518679617527,-0.0004122566021324304,0.08827660104062027,-0.0019778835486927923,0.000443949487080271,0.01755099077986293,-0.001317255889935761,2.862413711795716e-06,0.08166476581853932,-0.006871913053743322,-0.0003314346491482058,-0.10719757925457196,-0.003535049405614714,0.0001529320813846826,0.136080664033356,-0.0054925231167774384,-0.0007561287634730575,-0.023240686064595034,-0.004714200320736744,-5.726605243154808e-05,0.0871583479298689,0.0010755035147192284,-0.0005479113590322492,0.4836968268584123,-0.00487488162910827,-0.0005633959315540137,-0.012308224022590051,-0.0008109747454168163,0.00014555267659639362,0.12665144680982432,0.006559959290231012,-0.00011220537060022371,0.013800490791306408,-0.00295208638692563,-0.00010008160001536348,0.25711913249261903,0.14472584083360032,0.1237112458887857,0.5850199892024528,0.16585706634791378,0.02448858716515224,0.012788181356075358,0.012314327175915223,0.011165833757142257,0.016349997840772918,0.004785261634329574,0.0008246554645923182,0.0011171710092544908,0.00034848629053723534,0.00021022161405090048,0.0013290556350551482,0.0009700950454688156,7.336872664133358e-05,0_1_29_p1
1683.3329999999999,-0.09017851703006646,1.7433709167764353,-1.5810254836240112,0.004038188236959303,0.0020176265459114742,0.0017068482326463579,0.5202434853297603,-0.0007236962863499426,-0.021922836388205493,0.7159332777592344,0.012495392561670069,0.8931853167255299,0.10359718677137958,0.3993864872553275,-0.08230295863854782,-0.2828835346392425,0.6045131442999738,0.010550744215770484,0.846170201325988,0.1156766354577073,-0.00031033400230410824,0.0027616040568350926,-0.001103159788332544,-0.0005763206843115424,0.003672930219091434,-0.0011721082724343277,-0.0005098480744200863,0.006714558890440501,-0.0011721082724343277,-0.00035468132260078254,0.006714558890440501,-0.0009652663107874777,-0.00028817679811729,0.005631458420533878,-0.000896318325351193,-0.00017732395600612215,0.0042777212128270094,-0.0008273718359114105,-0.23109530975597334,-0.0374542376610332,0.09021305111197743,-0.5051785716700816,-0.4443688077017619,0.005990158488403757,1.527517649159271,1.485994833089677,0.17439772451559094,-0.08916034181100305,-0.30914134053573694,-0.3485338032323569,0.045747664278060825,1.7352912211849452,1.5044168406910094,0.22368396905224516,0.17437481831582227,0.1270240995384002,-0.00252694889866569,-0.0006940915013977394,-0.012408390819213695,-0.00271020378063402,0.0001596736176890749,-0.08411042944808586,0.0037296823362741706,0.0006366431338352072,-0.00019058055091119953,-9.648579037425075e-06,4.537250096641054e-07,-0.0005033181921659817,-9.407876253354144e-06,4.8573706681766e-07,-0.00021200322081567775,1.097047818298458e-05,-2.4273419902908154e-07,-0.04307301679883579,-0.008029979088864853,0.0003412799118614417,0.004629966411981641,-0.0022321749880079692,-3.24617751605696e-05,-0.07302480642937986,-0.006796763519630728,0.0002451860645454686,0.013145006673827385,-0.006722845416565046,0.00024187316938866865,0.0002294277332124434,-0.00011733587830339005,4.221474980600079e-06,0.07467141814917126,-0.0028909329564432264,-5.3199781461658957e-05,-0.016763063100095253,0.006347254037946777,-0.00017448007444892947,0.007446811564401015,-0.0020257466439517267,0.00018947452746280956,0.010375684628564542,0.0013268668797713178,2.6780260630212136e-05,0.19427484930317918,0.0023817442053357916,-0.00034443450738515024,0.08102798678646242,0.0016561317774638898,-3.312302550279201e-05,0.0014142048164025348,2.8905094856294283e-05,-5.781067820124262e-07,0.07242464768195467,-0.0034900530060195272,-0.00010269080493571518,-0.06629531663899713,-0.006258050929513877,-0.0001361810273594323,0.0002199653416253469,8.563206097948199e-07,-6.354302276737235e-07,-0.0011939077909813814,-0.00010960981963558209,-2.7207233907681187e-06,-0.008985665373891335,0.0003285974756451425,2.9562793188163624e-05,0.00040849338533620013,1.5902992362906395e-06,-1.1800448319121287e-06,-0.0015878951393818628,-0.0001457808168479747,-3.6185725145299207e-06,-0.009547267589763915,0.00034913495526039766,3.141046523275045e-05,0.0003613746246632165,1.40699386901997e-06,-1.043930957785752e-06,-0.002902860676991859,-0.00026650497457503215,-6.615178944361743e-06,-0.009547267589763915,0.00034913495526039766,3.141046523275045e-05,0.0002513949458435461,9.788335641225644e-07,-7.262200309944912e-07,-0.002902860676991859,-0.00026650497457503215,-6.615178944361743e-06,-0.007862454103305019,0.00028752293162998774,2.5867436537853115e-05,0.00020425053951624727,7.95381650255794e-07,-5.900356749338058e-07,-0.0024346094976810894,-0.00022351592140417958,-5.548116653145242e-06,-0.007300853597142724,0.0002669854275902997,2.401976868031188e-05,0.0001256876420876191,4.892702354651937e-07,-3.6308245078036276e-07,-0.0018493645530954918,-0.00016978527140899558,-4.2143953843272495e-06,-0.0067392488167047114,0.0002464482654926694,2.2172099427088772e-05,-0.06617585405206708,0.007864191730719238,-0.00012269771748472764,-0.012380895258366945,0.0032942603544475224,4.617109408064408e-05,0.07637971023215537,-0.007155532155024614,-0.00012550640302735303,-0.16818922840099376,0.004208496301137622,0.0001019314814243459,-0.0624944468756555,-0.00039647619809067395,0.00013392164591212013,0.044687980926347175,0.007236797469382794,-0.0004138665504758925,0.0989386578680941,-0.0006404075746444301,0.0004256966563368587,0.015470402442897954,-0.0013264001044383771,-7.153141728806649e-07,0.06476397871593131,-0.007429270498611415,-0.0002920446603485805,-0.10753792700726228,-0.0031284661818851904,0.00018564211275959013,0.10889370760371453,-0.006873741881989176,-0.0006824995553884843,-0.03551703937771231,-0.0049495057692494375,-3.5211578280887435e-05,0.08622761669832339,0.00036173683899987574,-0.0005072546626286732,0.46587675930891004,-0.0058504104697913424,-0.0005518384909875657,-0.011844252248128762,-0.0007960405970250992,0.00013654218725844103,0.14807397480834947,0.0064479663054254404,-0.00016246582790509665,0.009841317242719371,-0.0036859418898563187,-7.778688714485208e-05,0.2616852299780351,0.14912276160431012,0.10181547211532811,0.5654519027961002,0.15285283433328858,0.021311851149652283,0.012443375823360615,0.012163174946299914,0.011131006391247322,0.01730002603309749,0.005257519144344682,0.0009058497540818165,0.0011160056080563052,0.00034925936881539666,0.00018148927518018824,0.0012571992735859593,0.0009552872118293912,6.888630268188003e-05,0_1_29_p1
1700.0,-0.0908960976827174,1.7429146757419924,-1.5796888666002702,0.004029368838916226,0.00200926492279792,0.001696116951074096,0.5196541325212568,-0.0017769994979355155,-0.025893659902692816,0.7177245505597927,0.012526655896562792,0.8959141779069321,0.1051791925999618,0.40085144332562295,-0.0818691156637281,-0.2773458248341503,0.6093699178867245,0.01063551086821584,0.8479380448266673,0.11287257601748471,-0.00030870585944474784,0.0026947539571597055,-0.0012022740445602996,-0.000573296776716087,0.0035840201550018393,-0.0012774174501756612,-0.0005071727340095293,0.006552020366526275,-0.0012774174501756612,-0.00035282030295265585,0.006552020366526275,-0.001051991222653575,-0.0002866648443195623,0.00549513873130861,-0.0009768488143692127,-0.00017639344618205891,0.004174170828306185,-0.0009017074034158511,-0.23080867782357686,-0.03757701010460449,0.09075791946717154,-0.5120224070982174,-0.44614312637396625,0.005908637151036101,1.526668935437266,1.486113259164745,0.17761659336714203,-0.09023411574005251,-0.30324092787480184,-0.3480383516309383,0.04891135429597736,1.7487587980438917,1.5045023762856569,0.22791696894565008,0.179907701038869,0.11194499250505464,-0.0028265898660237423,-0.0006696258235262214,-0.01313055705733111,-0.0025196752293399696,0.00015051510303010047,-0.06845354633954567,0.004043404404288147,0.0006103515495778252,-0.00020975666149768266,-8.540295980093415e-06,4.988334476211988e-07,-0.000507512966356774,-9.148195685090066e-06,5.085564653510222e-07,-0.00021833256830062494,1.1777974351850189e-05,-2.1586802092094984e-07,-0.047865000486807655,-0.007759153114630931,0.00034183116363080163,-4.8863520021617465e-06,-0.0021465258543500445,-2.712147274612896e-05,-0.0821654108786705,-0.006279280597551309,0.00025981119710846235,0.009863714447487952,-0.006746364582073117,0.00025111815421558756,0.00017215842256158262,-0.00011774635531902664,4.382829063458961e-06,0.07324800226859367,-0.0030967322980846416,-4.8106036018882474e-05,-0.0063635322872934025,0.005982634896070652,-0.00018981957281897596,0.010323966747217788,-0.0020647828469374813,0.00017040623260274908,0.014200550175793619,0.001340123900068595,2.0351983027452512e-05,0.20407910601084786,0.0018006149486279623,-0.0003703652415848993,0.08811057534886091,0.0010870848479635664,-5.276500073982171e-05,0.0015378202896214974,1.8973363370798345e-05,-9.209246299178481e-07,0.06783946969552425,-0.0037114877703638494,-9.243639738518367e-05,-0.08209414331503934,-0.006156968314362467,-9.425517183670488e-05,0.00021055253163659122,7.177363787629869e-07,-5.950747843163564e-07,-0.0015159821601171185,-0.00010641366279938303,-2.1918953441328243e-06,-0.007170959212892301,0.00036329155183774967,2.6908509837015197e-05,0.0003910107427896525,1.3329634135639579e-06,-1.1051016005147738e-06,-0.002016252793695333,-0.00014152984203758248,-2.9152277093434944e-06,-0.007619141812846421,0.00038599740816198854,2.8590286947787284e-05,0.00034590858540097224,1.1793581564333267e-06,-9.77632579875592e-07,-0.0036859515863561,-0.0002587337551311974,-5.32938539087315e-06,-0.007619141812846421,0.00038599740816198854,2.8590286947787284e-05,0.00024063573900325226,8.204655426191538e-07,-6.800997236834821e-07,-0.0036859515863561,-0.0002587337551311974,-5.32938539087315e-06,-0.006274586319287756,0.00031788027882905965,2.3544938169447684e-05,0.00019550964567054504,6.667137388924469e-07,-5.52563710314661e-07,-0.003091383591571849,-0.00021699826154326273,-4.4697304970969105e-06,-0.0058264045741887776,0.0002951743980803879,2.1863165245721177e-05,0.00012030718381232827,4.100618002808108e-07,-3.4002578632952723e-07,-0.002348257160181846,-0.0001648343900556977,-3.3952396891407345e-06,-0.005378219409669224,0.00027246885927377366,2.0181383947903492e-05,-0.05750203128609464,0.007611407767389125,-0.00012356806609297238,-0.00568832238737071,0.003363820747932002,3.4300828171783776e-05,0.05561795448502877,-0.007274788331074246,-8.618166933344173e-05,-0.15101737271626167,0.004719757245538152,9.011410278633169e-05,-0.0561487631089102,-0.0001784747273994666,0.00012790810634173867,0.055593142314479004,0.00688325908200321,-0.00041585445086475103,0.11012755508187104,0.00045023859984832785,0.00040583845787787,0.013378618922969846,-0.0013347260760216745,-3.4894244886042334e-06,0.047187079841223986,-0.007886791414034616,-0.00025070958439922227,-0.10484565476582303,-0.002836138866649125,0.00021016524596870594,0.0791692333593227,-0.007988741707157014,-0.0006040579573687991,-0.04849271805435969,-0.005111277066778169,-1.1734302768375043e-05,0.08404753604544314,-0.00020504499303806225,-0.0004667208336826191,0.44334141849776876,-0.006814269047870677,-0.0005283897920612894,-0.011320160221113262,-0.0007943532106688738,0.00012704966150414143,0.16551548428994178,0.0062767957290436474,-0.00020354941175170735,0.003739377468280309,-0.004357699151975224,-5.1161028008276315e-05,0.2615130294720521,0.15687755504050288,0.08020098175651219,0.5425387018360402,0.13187240089734978,0.017855037532043025,0.012009606889641438,0.011990599828738251,0.011053115555698462,0.01836727375575565,0.005539655951003987,0.0009653436135827196,0.00109329409778987,0.0003487674237635123,0.00015450855607482104,0.0011795749084993498,0.0009184678045031702,6.247844180483582e-05,0_1_29_p1
1716.667,-0.09310309195380476,1.7424014467154783,-1.5768548667847275,0.004019887711753892,0.002000872382423329,0.001685988556092023,0.5188413910324666,-0.003177244743553032,-0.03022349614831888,0.7193029520341369,0.01255420417347627,0.8986363365253413,0.10732412096818619,0.4024430998276377,-0.08112112888217991,-0.27142169813533545,0.6144348369467406,0.010723910797498352,0.8493762420075366,0.10926699805422775,-0.00030750956090888084,0.002605509787184729,-0.001176514480797363,-0.0005710757205765492,0.003465325299228711,-0.0012500471968458873,-0.0005052079919372842,0.0063350320579393295,-0.0012500471968458873,-0.00035145346081559407,0.0063350320579393295,-0.0010294510433623194,-0.00028555431624979337,0.005313152252872161,-0.0009559188259792969,-0.0001757102744462782,0.004035931775569225,-0.0008823876059272738,-0.23063368662478237,-0.03738211367502379,0.0902255441787632,-0.5180827452758439,-0.4475992804995112,0.005927865194072573,1.5274450100517991,1.4861980492544693,0.1794651583457263,-0.0911685924481728,-0.29930179405421015,-0.3481236249275323,0.05138029855184504,1.7613598144412344,1.5045710684556912,0.23312287171331825,0.18474139788224986,0.09156823615934623,-0.0029366010523615726,-0.0006271433365783763,-0.013576904283291388,-0.002330838802742138,0.00014039177792056146,-0.04805221803758239,0.004149888702546877,0.0005674380621124814,-0.00022723417491336497,-7.349091973809835e-06,5.416536651565404e-07,-0.0005079027803023625,-8.821201380357272e-06,5.225474782316132e-07,-0.00022776931423340693,1.2512490315865008e-05,-1.7624740406681228e-07,-0.05052127819756054,-0.0074655214858408295,0.00033595974843850853,-0.005296005425921266,-0.0020188060994633687,-1.942541844710821e-05,-0.08981371094561796,-0.005718815558839921,0.00027074835548038343,0.00954387637940858,-0.00675376594233286,0.00025089851296873677,0.00016657707332748802,-0.0001178754872946109,4.378995125368969e-06,0.07217076339793252,-0.0032784233080528496,-4.455842066833577e-05,0.003107051376648056,0.0055887032842255446,-0.00020243115724527348,0.01376795073025638,-0.0021286680036686446,0.00014925047080508475,0.01851185309066345,0.0013165651181307053,1.2260462271280287e-05,0.2116847120473467,0.0011934872999483513,-0.00039120474047570975,0.09529975836371005,0.0004873688178054354,-7.386493875199106e-05,0.0016632950727783033,8.506346018666959e-06,-1.289190643154035e-06,0.063159956734261,-0.00389704084490085,-8.215522903052712e-05,-0.09757410132873519,-0.005979601723473733,-5.2191607175476674e-05,0.00019707915971462427,6.504470667269177e-07,-5.443459354789153e-07,-0.00196716102735038,-9.888558858288713e-05,-1.2858340282627528e-06,-0.005136677524213511,0.0003870724251420091,2.351005449685178e-05,0.00036598913272963186,1.2079835915354263e-06,-1.0108874917321344e-06,-0.002616320926475011,-0.00013151758319753778,-1.710169467002316e-06,-0.005457718373480351,0.0004112646058926156,2.4979426971257066e-05,0.0003237729663065358,1.0687643252539057e-06,-8.942859479541151e-07,-0.0047829495788118855,-0.00024043006085564575,-3.1263894910072865e-06,-0.005457718373480351,0.0004112646058926156,2.4979426971257066e-05,0.00022523637844222715,7.435285796740864e-07,-6.221182140216608e-07,-0.0047829495788118855,-0.00024043006085564575,-3.1263894910072865e-06,-0.0044945906965489614,0.00033868852770501604,2.0571290008495026e-05,0.00018299884064053502,6.042116156618429e-07,-5.054566559233405e-07,-0.0040114291338194386,-0.00020164713923678272,-2.622089157511158e-06,-0.004173553266702692,0.000314496371378842,1.91019189297716e-05,0.00011260750353181556,3.71593318808282e-07,-3.110332868962822e-07,-0.003047132869906426,-0.0001531734331608221,-1.9917517729718883e-06,-0.003852509852870417,0.00029030448372142724,1.7632542268320697e-05,-0.049611536224361645,0.00740587831572884,-0.00012180204213547482,0.0018560042129976443,0.0033822214560541635,2.026605019703067e-05,0.03427458179854699,-0.00726892251047272,-4.521522367028724e-05,-0.1315064495641447,0.0052062029663348264,7.299956854096772e-05,-0.04790901697816409,2.0715509305062568e-05,0.00011656911650550891,0.06616774831559306,0.006551385679324732,-0.00041756732376753056,0.1215661742899753,0.00128937718301406,0.0003841798535364197,0.011323721547642175,-0.0013447517194507745,-5.333221422486855e-06,0.02906584511483916,-0.008204113179361558,-0.00020761293532184168,-0.09993557454944073,-0.002598941550429837,0.0002264566886960162,0.04712325122705433,-0.008840069230178854,-0.0005208504965625799,-0.061772672161193115,-0.005199649646802183,1.2695592611424227e-05,0.0801369652860587,-0.0006201068410551544,-0.00042488550348149836,0.41672945046069815,-0.007763246967065853,-0.0004949452782187344,-0.010827623462020977,-0.0008002186404795108,0.0001174314287775626,0.17889667461718373,0.006024989060538399,-0.00023496048201254738,-0.004699692671788502,-0.004931619683923856,-2.1465361719282414e-05,0.2585885993731872,0.16704514976924334,0.06032823746509674,0.5176592233938272,0.1042998146740818,0.01485394665855966,0.011466548021434198,0.011780877626938708,0.01091437996720074,0.01935602970385449,0.00559270059039336,0.000996400023428718,0.001047388805627302,0.0003476552924813828,0.00013149474023897175,0.0010962164017006759,0.0008573244238700018,5.419834262077591e-05,0_1_29_p1
1733.333,-0.09667889709335027,1.7418305285732,-1.5726387581878236,0.004009880492488456,0.0019923661463146104,0.0016766954258234038,0.5177497190012708,-0.004900953854104655,-0.034883601546965314,0.7205536225628584,0.012576032258432714,0.9013970983361457,0.11011042292993349,0.40405527292434246,-0.08007559438042768,-0.26511095607392887,0.6195628885551252,0.01081341227887162,0.8504656426173777,0.10488245969918568,-0.0003067082054494652,0.0024976155274884413,-0.0010301227457915874,-0.0005695872040573481,0.0033218263227917403,-0.0010945059472356558,-0.0005038915150157799,0.006072698100723569,-0.0010945059472356558,-0.0003505374122910474,0.006072698100723569,-0.0009013578388999515,-0.0002848103073229432,0.005093134551369254,-0.0008369751361213827,-0.0001752524995167552,0.0038688035343877525,-0.0007725934306738164,-0.23060148330542113,-0.03686108701607743,0.08869695240660905,-0.5232736097880112,-0.4486524909593137,0.006040368120325128,1.5297475715714088,1.486244337380894,0.17993801441598314,-0.09233285721094868,-0.29742237614244005,-0.348830989420073,0.05311265302618005,1.7729702906642242,1.504640301677794,0.23930966298457562,0.18873536595861506,0.06725873582153248,-0.002882236026576367,-0.0005688916229070095,-0.013845160391993412,-0.002146825346743571,0.00012964419641238285,-0.02396852426659253,0.004079711909654804,0.0005097615228955208,-0.00024224714094937938,-6.087105961616833e-06,5.805631820991852e-07,-0.0005047235740224452,-8.420518562225848e-06,5.283276946857992e-07,-0.00023925856736653516,1.3128547781377047e-05,-1.2588771308332325e-07,-0.05136948513294086,-0.007144983657765056,0.0003244480583236783,-0.011074034602375635,-0.0018549343739973577,-9.55764617671294e-06,-0.09619944895012761,-0.005124558462659266,0.00027844966452163526,0.011665258403836618,-0.006721236847853103,0.00024218500937968362,0.00020360170446208456,-0.00011730774135694169,4.226913254996708e-06,0.07130676301377017,-0.0034427918753284752,-4.2738602944619074e-05,0.01148647228934545,0.005154283094929737,-0.00021268164432543816,0.017797201884114374,-0.002205009963009164,0.00012621671088937662,0.023162191555577784,0.0012589178638085332,2.6451332608251827e-06,0.2171555319307615,0.0005619548314071965,-0.00040675207471752933,0.10258066733549198,-0.00011695112021535781,-9.62448789357414e-05,0.0017903709996195025,-2.041100990283088e-06,-1.6797938468383878e-06,0.05845546661540527,-0.004035065854121988,-7.199660852224337e-05,-0.11268937215408549,-0.005725238061111117,-1.0178821607633219e-05,0.00018073347450937537,6.223589691437967e-07,-4.827426313709722e-07,-0.0025182100564723315,-8.781501907477595e-05,-3.849709295080959e-08,-0.0030188756331270008,0.000398141309364265,1.962646711796027e-05,0.00033563579113751973,1.1558862766269213e-06,-8.964841468954019e-07,-0.003349217306358752,-0.00011679368032230511,-5.1210359081723246e-08,-0.0032075532764880193,0.000423025190048397,2.085311725663234e-05,0.0002969202565284233,1.02269984521758e-06,-7.930780773335118e-07,-0.006122770884583997,-0.00021351306597071704,-9.361047637495558e-08,-0.0032075532764880193,0.000423025190048397,2.085311725663234e-05,0.00020655693869431127,7.114837239966637e-07,-5.517102508526945e-07,-0.006122770884583997,-0.00021351306597071704,-9.361047637495558e-08,-0.0026415143624189444,0.0003483737189670299,1.717315288379741e-05,0.00016782259727205092,5.781751704239272e-07,-4.482546345845082e-07,-0.0051351293815480245,-0.0001790720757495502,-7.851617697811637e-08,-0.0024528392836233497,0.00032348981385846553,1.594651181705745e-05,0.00010326821108542963,3.555953154022448e-07,-2.758307009936661e-07,-0.003900707440734922,-0.0001360251366732436,-5.962841426546063e-08,-0.0022641590756968927,0.00029860612856979476,1.4719856793498823e-05,-0.042478424013252226,0.007245302911697453,-0.00011754764371746169,0.010063354753213346,0.0033573882072189787,4.284144585654775e-06,0.013023631775940805,-0.007133209298229245,-3.5888919439360618e-06,-0.10992916371951075,0.005656760671396148,5.09181640108338e-05,-0.038112567662523605,0.00019635846797950768,0.00010057704684093363,0.07632966017319417,0.006234621059731674,-0.0004189063011742616,0.13307419405807594,0.0018852104366845006,0.00036078270272423864,0.009337738319734359,-0.0013563963608246598,-6.40836122251113e-06,0.010626130685198344,-0.008348936143233081,-0.00016294770312018717,-0.0934659188348815,-0.0023319296467545114,0.00023623416942151744,0.01315497770422531,-0.009430114259670382,-0.0004328848254935044,-0.0749685102315834,-0.005215778443045234,3.710555974767901e-05,0.07426372918252523,-0.0008859248296121688,-0.0003802809827432386,0.3866564945169212,-0.00869234884470727,-0.00045322888104795217,-0.01034450891632372,-0.0008101167150967481,0.0001079425031846398,0.18831236204835364,0.005665851811606483,-0.00025701157442604327,-0.01570458231585507,-0.0053803074299946935,1.1363415664592355e-05,0.25556962187344157,0.17887047860800315,0.04555548924305347,0.49257973836709446,0.07273435804579899,0.013499858170560436,0.010820160902729706,0.011518768381417185,0.010707434087986198,0.020140097383649636,0.005436954401579373,0.0009973434389472773,0.0009821302105529552,0.0003468206078872495,0.00011768042566095414,0.0010086557654279881,0.0007747920614806414,4.4978486636445945e-05,0_1_29_p1
1750.0,-0.10173818572119935,1.7411972976886358,-1.5669199829394747,0.003999437439575523,0.001983677398632681,0.0016684240611654524,0.5163232853395597,-0.006931114856038452,-0.03973840739965074,0.7213867270573645,0.012590572845763823,0.9041744572308058,0.11344538410201022,0.4055654639395255,-0.07870421289131416,-0.25847620311153413,0.6245847244118886,0.010901060220579274,0.8511876404490326,0.09978360545452489,-0.000305971177839623,0.002366951203705136,-0.0007754238560550505,-0.0005682188659237846,0.0031480428918396627,-0.0008238881587244294,-0.000502681253845897,0.005755001302303548,-0.0008238881587244294,-0.00034969566492608556,0.005755001302303548,-0.0006784962480472944,-0.00028412613825616145,0.0048266841104462905,-0.0006300319453779164,-0.00017483162583427424,0.0036664041836854773,-0.00058156913870504,-0.2307328652088597,-0.0360069238774824,0.08624302645962202,-0.5274832741306514,-0.44923371302683035,0.006312780605972903,1.5334757803572345,1.486269671582985,0.1789939892608579,-0.09384843481086895,-0.2977047429888102,-0.3502467296987897,0.054068176909082895,1.78347178866982,1.5047037997479744,0.24638246566395294,0.19173188036212757,0.04016648280929081,-0.0026864474050357343,-0.0004984610503896312,-0.014019622649167243,-0.0019665702003238417,0.00011859639745394333,0.0029991088176361293,0.0038547312305982897,0.00044014723306220685,-0.0002540236254108345,-4.769554365074467e-06,6.136296769036241e-07,-0.0004983976459580736,-7.926143620330452e-06,5.264951643937953e-07,-0.00025146247939990843,1.3599255448004713e-05,-6.787200921574844e-08,-0.05082368576925737,-0.006787985427374048,0.00030837362109801094,-0.017251202484327228,-0.001657826588847632,2.0883231884286756e-06,-0.10162110183994474,-0.004497528955800482,0.000283629424442223,0.01563841481801192,-0.006631460400287429,0.00022658866646692953,0.00027294584401959686,-0.0001157408163027267,3.954707837653817e-06,0.07038833058317862,-0.003604172210963274,-4.2305911558539666e-05,0.018601533379237662,0.0046604161568095555,-0.00022034120433498774,0.022344910714736082,-0.0022746070175671033,0.00010138298612667565,0.028054112084139635,0.0011697379830111077,-8.149218942414973e-06,0.22068700520864068,-9.722941665166141e-05,-0.00041722105370052624,0.10985929127947458,-0.0007019672322911742,-0.00011980264132802853,0.0019174076031241,-1.2251564101533712e-05,-2.0909540487488925e-06,0.053750826896899355,-0.004124212175748933,-6.20645734759417e-05,-0.12744013360096015,-0.005397550615403231,3.1688393643590914e-05,0.00016211045520095238,6.215773872980117e-07,-4.139208606444022e-07,-0.003139735053362242,-7.398031209572662e-05,1.4743927420826416e-06,-0.0009455800653939085,0.0003970841710689673,1.5629283098351425e-05,0.00030105091658342935,1.1543719618006826e-06,-7.686815582898918e-07,-0.004175844278488168,-9.839358281096163e-05,1.9609372108606387e-06,-0.0010046762014871524,0.00042190198366269733,1.6606108276266666e-05,0.0002663249909306062,1.0214297747181733e-06,-6.800152849304987e-07,-0.00763394362966191,-0.0001798753709159946,3.5848326032244262e-06,-0.0010046762014871524,0.00042190198366269733,1.6606108276266666e-05,0.00018527361017827733,7.105555955547816e-07,-4.7305939057436784e-07,-0.00763394362966191,-0.0001798753709159946,3.5848326032244262e-06,-0.0008273800995111325,0.0003474486680036709,1.3675618087861306e-05,0.00015053058742257752,5.774668618761774e-07,-3.84353340281753e-07,-0.0064025418920719696,-0.00015086039053706883,3.006572994047514e-06,-0.0007682865279833247,0.000322630855409941,1.2698799190514454e-05,9.262697425498455e-05,3.551801000466706e-07,-2.3650806221823801e-07,-0.0048634470134310106,-0.00011459516386339309,2.2838379806761332e-06,-0.0007091861176143632,0.00029781323821167257,1.1721970523394533e-05,-0.036104530026760624,0.007133468319337831,-0.00011095936235405028,0.018734148767410884,0.003289899103323575,-1.3236979701343753e-05,-0.007491217014847385,-0.006881879883138582,3.6871994480677895e-05,-0.08682232317964092,0.006064811901227511,2.424392077095738e-05,-0.027119588715176276,0.00033637782982680136,8.079460180666742e-05,0.08591645711966413,0.0059378971512175725,-0.00041978549561418255,0.14469601898176582,0.0022514515074371815,0.00033558611533065157,0.007513769803251943,-0.0013667811411119382,-6.766216844697159e-06,-0.008126648795217196,-0.00833374004280083,-0.00011758109402477932,-0.0861939661804415,-0.001985895177827497,0.00024080578678846348,-0.022078797727880895,-0.009752137948108312,-0.0003406718949191687,-0.08789196238807341,-0.005155301178557177,6.059015072669881e-05,0.06650746091091156,-0.001006414634907653,-0.00033214155852488193,0.3539725339908089,-0.00959551085131756,-0.0004048274280265868,-0.009871322658267621,-0.0008243083851594585,9.866956284991437e-05,0.19414444713497322,0.0051911651118019125,-0.0002699546919145065,-0.02836490578479725,-0.005687612564508135,4.782877893101965e-05,0.25498205592731016,0.1916978039010246,0.041359687509171066,0.46975568879316787,0.04265286597391117,0.014609568953404834,0.010077107762004349,0.011195301955308717,0.010443662054039918,0.020669554501437842,0.005093488135367065,0.0009710518496872992,0.0009034497209865246,0.00034772303705162016,0.0001176721789660341,0.0009201318052148913,0.0006754692956471471,3.645703505466372e-05,0_1_29_p1
1766.667,-0.10749685271359755,1.7405236305172962,-1.5604441576641046,0.003988798909786367,0.001974797163398535,0.0016613649523393862,0.5144726354405176,-0.00916201465255763,-0.04491087763749865,0.7216318869747406,0.012594851894424214,0.9068594732480705,0.11741621709114208,0.40691736705552145,-0.0771295015416743,-0.2515842953318125,0.6293960406489383,0.01098503349621323,0.8515656393704402,0.09415554344471538,-0.000305488968300572,0.0022268980058771015,-0.0004271753184116181,-0.0005673237613502619,0.0029617723780878177,-0.000453873869312126,-0.0005018893730309922,0.005414476594598441,-0.000453873869312126,-0.00034914463954795584,0.005414476594598441,-0.00037377871527610474,-0.0002836783366366498,0.00454108840495995,-0.000347079665710096,-0.00017455586381245913,0.0034494622509900845,-0.00032038211214058926,-0.23105160222351395,-0.034809490877601636,0.08291878210781803,-0.5306294460295329,-0.4493895320331243,0.00678504775227355,1.5385427050498939,1.4861974877571156,0.1768489152823073,-0.09569889721168291,-0.30017173297458105,-0.3523512038282804,0.054264889478416664,1.7927101235785743,1.5047715220136106,0.2542673850042483,0.19360468846268758,0.011264050094036786,-0.002339141644387679,-0.00041883863991300756,-0.014221010278806796,-0.0017884100351928465,0.00010750852009499203,0.03206249023995054,0.0034621679243209027,0.000360739044399742,-0.00026205755405258707,-3.407183934562646e-06,6.389913099586053e-07,-0.000489622557906618,-7.321834306937772e-06,5.180799005738003e-07,-0.00026292608687872256,1.3906319415669846e-05,-6.113784420515262e-09,-0.04937859161708745,-0.006385696824916117,0.0002889754812530034,-0.02367177669080324,-0.0014293889977116411,1.5319297270696683e-05,-0.10618908099573669,-0.003854340317553262,0.00028714590561951014,0.02083873203340834,-0.006472498376581243,0.00020586245088625603,0.0003637083792058773,-0.00011296642057006224,3.592968032830003e-06,0.06907170406202376,-0.003766978054187097,-4.251947949574217e-05,0.024244333020488854,0.0041160754935188944,-0.0002251555335700531,0.02713503936704572,-0.0023183467068275294,7.505791038936041e-05,0.03306734938043864,0.0010435793157392373,-1.989727127070819e-05,0.22225278951972735,-0.000785254694279877,-0.00042320833979713927,0.11688051748479314,-0.0012431144987065375,-0.0001441849258122829,0.002039951087992692,-2.169641894596708e-05,-2.5165065220769327e-06,0.049073361313706425,-0.004163012267743983,-5.232027927388503e-05,-0.14154659158078226,-0.0049995026562206744,7.341639870046563e-05,0.00014209829628379942,5.874564548426939e-07,-3.399922899647073e-07,-0.003800498756209273,-5.702164690348327e-05,3.1780332093088655e-06,0.00100371277974005,0.0003858868631796747,1.1843295752453035e-05,0.000263886944060392,1.0910638322916052e-06,-6.313883329854894e-07,-0.005054660157148648,-7.583857178296015e-05,4.226775780332763e-06,0.00106644717932545,0.00041000481807936396,1.2583494933032258e-05,0.00023344726209875193,9.654489750133895e-07,-5.58559559617372e-07,-0.009240524192777691,-0.0001386420925128461,7.727055882502218e-06,0.00106644717932545,0.00041000481807936396,1.2583494933032258e-05,0.00016240196080499978,6.716474742939985e-07,-3.885682995215548e-07,-0.009240524192777691,-0.0001386420925128461,7.727055882502218e-06,0.0008782508194104008,0.0003376510266535938,1.0362877153907544e-05,0.0001319477463059151,5.458127971216471e-07,-3.157067276295517e-07,-0.007749971408624202,-0.00011627830036830407,6.4806338166544135e-06,0.0008155138552595743,0.0003135330229050392,9.622683556055804e-06,8.119157699591768e-05,3.3571382719993555e-07,-1.9426565697603307e-07,-0.005886969351419126,-8.832612475305794e-05,4.922770226964088e-06,0.0007527837299498968,0.0002894152634008112,8.882476699226326e-06,-0.030528398828466714,0.007071256553762931,-0.00010220110762159796,0.02764692577231835,0.0031806160093239655,-3.187710797593907e-05,-0.02672114586176595,-0.006524812995667308,7.460824611609003e-05,-0.06288570809100212,0.006416453487165093,-5.9377303183854356e-06,-0.015365886998157566,0.00043141947676993034,5.8150797498257276e-05,0.09476560982078147,0.005652931506538149,-0.0004199927529758222,0.1566234759907541,0.002403926035456907,0.000308073737913553,0.005953696779381623,-0.001376808933891179,-6.686946301669636e-06,-0.026922823287299228,-0.008159745831030085,-7.13844129084589e-05,-0.07828459933655318,-0.001548211884325516,0.0002426167140186841,-0.05781451161595138,-0.00979673757279457,-0.00024553366539513405,-0.1004957705286017,-0.005007271213401348,8.279564812303558e-05,0.05713527363859083,-0.0009875453440445084,-0.0002805480073101906,0.3197278447669334,-0.01045979336210213,-0.00035183995559708465,-0.009353155632253191,-0.0008386436708862701,8.957544983718924e-05,0.1970974416467302,0.004611635997376746,-0.00027495092246088387,-0.04128348355725721,-0.005826349668064109,8.553132554717283e-05,0.2585696780813649,0.2046995900555305,0.0490953691895252,0.4518433147818449,0.03684422305865372,0.017634235213093322,0.009241941881054446,0.010812478907194743,0.010133714623785895,0.020912047324889608,0.004544981785063979,0.0009219330959589103,0.0008175857105061818,0.00035187808030054597,0.00013048987240590817,0.0008362423390320829,0.0005631316214577976,3.083120534334708e-05,0_1_29_p1
1783.333,-0.11365288779277634,1.7398186670991405,-1.5535316864151356,0.003978100041471641,0.001965806224423261,0.0016556567283543635,0.5121677177264179,-0.011514606284508356,-0.050337705677880706,0.7211719224050045,0.01258682437719604,0.9093030199713286,0.1219292770043115,0.40808319164398305,-0.07540983511233579,-0.2445991306208327,0.633893251476503,0.011063524443333916,0.851603162952027,0.08818002876740136,-0.0003052012383067432,0.0020786796591427377,7.968176033605157e-06,-0.0005667896905991517,0.002764641927064564,8.466342868674741e-06,-0.000501416638136452,0.005054098517319149,8.466342868674741e-06,-0.0003488160189830803,0.005054098517319149,6.97184236346744e-06,-0.00028341105192834423,0.004238841759744083,6.474174193897557e-06,-0.00017439180286277166,0.00321987216653824,5.975508693328029e-06,-0.2315676292621516,-0.0332410183320394,0.0787423164208782,-0.5325990196718131,-0.44916303716543443,0.007584718719628305,1.5448280131761096,1.4860386084406443,0.1735535805642334,-0.0978436849562362,-0.3047600355278006,-0.3551421214379009,0.05375751927286892,1.8005754533433451,1.5048348894334298,0.26282286632581137,0.19428234994468693,-0.018583928492405567,-0.001995960193442139,-0.0003325622596080387,-0.014563026708736434,-0.001615094163190981,9.67373215560931e-05,0.06230686344687947,0.0030482528034181783,0.0002736828980310918,-0.00026615743932241476,-2.0389272157745924e-06,6.555029242918787e-07,-0.0004791574212358025,-6.6061007316547365e-06,5.04910944313155e-07,-0.0002722431530913678,1.4029174312055135e-05,5.5041505807967525e-08,-0.047498648040641814,-0.005924042416203715,0.0002676846844432962,-0.030080063209441767,-0.0011871234651644525,2.974646841112921e-05,-0.10974047410817761,-0.0031667963722198825,0.0002893461485368923,0.026673883485428852,-0.00621822430303769,0.000181812820894548,0.0004655506919113943,-0.00010852852557636279,3.1732236895935247e-06,0.06696614027717676,-0.003920822548635835,-4.2396843721409414e-05,0.02822829822310236,0.003501888353363761,-0.0002267511377931219,0.03174663237742099,-0.0023306799462319686,4.813814926297078e-05,0.038058833177892576,0.0009004098615357818,-3.2326770853527835e-05,0.22162985999583606,-0.001507706283045224,-0.0004247668781990127,0.12321307666051548,-0.0017284925542774172,-0.00016855283407545997,0.0021504761643941295,-3.016786245033288e-05,-2.941806376986908e-06,0.044425484831606035,-0.004155757918144533,-4.272111993570747e-05,-0.1546294229302887,-0.004551235718700502,0.00011424481631181247,0.00012141165665816184,5.431993828247751e-07,-2.637706139767368e-07,-0.004470334181842671,-3.970826567541406e-05,4.992571766361632e-06,0.002800731132958017,0.0003668535866755096,8.446139792108263e-06,0.00022546975389649404,1.0089244651855234e-06,-4.898382779852611e-07,-0.0059455414613092,-5.281180283772576e-05,6.640112800924347e-06,0.0029757781110506107,0.00038978192515703953,8.974018077232737e-06,0.00019946249585563332,8.927862877875019e-07,-4.3333549326203695e-07,-0.01086916172831468,-9.654641181616519e-05,1.2138925596418838e-05,0.0029757781110506107,0.00038978192515703953,8.974018077232737e-06,0.0001387600869471279,6.210644742117061e-07,-3.0145542008067286e-07,-0.01086916172831468,-9.654641181616519e-05,1.2138925596418838e-05,0.002450642305903696,0.00032099690971244967,7.3903671715178565e-06,0.00011273829636882228,5.047064769195811e-07,-2.4492821092476905e-07,-0.00911589913563386,-8.097295389899034e-05,1.0180842554977208e-05,0.0022755910535353836,0.0002980684246843233,6.862495166961775e-06,6.937149492212562e-05,3.103856905097671e-07,-1.5071131077839328e-07,-0.006924542943406441,-6.150775572729501e-05,7.733489278070379e-06,0.002100548349718512,0.0002751402083249566,6.334609205587028e-06,-0.025743790830675843,0.0070594953834207715,-9.134647173145536e-05,0.03640377548928023,0.0030298183895788866,-5.125075430201391e-05,-0.0441440434371668,-0.006069482072576014,0.00010843587393343095,-0.03876012214368833,0.006700603209246371,-3.8101094041027766e-05,-0.0034102291728291645,0.0004905310735290453,3.378896324256529e-05,0.10288319971603944,0.005378062897904603,-0.0004193604469820086,0.16903822949680156,0.002356230931445918,0.0002774136240512867,0.004732842244555865,-0.0013710651133309072,-6.503662567468494e-06,-0.04559243562048153,-0.007871009762253266,-2.4939301117567004e-05,-0.06934473710126851,-0.0010287322160255634,0.00024251629470831867,-0.09328344060102375,-0.009567376786952124,-0.0001491961208596421,-0.11275635432888077,-0.0047783565398218,0.00010374648125425633,0.04653991260943959,-0.0008466019814844597,-0.0002261286692629517,0.2849779865895029,-0.011259311412154605,-0.0002967834866838223,-0.008806900630778968,-0.0008483932938017034,8.059301230909098e-05,0.1975147092652629,0.003937058470440611,-0.00027393159458305775,-0.05314772146379379,-0.005770152712130099,0.00012092802288391818,0.26687072833766085,0.2169400435788583,0.06274292157040488,0.4407846745315144,0.06663305430242213,0.021539559583627948,0.008422149435799123,0.010357935627941595,0.009790550912573368,0.020877645320552408,0.003985533341831289,0.0008598711012530169,0.0007313748156080105,0.000359965590411834,0.0001507619198273155,0.0007637329880383286,0.0004414281167085546,3.0034864837571387e-05,0_1_29_p1
1800.0,-0.12015250140718574,1.7390935501147795,-1.5462551863587581,0.003967492428943521,0.0019568048134724755,0.0016513063705273924,0.5094434073663738,-0.013944441701162848,-0.055916302563361185,0.7199893456477168,0.01256618461212746,0.911415564004615,0.1268590846416101,0.40908344781694894,-0.07356890520123073,-0.23766697056190508,0.6380295900492776,0.011135717245182412,0.8513325695981253,0.08199337712248407,-0.00030511347317864295,0.0019199050624268115,0.0005243537551661618,-0.0005666271256459658,0.002553471548872766,0.0005571260518636097,-0.0005012725238067873,0.004668054126725529,0.0005571260518636097,-0.00034871578721746584,0.004668054126725529,0.0004588091617712658,-0.0002833297694517514,0.0039150687221996185,0.0004260373637393182,-0.00017434143764721413,0.0029739303416572113,0.0003932645683763709,-0.23223585499554913,-0.031279323106002836,0.07371579560173706,-0.5333413336346269,-0.4485762340336356,0.008789580339471054,1.5522320658835467,1.4858322496858678,0.16904096994867998,-0.10017688598019728,-0.31131947204765126,-0.3586075798808184,0.05261880114368724,1.8070018862995494,1.5048814662871797,0.27211088078505996,0.19391822339883988,-0.04821174597539454,-0.0017054706457942876,-0.00024218914129585267,-0.015048536558547605,-0.0014485706282198782,8.661469149612212e-05,0.09237268476962347,0.0026626192704542256,0.00018171555861656527,-0.0002665002362350933,-6.851297611338954e-07,6.627548872753234e-07,-0.00046761431222861263,-5.799605964529065e-06,4.889945882963662e-07,-0.00027820491286446696,1.395494846113768e-05,1.1133144904639678e-07,-0.04548492134389678,-0.005400836532029538,0.00024582113468722027,-0.03612818985257647,-0.0009408233094315616,4.46717416618843e-05,-0.11184627468789984,-0.0024356806067518805,0.0002898492206703451,0.03262868644736632,-0.005852188104426277,0.00015610486543448786,0.0005694814157333035,-0.00010214004653989532,2.724536393630098e-06,0.06367348531626503,-0.004048624296343011,-4.077529935515219e-05,0.03030121936428249,0.002824707377299292,-0.00022475262743070672,0.03577229228481972,-0.0023119865112841242,2.188264896459111e-05,0.042817101378991654,0.0007470937408392382,-4.5093425305075687e-05,0.21844360372554641,-0.00225249269657796,-0.00042151158353072446,0.1283155018488254,-0.002145652485486231,-0.00019158889407488726,0.002239530699003039,-3.7448663710366646e-05,-3.343864639598633e-06,0.03982541355885961,-0.0041012302989109775,-3.3162905716473634e-05,-0.16616330548591118,-0.004070761649572168,0.00015314644486055042,0.00010071048449507851,4.808926550556254e-07,-1.873989021880125e-07,-0.00512763401164689,-2.2485303697129916e-05,6.835446852369932e-06,0.0044536003924021215,0.0003407091854451455,5.4729082421930555e-06,0.0001870260632231371,8.932747764411347e-07,-3.480076909296688e-07,-0.006819750525599558,-2.9905250950147292e-05,9.091136721142659e-06,0.0047319497757858965,0.0003620034805314531,5.8149626521169785e-06,0.00016545464852363079,7.904234904215526e-07,-3.0786788042082783e-07,-0.012467320258553415,-5.4670477740314936e-05,1.6619691052201016e-05,0.0047319497757858965,0.0003620034805314531,5.8149626521169785e-06,0.00011510197084152295,5.498916773793537e-07,-2.1417226745195773e-07,-0.012467320258553415,-5.4670477740314936e-05,1.6619691052201016e-05,0.0038969016256345723,0.0002981205708480971,4.788788256890292e-06,9.351602360457179e-05,4.468449958983432e-07,-1.7400942819230416e-07,-0.010456264129277448,-4.585188977425469e-05,1.3938831824772909e-05,0.0036185479679750826,0.0002768261292151933,4.446745710262251e-06,5.754286429689511e-05,2.7482371652627317e-07,-1.070732236687046e-07,-0.007942700210511857,-3.482938754965952e-05,1.0588098336863442e-05,0.003340199439446449,0.0002555319074021836,4.104682926247131e-06,-0.021683453724367256,0.007095537834843965,-7.854342557305363e-05,0.0447416359094499,0.002835006012612519,-7.0513663041677e-05,-0.05944958877528678,-0.00551643751845516,0.0001373196448643128,-0.014940482013510866,0.006897205677308383,-7.085931063456844e-05,0.008169895062088539,0.0005201567624227242,9.203616816365603e-06,0.110411438797456,0.005096164986394343,-0.0004181458918224003,0.18196518057539557,0.0021285332540735705,0.00024281711160394737,0.0038745292116651843,-0.001349744244461812,-6.507463707033755e-06,-0.06411859471197702,-0.007484295472567664,2.1560722380719326e-05,-0.059168262786292114,-0.0004424135733793092,0.00023952052289624362,-0.12776299529168347,-0.009079700392265936,-5.3483411232927014e-05,-0.12463551373195289,-0.0044719221363334295,0.00012349663160579052,0.035077256584401306,-0.0006021168053440907,-0.0001698327692543098,0.2505803047953888,-0.011973192980405242,-0.0002421383656916739,-0.008279930306492085,-0.0008451773043261513,7.176271736352864e-05,0.19593365040246613,0.003182391690004308,-0.0002680998516478485,-0.06337448519717166,-0.00551136463706062,0.00015061160326578041,0.2789232749077262,0.22738430746921065,0.07749993390204443,0.437689664880006,0.10528015424377284,0.025695163788018605,0.0076850917373119205,0.009829816174386144,0.009424171006102926,0.02058523261753308,0.003478039277153177,0.0007871951942998524,0.000652533039630651,0.00037124603477739634,0.00017319910866389,0.0007085806247467566,0.0003149268485575036,3.384778594236315e-05,0_1_29_p1
1816.6670000000001,-0.12688310236677955,1.7383618876470577,-1.5387247259362504,0.003957178530395236,0.0019478288344622187,0.0016481797378388196,0.5063817981657479,-0.01640344057228716,-0.06152924603252441,0.7181695835884454,0.012534423609065167,0.9131812492810083,0.132053865672619,0.4099643947782451,-0.0716286845063107,-0.23084532973786873,0.6418082248878522,0.011201666754963771,0.8508371783352323,0.07565467189446755,-0.0003052261715817717,0.001752562893745595,0.0011101042040934787,-0.0005668365651562051,0.0023309061653274486,0.0011794860285152605,-0.0005014575287074986,0.004261177984845605,0.0011794860285152605,-0.0003488444429166129,0.004261177984845605,0.0009713410539154183,-0.0002834344892068711,0.00357382444017719,0.0009019597281591392,-0.00017440576549678763,0.0027147170331440163,0.000832577903737359,-0.23301162392813055,-0.02901401040328934,0.06797832338910956,-0.5328814004808172,-0.4476668601468139,0.010410350429405557,1.560705408021187,1.4856636668374208,0.16328871479728804,-0.10252029618295151,-0.319671974070535,-0.3627153868083122,0.050939214953957035,1.811931110498213,1.5048920599370736,0.2821360430325364,0.1926061965682626,-0.07678797793573346,-0.0014629363956387392,-0.0001517365556494963,-0.015593555439484466,-0.001292202283868939,7.711349088117955e-05,0.12122980845254436,0.002304115566881657,8.933739047457761e-05,-0.00026352875975512433,6.359633781470892e-07,6.612189393801602e-07,-0.0004554138196158153,-4.931073138393783e-06,4.718423559859213e-07,-0.00027991120373156003,1.369294757176894e-05,1.59104243688509e-07,-0.04343012398662076,-0.004825592537771643,0.00022421371558257926,-0.04145518719688231,-0.0006940878370349964,5.9098489212870025e-05,-0.11201834335067133,-0.0016727695300351479,0.00028753763723198434,0.03831080515095879,-0.0053748563606845256,0.000130173748120067,0.0006686523061143321,-9.380904352344571e-05,2.2719537495744944e-06,0.05888747621089316,-0.0041403299321483905,-3.6423268105621844e-05,0.030148855967431477,0.0020993589531202454,-0.00021852330358031638,0.038952371371839975,-0.0022705127010679282,-2.560564709428513e-06,0.04712814869217346,0.00058430250342617,-5.7624415384094054e-05,0.21244390975544064,-0.003004213157699958,-0.0004126876570815211,0.13168641366902434,-0.002491125534403652,-0.00021168970949562475,0.00229836439456713,-4.3478323406317906e-05,-3.694691607900638e-06,0.03526809615642121,-0.004001836095941942,-2.3627582773390444e-05,-0.17567889385375496,-0.003571492417733872,0.0001886413898266752,8.107531669635622e-05,4.081322700990119e-07,-1.1244520317665073e-07,-0.005758878711522192,-4.913927186651802e-06,8.64282556144251e-06,0.005978862859960698,0.00030741704726399343,2.8636223722932736e-06,0.00015056307191804364,7.582076637153678e-07,-2.088128490808195e-07,-0.007659306326924317,-6.5352943013125995e-06,1.149495170219332e-05,0.006352542269564268,0.000326630576081344,3.0426018236156954e-06,0.00013319754452620022,6.708658924482095e-07,-1.8473245198018368e-07,-0.014002128893503187,-1.1947431065790592e-05,2.1014152426184524e-05,0.006352542269564268,0.000326630576081344,3.0426018236156954e-06,9.266202331588189e-05,4.66726484100664e-07,-1.2851089715325844e-07,-0.014002128893503187,-1.1947431065790592e-05,2.1014152426184524e-05,0.005231506605319007,0.00026898996520485964,2.505666261012177e-06,7.528281824173727e-05,3.7928701510278144e-07,-1.0441026266554488e-07,-0.011743498166021472,-1.0020343327262252e-05,1.7624436845875286e-05,0.004857824631150013,0.0002497762654164803,2.32669867298563e-06,4.6322890534074456e-05,2.3320448323790446e-07,-6.424463204215637e-08,-0.008920498056566584,-7.611337107505375e-06,1.338772799769164e-05,0.004484146076401598,0.00023056280987242766,2.1477206173450883e-06,-0.018196286733737757,0.007167729154943539,-6.41211128012023e-05,0.05254899459873483,0.0025916105813850766,-8.914919045099616e-05,-0.07241888937770606,-0.00486236962728102,0.0001608809802021806,0.008151414803589337,0.00699444063830626,-0.00010319486242056643,0.018914472766306454,0.0005213692401098844,-1.4099328958964964e-05,0.11745510836972112,0.004796997901879164,-0.0004168394114722719,0.1953140727655948,0.0017372933368320974,0.00020394324316755306,0.0033146785939825057,-0.00131817908464226,-6.838065151552263e-06,-0.08237878614199205,-0.006990312371845645,6.82598210556968e-05,-0.04814738136704988,0.00018104967321486165,0.0002329019929197179,-0.16062998885264076,-0.008361371354643956,3.987560234859836e-05,-0.13609577445287785,-0.0040912367247619265,0.00014206552637139214,0.023104640997584594,-0.0002720047217795369,-0.00011252725601148086,0.2171551429716713,-0.012588263918656934,-0.00018986082289441112,-0.007818038394597158,-0.0008227428767223208,6.327706093286343e-05,0.19285152318239174,0.0023304527745835967,-0.00025933422771513603,-0.07256055768185249,-0.005092793706375822,0.00017295840158790423,0.2930190370478507,0.23515603252719613,0.0913071586620386,0.4427358288249099,0.14434879349540766,0.02981657891318476,0.007085712639337103,0.00924258448796689,0.009040764626760265,0.02007714702117035,0.003019789794408191,0.0007044824959820517,0.00058909496165549,0.000383405106403773,0.00019478651148307707,0.0006758701371973036,0.0001922298813736217,4.0286663839219164e-05,0_1_29_p1
1833.333,-0.1336642690054622,1.7376262129167188,-1.5310900249761685,0.003947411667901074,0.0019388523567864613,0.0016460519321478888,0.5030879878681094,-0.01884213178956628,-0.06705460887982255,0.715881155246453,0.012494483494462525,0.9146371560684646,0.13735034803647264,0.4107703544162275,-0.06960609324667555,-0.2241304337495498,0.6452649342445621,0.011261997800550209,0.8502239713638436,0.06919895281208033,-0.00030546204036354123,0.00158303407684438,0.0017430314013677035,-0.0005672748921312059,0.0021054335619138083,0.0018519713626186853,-0.0005018449918014414,0.0038489865673951083,0.0018519713626186853,-0.00034911422095242116,0.0038489865673951083,0.0015251524761967408,-0.0002836534033616212,0.0032281215899141666,0.0014162130136112594,-0.00017454090384744203,0.002452117287216452,0.0013072730523602766,-0.23387422847631928,-0.02655776815505217,0.06174421075651004,-0.5312710704518027,-0.4464832307066544,0.012411866090324629,1.5702111039340685,1.4855904278353524,0.1563880285100944,-0.10460656004569242,-0.32963338392842545,-0.3674229621706199,0.048810872200281546,1.8152998138713854,1.5048805507373204,0.29276270159078616,0.19038663243590248,-0.10329038175358504,-0.0012826198461952315,-6.346557289134126e-05,-0.016084979177179038,-0.0011502593758258208,6.79690077098559e-05,0.14781564955185578,0.001989584732628296,-7.174202568186301e-07,-0.0002576182912906594,1.9021992416265821e-06,6.521204892860262e-07,-0.0004430816793108668,-4.0199685260955335e-06,4.5431468525312563e-07,-0.0002767738853536884,1.3278464949172878e-05,1.9566831725285716e-07,-0.041367632933050784,-0.004215433841420738,0.00020307161541687407,-0.04577137988317483,-0.00045215955705426794,7.202633654602101e-05,-0.10994991960240294,-0.0008958638640030363,0.00028108441390936644,0.04341011781168977,-0.004803936883203826,0.0001050864126095421,0.0007576521299940268,-8.384458329815743e-05,1.8340990384255596e-06,0.05252080489551153,-0.004195418165385307,-2.8386546006613077e-05,0.027444673884128346,0.0013470557738833521,-0.00020721441441492273,0.04114969530782668,-0.002218488048846639,-2.4476729578385157e-05,0.05086251414474546,0.00041391983481822963,-6.934623168464223e-05,0.2038326734991139,-0.0037569892916512887,-0.00039776163295392094,0.1329538885839743,-0.0027713455850864334,-0.0002273531944759801,0.0023204863359792553,-4.8369071806355665e-05,-3.968071491535015e-06,0.030718171541267082,-0.0038686832481275545,-1.4047803873622607e-05,-0.18292692851612563,-0.0030560888453063173,0.00021928248194077055,6.377219373001308e-05,3.361290425555119e-07,-4.1779736703133725e-08,-0.0063477473870625,1.2817698026646381e-05,1.0379841667006818e-05,0.007355451485469114,0.000267398444746935,5.414882768552475e-07,0.00011842992191646849,6.245327436524059e-07,-7.758525717250302e-08,-0.00844250067376096,1.704778994709627e-05,1.3805184120506374e-05,0.007815168645878988,0.0002841107895355906,5.75330770777989e-07,0.00010477019157314597,5.525783649742707e-07,-6.864102992473072e-08,-0.015433902692821801,3.116530743215851e-05,2.5237534606056492e-05,0.007815168645878988,0.0002841107895355906,5.75330770777989e-07,7.288665927357087e-05,3.84440570398477e-07,-4.7750463732230846e-08,-0.015433902692821801,3.116530743215851e-05,2.5237534606056492e-05,0.006436022293780227,0.00023397363304746005,4.7379770628227665e-07,5.9215815813378333e-05,3.1246176728764687e-07,-3.879088398391643e-08,-0.012944318315695893,2.613800202900171e-05,2.116655949043191e-05,0.005976303423660062,0.0002172611417122081,4.3996288860978545e-07,3.643563594049099e-05,1.9204931417047181e-07,-2.3866159933976563e-08,-0.009832654140691729,1.9854987692850965e-05,1.6078365372283343e-05,0.005516587972960476,0.00020054879692355223,4.0612039468703106e-07,-0.015025555487715333,0.007264426827271292,-4.8574612479297734e-05,0.0595710312067301,0.0023117829336377184,-0.00010705259060581668,-0.08279074938435707,-0.004124026134845202,0.0001788816517069144,0.030000928413921955,0.00699176723760272,-0.00013431206907284384,0.028593358983145925,0.000497553586413481,-3.5022810214787864e-05,0.12369838305480058,0.004480036592329725,-0.000415765095124549,0.20896286352764137,0.0011896161739150314,0.0001608380622869125,0.003095653593015335,-0.0012870486552999682,-7.488614103056903e-06,-0.09961241194970691,-0.006382788876385561,0.00011501773306672931,-0.03680647210188607,0.0007969737813245345,0.0002235329333704625,-0.1913913998219383,-0.007441395788395992,0.00012952673233721063,-0.14695929841151925,-0.0036421173012678855,0.00015954173552237144,0.010895883645255776,0.00012528700811835372,-5.5062799726218986e-05,0.18522117165404417,-0.013092084838920845,-0.00014131345761437083,-0.007512162675582902,-0.0007769388344116752,5.5363082075690636e-05,0.18848436061300328,0.0013767612573986037,-0.00024920726685433484,-0.08149142085703803,-0.004545733553477157,0.00018959926583187565,0.3074097781610517,0.23975955835434629,0.10309599051549505,0.4548057615550225,0.1810453950331541,0.033705842462054235,0.0067016224897667835,0.008630759952413573,0.008667400361234257,0.01941315300271742,0.0026318916782377285,0.0006152899105166202,0.0005456239531667249,0.0003934177117003014,0.0002140523194229027,0.0006690271411492052,9.299919135331046e-05,4.775230505741698e-05,0_1_29_p1
1850.0,-0.14017690975740846,1.7368926694827294,-1.5236737679292705,0.003938376347696251,0.0019298669031316943,0.0016446481887637846,0.4996878127178646,-0.021181568625611966,-0.07233679949042983,0.7133280352567579,0.012449923243997107,0.9158107862680067,0.14257632508253168,0.41153254468722855,-0.06756578789246366,-0.217604630721716,0.6484449276323544,0.01131749927076363,0.8496275006039848,0.06275923440960987,-0.0003056136346757146,0.0014203868438510286,0.00240259930434437,-0.0005675556408080268,0.001889112966432126,0.0025527624465309564,-0.0005020938258862257,0.0034535268734852296,0.0025527624465309564,-0.0003492872578811188,0.0034535268734852296,0.002102275014633199,-0.0002837940270327819,0.0028964516855026785,0.0019521123711121135,-0.0001746271729790406,0.0022001770150290685,0.0018019492289255267,-0.234836661868398,-0.024006061882051424,0.055205705222380205,-0.5285273620037866,-0.44506615550039275,0.014768175772247599,1.5806256895295705,1.485629815927246,0.14861290583838,-0.10634548543532843,-0.3410164307845771,-0.372671261977812,0.04631524884146788,1.8170619506440762,1.5048589749771075,0.30382877271883146,0.18740645581018509,-0.1252873954898554,-0.001154761262833195,1.9370931724842698e-05,-0.01658671075819727,-0.0010243797332729493,5.884191543244289e-05,0.16991040998983703,0.0017095183116270173,-8.515649424643449e-05,-0.000248547423359435,3.0882741170473133e-06,6.365035070298222e-07,-0.0004316300398040663,-3.075109347832162e-06,4.3755673307024663e-07,-0.00026833304566347213,1.2763646757123334e-05,2.1931744865643716e-07,-0.03957232343526543,-0.0035912073313053056,0.00018243622941645639,-0.048841075799747634,-0.00021906483721683144,8.263284183319372e-05,-0.10621382734244039,-0.0001272181258882737,0.00026960801151703284,0.0475042131476283,-0.0041717873557954414,8.168366441523263e-05,0.0008291077617568199,-7.28115785675093e-05,1.4256436679742288e-06,0.04476769274908891,-0.004221660606288434,-1.6342861042990086e-05,0.02254802857118662,0.0005916638564651849,-0.00018984714032722265,0.04228177570053009,-0.002167217354437779,-4.351378907825258e-05,0.05373244409188657,0.0002357854863125992,-7.989625930936547e-05,0.19338479806336295,-0.004510566351599092,-0.00037744475062759415,0.13202190327993235,-0.002999379586896818,-0.0002374851518778679,0.0023042210071575263,-5.234903311171959e-05,-4.144907873349886e-06,0.026216210283667732,-0.0037164897720547633,-4.278351808064409e-06,-0.18794851432775928,-0.002524713843255486,0.0002443506058903881,4.9222559181959225e-05,2.66226316222573e-07,2.13350908672946e-08,-0.006828608534599965,3.0177461252376635e-05,1.2004152972567121e-05,0.008521439707452876,0.00022244498330441708,-1.4692517479237657e-06,9.140966053016497e-05,4.947901572510818e-07,3.9623408217871645e-08,-0.009082046871938034,4.0136157311551985e-05,1.596551542136511e-05,0.009054030704309166,0.0002363477123284828,-1.5610827299176743e-06,8.086673204126063e-05,4.377346825083414e-07,3.504975873812601e-08,-0.016603070121085483,7.337368246122934e-05,2.918688093181639e-05,0.009054030704309166,0.0002363477123284828,-1.5610827299176743e-06,5.625801701571296e-05,3.045970999643812e-07,2.4381166543078193e-08,-0.016603070121085483,7.337368246122934e-05,2.918688093181639e-05,0.007456261988016021,0.00019463935428525676,-1.2856016472318157e-06,4.570568512022637e-05,2.4754162522163355e-07,1.9815193313603938e-08,-0.013924891021547503,6.15379687505215e-05,2.4478853108347127e-05,0.006923667571739157,0.000180736478714595,-1.1937636868285584e-06,2.8123024521849664e-05,1.5216421560244424e-07,1.2198259521810066e-08,-0.010577508234327421,4.674518897512844e-05,1.8594419693435203e-05,0.006391079994303443,0.00016683374969052924,-1.101936194039317e-06,-0.012030238807497174,0.007379320091335564,-3.2790671081846535e-05,0.06545915204802796,0.002010295576866713,-0.0001236461154143661,-0.09067785665515508,-0.0033292091530485596,0.00019116911274608023,0.0500414069722799,0.00689069580884148,-0.00016301740417049048,0.03680540353295607,0.0004527555864849849,-5.3253269573548014e-05,0.12879273499113256,0.004147379702699706,-0.00041366582071834725,0.22276897755608357,0.0004911956134934518,0.00011367125945268663,0.0030219573859207676,-0.0012683186569763952,-9.021827159603307e-06,-0.11528315140527276,-0.005660939178914771,0.00015953639773706984,-0.026169877989727135,0.001355458633580747,0.00021254116057138451,-0.21947132083772525,-0.0063456626396110275,0.00021451249910136306,-0.15678924608082545,-0.003130378077626595,0.00017562481969504937,-0.0010231222657807824,0.0005759199160078972,1.959543622515919e-06,0.15497718740620642,-0.013470785569941541,-9.757322892289119e-05,-0.0074670827444265325,-0.0007233998917885725,4.8206222948219286e-05,0.18265344496822047,0.0003302682289626817,-0.00023864658598991758,-0.09084465428110976,-0.0038902159012523833,0.00020268529276947774,0.3196049417027455,0.24128183456848723,0.11248155813370078,0.47169572721673275,0.21175910357823666,0.0369755564629557,0.006585137872077688,0.008047800333343125,0.008341419957147638,0.018661389383457325,0.0023033588895961534,0.0005280602328397141,0.0005240524051160699,0.00039890497591104187,0.00023002004181197803,0.0006862212303346896,0.00010530848594839216,5.530860020924751e-05,0_1_29_p1
1866.6670000000001,-0.14613952944354325,1.7361830450381397,-1.5167814502465076,0.003930194742828402,0.0019209422866679968,0.001643668809720665,0.49631978653244146,-0.023320891993610003,-0.07717066438408433,0.710696895060175,0.012404001138049636,0.9167086968323012,0.1474751446482939,0.41229047336286145,-0.06556882803955781,-0.21132782583961623,0.6513917649787,0.011368931131826897,0.8491541339002554,0.05641547420941408,-0.00030580412489693217,0.001272001942839474,0.003067968183089165,-0.0005679096933134314,0.0016917606092611182,0.003259717036030269,-0.0005024069878205836,0.0030927428824884732,0.003259717036030269,-0.0003495051747048678,0.0030927428824884732,0.002684472970534458,-0.00028397105328548426,0.0025938649504154226,0.0024927246162588543,-0.00017473638072366542,0.001970328123182428,0.002300976261983248,-0.2358228407142829,-0.021499223536129947,0.04863421745337719,-0.5246296947128949,-0.4434477974554844,0.017493523356532766,1.5917288638641858,1.485807488450437,0.1402544826613426,-0.10764878412364916,-0.35365093257028263,-0.37837210870541915,0.04351862849318277,1.8172213116714209,1.5048321527571629,0.3151356828276905,0.18407269991262323,-0.14069711433065812,-0.0010948909454972697,9.01136778012029e-05,-0.01729013344243275,-0.0009161388542402773,4.991478110050084e-05,0.18577282677546308,0.0014850979779050897,-0.00015790762513442084,-0.00023595968136648097,4.179484495934954e-06,6.138180939557335e-07,-0.00042250702570907026,-2.105972283484026e-06,4.2411771236824003e-07,-0.0002544425044313152,1.2207526849410314e-05,2.2875923648996676e-07,-0.03845878314092122,-0.0029758615204882252,0.00016303206999555364,-0.05053835563876906,-3.4981160974343728e-06,9.028981634208401e-05,-0.10146528482831266,0.0006072931974843323,0.00025466695519787925,0.050204774919397385,-0.003515918993141771,6.110168906635978e-05,0.0008762410549672564,-6.136453085405351e-05,1.0664202775574593e-06,0.03611729215920294,-0.004224720450365834,-7.864520776673316e-07,0.015936621631531936,-0.00014397404386483044,-0.00016742493331379902,0.0422119613906435,-0.00212605996274698,-5.9412760481698454e-05,0.055494900651639305,5.759083388267959e-05,-8.846561338593991e-05,0.1818335969973816,-0.005252764092785267,-0.00035377944117764447,0.1289672493944706,-0.0031915388354387965,-0.00024175774928959112,0.0022509071112571727,-5.570284966087445e-05,-4.21948124905236e-06,0.021862187692694702,-0.0035643449494518462,5.558994597620653e-06,-0.19076462943388575,-0.001990454706495952,0.0002638112694916958,3.828639732689132e-05,1.8157123255035026e-07,7.596487052435355e-08,-0.007135139072655368,4.614398156468634e-05,1.3344861024813737e-05,0.009398705733737585,0.00017438659028176377,-3.0303037728403496e-06,7.110086687810185e-05,3.3747238635296005e-07,1.410762210062176e-07,-0.00948973156430817,6.137156509066597e-05,1.7748659510490704e-05,0.00998612628466424,0.00018528562699915638,-3.219699197939794e-06,6.290109633844639e-05,2.986375383902173e-07,1.2480047690855352e-07,-0.01734836702968568,0.00011219453522404594,3.244668365253648e-05,0.00998612628466424,0.00018528562699915638,-3.219699197939794e-06,4.3760034812860224e-05,2.0782749768236704e-07,8.681699488497468e-08,-0.01734836702968568,0.00011219453522404594,3.244668365253648e-05,0.008223868906159996,0.00015258817490492049,-2.651522692414532e-06,3.555171572176677e-05,1.6891937642159177e-07,7.054264646917807e-08,-0.014549966231849759,9.409681218929266e-05,2.7212827102765146e-05,0.007636446645523049,0.00014168899164093186,-2.462114706178276e-06,2.1874033420423348e-05,1.0375499002875646e-07,4.341059096528865e-08,-0.011052322991432549,7.147727181014817e-05,2.0671177564069e-05,0.007049029514016975,0.0001307899060746737,-2.2727276551700303e-06,-0.009292907151426402,0.007511754030398425,-1.7175120097389496e-05,0.06992846809739432,0.0016990855373295289,-0.0001381180711945624,-0.09580325693031114,-0.0025039593525558587,0.00019834921625721597,0.06771397867011947,0.0066848400467605755,-0.0001880437295416998,0.04326235268065773,0.000389701495500233,-6.797365881967856e-05,0.1322761363448535,0.0037974900568938995,-0.0004094367281061145,0.23656441102435957,-0.0003374283002519952,6.277942846948957e-05,0.0029245492068459907,-0.001265823334811585,-1.1118719834698851e-05,-0.12837239331350284,-0.004854925084624292,0.00020034365681130558,-0.016426289496761177,0.001839571210445568,0.0002026733143298503,-0.2443336594164769,-0.005097110553881148,0.0002936459282486677,-0.16513281778821132,-0.002565209479367235,0.00018930387464950897,-0.01203523030668196,0.00106926507497272,5.7251258901594334e-05,0.1263893029154026,-0.013711093337662732,-5.8771211584716446e-05,-0.007696442089227723,-0.0006681749550019891,4.211640657241208e-05,0.17507814354657059,-0.0007910515402835179,-0.00022713188887850378,-0.1022865245033256,-0.003167247540340365,0.00021431463747005524,0.3268942747894984,0.23997174629108123,0.11897316004977146,0.49085167838581584,0.23368027044173775,0.039245173562184155,0.006751542849684564,0.00755578792608006,0.008098342590655281,0.017909000310034135,0.002060044541673813,0.00045229594681417987,0.0005212008116510287,0.0003998226883961282,0.00024230971489133034,0.0007217945228003047,0.00018854014785725984,6.176357758880152e-05,0_1_29_p1
1883.3329999999999,-0.15133059192591441,1.7355332494829778,-1.5106660170110504,0.003922920709171591,0.0019122425683450555,0.0016427896624431606,0.49314410959322225,-0.025160211215148234,-0.08136693507004476,0.7081704651440672,0.012359906641161753,0.917323320512377,0.1517849749327026,0.41310095938759267,-0.06369055057578756,-0.2054082040849336,0.654152463458986,0.011417114685819452,0.8488708819226218,0.05024616365727911,-0.00030600907641766624,0.0011418053672957026,0.0037236180712278536,-0.0005682901750903661,0.0015185990141882524,0.003956345260343783,-0.0005027435870334683,0.0027761825427442513,0.003956345260343783,-0.0003497390488246351,0.0027761825427442513,0.0032581666849889977,-0.0002841615435067019,0.002328367957929548,0.0030254404932040704,-0.00017485356711629933,0.0017686538321179813,0.00279271330408814,-0.23673606529609986,-0.019091682955340424,0.04220043516502552,-0.5195815203417224,-0.4416399121124401,0.02062178219330282,1.6032165172783883,1.4861182094171692,0.1315954320059697,-0.10855202941146877,-0.3673546519783588,-0.3844270343677024,0.040527108224658465,1.8157721234042536,1.5048268728868426,0.3263864546704919,0.18056716821141452,-0.1491825501040182,-0.001113036345024613,0.00014344253401548895,-0.018291778327579396,-0.000828783893779458,4.1731631736208e-05,0.1952304294640462,0.0013347789060695813,-0.00021453053689381792,-0.00021997645474221826,5.170896642888243e-06,5.830921576430743e-07,-0.0004170949377934577,-1.1325120945512772e-06,4.1777433828052495e-07,-0.0002352510064522417,1.166979853950616e-05,2.2363289699070053e-07,-0.0383727453901149,-0.002393004210743775,0.00014599726337902958,-0.05097288962149671,0.00018233007524929713,9.467874453530387e-05,-0.09604340454702727,0.001274235036153584,0.00023806352035022973,0.05127758136613789,-0.0028700496512856486,4.441288594160383e-05,0.0008949649471826423,-5.009197128767089e-05,7.751470545410003e-07,0.02710587085468293,-0.004206043648456642,1.694716686717828e-05,0.008161881649970278,-0.0008237504822681415,-0.00014135692124124684,0.040663913614081296,-0.0021050251772579054,-7.173988889306118e-05,0.05616465657574436,-0.00011372614254860287,-9.437785227285672e-05,0.16933578747526823,-0.005975474751508064,-0.0003286146969637051,0.12373440237628615,-0.003363521914998147,-0.00024032393111291924,0.0021595769522553825,-5.870451473963465e-05,-4.1944566731683665e-06,0.01776572184344235,-0.0034279060384645645,1.5139666733783951e-05,-0.19124918099107913,-0.0014592212196080719,0.0002776550581726569,3.1162034558179165e-05,1.1782346325300609e-07,1.2016751094943983e-07,-0.007256617408014749,5.9964522372780615e-05,1.4231032478390293e-05,0.009946872191314531,0.00012539598993697553,-3.963530640579136e-06,5.786941896183971e-05,2.191115855809866e-07,2.2316255220135563e-07,-0.009651296621927354,7.97529779110086e-05,1.892726539439746e-05,0.010568552771840614,0.00013323308207575116,-4.211254402284472e-06,5.119556485392816e-05,1.9390557105422e-07,1.9741710663281216e-07,-0.01764372717557661,0.00014579798722414933,3.460131847785309e-05,0.010568552771840614,0.00013323308207575116,-4.211254402284472e-06,3.5618394422985805e-05,1.3499383942772043e-07,1.3733300223762565e-07,-0.01764372717557661,0.00014579798722414933,3.460131847785309e-05,0.008703513594827784,0.00010972134159520332,-3.4680949804643315e-06,2.893599176363558e-05,1.097389760356006e-07,1.1158616098721384e-07,-0.014797682736009383,0.00012227972542007586,2.9019903646713414e-05,0.008081830449736266,0.00010188410290983167,-3.220362844667777e-06,1.7803213225485956e-05,6.738700976679653e-08,6.866754788021316e-08,-0.011240491141127847,9.288540917718194e-05,2.2043855105172203e-05,0.007460154998341039,9.404688864889278e-05,-2.9726481548945893e-06,-0.006884922972055166,0.00764967186520898,-1.4227755417365047e-06,0.07295117091700028,0.0013972533319935004,-0.00014973895387597694,-0.09815057289497964,-0.0016861472070298698,0.0001999638464155025,0.08266131833159461,0.006359307519899275,-0.00020811374017010013,0.04787350458577867,0.00030889702133785356,-7.863227258721578e-05,0.13399362068519943,0.003419615531157487,-0.000401711475444585,0.2500341489571095,-0.0012592887976676528,8.602131665231408e-06,0.0026108182239135457,-0.0012853144473063242,-1.3270191347062744e-05,-0.13811254614364574,-0.0039937800631886025,0.00023472529496321672,-0.0068957856163678775,0.0022441552210868496,0.0001944033207548734,-0.26561681867119263,-0.003713867735933133,0.00036574404471313314,-0.17171950231710603,-0.001960248912901663,0.0001995110879155322,-0.02172696670604355,0.001597761340114477,0.00010922621228725844,0.09967491040927193,-0.013803288390250216,-2.4333534014464788e-05,-0.00831644800852693,-0.0006147570354428809,3.7123607309907574e-05,0.16543905596580744,-0.001962234936796252,-0.0002138943529979362,-0.11571866419714016,-0.0024465773475726062,0.00022935762183167265,0.3278458338307515,0.2358776633475136,0.12248596026526971,0.5099045598210621,0.24638429475009754,0.04040776640649692,0.00715830168794346,0.007197614501014328,0.007956939670684414,0.01724492293863895,0.0019254951521559295,0.0003981717914098682,0.0005266271171110547,0.0003966570522608515,0.00024981857110990927,0.0007680071122303171,0.0002614215091679252,6.607500055640755e-05,0_1_29_p1
1900.0,-0.15566867061359937,1.7349725315435134,-1.5054133658487003,0.003916596134627863,0.0019039462704120757,0.0016417190276134374,0.49031792935139445,-0.02664686521870448,-0.08481448992549519,0.7059436085274265,0.01232104065204734,0.9176403790189568,0.15526482386463544,0.4140195531008543,-0.06197778418098044,-0.19993871371498126,0.6567724579829659,0.011462842312221708,0.8487771572431244,0.04425685489488833,-0.0003063970381771097,0.0010294086567947708,0.004355494081626877,-0.000569010248073189,0.0013691115637549376,0.004627713583725933,-0.0005033808815431965,0.002502901381794481,0.004627713583725933,-0.00035018236245464176,0.002502901381794481,0.003811058568087269,-0.0002845220786636139,0.0020991683285646497,0.003538840063319214,-0.0001750749745985523,0.0015945512552455402,0.0032666200625546577,-0.23751700987791177,-0.016820656044655897,0.036011984334982185,-0.5134507965260215,-0.439631239604257,0.02415476592898334,1.6147879933712435,1.486476467667406,0.1229236200017717,-0.10899080269209264,-0.38191142299962944,-0.39073470564695645,0.03748294932455951,1.8126856756750442,1.5048578629530411,0.3371432240338193,0.17677463656266995,-0.1518267538407196,-0.0011969609427642312,0.00017874279671360047,-0.019496007639567502,-0.0007672690061178415,3.457388495506548e-05,0.19926274441873962,0.0012552443802844513,-0.00025477391606915854,-0.00020127478876056306,6.0673710200103804e-06,5.44577618668922e-07,-0.00041584599442831614,-1.8938705100826252e-07,4.2204442695409267e-07,-0.0002111799953121647,1.1211767153439923e-05,2.044457605174613e-07,-0.03935712818534264,-0.001869235734187205,0.00013228681256096045,-0.050342732297364357,0.0003269581321480286,9.614670806886391e-05,-0.08983503017805002,0.0018423653411198358,0.00022075516148336078,0.050706829635660644,-0.0022664261759627797,3.230057320703381e-05,0.0008850033201915581,-3.9556760919493964e-05,5.637480069597531e-07,0.018078231238374515,-0.004164269832933821,3.5380048945589e-05,-0.00034231904865206567,-0.0014104250621718552,-0.00011331910798229383,0.037418862971564215,-0.00211669475597753,-7.969982546060828e-05,0.05594782598793145,-0.00027050682017207885,-9.771270429679615e-05,0.15549260521807876,-0.006664806052400607,-0.0003022375434510282,0.11616328632542025,-0.0035301291280755553,-0.00023297426062897584,0.002027436863542112,-6.161238999690015e-05,-4.066180948409765e-06,0.013940844328241568,-0.0033177058314422052,2.4133687723541876e-05,-0.189141847656084,-0.000936252325704182,0.00028561587262409833,2.7987957409123804e-05,7.776739365620223e-08,1.5366876065559233e-07,-0.007240609390591318,7.150890145047004e-05,1.4645087324493973e-05,0.010178505450798066,7.689837234142033e-05,-4.189028866385727e-06,5.197690245539229e-05,1.4466591476938172e-07,2.8538065417192574e-07,-0.009630005599715026,9.510700672497752e-05,1.9477956797486885e-05,0.010814664712895267,8.170434353562204e-05,-4.450845525747975e-06,4.5983513041972224e-05,1.2805730054633286e-07,2.5246000812264614e-07,-0.01760480562087785,0.0001738670093253413,3.5608046837620115e-05,0.010814664712895267,8.170434353562204e-05,-4.450845525747975e-06,3.199124404769824e-05,8.914917928554295e-08,1.7562004506738024e-07,-0.01760480562087785,0.0001738670093253413,3.5608046837620115e-05,0.008906194620299951,6.728591703993024e-05,-3.66540322391148e-06,2.5990160937983738e-05,7.256498949516265e-08,1.426959098134329e-07,-0.014765039237486944,0.00014582101946416755,2.9864240234153067e-05,0.00827003364849246,6.247975045026684e-05,-3.4035760969352184e-06,1.5990065465414215e-05,4.4476891912049684e-08,8.781002253369033e-08,-0.01121569350311551,0.00011076761101795819,2.2685221865669276e-05,0.007633881225236408,5.767375483163241e-05,-3.14177339439163e-06,-0.004687910203340976,0.007776661207436331,1.4732263707459973e-05,0.07475233702737613,0.0011098857397553634,-0.00015848871518642422,-0.09805818698987523,-0.0008996523621806125,0.0001960910406790373,0.09478119981403962,0.00590207786583579,-0.00022250388387058854,0.05079082171810788,0.00020640763213732754,-8.518489707027642e-05,0.13416897455628868,0.0029991158030238697,-0.0003899756939512708,0.26263910003896557,-0.0022251119549897194,-4.8005796053635254e-05,0.001962947446345937,-0.0013245616041170996,-1.4947246168234376e-05,-0.14448937057357064,-0.003105353805303415,0.0002606254518667712,0.0031372251986599617,0.002587073498770259,0.0001855952220358882,-0.2829269830793554,-0.002214023116005965,0.00043004708534360336,-0.1765396115941652,-0.0013294996382188604,0.00020569967879061939,-0.029808557796339535,0.0021468578800879078,0.0001568167197120205,0.07520681307089835,-0.013734898830795145,5.687477581138216e-06,-0.00944363264582128,-0.0005699593774564325,3.3464850323048346e-05,0.1539967523320335,-0.003138825096698278,-0.00019798349666554728,-0.13033335322163975,-0.001761390848481587,0.0002480927304443962,0.32248929368743573,0.22883599082118755,0.12339082797708406,0.5272420312530737,0.2512714803661621,0.04064890322251343,0.0077178806986909895,0.006986990954249875,0.007906812269387364,0.016736757981785675,0.0018966333944832475,0.0003730597358750589,0.0005298856524702002,0.0003893443391905154,0.00025256169279995233,0.0008169998314768461,0.00031313672044563906,6.803317934584678e-05,0_1_29_p1
1916.667,-0.1592844228490645,1.734497355681348,-1.50086117914436,0.003911294323025805,0.0018961840432302059,0.001640249460383258,0.48795912185397916,-0.027821962990814724,-0.0875298143332189,0.7042120713658471,0.012290819528050806,0.9176577071464358,0.1578005713456214,0.4150797408883407,-0.060408686807545985,-0.1949408586821404,0.6592892362283104,0.011506768260170398,0.8488040612442111,0.038360419091320166,-0.00030701887405632015,0.0009292093044377765,0.004950313261347557,-0.0005701651573725084,0.0012358466993861606,0.005259708775179593,-0.0005044026471538641,0.0022592778528256014,0.005259708775179593,-0.00035089296079295355,0.0022592778528256014,0.004331525225676489,-0.0002850995333132738,0.0018948426330336729,0.004022130210509954,-0.0001754305231004586,0.0014393431141896892,0.0037127346966779173,-0.23816064791147268,-0.014702326494231855,0.03010944686034906,-0.5063638018264981,-0.43739041387094885,0.02806087812012723,1.6261881010701664,1.4867566289162668,0.11447902642890488,-0.10888127031622698,-0.39704424841783403,-0.39720107472843946,0.034522735276160975,1.8079405373365751,1.5049341657559454,0.3470320286934924,0.17245198409224508,-0.15048280443945797,-0.0013319330200224386,0.00019933767583917863,-0.02073332497475239,-0.0007360367268912136,2.8182790410778264e-05,0.1994425802953478,0.001234721579753214,-0.0002815919333830912,-0.0001807052642896296,6.871472192733413e-06,4.99939525501182e-07,-0.00041797372888131867,6.853495810280397e-07,4.377521285316912e-07,-0.00018282188562576237,1.0887532809600001e-05,1.7250069609355257e-07,-0.04111331609232578,-0.0014302122964884578,0.00012200365466180106,-0.048806000238340974,0.00042561535228534836,9.526075783086335e-05,-0.08247608148018751,0.0022950710529132845,0.00020248975076143406,0.048622776570797395,-0.0017380770924523444,2.4871835251774686e-05,0.000848629233821409,-3.033534078522629e-05,4.3409265067512763e-07,0.009143965739716542,-0.004096054004468485,5.355800414817536e-05,-0.009385026341726032,-0.0018703755003382698,-8.470144054763009e-05,0.032517940818338024,-0.0021742740371035454,-8.27383944614681e-05,0.055101586074237,-0.00040871493936504985,-9.906589951471114e-05,0.1399989105370767,-0.00731116720463319,-0.00027343468996777765,0.10613727079003427,-0.0037055565411315957,-0.0002192727212396303,0.0018524497253095892,-6.467418802892153e-05,-3.827046212916938e-06,0.010198793727926552,-0.0032342231693875305,3.2490387336694534e-05,-0.18450137592923982,-0.0004143512679971067,0.00028710608332662606,2.8801779506053626e-05,1.0668592195048302e-07,1.763339363425986e-07,-0.0071506247735859205,8.113261641542585e-05,1.4723716551703363e-05,0.010141644096995944,3.0000872604093364e-05,-3.757780615356515e-06,5.3489996059978295e-05,1.9830196893680493e-07,3.2746604520403833e-07,-0.009510326734433416,0.00010790650854927667,1.958253244845373e-05,0.01077549866962537,3.187574090554995e-05,-3.992648751380453e-06,4.732221619721605e-05,1.7553839767812542e-07,2.8968912409684937e-07,-0.017386017414785564,0.0001972660554734991,3.579922733982807e-05,0.01077549866962537,3.187574090554995e-05,-3.992648751380453e-06,3.2923036154477114e-05,1.2219543670290437e-07,2.0152180700508234e-07,-0.017386017414785564,0.0001972660554734991,3.579922733982807e-05,0.008873940080867953,2.6250549814795605e-05,-3.288065976377568e-06,2.6745852885133126e-05,9.945628987691437e-08,1.6373790748855567e-07,-0.014581542871152693,0.00016544570918126963,3.002458105197617e-05,0.008240083798528237,2.4375486117877532e-05,-3.0531908619442825e-06,1.6455961518803655e-05,6.093895953901921e-08,1.0075915890020682e-07,-0.011076307662203098,0.0001256747459871635,2.280701534599433e-05,0.007606236064739962,2.2500666665286162e-05,-2.818340171943691e-06,-0.002344718914741543,0.007881913976950393,3.1055507046120626e-05,0.07568651418000642,0.0008405811390087074,-0.00016498440212986038,-0.09591798020032397,-0.00015367809078887542,0.0001877774550744525,0.1042480332284649,0.005313671764626024,-0.0002312178082577246,0.05228087099258139,7.426815403487454e-05,-8.818924953447287e-05,0.13329987154177245,0.0025320378757613636,-0.00037482588200599305,0.27349628866613657,-0.003189513439358687,-0.00010557447348667149,0.0010163945557991124,-0.0013702907122683393,-1.5787778126903325e-05,-0.14804774272340576,-0.002224814221155339,0.0002782872232026018,0.013442279985530587,0.0028663749953888036,0.0001738750247263063,-0.2956976307337403,-0.0006210205835061773,0.00048566365674279307,-0.17966673411473527,-0.0006863288786563593,0.0002080321716368782,-0.03601398975391168,0.0026964425179240394,0.0001992687766081084,0.05327876562821196,-0.013488639024225047,3.088802661770579e-05,-0.011076610280924546,-0.000538125500028498,3.1645570634691e-05,0.14119215410561134,-0.004266391390178205,-0.00018021848115925136,-0.14535883861123325,-0.0010957562298738572,0.00026896425255781473,0.31212250713756673,0.2189746796685487,0.12220558522923247,0.5415808764885591,0.25070406620478164,0.04026183360504376,0.008347585722896579,0.006903985345060516,0.007928099491485437,0.016420465610646,0.0019597191732163874,0.00037939736109047215,0.0005255588396106995,0.00037715022388882776,0.0002518822544330528,0.0008639650376630889,0.00034615641977822094,6.826014793917452e-05,0_1_29_p1
1933.3329999999999,-0.16264948396942108,1.7340996230700867,-1.4965247749754254,0.003907027741002929,0.0018890252013040259,0.0016382732490045,0.4861421842361029,-0.028792511665249734,-0.08953907726135481,0.703150464376346,0.012272291112711636,0.9173841267861856,0.15933963808528057,0.41626331746995715,-0.05891160371371081,-0.19046325538205797,0.6617038473872324,0.011548911478954555,0.8488564226177672,0.03252603223598791,-0.00030796484251090103,0.0008293106473776255,0.005502780780104843,-0.000571921955931016,0.00110298126608334,0.005846705389192835,-0.0005059569875191401,0.0020163838714840543,0.005846705389192835,-0.000351974067598189,0.0020163838714840543,0.004814934553921865,-0.0002859781819252777,0.0016911292987373966,0.004471009944833874,-0.00017597107650307628,0.0012845997293803692,0.004127085335745882,-0.2387407948561701,-0.012736429512687492,0.024556467418963855,-0.49847980501737865,-0.434871887803025,0.032290320035185574,1.6372387090797045,1.4868967210100044,0.1063390835676321,-0.10812774186497093,-0.41245174328174233,-0.40377033595598244,0.03175122522915706,1.8015888877494952,1.5050466053516793,0.35561910097318195,0.16737037020993553,-0.1462631873033297,-0.001478581905632325,0.00021123105075055985,-0.02181506038347068,-0.0007344511904193348,2.2088694176527512e-05,0.19659569040404276,0.0012293390942500462,-0.0003001089604234511,-0.0001587944720980226,7.576898657425171e-06,4.512351132125225e-07,-0.0004220530976276935,1.4612893828697784e-06,4.6216539575772104e-07,-0.00015089390085870757,1.0734587012151755e-05,1.2963651457938676e-07,-0.043217872857813824,-0.0010951188010297629,0.00011421496895723572,-0.04642006020856378,0.000487598822687971,9.240523041340149e-05,-0.0738762122327084,0.0026378314266394093,0.00018220776048179495,0.04514693384625825,-0.0013171146922904627,2.176443471041637e-05,0.0007879635836840946,-2.2988153917165716e-05,3.7985994250939896e-07,0.00032888414521111786,-0.003999976150968841,7.118930007258841e-05,-0.018746085964639315,-0.002190636721713932,-5.609214790201231e-05,0.02627066541118534,-0.0022877723729685276,-8.112371336079389e-05,0.05379660011557608,-0.0005337399465940324,-9.908379424977501e-05,0.12312926409764836,-0.007914198607283448,-0.00024116932144016903,0.09372370980691117,-0.003902004646779059,-0.00019898762347431276,0.0016357909633805895,-6.810284103981058e-05,-3.4730035935922732e-06,0.006235622876686443,-0.0031669386933891254,4.069884739165657e-05,-0.1779110616854041,0.00012640037145768192,0.0002823540845459218,3.323334857168905e-05,2.2189597090661432e-07,1.8801370005063868e-07,-0.007010556758268727,8.985423938374275e-05,1.4635797665984e-05,0.009893245418431538,-1.4303729359821865e-05,-2.80991792971436e-06,6.171883167452416e-05,4.1225999922207326e-07,3.4915145222007165e-07,-0.009324035846633976,0.00011950620896698834,1.9465601523754988e-05,0.010511575821648933,-1.519785899140685e-05,-2.985542161827335e-06,5.460130774696268e-05,3.6485217538833606e-07,3.088734692063511e-07,-0.01704545509345413,0.00021847164102030956,3.5585461913640494e-05,0.010511575821648933,-1.519785899140685e-05,-2.985542161827335e-06,3.798634317140581e-05,2.5386755328599956e-07,2.148659213400975e-07,-0.01704545509345413,0.00021847164102030956,3.5585461913640494e-05,0.008656592305693024,-1.251595858530572e-05,-2.4586834223070707e-06,3.0861980402693384e-05,2.0643530501956977e-07,1.745837512807737e-07,-0.014295915251074319,0.00018323070177997565,2.9845297342006648e-05,0.008038261902475623,-1.1621951075884075e-05,-2.2830522117847406e-06,1.8988042454839833e-05,1.2681165447960189e-07,1.0743051822678061e-07,-0.010859342007277463,0.00013918443704052705,2.2670829594251776e-05,0.007419938338099371,-1.072782144429905e-05,-2.107445425695107e-06,0.0005320797934803378,0.007965265919441368,4.6604326991288995e-05,0.07597693411802114,0.0005879835585243831,-0.00017009806813993148,-0.09183826352790476,0.0005531020980842475,0.00017607309177565712,0.11135152641855073,0.004605392599470427,-0.000235043088235238,0.05248048223323209,-9.794143771318165e-05,-8.843132706518283e-05,0.1318674694239231,0.0020208237774227097,-0.0003576263737636509,0.28156031846721175,-0.0041152681438966525,-0.00016164737144652776,-0.00019821184278092036,-0.001402465652474196,-1.5859390563525553e-05,-0.14945309722450412,-0.0013813959644708453,0.00028938302594103604,0.023376431077449727,0.003081294762135348,0.00015956196802456406,-0.30321320257163537,0.001031824666720583,0.0005311801997541789,-0.18111146409861406,-4.145786106163831e-05,0.00020683568008983934,-0.03992117272236116,0.003225977651885448,0.00023589532438204772,0.033923351739874874,-0.013048267626511062,5.110234586631825e-05,-0.013039982590277357,-0.0005222566530224583,3.166911788132022e-05,0.12695286531411978,-0.005296956000416795,-0.0001619728507385918,-0.16050777961613363,-0.0004099492524950131,0.0002905651063749519,0.2978997270876891,0.20704692434527044,0.11919330633345833,0.5515752459165107,0.24600591134884647,0.03940759151450656,0.008988080172083416,0.0069144612244730905,0.00800606693473233,0.016304511348594647,0.002058415018294772,0.000414529683923101,0.0005143122007413352,0.00036010615337927376,0.00024921286027548167,0.0009063131919409585,0.00036765784277458386,6.76183177148138e-05,0_1_29_p1
1950.0,-0.16627138225718072,1.7337820140367943,-1.4919210526875981,0.003903760484643197,0.0018825026565565729,0.0016357669561986362,0.4849011773461169,-0.02968199727591212,-0.09088800184831566,0.7028768994747263,0.012267516390543678,0.9168538573621863,0.15993654068946264,0.41751130118896174,-0.057418170352674325,-0.18659773107200203,0.6639766385764578,0.011588578823528381,0.8488626389818974,0.026844820462465682,-0.00030925239683337236,0.0007169019689046798,0.006018561976650709,-0.0005743130570062483,0.0009534783570195077,0.006394722817023036,-0.0005080723265725572,0.0017430742866007523,0.006394722817023036,-0.00035344562949037056,0.0017430742866007523,0.005266243287899059,-0.0002871739817956441,0.001461906232093971,0.004890081948861234,-0.00017670660811641676,0.0011104792005499071,0.004513921108488907,-0.23934867358668524,-0.010869388478641585,0.019381533274877624,-0.48997737223043164,-0.43204141654456474,0.03675973125842461,1.647819225121855,1.486930784850348,0.09850049523899473,-0.10661126068316364,-0.42783685404866073,-0.41039024663841817,0.02919343374105286,1.793804581653922,1.505156754576769,0.3625877628480859,0.1615482206059872,-0.13927310603546614,-0.0015484275764905218,0.00021717690184389123,-0.022580444678241128,-0.0007608540754208005,1.571631084119822e-05,0.19063190975338487,0.0011486819971144187,-0.000312159715911413,-0.0001357869007568732,8.18514030447945e-06,3.995851143425449e-07,-0.00042681293106856236,2.1208223385539977e-06,4.90728723016714e-07,-0.00011635946275810317,1.0770710748086921e-05,7.811422060028046e-08,-0.045334941283186485,-0.0008756066547527923,0.00010752432409861747,-0.04320700679408035,0.0005317439575309113,8.776739422241174e-05,-0.06421158585452325,0.002876210054969749,0.000159517426233445,0.04040084562124857,-0.001031355864159721,2.246834825596339e-05,0.0007051281202465846,-1.8000733612577045e-05,3.9214752567071843e-07,-0.008208864488675527,-0.0038771472177554995,8.817283840923524e-05,-0.02812288689017135,-0.0023664844548319684,-2.806444217114381e-05,0.01907454182742404,-0.0024575046922074677,-7.589540953133205e-05,0.052098976624786894,-0.0006578725094772891,-9.826342012431811e-05,0.10551133474060218,-0.008465932009009126,-0.0002059789742718496,0.07922298237649088,-0.004123850401052078,-0.000172379871216445,0.0013827051140625427,-7.197482192829238e-05,-3.0086072003693713e-06,0.0018609649373976089,-0.003101284719243154,4.958339318925227e-05,-0.17005658850972194,0.0006957900001729662,0.00027313148226911237,4.0843269062098775e-05,4.483593107245589e-07,1.8977993545393935e-07,-0.006810291553433033,9.962127691967063e-05,1.44449367749237e-05,0.009455448453619848,-5.629826848077084e-05,-1.5058290804658606e-06,7.584873234695554e-05,8.32824305555711e-07,3.5243409597239347e-07,-0.009057682645483626,0.00013249639233722763,1.921175630137886e-05,0.010046416653393415,-5.981704764825305e-05,-1.5999503764042925e-06,6.710185451524661e-05,7.369339828502407e-07,3.1177927885445156e-07,-0.0165585296035263,0.00024221927267169006,3.512140118190674e-05,0.010046416653393415,-5.981704764825305e-05,-1.5999503764042925e-06,4.6682784549628616e-05,5.126932664062515e-07,2.168896600479489e-07,-0.0165585296035263,0.00024221927267169006,3.512140118190674e-05,0.008273521457479303,-4.926122305889319e-05,-1.3176081216578837e-06,3.79273581664812e-05,4.1675409483539667e-07,1.7622158395226665e-07,-0.013887533851761957,0.00020314762983410543,2.9456091913712583e-05,0.007682553257705738,-4.574249274027672e-05,-1.223485430037575e-06,2.3334980861235506e-05,2.5621229882337766e-07,1.0844099189883905e-07,-0.010549132172682997,0.00015431363895166775,2.2375185793467306e-05,0.007091591041918181,-4.222373799722714e-05,-1.1293822779633894e-06,0.004287614023979034,0.008039921786920617,6.0279183734691324e-05,0.07555086747549314,0.0003502686641521505,-0.00017422692218260066,-0.08576942887376585,0.0012170026552449302,0.00016108786701028415,0.1164616641099688,0.0037955252578313107,-0.00023507711984405383,0.051341680114532294,-0.00032228119523168086,-8.630633442920873e-05,0.13037722951675224,0.0014731087810594407,-0.0003396960090351507,0.28574114911575405,-0.0049798354924151566,-0.00021330993215115454,-0.0016764495837307946,-0.0014126110000479608,-1.5233902475632978e-05,-0.14909268260216746,-0.0005756756228322192,0.00029578661811860516,0.031865712844101855,0.003224398978679112,0.00014381248252321637,-0.3049537637265893,0.0027080463949197392,0.0005647008222224926,-0.18071616027329207,0.0006008972934203431,0.0002022362809774806,-0.041347142055253125,0.0037199533275799296,0.0002655647050965902,0.01705381386704991,-0.012408762119438883,6.681848643432981e-05,-0.01526177419018967,-0.0005219585772460214,3.3042723550865246e-05,0.11174877589418028,-0.0061722615507634904,-0.0001428921119790004,-0.17530940750863186,0.0003324083221786209,0.00031269116435075493,0.2801849872405144,0.19414403686935658,0.11437968412113284,0.5560593692109443,0.2371657937176883,0.03807867236942671,0.009579266045970055,0.006986411905081076,0.008139049449398925,0.016376571094963495,0.002072723984720285,0.0004759529227329692,0.000497403719067094,0.00034036779225584557,0.0002448221830285517,0.0009413128932034101,0.0003806007145863458,6.652312916253216e-05,0_1_29_p1
1966.667,-0.17027532264622644,1.7335526398745043,-1.4869669819817035,0.0039014586446925654,0.001876626382297858,0.0016327385606136756,0.4842387241645538,-0.030548483436357233,-0.0916211318886054,0.7034297793898526,0.012277166066645204,0.9161237796534256,0.15969029816928473,0.41876186600059717,-0.05591829822269446,-0.18344741227081768,0.6660579427121299,0.011624904610582888,0.8488037550635935,0.021464856507161675,-0.0003109134516157704,0.0005855764146676185,0.006504641159986136,-0.0005773978017927731,0.0007788147814589255,0.006911182198649677,-0.0005108015228571758,0.001423768793275893,0.006911182198649677,-0.00035534404905103976,0.001423768793275893,0.005691562573317558,-0.0002887163541889065,0.001194106900991966,0.005285021035988517,-0.00017765556856400103,0.0009070555909094619,0.004878480994655977,-0.24001795848560603,-0.009052148669472087,0.014652180192829052,-0.48102858993791087,-0.4289219387085943,0.04138426485225342,1.6578143931381382,1.4869048776815967,0.09103998113025533,-0.10428798060933639,-0.44296249469433346,-0.41696987462305257,0.026780021872659633,1.7848813614536256,1.5052032795693069,0.3676909260613371,0.15508427055084759,-0.1287400383006461,-0.0014446406148793819,0.00021685307713267967,-0.022997144672957708,-0.0008138262002346158,8.571596239495029e-06,0.18072752557242894,0.0008996188518590235,-0.0003167087232321055,-0.0001117825683180159,8.702132271037404e-06,3.4542847083855674e-07,-0.00043158558733658666,2.658868166083124e-06,5.193729998240245e-07,-8.049487005369293e-05,1.0995879592972804e-05,2.0969422218014627e-08,-0.04733614093265431,-0.0007748610723479656,0.00010073159208980083,-0.03916683828518033,0.000579838327742904,8.13988552927853e-05,-0.05384328290012578,0.0030193975832533875,0.0001346467996421676,0.03456583265576134,-0.0008984615733896801,2.6395177348313925e-05,0.0006032883721064997,-1.5681267363028297e-05,4.60684577296314e-07,-0.016196165056606416,-0.0037341338601013232,0.00010398498235018167,-0.03722785584793617,-0.0024110343757977335,-1.356292933819923e-06,0.011258388388419065,-0.002674099657518316,-6.829358888064012e-05,0.04989570717127503,-0.0007932909920916009,-9.673273604331524e-05,0.08768511223406478,-0.008949227808420647,-0.00016916254677120236,0.06322517277832893,-0.004365803056616612,-0.00014033319905906068,0.0011034906172732073,-7.61976353678033e-05,-2.449285598452356e-06,-0.0028575311281346617,-0.0030271717092047166,5.951287343989388e-05,-0.1613528047806687,0.0012829015820262045,0.00026119817131677503,5.098099621282576e-05,7.959434122074521e-07,1.826912672489883e-07,-0.006521408644966936,0.00011249051049927381,1.4119950856398183e-05,0.008821775965136058,-9.766820158476925e-05,8.814707970468466e-08,9.46760620347544e-05,1.4782887880157272e-06,3.3927700300762175e-07,-0.008673467146232306,0.00014961237530036924,1.8779524094633077e-05,0.009373140435806086,-0.00010377257562029158,9.364885762630922e-08,8.375785213770728e-05,1.3079772189313057e-06,3.001385942387015e-07,-0.015856138729450273,0.00027350938895484827,3.433122961206225e-05,0.009373140435806086,-0.00010377257562029158,9.364885762630922e-08,5.826949116915408e-05,9.099322395295551e-07,2.0879121601187296e-07,-0.015856138729450273,0.00027350938895484827,3.433122961206225e-05,0.007719058136912881,-8.545994200237866e-05,7.711700590595704e-08,4.7341877865524515e-05,7.395229727144132e-07,1.6964233962894646e-07,-0.013298443768739399,0.00022939046152817388,2.8793379594734203e-05,0.007167693666242854,-7.935551911799119e-05,7.161662366620256e-08,2.912833417099824e-05,4.5478293651966955e-07,1.0439421232406914e-07,-0.010101652263657104,0.0001742479816262992,2.187178567477571e-05,0.006616336889269123,-7.325114508246904e-05,6.609879540310601e-08,0.00901109645956521,0.008125037344422199,7.113512947226652e-05,0.07417092610811063,0.00011823017890600355,-0.0001769775243307878,-0.07763945982117,0.0018397872201281996,0.0001425098214565184,0.11975797699604128,0.0029060659441414367,-0.0002326428489911319,0.04881695691671939,-0.0006077313473821986,-8.162553915033727e-05,0.1291062385825962,0.0009021422621214119,-0.00032251485610288876,0.2852333480632139,-0.005772932945302147,-0.00025741674366353706,-0.0033380605918773244,-0.0014102089792159054,-1.4012357741235334e-05,-0.14727138807257495,0.00020615750152224517,0.000298409185994997,0.03759391507878762,0.003282807102928167,0.00012930212455643635,-0.3006985187926315,0.004374787633027152,0.0005848500992068764,-0.1783445510351461,0.0012361272547028923,0.00019384180234969733,-0.040144746407548615,0.00417779544871732,0.00028783956857958177,0.0025968712622422355,-0.011583117180474237,7.874360264058182e-05,-0.01760952356641697,-0.0005306877717884927,3.571328543747208e-05,0.0957650953418353,-0.00685253798172822,-0.00012387596118919032,-0.18891047085314353,0.0011264117993959651,0.00033432834637122055,0.25834932213772654,0.18134200565988667,0.1077516211500387,0.5539655189322634,0.22308184566472372,0.03616324074692787,0.01007377780438007,0.007102110178137965,0.008331568114035109,0.016630100738290195,0.0018864828053871971,0.0005636348167525858,0.0004742816946506749,0.0003209007732381017,0.0002380972489863322,0.0009664888280813918,0.00038393167908388765,6.493925239487615e-05,0_1_29_p1
1983.333,-0.17477719001223552,1.7334045561674554,-1.4816149921636503,0.0039000464239949523,0.001871384909221369,0.0016292134941901476,0.48416184241100363,-0.031415188510957086,-0.09171680585154472,0.704822396549308,0.01230147202047398,0.9152795992994863,0.1587022194078427,0.41996081793559276,-0.05442600830165077,-0.18117411094678504,0.6678923326251951,0.011656920930381473,0.8486838329920235,0.016558360983349195,-0.00031284727642698015,0.00042903284740124177,0.0069664253601338,-0.0005809896893933773,0.0005706124603265198,0.007401828160639322,-0.0005139790194268066,0.0010431493846629713,0.007401828160639322,-0.00035755463321506567,0.0010431493846629713,0.006095623748446765,-0.0002905120486564584,0.0008748836874747002,0.005660220947941246,-0.0001787611099787643,0.0006645700166128824,0.005224819144766726,-0.24072908441201754,-0.007203148355905794,0.010354598130445352,-0.47178884131246224,-0.42556438250402123,0.046112664984530406,1.6670627332714958,1.4868388872812448,0.08410062582681997,-0.10133640594073522,-0.45766474638874016,-0.42340732110550244,0.024381410396323317,1.7751750444312173,1.5051534474271693,0.37081358937252523,0.14811423435382415,-0.114411995028701,-0.0011521718333292255,0.0002065712953758413,-0.02318372022751955,-0.0008914227205597531,5.342118894387886e-07,0.16668826775546372,0.0004728476865703352,-0.0003097624208582067,-8.699946284312671e-05,9.12785013266691e-06,2.888893983867812e-07,-0.0004361949662721398,3.0790172570611442e-06,5.459251495119732e-07,-4.474482793855646e-05,1.1401325175476913e-05,-3.790811520273333e-08,-0.049227250626988656,-0.0007880953290739749,9.32558510584497e-05,-0.03436416976276564,0.0006413254936734501,7.330864229052271e-05,-0.04310969948791286,0.00307711395872005,0.00010829310195895578,0.027971710887115357,-0.0009206745935112792,3.277771357138925e-05,0.0004881992240921294,-1.6068980807406242e-05,5.720795298676929e-07,-0.023403600938486143,-0.0035802551714468446,0.00011773515357635745,-0.04594981550705763,-0.002343271669407435,2.3346639689715606e-05,0.003039192120475506,-0.0029256138190177673,-5.926176445181924e-05,0.047076702654762374,-0.0009419679604691572,-9.415672183345446e-05,0.06995484037858152,-0.009346010215623857,-0.00013173891950001558,0.04645276782122209,-0.004619481027456126,-0.00010446883105943182,0.0008107565863841333,-8.062517440204598e-05,-1.8233341441816565e-06,-0.007638992404141626,-0.0029443904680077375,7.010155866098252e-05,-0.15200676325292212,0.001867857683270917,0.00024746253053452077,6.296008134337089e-05,1.2771535848879351e-06,1.68977995060024e-07,-0.00613035003028923,0.00012915083124631914,1.358594134082985e-05,0.007967115728274899,-0.00013984008651141496,1.982501891395139e-06,0.00011692281229788956,2.3719543553797435e-06,3.1380720460790697e-07,-0.008153357889331138,0.00017177068469276631,1.8069288110225933e-05,0.008465063720427313,-0.00014858024762413682,2.1063993621354227e-06,0.00010343918211419652,2.098571680381636e-06,2.776060083291061e-07,-0.014905318402024663,0.0003140173594051027,3.303283654051494e-05,0.008465063720427313,-0.00014858024762413682,2.1063993621354227e-06,7.196085115279875e-05,1.4598971902069564e-06,1.9311701079909364e-07,-0.014905318402024663,0.0003140173594051027,3.303283654051494e-05,0.0069712308570869345,-0.00012236035047235582,1.734677640595329e-06,5.846610785223598e-05,1.1863435441800868e-06,1.5690604474722127e-07,-0.012500996422089608,0.0002633642123521537,2.7704427429108106e-05,0.006473282864934516,-0.00011362014051076878,1.6107822633778496e-06,3.597315930767673e-05,7.297043507766622e-07,9.65560629562789e-08,-0.009495902763591507,0.0002000548616214449,2.1044604111010216e-05,0.005975342566478396,-0.00010488012594464299,1.4868645552504765e-06,0.01479559432489297,0.008232490608774219,7.900658608998345e-05,0.07185228198496633,-0.00011547356416033151,-0.00017743380971883789,-0.0672512122414117,0.002409408074947673,0.00012003745433461813,0.12123772783059703,0.001959362525815246,-0.0002284698530201994,0.045040576188683304,-0.0009524373958401149,-7.423914060021027e-05,0.128067387837024,0.00032497042296758625,-0.00030694653708634995,0.27961997339086814,-0.006491785056574465,-0.00029147304906997903,-0.005135662811158197,-0.0014051835056452216,-1.2468569603174847e-05,-0.14373424454052658,0.0009609817218516072,0.00029790563095561816,0.03970119028363294,0.003241385878515537,0.00011952756010819702,-0.29058273577344684,0.006010359118455691,0.0005910761376221505,-0.17399799987813047,0.0018517099580925595,0.00018134459056323582,-0.0362924271873753,0.004612923848863146,0.00030234503049437084,-0.009521264605998534,-0.010601190310801466,8.743920660968306e-05,-0.019952537900000955,-0.0005374842853973156,3.945920205911674e-05,0.0791817467289181,-0.0073092963907875515,-0.0001049718306174279,-0.20046584019280644,0.00195904632710975,0.0003531233960309475,0.23236730580291393,0.1696015809906573,0.09952077966843571,0.5445674880172764,0.2035012725621325,0.03358387240841069,0.010470978554164387,0.007256823138496915,0.008578606124493574,0.017063699511095955,0.0015316468663348509,0.0006748230583667614,0.00044063127486177893,0.00030422085975484925,0.00022832824599700814,0.0009791118151124519,0.0003723239527077344,6.264757129381206e-05,0_1_29_p1
2000.0,-0.17964326271324085,1.733332257648521,-1.4760063092925237,0.003899542273173877,0.0018667523067210754,0.001625282015383655,0.48465193335829104,-0.03226557625304729,-0.09121072270165394,0.7070075866713831,0.012339610955288563,0.9143783651296304,0.15705152988653953,0.42110405896086456,-0.052967449611062124,-0.17980322862183762,0.6694674219632847,0.011684411362096884,0.8485022863365587,0.01216806154577905,-0.0003151850202936514,0.00024798685209886625,0.007391443451589955,-0.0005853310712413384,0.0003298213514008759,0.007853409664645329,-0.0005178197411121954,0.0006029539100314757,0.007853409664645329,-0.0003602264829671187,0.0006029539100314757,0.006467514017472212,-0.0002926827395804388,0.0005056941908003398,0.006005547305751338,-0.00018009703485479084,0.00038413001373693276,0.005543582090026965,-0.24138871115752325,-0.00528393693719028,0.006528429997690821,-0.4623995473913825,-0.4220638434418043,0.050921077991035804,1.6753967866655204,1.4867370518073801,0.07777625623461383,-0.09812353653382148,-0.47179455103244394,-0.42956532691073945,0.021878135015403418,1.765000143405895,1.5049833606035727,0.37197726471267945,0.14060249034354924,-0.09649513052155263,-0.0006500925460865546,0.00018535218567173478,-0.02327994357736569,-0.0009890657894033453,-8.052798260601294e-06,0.14884892835159957,-0.00014247079330659653,-0.0002904277984949874,-6.174618703912716e-05,9.467349746932339e-06,2.3033077427275472e-07,-0.0004405778085945765,3.389354098705514e-06,5.698052662646248e-07,-1.0424958479054255e-05,1.1974029272980315e-05,-9.427412310294397e-08,-0.051052821142010596,-0.0009102404758699884,8.496255517901339e-05,-0.028874564437565146,0.0007221819674529846,6.358555687012484e-05,-0.03228900719139839,0.0030488171787841065,8.115152581120752e-05,0.021007005994196373,-0.001095832263132798,4.0494009444533746e-05,0.00036664309691466156,-1.9126089348352643e-05,7.067537581477717e-07,-0.029811439513029173,-0.0034300259082502343,0.00012869457516758774,-0.05445570283487878,-0.0021861525912691693,4.589067507551105e-05,-0.005375121414627872,-0.0031997688434261123,-4.9422821386079286e-05,0.043576005871771434,-0.001103303110903516,-9.015713375182876e-05,0.052468686941957665,-0.009625926059997627,-9.431551344440435e-05,0.029623010632515583,-0.004874184897741563,-6.681644036470971e-05,0.0005170215201216445,-8.507064096987656e-05,-1.1661752433539925e-06,-0.012136255377869883,-0.002857426029801093,8.041768326369433e-05,-0.14206285227982585,0.0024216909023230364,0.000232439766113958,7.635737115753663e-05,1.8767734072057555e-06,1.5068060577730892e-07,-0.005638362088199626,0.00015046254095312845,1.2799372025885347e-05,0.006862613817366538,-0.00018344605200292357,4.249480035112059e-06,0.00014180251640403307,3.485610787901236e-06,2.798265381802726e-07,-0.007499015003469442,0.00020011516554573422,1.702314778804395e-05,0.007291530546944072,-0.00019491161343635177,4.515063639834664e-06,0.0001254491375024896,3.0837555970012576e-06,2.4754371874443417e-07,-0.0137090999375895,0.0003658345749196268,3.1120371360912026e-05,0.007291530546944072,-0.00019491161343635177,4.515063639834664e-06,8.727216163400859e-05,2.145271195667646e-06,1.7220411369671346e-07,-0.0137090999375895,0.0003658345749196268,3.1120371360912026e-05,0.00600479147132833,-0.0001605155641713178,3.7182821206657814e-06,7.090681476045146e-05,1.7431473360081642e-06,1.399143158515368e-07,-0.011497736715575791,0.00030682302063675957,2.610045399972077e-05,0.005575874741750794,-0.00014905002716232267,3.452699911625047e-06,4.362838712070985e-05,1.0724279901560324e-06,8.610170792788982e-08,-0.008733813935400979,0.00023306665616428478,1.9826209430584297e-05,0.005146964851014407,-0.00013758461227549084,3.1870960695153683e-06,0.0216412751715705,0.008368436659134431,8.367358296007141e-05,0.06850977785605211,-0.00036109699213693184,-0.00017551796838479751,-0.05477470741919294,0.0029255778662528615,9.292069201479192e-05,0.12081829400913024,0.0009737737253750607,-0.00022267137197525498,0.040165780118362575,-0.0013504447616155579,-6.449701877698133e-05,0.12711605545136723,-0.0002486697897671669,-0.00029309333592687466,0.2690075750987009,-0.0071305748789202966,-0.000313937121654541,-0.00701665785942916,-0.0014022746778351,-1.0445566419668604e-05,-0.13808020697355444,0.0016772122854909488,0.0002936096586639774,0.03889948148409114,0.0031059874727848887,0.00011687768432038612,-0.27493449866983216,0.007607268998422469,0.0005838353268346658,-0.1677993956485921,0.0024343197994850683,0.00016477548600032118,-0.029846670658072207,0.0050496874647769675,0.0003090489538702767,-0.019418145723357004,-0.009504654990374,9.347933810668397e-05,-0.02220998550796414,-0.0005359587597564626,4.371811132092413e-05,0.062179092522805374,-0.007529739181222952,-8.628737897592608e-05,-0.20937624155526918,0.002809689672923341,0.0003669825344210873,0.20291106874596182,0.159695043716902,0.09034491145490947,0.527801005286559,0.17891189867874419,0.030323362692729637,0.010778730699999276,0.007452512382633336,0.008872436475240835,0.01768101493298564,0.00119223063079265,0.0008095637980227311,0.0003950729579869805,0.00029200951586984465,0.0002155042475586283,0.0009769728848042461,0.00034462874669661197,5.966432552717501e-05,0_1_29_p1
2016.667,-0.18458417214057868,1.733321724337152,-1.4703916055341437,0.003900004037427404,0.0018626607562889001,0.0016211755049864631,0.48564108724255234,-0.033060490948857615,-0.09018136839939873,0.7098547088695725,0.012389302473754842,0.9134266565364727,0.15477073960401933,0.4221885965847438,-0.05159104007770636,-0.17933486502907545,0.6707676698160727,0.011707105130362314,0.848268947783539,0.008349741410672467,-0.0003175556760833602,4.839199617179579e-05,0.007758814813849237,-0.0005897327916148679,6.435976416554173e-05,0.008243742079878349,-0.000521713820006145,0.0001176586288629452,0.008243742079878349,-0.000362935233966214,0.0001176586288629452,0.006788963772449522,-0.00029488335043445334,9.867991857675822e-05,0.006304036506420412,-0.00018145141035433844,7.49574033836519e-05,0.0058191102377223025,-0.2419358868379885,-0.0032827828087591245,0.0032955805601657478,-0.45303304497700625,-0.4185212229953251,0.05573022952114756,1.6827176819140826,1.4865884754188163,0.07225730772164948,-0.09479559956398577,-0.4851552344533542,-0.4353066353570628,0.019233590191499575,1.7546234848123696,1.5047253445909268,0.37118654379372895,0.1323962922905433,-0.07634794894414142,3.47498860212834e-05,0.00015338101432065478,-0.023335127041464912,-0.001103287015202409,-1.6768671019621723e-05,0.12857982049473293,-0.0009207226363704109,-0.00025929390437246213,-3.654163797832746e-05,9.706733611638383e-06,1.702362022635618e-07,-0.0004444597058027252,3.5960824969172624e-06,5.90893321441375e-07,2.1523542811451275e-05,1.2690373459080462e-05,-1.444363251021885e-07,-0.05275588493093517,-0.0011319724367111444,7.588551693825478e-05,-0.022921228407054444,0.0008210987704608372,5.234189699033107e-05,-0.021568981781766722,0.0029439282111948335,5.383987954733785e-05,0.014096394625068887,-0.001410615010984831,4.829791366418247e-05,0.0002460307298159856,-2.4620121235610375e-05,8.429548623908627e-07,-0.035590110685697,-0.003290789618139121,0.00013676100365730574,-0.06287333235308497,-0.0019559143576826413,6.696988930547132e-05,-0.013769903219404937,-0.003494355443109591,-3.939905096199136e-05,0.03952643310143411,-0.0012753391182084954,-8.449680078733325e-05,0.035166577833815105,-0.009787263628450813,-5.730940300819381e-05,0.013237460112488782,-0.005127738597067643,-2.943916368834291e-05,0.00023103828030343214,-8.949598180517818e-05,-5.138181859914447e-07,-0.016184854468198076,-0.0027673094231614862,8.943441339311675e-05,-0.13153315096456225,0.002942308724761487,0.00021631529997390988,9.038896348842731e-05,2.6130723548062783e-06,1.2902520592142696e-07,-0.00507856276182539,0.00017607944771088165,1.175747318089866e-05,0.005518009597064671,-0.00022548098913552692,6.992276832455365e-06,0.0001678619206086674,4.852988227112708e-06,2.3961066300965473e-07,-0.00675448148051269,0.00023418566154756335,1.5637425506366313e-05,0.005862886372307037,-0.00023957371582141807,7.429285062551703e-06,0.00014850287102140342,4.293424474391672e-06,2.119663922603986e-07,-0.012348003851852795,0.00042811958936812833,2.8587100606083823e-05,0.005862886372307037,-0.00023957371582141807,7.429285062551703e-06,0.00010331009898747758,2.9868150236904825e-06,1.4745518498155353e-07,-0.012348003851852795,0.00042811958936812833,2.8587100606083823e-05,0.004828261175710806,-0.00019729607310126394,6.118229667261655e-06,8.393737171791241e-05,2.4268360556138857e-06,1.198053315048273e-07,-0.010356194786140248,0.0003590610935508094,2.3975819356145747e-05,0.0044833835456133,-0.00018320327314207496,5.681222832847191e-06,5.164692836987237e-05,1.4931876919511162e-06,7.37275924907766e-08,-0.007866685636266997,0.0002727472245330386,1.82123092139145e-05,0.00413851104464665,-0.00016911071742721265,5.244196458886596e-06,0.029533733835568954,0.008523227820169446,8.529242109918826e-05,0.06451837626854241,-0.0006208219640196206,-0.00017083568251769214,-0.04028749353888658,0.003378950267360766,6.158279526074133e-05,0.11850658447091275,-3.713434568618725e-05,-0.0002150862541473124,0.03432187323995893,-0.0017876631360414568,-5.282742051782274e-05,0.12617094384659214,-0.0008159879090734788,-0.00028054546088862337,0.2537567439092073,-0.007682053655935255,-0.0003246713771922504,-0.00885326882863475,-0.0014023172496212507,-7.96572725161792e-06,-0.1298065153999015,0.0023501001545986515,0.00028421196530552825,0.03650976983341934,0.0029199966391409322,0.00011911796376781903,-0.2540997682133522,0.009161015337071343,0.0005640727709648528,-0.16002845549814487,0.0029645882281888595,0.00014450705128081994,-0.02090553981775406,0.005513282956427817,0.00030801118694145853,-0.02714114388762809,-0.008332105974981203,9.756459104781361e-05,-0.02432284377175353,-0.0005210541160794006,4.845765782800797e-05,0.04480717850818275,-0.007526022246633123,-6.724910174362975e-05,-0.21500151153694108,0.003678577654734254,0.00037455690131160495,0.17224671686285598,0.15217320335094187,0.08159622813736721,0.5039532565612518,0.15134895785389657,0.02655769058029115,0.011059668413957825,0.0076981967285182544,0.009189566763173168,0.018489739153951718,0.0014375145785983793,0.0009604800122351184,0.00033825143377080684,0.0002849204957557886,0.0002006291808047208,0.0009585471575928813,0.00030172943463249757,5.639496120705628e-05,0_1_29_p1
2033.3329999999999,-0.18940089790097855,1.7333602058551656,-1.46488894543109,0.003901526463200644,0.0018589920742012082,0.0016172265728874508,0.48702006689789806,-0.03380222396636317,-0.08877559744136941,0.7131981244165461,0.012447655811966017,0.9123898611476179,0.15191699113865795,0.42319243217867286,-0.050309953945443,-0.1796850957620837,0.6717607227658832,0.011724437247165622,0.8479791383545727,0.005100769618848473,-0.0003199023959290418,-0.00016365204397699986,0.00804747382150558,-0.0005940906294243474,-0.0002176585150197113,0.008550442306679805,-0.00052556900299105,-0.0003979041521936725,0.008550442306679805,-0.00036561705702827836,-0.0003979041521936725,0.007041540840481132,-0.00029706202000644286,-0.0003337199182843307,0.006538571856641407,-0.0001827923218853707,-0.00025349810321116363,0.006035604867463683,-0.2423276489272117,-0.0012095535635376156,0.0007432544459477955,-0.4439437686663547,-0.41502486873398914,0.06041582520418664,1.6890288224092245,1.4864086182420675,0.06755503666427137,-0.09151198996782668,-0.49747119719460914,-0.44054657054914825,0.016492722640840188,1.7443570936276582,1.5043968237591516,0.36854465386495017,0.1237107031558956,-0.054811894472804816,0.0008517783247758419,0.00011413875565533874,-0.023328719902162374,-0.001229839086811402,-2.547305312983182e-05,0.10663463577097837,-0.0018189798993806803,-0.0002199997382049701,-1.1916680705044129e-05,9.827634553409325e-06,1.0951008420933382e-07,-0.00044737732640863205,3.709240893528223e-06,6.084649561529956e-07,5.043046950019663e-05,1.3502656816751474e-05,-1.8597879588784625e-07,-0.05417611220182601,-0.0014365906638097949,6.580176289886617e-05,-0.01661115619589101,0.0009324161021851463,4.0105908698437985e-05,-0.010980215960050197,0.0027758484979199497,2.6852278512415163e-05,0.0075784224977804605,-0.0018377569147371327,5.490952943273687e-05,0.0001322708815502811,-3.207511754952501e-05,9.58347745671638e-07,-0.04107183595618131,-0.0031610876251449327,0.00014245251336335822,-0.07153194040720715,-0.0016585507488521883,8.719217161697854e-05,-0.02182058616712057,-0.0038069201593809924,-2.9891008016689613e-05,0.03499069822681236,-0.001451942396727085,-7.752873484823315e-05,0.01791344936084875,-0.00983092728445232,-2.0797244622272367e-05,-0.0022486545679531685,-0.0053765979448568355,6.187331272201931e-06,-3.9245544798265265e-05,-9.38394030932676e-05,1.0798530176909591e-07,-0.01971499930118415,-0.002675113076079102,9.673600333456601e-05,-0.12041813973572205,0.0034235736325956023,0.00019935948336835817,0.00010503177724715911,3.4233773334301377e-06,1.0623023182074428e-07,-0.004476077953554092,0.0002049333245318439,1.054368215711263e-05,0.003984490938526944,-0.0002615067342467658,1.0219460374409569e-05,0.0001950531530237376,6.3576798268565405e-06,1.9727544492326228e-07,-0.005953178737164212,0.00027256140344920183,1.4023080765021716e-05,0.004233523064752934,-0.00027785110053265037,1.0858173943676537e-05,0.00017255934962403485,5.624580479937235e-06,1.7451326934646585e-07,-0.010883124077378924,0.0004982749864571496,2.5635888031150985e-05,0.004233523064752934,-0.00027785110053265037,1.0858173943676537e-05,0.00012004474328317092,3.9128185399241134e-06,1.2139989803842778e-07,-0.010883124077378924,0.0004982749864571496,2.5635888031150985e-05,0.003486430960350683,-0.00022881856343694886,8.942019976897862e-06,9.753469763573529e-05,3.1791574310531257e-06,9.86363267797638e-08,-0.009127609796249242,0.00041790001594348744,2.150065851371116e-05,0.003237398834124694,-0.0002124741971510646,8.303309896835539e-06,6.001425051771914e-05,1.956152813418904e-06,6.07002979396808e-08,-0.006933437711178035,0.00031744190911130155,1.633214848681636e-05,0.0029883709821744266,-0.00019612997741177645,7.664585859954564e-06,0.038550863007884274,0.008691587999204803,8.401131284972873e-05,0.060001637984927,-0.0008946023909039297,-0.00016438878791450226,-0.02426680887193057,0.0037452648556558724,2.6100285122214834e-05,0.11438045942244486,-0.0010566057449675735,-0.00020576859128066785,0.027477431933240065,-0.002248947661145347,-3.9555893503213274e-05,0.12531353952471924,-0.001366751221181927,-0.00026913118308757536,0.2344309045894255,-0.008147033524430448,-0.00032418207625178603,-0.010579554757541128,-0.0014025397317785414,-5.325527028350756e-06,-0.11921482682844818,0.002950460916506285,0.000268386592394,0.03374422453818156,0.002694023204593692,0.00012279885557125504,-0.22830256004930394,0.010658427845265437,0.0005326666246696415,-0.15088619177501988,0.0034242979147223193,0.00012127425456967165,-0.009502930527728964,0.006015369790820188,0.0002994534588948402,-0.032715181545675376,-0.007116347646883595,0.0001002073753760571,-0.026301235885984268,-0.000496716585529959,5.334873421328343e-05,0.027346813486682962,-0.007300196555479174,-4.710499576056573e-05,-0.21690139375476133,0.0045857014264475415,0.00037480306679450536,0.1423820449451795,0.1474972262546283,0.07533421276122625,0.47381126411033336,0.1221463111423852,0.022519780311532657,0.011376882153421303,0.007994707157427184,0.009506367562047188,0.01946971176875035,0.0023552093390966384,0.0011167473063730953,0.00027581322818978084,0.0002829337747369335,0.00018644784568933777,0.0009231834347596671,0.0002491522297687373,5.3844475515642393e-05,0_1_29_p1
2050.0,-0.1938967623316918,1.733415843959726,-1.4596207274278088,0.003904173379677668,0.0018555547729057805,0.0016138127088705493,0.48862890392240393,-0.0344725201589191,-0.08710840657998686,0.7168331844815278,0.012511099527607013,0.9112013053909779,0.14852038792939376,0.42404769238136913,-0.04913538076943935,-0.18076495291157454,0.6723931453136706,0.011735475208020733,0.847630642977507,0.0024463487247058558,-0.0003220137456584543,-0.0003799487035146546,0.008243992409959634,-0.0005980116362553279,-0.0005053331569779272,0.008759243026412893,-0.0005290377202130138,-0.000923807759735604,0.008759243026412893,-0.0003680300993855357,-0.000923807759735604,0.007213494667711618,-0.00029902277275468335,-0.0007747920468658286,0.0066982430539273595,-0.0001839990923967496,-0.0005885414797340068,0.006182993933470601,-0.24255119718045864,0.0009040730725505537,-0.0010513973120424105,-0.4354282518940037,-0.41166809244225877,0.06483331138618234,1.6943960334930164,1.486217387003916,0.06369345879298689,-0.08827875905119369,-0.508448391170488,-0.44524274392478547,0.013748823203937315,1.734571535166551,1.5040370186485321,0.36426786066861966,0.11496983545451317,-0.03213381764344184,0.0017634307282502404,6.972879924997452e-05,-0.023234623431914386,-0.001365102694098106,-3.424430933671863e-05,0.08317653268794292,-0.002811927683689888,-0.000174477021394843,1.1791871854044407e-05,9.809096409004393e-06,4.9185224692002444e-08,-0.00044897590552759936,3.7456088737901793e-06,6.211551935330985e-07,7.574700458483921e-05,1.4345714959600498e-05,-2.1742839324879843e-07,-0.05514548972471385,-0.0018024703262321438,5.4202295560026344e-05,-0.010055982482452925,0.0010558728410161183,2.7079249182591976e-05,-0.000873034493322729,0.0025661756366507967,1.6753276648633852e-07,0.001751700772332724,-0.0023454613197972933,5.9380252259640454e-05,3.057474907436662e-05,-4.093620402844971e-05,1.0363761318370651e-06,-0.046367231015530114,-0.003032294611837378,0.0001468236019509469,-0.08017815648116425,-0.0013027252575963594,0.00010778581975114958,-0.02922165870705043,-0.004131387805401849,-2.191434420196084e-05,0.02992666714757703,-0.0016310885517809575,-6.938344195891114e-05,0.0007078277527908326,-0.009769711107602363,1.559543571954232e-05,-0.01641267934801638,-0.005613665420792009,3.874153127740067e-05,-0.00028645511985760384,-9.797702411158775e-05,6.761632029762246e-07,-0.022603744610041457,-0.0025784115935398428,0.00010220468405638342,-0.10873298799783268,0.003866252113371771,0.00018157811814682566,0.00011915483907843994,4.285291138308903e-06,8.25259709833958e-08,-0.0038349280471271863,0.0002359830311241233,9.223198232966788e-06,0.002328886997477713,-0.0002875237620606989,1.3814831771415357e-05,0.0002212818185468512,7.958335022603923e-06,1.5325912802748616e-07,-0.005100449618072969,0.00031385745264434037,1.2266842630937487e-05,0.0024744431828183206,-0.0003054942093767515,1.4678255006233803e-05,0.00019576353764826386,7.04058696461647e-06,1.355695581980594e-07,-0.009324233318172203,0.0005737690760415776,2.242526704591824e-05,0.0024744431828183206,-0.0003054942093767515,1.4678255006233803e-05,0.00013618697296418773,4.897880334380316e-06,9.430971299056376e-08,-0.009324233318172203,0.0005737690760415776,2.242526704591824e-05,0.002037777191361928,-0.00025158352688827606,1.2087972740641674e-05,0.00011064988525243602,3.9794728167104805e-06,7.662433020673982e-08,-0.007820178097021855,0.00048121652303297194,1.880793250120477e-05,0.0018922201511661772,-0.00023361303072335802,1.1224550203664169e-05,6.808493793065551e-05,2.4486470739979883e-06,4.715380973388104e-08,-0.005940296070146634,0.0003655377936381203,1.4286720882743844e-05,0.001746668240101288,-0.0002156428032271996,1.0361116501231711e-05,0.048667306830095,0.00886900920312502,7.965124386832377e-05,0.05508301947536808,-0.001179976851737569,-0.00015648296612000336,-0.007133385764755399,0.004007559839618551,-1.234122410038316e-05,0.10842277987294849,-0.002054896667018937,-0.0001949206469872386,0.019632192902821744,-0.002719810618315974,-2.4557897550911807e-05,0.12441571594193569,-0.0018868609177228846,-0.0002591110316665699,0.21169090290829928,-0.008538150342531275,-0.0003135540216365755,-0.012239577444829204,-0.001404499279588097,-2.7156472958177993e-06,-0.10650335310197462,0.0034815836385919522,0.00024706108706977156,0.03137614756148989,0.0024587469432780567,0.00012482568571444314,-0.19776053226527887,0.012070717102261666,0.0004900375583271874,-0.14044243417649685,0.0038043599414985013,9.55582627734179e-05,0.004323506826903174,0.006553751014658853,0.00028348941731352726,-0.03605430728706033,-0.005897258216959229,0.00010170277243240497,-0.028088517439112965,-0.00046604052390883464,5.822847556827433e-05,0.010257317965928728,-0.006871048184582093,-2.5789821273520765e-05,-0.2144934856574979,0.005494411638336756,0.00036708954483907194,0.11568878416919785,0.14554991009418716,0.07384802625045037,0.4381369752173423,0.09214647583263273,0.01842922854261313,0.011790061109444451,0.008337488769942966,0.009803683261095101,0.020584980783068297,0.003588933914767526,0.0012695176969201,0.00021374322317285941,0.0002856918188159843,0.00017602143377379125,0.0008714746728686214,0.00019099069267813969,5.2919341151570975e-05,0_1_29_p1
2066.667,-0.19782005155466834,1.7334478722474973,-1.4548085275554914,0.003907939301537972,0.0018521468928748863,0.0016112919547651696,0.49029656801734645,-0.03500970258275292,-0.08520477496750566,0.7205485541267106,0.012575944991970112,0.9097673782827902,0.14457914724706225,0.4246550330518091,-0.04809928301361993,-0.1825327111404535,0.6725898987735756,0.011738909517323159,0.8472302599591097,0.00044437279552977016,-0.0003237964748229914,-0.0005905271657572756,0.008345350162274452,-0.0006013222765136108,-0.0007854026513869534,0.008866935326581452,-0.0005319663826978602,-0.0014358080744561498,0.008866935326581452,-0.0003700671479553633,-0.0014358080744561498,0.0073021828256534605,-0.0003006783422165751,-0.001204203381382003,0.006780596165349961,-0.0001850178660144137,-0.0009147270609702278,0.006259012497039464,-0.24259952634477738,0.0029578743098698625,-0.0020120155616990764,-0.4277572884773864,-0.4085682141551226,0.06887243811161373,1.698895810453247,1.4860473879454474,0.06063535421349898,-0.08498709650586593,-0.5178287769310657,-0.44937375774734495,0.011123050642802439,1.7256564357339312,1.5036465939801813,0.3585831662152415,0.10674333224098953,-0.01071262834807214,0.002733997721009759,2.0704807914347677e-05,-0.023129755786855274,-0.001502666154814872,-4.31969553375158e-05,0.06046162613441818,-0.003872741929379411,-0.00012306451314711845,3.3977072546826196e-05,9.63832077569912e-06,-1.015218990407749e-08,-0.00044917765134154687,3.7354727342275847e-06,6.278656319519557e-07,9.69089436704489e-05,1.514541973444089e-05,-2.3773905362535782e-07,-0.05543658157887162,-0.002201661690806229,4.0571706356255525e-05,-0.003503272461539343,0.0011874837988197964,1.3490670700873539e-05,0.009151768857469133,0.0023294334453100828,-2.531916594496285e-05,-0.0028876613525345134,-0.0028980332122969083,6.0942169607316487e-05,-5.039798500472919e-05,-5.058038666799226e-05,1.0636379857546197e-06,-0.0513007248594469,-0.0028906995077156456,0.0001503605710402086,-0.08906933642571796,-0.0008918117529235321,0.00012829830898472647,-0.03586163917988826,-0.0044525813073729445,-1.6401489451198e-05,0.024620229924335556,-0.0018106995770620449,-5.986530823370769e-05,-0.016399548773006797,-0.009614446576637566,5.206821145236767e-05,-0.02899602567582152,-0.005826040454746364,6.704566296757987e-05,-0.0005060759548599863,-0.00010168367601525152,1.1701654978131333e-06,-0.024765016740046664,-0.0024746834459626332,0.00010563914449952431,-0.09675602461775441,0.004263282623962138,0.0001628658317239996,0.00013294279769333783,5.152578318377476e-06,6.119367147983639e-08,-0.0031922274334693647,0.0002679485562442083,7.803636946571061e-06,0.000611786487091354,-0.0003013301611222708,1.7606135967387896e-05,0.0002468881495252537,9.568955386885143e-06,1.1364130253708489e-07,-0.0042456577335196555,0.00035637162157057715,1.037882630844822e-05,0.0006500233028199015,-0.00032016347479607663,1.870651737182684e-05,0.00021841634410471987,8.465435093926248e-06,1.0051979945993348e-07,-0.007761571792926031,0.0006514900632756929,1.8973746485471205e-05,0.0006500233028199015,-0.00032016347479607663,1.870651737182684e-05,0.00015194537268562285,5.889097085872132e-06,6.992645292468391e-08,-0.007761571792926031,0.0006514900632756929,1.8973746485471205e-05,0.0005353137104894005,-0.0002636641199610431,1.5405364784418803e-05,0.0001234530507416373,4.784844059932789e-06,5.6814021779671354e-08,-0.0065095842886174265,0.0005464006443674066,1.5913164790197664e-05,0.0004970751850505613,-0.0002448307085895068,1.4304985473502673e-05,7.59624280810854e-05,2.944267661960236e-06,3.496322646234194e-08,-0.004944753141016202,0.0004150523713372132,1.2087817819954381e-05,0.000458840933887444,-0.00022599761473559503,1.3204593601449722e-05,0.05986910551770277,0.009054470026579801,7.230862646269751e-05,0.049771712142372165,-0.0014729077435540457,-0.000147422232234821,0.010804134607233515,0.004153886176170457,-5.281411897178484e-05,0.10065723129389309,-0.002995368533288666,-0.00018233862170721277,0.011016604578957446,-0.0031836602706133326,-7.83109698731402e-06,0.1234111961789398,-0.0023618630834999718,-0.00025000545242946263,0.18620018082983816,-0.008874350460185844,-0.0002941678720944938,-0.013672622413747022,-0.0014106621012910379,-2.00880491197229e-08,-0.0924761752430468,0.003941216412586914,0.00022062078104611373,0.02979366536487876,0.002223312338365353,0.00012344345682448,-0.16293111613903344,0.013362723892971448,0.00043648421296508426,-0.12891152993619556,0.004102806065609814,6.749396365966593e-05,0.0203145690534151,0.007116977675124615,0.00026025380411636996,-0.03693893703555391,-0.004722099133416946,0.00010180787774463978,-0.029650105266298837,-0.00043650366667678575,6.267668325529066e-05,-0.006185577946856521,-0.006272155843991668,-3.97223201918183e-06,-0.20714697766654358,0.006346156355093226,0.000350230370828752,0.09816296146976217,0.14625153729892038,0.07860192395663229,0.3981829717276666,0.06561681606150156,0.014753275724381882,0.012327067931147243,0.008706626818777732,0.010070136793898756,0.021772823991952777,0.004973048903601179,0.0014124796838239457,0.0001627054873145472,0.00029148796712366316,0.0001724853129422481,0.000803762543576753,0.00013206055904589766,5.39830151696622e-05,0_1_29_p1
2083.333,-0.2010953424129469,1.7334346735690276,-1.4505566905728033,0.003912683106444892,0.0018486178371273534,0.0016099550325581419,0.4919032044309983,-0.03534783269872429,-0.08298400356596855,0.7241726146280809,0.01263919672139339,0.9079977889541931,0.140062287004113,0.4249114832547836,-0.04724039601673801,-0.18504942256462076,0.6722448342151531,0.01173288713407278,0.8467992678549568,-0.0007797118806944488,-0.0003251398796815264,-0.0007907797614795977,0.008358382286466343,-0.000603816601347461,-0.0010517383992447863,0.00888078127287027,-0.000534172478872381,-0.001922702077219507,0.00888078127287027,-0.0003716020403661173,-0.001922702077219507,0.007313585310989489,-0.0003019255046335002,-0.001612558066471116,0.006791184828589061,-0.00018578531221979068,-0.0012249179462756731,0.006268786340850633,-0.24246449670320208,0.00488470832942709,-0.002104299596565517,-0.42112136115773774,-0.4058374889620795,0.0724955127512892,1.702557129246158,1.4859291583445866,0.05830469189560132,-0.08161968866566358,-0.5254236235470106,-0.45295462683504867,0.00871907452301099,1.7179513491357754,1.5032109622922114,0.35184425499508065,0.09945931181019779,0.008770575271151267,0.0037154482165474944,-2.4596038744986562e-05,-0.023108194630416738,-0.0016351252021946322,-5.218188066854176e-05,0.03925228191166154,-0.004954914681988855,-7.36306944857641e-05,5.4481628026825554e-05,9.313353698878724e-06,-6.683850679288265e-08,-0.00044826124662735643,3.7129778317283903e-06,6.283604011739849e-07,0.0001135504087554643,1.5829719064863578e-05,-2.457586416359219e-07,-0.05500142013246881,-0.002606148345658846,2.418409486770704e-05,0.0028633014003557966,0.001315844597366616,1.2001956867145864e-07,0.019017581974335045,0.0020656962474464584,-5.1043385285825006e-05,-0.00597844312608504,-0.003461373226554722,5.817366644349655e-05,-0.00010434361885636986,-6.041251531701489e-05,1.0153201773432587e-06,-0.05551588734542045,-0.002718239907474704,0.00015276768052830734,-0.09802735407454743,-0.00042338581679693074,0.0001497662534133049,-0.04170589654890055,-0.004749576669031866,-1.3634570386296832e-05,0.019225271596094922,-0.001985597639388582,-4.987328887426426e-05,-0.03296725695621248,-0.009369528355305764,8.888146517244759e-05,-0.03973932793616472,-0.005995414076766984,9.04962872369911e-05,-0.0006935815918188178,-0.00010463986280036015,1.5794561838621549e-06,-0.026063918694649146,-0.00236248712775498,0.00010699505711003435,-0.08488335612978935,0.0046019345150181325,0.0001438807913808566,0.00014616997133388074,6.000496923330028e-06,4.1883715002261503e-08,-0.0025493293482733185,0.0002992615093719233,6.416362666656774e-06,-0.0011452665332972282,-0.00030263608668885695,2.143547598345406e-05,0.0002714532669384664,1.1143622986259966e-05,7.77785591111488e-08,-0.003390602553582043,0.00039801784385706286,8.53375092997583e-06,-0.0012168461190558766,-0.00032155095354338464,2.2775193101574754e-05,0.00024014761671612288,9.858433763020004e-06,6.87931592482869e-08,-0.006198428129378736,0.0007276243416651215,1.5600728843024558e-05,-0.0012168461190558766,-0.00032155095354338464,2.2775193101574754e-05,0.00016706348590432622,6.858136452489622e-06,4.7857233395093034e-08,-0.006198428129378736,0.0007276243416651215,1.5600728843024558e-05,-0.0010021082166350762,-0.0002648068170440226,1.8756038258007983e-05,0.0001357356094482432,5.5722389207019035e-06,3.888369682810394e-08,-0.0051985861337299644,0.000610253976062786,1.3084237673448173e-05,-0.0009305303405867134,-0.0002458917547940335,1.7416326722614753e-05,8.352105726286523e-05,3.4287751330526393e-06,2.393245482268217e-08,-0.003948903318889136,0.0004635560461920736,9.93893041256807e-06,-0.0008589490451177775,-0.00022697710775939993,1.607660402176657e-05,0.07207529659488975,0.009247244282336675,6.204100389840449e-05,0.0440070375129748,-0.0017600038582229335,-0.00013731982281375076,0.029319746495964426,0.004173690165647871,-9.471011667232124e-05,0.09095530416636233,-0.0038452145434973678,-0.00016791656015809688,0.0018357655174672544,-0.00361857605607267,9.90555337854864e-06,0.1219733776988992,-0.002784777044681941,-0.00024167020514445338,0.15866576254299958,-0.0091738001353871,-0.0002673795541928591,-0.014871281489617437,-0.0014251841362301336,2.3303274458412035e-06,-0.07758122024993097,0.004337686089354063,0.00019133512003228521,0.02906128873692252,0.0019752117844262502,0.00011798523115553284,-0.12448679543743517,0.014501874523900933,0.0003730440024046402,-0.11641788099406714,0.00431989757963706,3.7723700268378004e-05,0.038119141498579756,0.007688962839452041,0.00023067909878346743,-0.03532054835833621,-0.00364010226114729,9.955115576912573e-05,-0.030893345892775464,-0.00040894435806118954,6.62402191488991e-05,-0.021728975615631505,-0.005535391317855386,1.7902618572974498e-05,-0.19468831623574206,0.007069075232104628,0.00032241621907826796,0.09350254609785436,0.14896756630296817,0.08939303812097067,0.35565982164441845,0.04638825373976748,0.012022579696205132,0.012965701515899692,0.00907016671247422,0.010297030154223775,0.022949019209707745,0.006405444597157474,0.0015410950665465679,0.00015004441342034844,0.00029915681218698126,0.00017797703813246933,0.0007218685142077592,9.354064712196745e-05,5.72820189672429e-05,0_1_29_p1
2100.0,-0.20357020333497883,1.733382341616736,-1.4470743373427264,0.003918178400261172,0.0018448743552145757,0.0016099964217946886,0.4933928050489975,-0.03540640245776271,-0.08033065330665566,0.7275693041064768,0.012698480070763128,0.9058248635101046,0.13491761138393582,0.4247601248113921,-0.046612963614614575,-0.18837208614678794,0.671269227576546,0.011715859701890324,0.8463614749507069,-0.0011317901693822614,-0.00032583053139981563,-0.0009771859122475978,0.00829321667885188,-0.0006050986703494259,-0.001299658430166576,0.008811543064112656,-0.0005353064442206768,-0.002375929676042895,0.008811543064112656,-0.0003723909291880186,-0.002375929676042895,0.007256565404326834,-0.0003025667884672329,-0.0019926773135869654,0.006738238021735059,-0.00018618025529624195,-0.0015136607297361094,0.006219912135139786,-0.24211731979771936,0.006641259051180745,-0.0013146373444726921,-0.41565468176521214,-0.4035788329451331,0.0756924308461707,1.7053906298975343,1.4858762055537464,0.056655050569180326,-0.07833439457744362,-0.5311148649797456,-0.4560048470143069,0.006627048580411003,1.7116875140446801,1.5027132806586743,0.34446345755326235,0.09317888212857438,0.026608416113948534,0.004669358552224876,-6.390745554035946e-05,-0.02327836465991404,-0.001759779690779774,-6.098892146067441e-05,0.019410304137122553,-0.006014132791002597,-2.8630262765675953e-05,7.326706981257671e-05,8.851609799045056e-06,-1.2043757539079737e-07,-0.0004465994082277433,3.703672122876961e-06,6.236450899846886e-07,0.00012578680528430426,1.6339139457290585e-05,-2.4082839543903456e-07,-0.05397256178867256,-0.002997718114863699,4.929798183008291e-06,0.008951534427418624,0.0014273397389608425,-1.2597638075236382e-05,0.02844582295329206,0.0017584728126603273,-7.712987199925693e-05,-0.0074457694959807995,-0.004008986641702487,5.0113040501142126e-05,-0.00012995336925535728,-6.997016219156936e-05,8.746389343055295e-07,-0.058783455727281136,-0.002496810467656725,0.00015333588843667454,-0.10676856678121827,0.00011126376894343899,0.0001720917382776302,-0.04682780388593882,-0.005002096628669118,-1.3619522842243072e-05,0.013789723035914792,-0.002148661746563562,-3.976749492466545e-05,-0.04852525384113393,-0.009025770658719973,0.0001251893885458135,-0.04853779371123893,-0.006097926962271722,0.00010845297731687574,-0.0008471434955814305,-0.00010642907461640497,1.892858640728503e-06,-0.026470383508728983,-0.0022434050002126302,0.00010597839009968962,-0.0734603158018266,0.004858221283936753,0.00012546049556152694,0.00015884234398607521,6.806527626234728e-06,2.5265331006129095e-08,-0.0018904095679715366,0.0003291092407831069,5.077204519123998e-06,-0.0029420694630189455,-0.00029269871315941204,2.5254907356102013e-05,0.000294988283903359,1.2640425494247867e-05,4.691375245267335e-08,-0.002514238399474079,0.00043771533835766457,6.75266896080946e-06,-0.0031259496593127774,-0.00031099239341756443,2.6833339807314383e-05,0.0002609667588890552,1.1182506683088079e-05,4.1490132715631137e-08,-0.004596330426637215,0.000800196145577002,1.2344697254710416e-05,-0.0031259496593127774,-0.00031099239341756443,2.6833339807314383e-05,0.00018154644175116133,7.779279506619741e-06,2.886200317863598e-08,-0.004596330426637215,0.000800196145577002,1.2344697254710416e-05,-0.0025743107801415783,-0.0002561115480385684,2.2098041057995404e-05,0.00014750354535826153,6.320652386912196e-06,2.345234026026786e-08,-0.003854917124955457,0.0006711194424838696,1.0353425596300946e-05,-0.002390433148413181,-0.00023781767238495447,2.0519614189510494e-05,9.076082547599506e-05,3.8893222356850155e-06,1.4435537555387293e-08,-0.0029282361970814266,0.0005097901539133526,7.864573114746346e-06,-0.0022065512424090665,-0.00021952404097566722,1.894117824909346e-05,0.0850189387201669,0.009444211895667238,4.913353282267798e-05,0.037591775376362574,-0.002033925165234946,-0.0001260919285563322,0.04832607259262063,0.00406626254695017,-0.00013762984074208858,0.07931282166812247,-0.0045830381618835805,-0.00015095537436440195,-0.007798994786557513,-0.00400354988510985,2.8086484872718204e-05,0.11986853626664834,-0.0031579817410119153,-0.00023315539710662409,0.12962640682450283,-0.009446210620266819,-0.0002347766832717373,-0.015878918909322942,-0.001451130870526821,4.304320562729675e-06,-0.061576377758500424,0.004683523599655933,0.00016046997980584404,0.028628243911855377,0.0017101702974330253,0.00010865191781026709,-0.08331240421935845,0.01546379221443731,0.0003013557851435168,-0.10303902955049882,0.004460596697870298,6.586260416067661e-06,0.057319640247461494,0.008256860721516901,0.00019590182669258058,-0.03137593299284801,-0.0026942770721469747,9.427603518709926e-05,-0.03175862684994409,-0.0003806077663000232,6.847049923359229e-05,-0.036696759137871196,-0.004711623494240035,3.946806184761066e-05,-0.17803114233260334,0.007614838227808039,0.0002830495884103766,0.10083106066141001,0.15285356444088022,0.10477008546945847,0.3134717289235196,0.04033448422186528,0.011010668461014748,0.013648735448375937,0.009389064504966672,0.010481625876206813,0.02404148374623124,0.007814722395120039,0.001655510694955545,0.0001794305252922835,0.0003072082830996092,0.00019301619506503857,0.0006285852988868588,9.286530459399172e-05,6.237967251377684e-05,0_1_29_p1
2116.667,-0.20507474845936455,1.7333110758340529,-1.4445772803205983,0.003924193802194545,0.0018408052447299263,0.0016115263275504371,0.49473966865144453,-0.03512946907068676,-0.07718475318047194,0.730631724635872,0.012751929532441702,0.9032381369563299,0.12912148064981077,0.4241825315327232,-0.04624958357102185,-0.19247432796729552,0.6696088559658837,0.011686880753655707,0.8459214874195892,-0.0005947134626345582,-0.0003255617506950085,-0.0011461502398021673,0.008153221326221914,-0.0006045995061833557,-0.0015243805420018586,0.008662798126609689,-0.0005348651252526724,-0.002786748766035824,0.008662798126609689,-0.00037208375123966764,-0.002786748766035824,0.0071340697201083625,-0.0003023169570514474,-0.0023372287452091732,0.006624491922389585,-0.00018602666632206642,-0.001775385816375674,0.0061149156206673095,-0.24151288784314426,0.008165219218165622,0.0004190705080308582,-0.41146087747881754,-0.40187021046063554,0.07844108007196651,1.7074071369393973,1.48591168360945,0.0557480318795179,-0.07539436800450462,-0.534844999611735,-0.45851444248178114,0.004910430991942979,1.707005421985448,1.5021347813047903,0.33676709361204243,0.0877358280114693,0.042223214703757,0.005559596761072929,-9.790698181706806e-05,-0.023724192988801584,-0.0018788548329344052,-6.932435646489359e-05,0.0016100546944205051,-0.00700620627831957,1.2183042402408924e-05,9.01307972349886e-05,8.283595192616295e-06,-1.7084332387591502e-07,-0.00044432891296572013,3.72181947635897e-06,6.152130779822848e-07,0.00013422251584365824,1.6633160777904172e-05,-2.2360777471708457e-07,-0.05256257055327378,-0.0033698003619654056,-1.6703510820275875e-05,0.014599206742989734,0.0015065695943726899,-2.451340949354512e-05,0.03713524084165321,0.001386324302072777,-0.00010304906251427914,-0.007466130435796482,-0.0045211713669959025,3.6671675053601913e-05,-0.00013030813414004108,-7.890945570393867e-05,6.400429562457742e-07,-0.06107832974829647,-0.002212704611856549,0.00015166216161891356,-0.11494787978242646,0.0007247259675121714,0.00019478522606915965,-0.051386334327825973,-0.0051983721268508,-1.6006329346215954e-05,0.008432348414072784,-0.0022904893224355255,-2.959446679246435e-05,-0.0628831409610053,-0.008574767622977581,0.00015992203091762418,-0.05551358607537296,-0.006112325775947981,0.00012071151982774799,-0.0009688936748765556,-0.00010668040202869225,2.1068103904453954e-06,-0.026164605243200197,-0.0021200270057526163,0.0001025127368646523,-0.06264424741678518,0.005010112507655123,0.00010831507836564108,0.00017118046827703067,7.531005148417673e-06,1.1150800280263476e-08,-0.001219458556375435,0.00035699649625628704,3.7499103653057735e-06,-0.004759999282765376,-0.00027306215316802695,2.9087252973069783e-05,0.00031790182117868407,1.3985772095181056e-05,2.069865993572124e-08,-0.0016218730667838315,0.0004748053781229767,4.987365175154988e-06,-0.005057500840791608,-0.00029012860338169163,3.090520815933416e-05,0.0002812370840596458,1.2372660438766395e-05,1.8302972010185233e-08,-0.0029649787260185535,0.0008680012039335661,9.117513014915299e-06,-0.005057500840791608,-0.00029012860338169163,3.090520815933416e-05,0.00019564727734870254,8.607218925639252e-06,1.2731409995188967e-08,-0.0029649787260185535,0.0008680012039335661,9.117513014915299e-06,-0.004165000440988632,-0.0002389295702583227,2.545134329838197e-05,0.00015896116885106808,6.99339896067684e-06,1.0345491842725532e-08,-0.002486712918697769,0.0007279871177637322,7.646807664326557e-06,-0.0038675014475278353,-0.000221862997922495,2.363339648620882e-05,9.781081584719373e-05,4.303316369627459e-06,6.374079088799437e-09,-0.0018889323782829912,0.000552987474221676,5.8085941557556515e-06,-0.0035699998895016047,-0.0002047966209821285,2.1815437810739777e-05,0.09846732921026548,0.009639040417183612,3.4409616688467506e-05,0.030665697113117812,-0.0022926420919320268,-0.00011332311568277632,0.0674286519590519,0.0038335710744962954,-0.00018153377175116834,0.06588842439734545,-0.005195208161416896,-0.00013105773184231723,-0.01766534047817823,-0.004321062869320258,4.648223762640772e-05,0.11699415081449754,-0.0034861458539479978,-0.00022383056880927171,0.09943561166371494,-0.009696786321789398,-0.00019755123305596105,-0.016859240287762183,-0.0014898944724194428,6.097362129819596e-06,-0.044329480324677546,0.004987038941496873,0.000127391843618956,0.027739876736672844,0.001450526732184468,9.736212087498009e-05,-0.04028841507273177,0.016235198084416026,0.00022369999928136444,-0.0889429623349499,0.004531235796424112,-2.5770705316822266e-05,0.0774564558513986,0.008811241756169624,0.00015732600681682906,-0.02531433554235792,-0.0019153969594013635,8.588063610712396e-05,-0.03223707046713451,-0.0003471104628843445,6.932299497723084e-05,-0.051064015470119066,-0.003855658455336185,6.174406560268775e-05,-0.15781325739595586,0.007989775104903745,0.00023484599632248048,0.11562607440385092,0.15713345541627954,0.12321859845920678,0.27563267251720547,0.04846084023658438,0.01227183954723442,0.014313271902728889,0.009635152079922693,0.01062372698769186,0.02500561129617924,0.009139283187168735,0.001757045948341789,0.0002296663721694324,0.0003148089008556467,0.0002167502261934332,0.0005299169814237312,0.00012058411041670362,6.881832646641518e-05,0_1_29_p1
2133.333,-0.2052435307740114,1.7332094782236327,-1.443433513701889,0.0039306310751414004,0.001836180620877642,0.0016146235389744763,0.49587204475278984,-0.0344936147069242,-0.07370057882398719,0.7332386640970467,0.012797429268710194,0.9003004715645361,0.12283361436957738,0.42317802024704076,-0.046196736995933456,-0.19718364616552775,0.6672742207799429,0.011646133798273147,0.8454830627061501,0.0007311598128969726,-0.00032429813231656465,-0.0012845473695028092,0.007934687154583201,-0.0006022532850031747,-0.0017084489489031874,0.00843060550691037,-0.0005327891807738004,-0.0031232482458203314,0.00843060550691037,-0.0003706396159500174,-0.0031232482458203314,0.006942852444590865,-0.0003011435971286067,-0.002619448485256656,0.006446932596267194,-0.0001853045986772413,-0.0019897631124016356,0.005951015241271026,-0.2406237298557157,0.00936280979634457,0.0030549789441303293,-0.40864246295483003,-0.400820695610858,0.08068892352486404,1.7086374948276182,1.4860004615271818,0.055679036520859065,-0.07310959288596937,-0.5365608716952797,-0.46040849722332383,0.0036717384085450783,1.7039482633744147,1.5014473300216842,0.3289473323993791,0.083069754584112,0.05595105648551998,0.0063406783700582425,-0.0001241652965079333,-0.02445727316254206,-0.0019968891523147172,-7.689577218610351e-05,-0.014470212521206552,-0.007881829932477585,4.608734619018606e-05,0.00010470607743735962,7.638545925512055e-06,-2.1750236438777159e-07,-0.0004413292262660057,3.7853230013294944e-06,6.040734431569611e-07,0.00013975513833455072,1.6688775211118697e-05,-1.9621193534024174e-07,-0.05103807318106937,-0.003720638530614369,-3.9940966317498384e-05,0.01975465175703099,0.001541451640999209,-3.5255603669715554e-05,0.044825433084924204,0.0009368692624492718,-0.0001281083427257435,-0.006480573924456544,-0.004982910870431733,1.854545359079627e-05,-0.00011310844864609716,-8.696834611588995e-05,3.2367886245662143e-07,-0.06258525215359889,-0.0018622995128234365,0.0001477904794063528,-0.12233272460716119,0.0014276437254499897,0.00021702005930266896,-0.05554662708153748,-0.005333882567454167,-2.0158967203589022e-05,0.003164905408217296,-0.0024043491399041938,-1.962735616730983e-05,-0.07606999792325467,-0.008023742554224084,0.0001927196196966471,-0.06091368037331783,-0.00602426897941411,0.0001277574536495973,-0.0010631431641945324,-0.0001051435190266745,2.2297846176303613e-06,-0.025399567164763635,-0.0019927222952504935,9.705881687426644e-05,-0.05244330201846149,0.005048178669872531,9.259567469342433e-05,0.00018302790571542548,8.119975918086589e-06,-1.251228794199296e-09,-0.0005455164066310572,0.0003823376755935048,2.45187598399841e-06,-0.006549540218040223,-0.00024383973608234173,3.291279254741076e-05,0.00033990493772582633,1.5079547039500288e-05,-2.3356736052342835e-09,-0.0007255326576747561,0.0005085090679948029,3.2609785826934415e-06,-0.00695888845852026,-0.00025907980049342134,3.4969846181439435e-05,0.00030070128082960117,1.3340307612721072e-05,-2.0732854141474385e-09,-0.0013263590469670145,0.0009296156211583789,5.961468075587708e-06,-0.00695888845852026,-0.00025907980049342134,3.4969846181439435e-05,0.00020918903768217615,9.28033186589412e-06,-1.4431350509787723e-09,-0.0013263590469670145,0.0009296156211583789,5.961468075587708e-06,-0.005730848866211021,-0.0002133599980511054,2.8798693653444658e-05,0.00016996229969706733,7.5402864328364285e-06,-1.1737684505538447e-09,-0.0011124118855542593,0.0007796627692664372,4.999853736505233e-06,-0.005321503190296416,-0.00019811978709342957,2.6741648393507207e-05,0.00010458126858635865,4.639860627538543e-06,-7.124955933507178e-10,-0.0008449978091704071,0.0005922408592628398,3.797937174047761e-06,-0.004912154949816382,-0.00018287982038008076,2.468459545731949e-05,0.1122980305823552,0.009821304106824889,1.863019660242659e-05,0.02345446140012376,-0.002529413421620928,-9.942216545525065e-05,0.08600553900963762,0.003472447215483416,-0.00022548597032411206,0.0509123094568738,-0.0056681380362031625,-0.00010825716175518638,-0.027529295994816436,-0.004561378184191174,6.45936474153947e-05,0.11333052377022267,-0.0037614322913514186,-0.0002134184994522628,0.06842649615822982,-0.009929093939859288,-0.00015639445267380973,-0.018024534367369248,-0.0015484804553872618,7.879132170146986e-06,-0.02576677019179716,0.005229194515248133,9.170670140849885e-05,0.025813436734099023,0.0012313185968210918,8.686704194322065e-05,0.0037855097261170825,0.016812034771504624,0.00014235903617460126,-0.07429867224138464,0.004532157525664639,-5.898549550671922e-05,0.09812399373884759,0.009348192172317407,0.00011659629950340094,-0.01730008994029244,-0.00132477754052649,7.427731598849165e-05,-0.03239495451850401,-0.0003020680232335266,6.867907481675628e-05,-0.06453275322235137,-0.003008141046114846,8.459190952819266e-05,-0.1344425427348531,0.00822405064836357,0.00017959306215761285,0.13350966583322846,0.1613420732407384,0.1433803060834499,0.24755202047585698,0.06275580649748062,0.01522024932966912,0.014900468234699805,0.00980312257615097,0.010719787137836742,0.02580758639819974,0.010310934135902934,0.0018450784578343913,0.0002839664233113895,0.0003218774337651225,0.0002471351331200456,0.00043462649587409154,0.00015314853844219668,7.622328203939095e-05,0_1_29_p1
2150.0,-0.20363435415829967,1.7330305964366026,-1.4440367234273226,0.003937485232446732,0.0018306648817758395,0.001619289053397807,0.4966782043556381,-0.033484356125676455,-0.07008050166263564,0.7352755281606392,0.012832979132245816,0.8971464870732572,0.11624236648144874,0.42175270110272367,-0.04650592955290676,-0.20228628976932728,0.6643476816127978,0.011595055989715278,0.8450588389888364,0.002726053694633979,-0.0003218212607752344,-0.0013746387721632536,0.007628881533689767,-0.0005976535944259187,-0.0018282697913766025,0.008105687034711097,-0.0005287195716236501,-0.003342295544259129,0.008105687034711097,-0.0003678086919032827,-0.003342295544259129,0.00667527202764361,-0.0002988432531744782,-0.0028031618423215794,0.006198465529291278,-0.00018388938598662421,-0.002129314154070596,0.0057216610256009505,-0.23947944811554414,0.010142218987080173,0.006636604008732934,-0.407302112422486,-0.4005127442323154,0.08231064955656313,1.7091503852602574,1.4860899460539285,0.05668944851540962,-0.07149284652795898,-0.5362187577406242,-0.4615996789524896,0.0030806297988141365,1.7024319662001772,1.5006752028432533,0.3210751414959858,0.07853288189729392,0.06729295396322997,0.00692566541705916,-0.0001420238303756008,-0.025481111796933575,-0.002111900361964449,-8.364325758445504e-05,-0.028278020017688824,-0.008558527988659045,7.229828097085633e-05,0.00011670909851193178,6.92163997746015e-06,-2.5950820155344467e-07,-0.00043743365137555585,3.934873802635033e-06,5.906288397274852e-07,0.00014338570813041265,1.6490058026826297e-05,-1.616890465070891e-07,-0.04969530689932683,-0.0040394942968602675,-6.379962097223163e-05,0.024250830774437175,0.0015249843953925074,-4.469857015658206e-05,0.051234207725849884,0.00043684387459960836,-0.00015157684567987736,-0.005018818645532954,-0.005376004260171664,-2.7572239608067084e-06,-8.759615173351478e-05,-9.382912040710918e-05,-4.811822590432589e-08,-0.0634267501858103,-0.0014549966964582672,0.00014223139618293286,-0.12866619847788704,0.0021978888242655667,0.00023810782347974928,-0.05947035491644071,-0.005406732150438923,-2.5396503468604154e-05,-0.0018315057742856616,-0.002478809685195295,-9.926658181907272e-06,-0.08798011932478131,-0.007402099929266377,0.00022360151578174867,-0.06505891143425054,-0.005831555320674701,0.0001305081883875626,-0.001135491264727494,-0.00010178005482661077,2.2777946781899344e-06,-0.024570801345064154,-0.0018635146039248762,9.029778917475314e-05,-0.043109685810230565,0.00497968081248297,7.82569346539566e-05,0.00019397261612193195,8.564231924120753e-06,-1.2111727246026095e-08,0.00010439063588928323,0.0004027576248386992,1.2124546583979086e-06,-0.008252727106105542,-0.00020372153072881015,3.663501398014753e-05,0.0003602291187704788,1.590460437546345e-05,-2.250816147691414e-08,0.0001388430078960789,0.0005356676449433791,1.6125554771904846e-06,-0.008768525328516356,-0.00021645418288086137,3.892470684625778e-05,0.00031868230392500467,1.4070158510093835e-05,-1.991568240806279e-08,0.00025382273445203446,0.0009792648263304094,2.9479473772038567e-06,-0.008768525328516356,-0.00021645418288086137,3.892470684625778e-05,0.00022169727814675444,9.788066972466115e-06,-1.3859120944116284e-08,0.00025382273445203446,0.0009792648263304094,2.9479473772038567e-06,-0.007221139209835352,-0.00017825659279119808,3.2055636622018276e-05,0.0001801248176469654,7.952815100818024e-06,-1.1257569943126104e-08,0.00021287773762781916,0.0008213032029623774,2.472430190860845e-06,-0.00670534355198997,-0.00016552369639481995,2.9765952129999247e-05,0.00011083453396350398,4.893679331959183e-06,-6.920488539919523e-09,0.00016170781842820637,0.0006238714032887054,1.878078369751849e-06,-0.006189546184434301,-0.00015279121521379757,2.747625926388901e-05,0.12649908170326316,0.009985892835936675,2.237442724037146e-06,0.016197471275266304,-0.0027312919579329307,-8.501450664516649e-05,0.10350663702388613,0.0029954571695548554,-0.00026790125030515087,0.03453706848988189,-0.005987010069121234,-8.269712135728248e-05,-0.03716822713708818,-0.0047084253346003435,8.189020579207365e-05,0.10887957428362158,-0.003973123636586192,-0.000201711202430182,0.03713959889317613,-0.010146451924447013,-0.00011195501039547189,-0.019462314378928855,-0.001621123480944845,1.0032290364047088e-05,-0.0065017427023830125,0.005389673467194859,5.283284553324206e-05,0.02295057900356285,0.0011023807466277503,7.94715784393636e-05,0.04820394627706228,0.017188128292034373,5.929742551921613e-05,-0.05938104307043353,0.004452102979283309,-9.268108414314593e-05,0.11906376794054672,0.009854786242667859,7.500749138189785e-05,-0.007485880154184034,-0.0009278759176673459,5.922868190667276e-05,-0.032282765893992905,-0.0002395323896813439,6.77478493568136e-05,-0.077005553957232,-0.0021822640750397645,0.0001073451087770589,-0.10869751150936358,0.008340736568088895,0.00011860503602685944,0.1514620412590428,0.16522487727453178,0.16424980869235872,0.23585018634574195,0.07731429787756178,0.018918030129929098,0.015319137011304072,0.009906828992702885,0.010777326901644865,0.026405679332408394,0.011210428236910513,0.0019103037543679224,0.00033493208183601954,0.00032901082717415987,0.0002810757058251878,0.00035692277598577143,0.00017998457349317068,8.409520259233774e-05,0_1_29_p1
2166.667,-0.20023079356797152,1.732736836579541,-1.44637226219515,0.003944702418236479,0.0018239024789226121,0.0016254455776678423,0.4970464079906178,-0.032157553337651856,-0.06648429113080687,0.7366671858876715,0.012857268131447568,0.8939430898175268,0.10958071699794972,0.41987282491735856,-0.0471588238154893,-0.20766998773189954,0.6608801103241546,0.011534535451238625,0.8446729147766283,0.00530759412720281,-0.000318114680109499,-0.0014104638990551897,0.0072318984166756485,-0.0005907705145215537,-0.0018759167812905473,0.007683892317050626,-0.0005226303671961922,-0.0034293999405711605,0.007683892317050626,-0.0003635720298104416,-0.0034293999405711605,0.006327911613256692,-0.00029540146388954536,-0.0028762158394895552,0.005875916216885214,-0.00018177155360570428,-0.0021848066483050057,0.005423923812506736,-0.23811176123912436,0.01046815423823511,0.011143984620516358,-0.4074847361954322,-0.4009890510678363,0.08325766520869524,1.7090052676156053,1.4861031143138017,0.058950806800703616,-0.07026132076513525,-0.5338455049009884,-0.4620332725945589,0.003252091443195549,1.7024256755348872,1.499806907524372,0.31315771215704635,0.0740842670200906,0.07574112574601512,0.007230126130991449,-0.00015124832729054524,-0.026822936883162406,-0.0022158876039235303,-8.946866063478186e-05,-0.039230463443824894,-0.008963248873821052,9.02848142182724e-05,0.00012601163218713279,6.12496383227228e-06,-2.963025626259236e-07,-0.00043259688097174287,4.231557386410761e-06,5.751849220228452e-07,0.0001461041474878066,1.603573915452764e-05,-1.2341456481413906e-07,-0.04883651771212065,-0.004308453682675414,-8.716662575391641e-05,0.027827822524160207,0.0014536410671711821,-5.250466140971704e-05,0.05588987535773088,-8.000537999833517e-05,-0.0001725828640721382,-0.0035435566553372756,-0.00568305706587108,-2.539672887122562e-05,-6.184791480124163e-05,-9.918818287937186e-05,-4.4325181293052965e-07,-0.06362697350274399,-0.0010130589354520173,0.00013532714709938215,-0.1333518424602418,0.0030073777093202678,0.00025734637198809716,-0.06331964965911523,-0.005414414293976774,-3.10537917531057e-05,-0.006388232471819315,-0.0025032028546024317,-9.066789050964008e-07,-0.09860116276701883,-0.006741832726286891,0.00025222115810625466,-0.06823645160149353,-0.005542669603398843,0.0001301024141219794,-0.001190949992183715,-9.673804591497997e-05,2.270712290553396e-06,-0.02405541430797735,-0.0017365853946507857,8.320266105627733e-05,-0.0347811321980118,0.004815511817246801,6.574433407922411e-05,0.0002043676546709527,8.830702484670137e-06,-2.1077587562744268e-08,0.0007043262661216671,0.0004154488287284907,9.292380089615168e-08,-0.009807677837954332,-0.00015069357166185775,4.0131739978441436e-05,0.00037953345762853726,1.63994433815799e-05,-3.9155156951330105e-08,0.0009367596700198313,0.0005525468574561114,1.2358204663824225e-07,-0.010420661122247054,-0.0001601119992701299,4.2639980574658184e-05,0.00033575974513337577,1.4507868768169485e-05,-3.46457088374893e-08,0.0017125099382639692,0.0010101221172420282,2.2592739798083683e-07,-0.010420661122247054,-0.0001601119992701299,4.2639980574658184e-05,0.00023357805493575876,1.0092566374699786e-05,-2.4104821533315984e-08,0.0017125099382639692,0.0010101221172420282,2.2592739798083683e-07,-0.008581722382485762,-0.00013185708281180324,3.51152769298722e-05,0.00018977784193113852,8.200210179443571e-06,-1.9581416600800637e-08,0.0014362677728097465,0.000847182989889076,1.8948614442083686e-07,-0.007968741662758471,-0.00012243848423250202,3.260704400990572e-05,0.0001167749223580062,5.045941245292353e-06,-1.2042640993585623e-08,0.0010910105870283757,0.0006435300185428012,1.4392690122055306e-07,-0.007355760943031182,-0.0001130202520196914,3.009880690289364e-05,0.1409034626846974,0.010138879788553976,-1.4638661605176088e-05,0.009352493119517075,-0.00288533121280786,-7.063462399776812e-05,0.11921693917550863,0.0023978064938486427,-0.0003073899368415585,0.016846017388397777,-0.006135686719981151,-5.418030938356812e-05,-0.0464262750054596,-0.00475100373978455,9.794558219047659e-05,0.1035788645898438,-0.004100092901929879,-0.00018839710921213695,0.006319131111122871,-0.010354640366395582,-6.559254530204286e-05,-0.021290707625635768,-0.0016984951743672216,1.2609504162474678e-05,0.012848760043152718,0.005422784888998605,1.2094367754958421e-05,0.019516329256046922,0.0010663557342494917,7.543717158434899e-05,0.09237171279932559,0.01735633686861607,-2.385647111045278e-05,-0.04450706536769219,0.004278290802809355,-0.0001262003695482311,0.14005291259136782,0.010307256331959228,3.349257624118699e-05,0.0039409933442433615,-0.0007121071820652989,4.045710412675215e-05,-0.03194875005335414,-0.00016222698416926807,6.648215292437648e-05,-0.08836979563869152,-0.0013748811134196887,0.00012967007514557062,-0.08167403672257424,0.008443140716019362,5.4236856132270214e-05,0.16748399888348803,0.16819538658103866,0.18480782859626227,0.2446453055480051,0.08941723379608572,0.022705061635748765,0.0154674330843747,0.009965591426489081,0.010810712074433132,0.02678008020128755,0.011727106407102809,0.0019417343585028913,0.0003791474080330928,0.0003366935948188828,0.0003157405798948787,0.0003189839682050845,0.00019756639209758214,9.19201801092433e-05,0_1_29_p1
2183.333,-0.19529606360351676,1.7323313178051534,-1.4501883039275842,0.003952145998163484,0.0018157313460302753,0.0016329275548383918,0.4969291797100819,-0.030589405423330482,-0.06295921224064137,0.7373901012638475,0.01286988536594299,0.8908317128026132,0.10304287618493214,0.41751213246435115,-0.048092852721990084,-0.21334160169053226,0.6568942136475816,0.011464968621916137,0.8443402525278708,0.008453992420221592,-0.00031315694770283394,-0.001398209194378687,0.006749377710352289,-0.0005815631547190327,-0.001859617899404423,0.007171214814580307,-0.0005144846662443844,-0.003399604178246614,0.007171214814580307,-0.00035790569372746685,-0.003399604178246614,0.0059057064938892526,-0.0002907972853227843,-0.0028512262152595013,0.005483868392330234,-0.00017893863489696715,-0.0021658239486948144,0.005062033781429717,-0.23650621889758072,0.010346313301818887,0.01647476270417165,-0.40916708299737353,-0.40223570135529224,0.08357640521534246,1.7082233810546632,1.4859766901427693,0.06243410699656586,-0.06907481651836497,-0.5294762187289467,-0.46171647887936046,0.004287131030822757,1.7039015643476172,1.4988177935333509,0.30529437156895717,0.06987035205272353,0.08148554800219997,0.007246525037035512,-0.0001514920649848371,-0.028546648843231867,-0.002303488835939074,-9.420718271137418e-05,-0.047451591684394626,-0.009095139613501117,9.932451447986777e-05,0.00013269488970162353,5.252034608254474e-06,-3.2781775703464587e-07,-0.00042701467688250727,4.737265265070264e-06,5.583725382471314e-07,0.00014892773402788975,1.533939857879312e-05,-8.471091094694463e-08,-0.048824433479807354,-0.004509951613052945,-0.00010889633031674194,0.030243291815170853,0.0013355864266628556,-5.8080874534536605e-05,0.05828187545562273,-0.000588801679321466,-0.00018967580153628379,-0.002494520310726439,-0.005892179962189563,-4.771360377411044e-05,-4.353948218575186e-05,-0.00010283804797705216,-8.327552193032911e-07,-0.06317877893481783,-0.0005634997256231337,0.0001271335315167625,-0.13572057340111848,0.003820707067745285,0.0002730985358029485,-0.06729643493337589,-0.005348132514213226,-3.644653551803486e-05,-0.010355723760955988,-0.0024795286672201233,7.069269622675064e-06,-0.1078132578971332,-0.006055533425618503,0.00027852919256796745,-0.07070067584592238,-0.005160854024478343,0.00012761178284388452,-0.001233959464180289,-9.007410812673653e-05,2.2272430809496536e-06,-0.024131804163630408,-0.001617464456684897,7.668319797438818e-05,-0.027579638414236878,0.004562952534272919,5.5143779281693364e-05,0.00021393604829588597,8.917653465014394e-06,-2.9675685707379117e-08,0.0012428268765872792,0.00041980817474668823,-8.540575116466895e-07,-0.011166111904773138,-8.382238148885031e-05,4.326034162520869e-05,0.00039730162179312607,1.656101100376453e-05,-5.512175751534744e-08,0.0016529650032202155,0.0005583447537103527,-1.135909882057615e-06,-0.011863997692241161,-8.906134902562021e-05,4.596412143810556e-05,0.0003514788215181945,1.465080054821852e-05,-4.876931149549382e-08,0.0030218197542423593,0.0010207213440482621,-2.076574338468217e-06,-0.011863997692241161,-8.906134902562021e-05,4.596412143810556e-05,0.0002445125070805391,1.0191900542413282e-05,-3.3932515403204754e-08,0.0030218197542423593,0.0010207213440482621,-2.076574338468217e-06,-0.00977035229780911,-7.33447639329351e-05,3.785280712168857e-05,0.00019866320629614864,8.280981778319545e-06,-2.7566112564676803e-08,0.002534377076952518,0.0008560725064076419,-1.7416030140217888e-06,-0.009072469929761667,-6.810557657627097e-05,3.5149034985041975e-05,0.0001222417210028244,5.095644965798132e-06,-1.6957534689930718e-08,0.0019251466067412293,0.000650282568172811,-1.3229542810512888e-06,-0.008374584997148785,-6.286687770826031e-05,3.244526284839538e-05,0.15517406140068699,0.010286339565328876,-3.145336500415223e-05,0.003102474482207944,-0.002988573485145783,-5.727189545368687e-05,0.13263895396499953,0.0016844547648161077,-0.00034197139197507354,-0.0020007739316060128,-0.006106326842188341,-2.219370946728422e-05,-0.0552752157025013,-0.004685336210078485,0.00011254203349109425,0.09733661145666127,-0.004134012406088874,-0.00017281734839564862,-0.023111608921862106,-0.010556113017485247,-1.9330216195563865e-05,-0.023471805556136007,-0.001765469362372798,1.5702044878989373e-05,0.03163236303548947,0.005295062227604441,-2.930614822796135e-05,0.016297098658294148,0.0010749090728766376,7.404685890500927e-05,0.13578771970810116,0.017317424863870494,-0.00010585250796933354,-0.029965728043664094,0.004005530975269037,-0.0001587356322440103,0.16082891278975603,0.010687493286522283,-7.237160381560529e-06,0.01675053861738337,-0.0006732038724176877,1.7744766953763046e-05,-0.031542588712849345,-6.984689207982563e-05,6.483136972083908e-05,-0.09828688040251903,-0.0005752705436162123,0.00015113887094008778,-0.05429820004890302,0.008547276580651355,-1.0353386517208409e-05,0.18072545513716,0.16959052251694787,0.20416098253198672,0.2719767492643363,0.0985224917250783,0.026214584012558304,0.01531111513849089,0.009986137867806142,0.010843327025598664,0.026908662719301514,0.011854958280882063,0.0019403830567792067,0.0004145553867617307,0.00034385157195713064,0.000348157747448354,0.00033750314089082647,0.00020418282157115357,9.916288992495535e-05,0_1_29_p1
2200.0,-0.18926414237810582,1.7318457288100053,-1.4550990560601098,0.0039596309673270375,0.0018063025787455015,0.001641503604117191,0.4963725468383983,-0.028847756322730365,-0.05948033121844519,0.7374652122562052,0.012871196357543984,0.8879113670609852,0.09676689709290127,0.414703152192969,-0.04922907702500341,-0.21929259499052128,0.6524140088095827,0.011386774380768287,0.8440269424898594,0.012096117578015328,-0.0003069769861542724,-0.001349406796499922,0.006194371984197101,-0.0005700858695579181,-0.0017947110991847562,0.006581520918874484,-0.0005043313379872826,-0.0032809462237205276,0.006581520918874484,-0.00035084209691189553,-0.0032809462237205276,0.00542007610950434,-0.00028505864274222693,-0.0027517085386417847,0.005032926177495957,-0.0001754070858219318,-0.002090229250801435,0.004645779736146077,-0.2345925536365626,0.0098368152905802,0.02246284375210004,-0.4122314662741791,-0.40419990885812074,0.08340882817521048,1.7067278597811761,1.4856962685905175,0.06695553800749335,-0.06787591245525755,-0.5231252413429611,-0.4606855358288204,0.006260432197719592,1.7067972525762383,1.4977051037486366,0.29763296457799276,0.06606680937106083,0.08447461740102685,0.00702000234584614,-0.00014532733189559174,-0.030721185760503006,-0.0023770549340809376,-9.760269106927283e-05,-0.052940656741144176,-0.008997120628214198,0.00010160893864692956,0.00013682811432206177,4.322855915772369e-06,-3.5466509343755956e-07,-0.0004209973515250594,5.475737987179384e-06,5.41425471171207e-07,0.00015276261420312795,1.4430492165436155e-05,-4.890259911384132e-08,-0.05001732057374727,-0.00463826791028342,-0.00012769496338966397,0.031344978688090566,0.0011821986935296905,-6.091906339615873e-05,0.05811888877389937,-0.0010845965844597596,-0.00020122798456913524,-0.002329313570194285,-0.00599965442694914,-6.81499138999962e-05,-4.065605578559643e-05,-0.00010471381998251865,-1.1894342816756294e-06,-0.0620277976948848,-0.0001279977293550337,0.00011761747596185955,-0.1350914914847571,0.004608610371929527,0.0002834981159007663,-0.0716523065760245,-0.005201918701022691,-4.08160818771604e-05,-0.01362918380446819,-0.0024179890376081793,1.3764734468622938e-05,-0.11557009037314177,-0.005333991842365985,0.00030217415786117595,-0.07275023037660105,-0.004685292612466157,0.00012395179835482308,-0.0012697317325291693,-8.177402644206081e-05,2.1633655132386503e-06,-0.024871057246363987,-0.0015092279496256695,7.141173687021965e-05,-0.021385888052205225,0.00422105851959842,4.652831466758095e-05,0.0002233676650978063,8.82195853777035e-06,-3.752500053010859e-08,0.001716119136681237,0.0004174583000784523,-1.6267935257616223e-06,-0.012284983075794205,-3.949455188945563e-06,4.5920685724866654e-05,0.00041481503912485236,1.6383201133847057e-05,-6.969546757561543e-08,0.0022824435723683583,0.0005552194033044957,-2.1636474409758807e-06,-0.01305279857859328,-4.196459476648269e-06,4.8790737305682476e-05,0.00036697307100018494,1.4493458352887723e-05,-6.166262058731126e-08,0.0041725821512593,0.001015007931906664,-3.955403585064778e-06,-0.01305279857859328,-4.196459476648269e-06,4.8790737305682476e-05,0.00025529137558914165,1.0082479084002537e-05,-4.290046924272355e-08,0.0041725821512593,0.001015007931906664,-3.955403585064778e-06,-0.010749365747878367,-3.456032799924603e-06,4.0180607685508574e-05,0.00020742205209987137,8.192027994495448e-06,-3.4855758958545656e-08,0.003499515373182206,0.0008512806769599622,-3.3173641301397955e-06,-0.009981553664499872,-3.2088819656257697e-06,3.73105651766249e-05,0.0001276298729744097,5.040934236592755e-06,-2.1440464848289502e-08,0.0026582763620792383,0.000646642594970366,-2.519918964242925e-06,-0.009213738161700801,-2.962244044413431e-06,3.444051568933184e-05,0.16907437191742886,0.010426293640667609,-4.720638088278354e-05,-0.0023996801165040446,-0.0030452656464524,-4.521003522294486e-05,0.1435608961596048,0.0008756269270319215,-0.0003703898341972451,-0.021666006130881696,-0.005901784308579397,1.3580888274628615e-05,-0.06374272088921926,-0.004517386850000822,0.0001258851980645981,0.0902125188221745,-0.004083384855841375,-0.00015419508833816172,-0.05034481301478381,-0.010745937729902746,2.425124740292035e-05,-0.025808723062835874,-0.0018111133758004767,1.9030504679973016e-05,0.04905464938946254,0.005012484486434938,-7.012148341532317e-05,0.013519632408075574,0.0010713034404265418,7.305965613456827e-05,0.17789502802232648,0.017070315404560714,-0.00018572252985527175,-0.016025503485401674,0.003640221134861136,-0.00018958071373065242,0.18098848207305657,0.010978331957010872,-4.636922856775658e-05,0.030758232617872264,-0.0008079878326954127,-8.990415245654173e-06,-0.031164243503871064,4.007526720087568e-05,6.300946684841037e-05,-0.10633884050381956,0.00020084907089893105,0.00017039629604569334,-0.027047561185322033,0.008639900794945442,-7.277123359176613e-05,0.19084282388716503,0.16873861457275097,0.2218144102850025,0.3115730495789295,0.10432010675264866,0.029232085422856283,0.014876989965913637,0.009965753814514906,0.010897153961206217,0.026785316909501818,0.011656725938438084,0.0019200729065275122,0.00044118657765276475,0.00034854573097912957,0.00037611304013231584,0.00040246496602977435,0.00020241323186280194,0.00010544418827789272,0_1_29_p1
2216.6670000000004,-0.18238792909768353,1.7313271331453741,-1.4609050464085125,0.003967018198052478,0.0017959871842007148,0.0016509084354579377,0.4954747609404789,-0.02697206294358407,-0.05607824468333672,0.73692633985499,0.012861791027537737,0.8852441648713972,0.09088736604980246,0.4115453509159487,-0.0504960085370331,-0.2253504164033663,0.647497429770683,0.01130096352276473,0.8436498052624367,0.01598897274682656,-0.0002997228991174833,-0.0012682629489162015,0.005585933750990361,-0.0005566144210600247,-0.0016867894128859378,0.005935055451925288,-0.0004924137311891646,-0.0030836522104130864,0.005935055451925288,-0.00034255178296492246,-0.0030836522104130864,0.004887692842448003,-0.0002783221704950294,-0.002586239357580709,0.004538570642847573,-0.00017126217818119556,-0.001964537120724311,0.004189451435240146,-0.2322840714614647,0.00898735606365205,0.029004221599513155,-0.4165123270849977,-0.4068215908661544,0.08288711834452833,1.7043900251573836,1.4852506147233164,0.07224380884654909,-0.06667574028578215,-0.5147734399451058,-0.4589886619035165,0.009288714086945898,1.7109846490109506,1.4965309075637516,0.2901318675748205,0.06273652368671744,0.08526230401164436,0.006649372180116203,-0.00013393976116491887,-0.033340632037385014,-0.00244313399105327,-9.938553718032318e-05,-0.05641505048621374,-0.00875787444403502,9.831357046302208e-05,0.00013840959633815598,3.3642702063422376e-06,-3.77296772759752e-07,-0.00041478682890510525,6.412244009465812e-06,5.258377982342086e-07,0.00015827130074999373,1.335110321196608e-05,-1.889194975826297e-08,-0.05270382339782092,-0.00470561041873387,-0.0001423528665629055,0.03125084887849272,0.0010012211212401026,-6.073674826517301e-05,0.05543801175152742,-0.0015762676683841919,-0.0002063484301038776,-0.00354798822440326,-0.006010154539407531,-8.521018194082931e-05,-6.192570661933287e-05,-0.00010489707650092343,-1.487191842648408e-06,-0.06014363797286926,0.00027995016070166975,0.00010658768269519074,-0.1310535020016187,0.005352834339626481,0.00028670993647456414,-0.0766111631172035,-0.004982847782122127,-4.325872821696957e-05,-0.016297030269882606,-0.0023288505317997196,1.9039132087440065e-05,-0.12198370691360211,-0.004569076252459127,0.0003231229714407342,-0.07467831255590651,-0.004117938198452872,0.00012014752338941568,-0.0013033831052661855,-7.18718240956766e-05,2.0969701354387107e-06,-0.026111269121066087,-0.0014070548568283726,6.752952982069564e-05,-0.01578699291628613,0.0037976508673586724,3.9254562298818985e-05,0.00023292494560586972,8.538439723209652e-06,-4.718311905309851e-08,0.002137185731472947,0.0004105572254733094,-2.2381510325849786e-06,-0.013124825253592152,8.670578346456963e-05,4.803522679717605e-05,0.0004325643964762764,1.585658594081267e-05,-8.762579252718267e-08,0.00284246088680427,0.0005460410190206121,-2.9767521574259263e-06,-0.013945130571932918,9.212478349463129e-05,5.103743758754673e-05,0.0003826759051372709,1.4027611148363583e-05,-7.752663853406784e-08,0.005196360090935421,0.0009982286885968953,-5.441856414164351e-06,-0.013945130571932918,9.212478349463129e-05,5.103743758754673e-05,0.00026621471461705154,9.75836686232607e-06,-5.3937521450787605e-08,0.005196360090935421,0.0009982286885968953,-5.441856414164351e-06,-0.011484227439737784,7.586736818909095e-05,4.203083382791291e-05,0.00021629715820315566,7.928757034627268e-06,-4.382580632086551e-08,0.004358151541317344,0.0008372080271577351,-4.564045792814945e-06,-0.01066392468596245,7.044851470562574e-05,3.902863210947436e-05,0.00013309154248836502,4.87887812575452e-06,-2.695550174765231e-08,0.003310506046025375,0.0006359528512166165,-3.4669121400816436e-06,-0.009843620222476831,6.50291483090739e-05,3.602642062126273e-05,0.1824964140622842,0.01054606001869152,-6.120741964407232e-05,-0.007104278801962965,-0.0030661897892614275,-3.4702347003353705e-05,0.15192015189431432,-2.8773935652793583e-06,-0.0003923619687004518,-0.041709622007616826,-0.005539573000550257,5.2847077999085635e-05,-0.07193210066460129,-0.004257442351317189,0.0001383607202569976,0.08234957488687206,-0.003971686527391677,-0.00013239113978055506,-0.07473781816761374,-0.010902501738383929,6.294078813507396e-05,-0.028006189759631282,-0.001833802354841792,2.212962603649758e-05,0.06440313324660209,0.004606224104856593,-0.0001083967013304562,0.011247282965245596,0.0010494166330278286,7.169249851525093e-05,0.21799297111074978,0.0166068595473915,-0.00026226635154916753,-0.002909107958382791,0.0031916435185572528,-0.00021811646999219536,0.20004080963471277,0.011164484700219066,-8.273420322881968e-05,0.045813844812445145,-0.0011072172727871954,-3.9963144400213056e-05,-0.030943937929898163,0.00016664660968734453,6.108466384109941e-05,-0.11198091009877804,0.000926101116266611,0.0001863383709900944,2.6192761607285453e-06,0.008705390221688392,-0.00013216099742333447,0.19851121472610114,0.1652708272046275,0.2375608226843817,0.35704566797555926,0.10753665610629172,0.03163582736635925,0.014270327854731498,0.009911039531251567,0.01098275511977794,0.026413030944021997,0.011264264270362673,0.0018987192680325158,0.00045897554246277156,0.00034837837381355996,0.0003986207666310438,0.000491452060376711,0.00019360610004303858,0.00011050212950442493,0_1_29_p1
2233.333,-0.1746946274613027,1.7308179487947348,-1.4676250003610034,0.003974176541313159,0.0017851900787823772,0.0016608283882607728,0.4943356673161754,-0.02498180565367138,-0.05281531674014828,0.7358233680635512,0.012842540544553742,0.8829069451021672,0.08553249893181111,0.4081640542442245,-0.0518587007797992,-0.23128838306448396,0.6422611777219848,0.011209573595140803,0.843145568670895,0.019892479410729972,-0.00029158019015867895,-0.0011535923237326713,0.004937806730593266,-0.0005414933870862464,-0.0015342770575261671,0.005246420336920409,-0.00047903653047087893,-0.0028048413477274985,0.005246420336920409,-0.0003332456873932887,-0.0028048413477274985,0.004320582011266484,-0.00027076140417539,-0.0023524026377260113,0.0040119679062738415,-0.00016660962906087922,-0.001786912469421345,0.0037033562946087017,-0.22950564392663692,0.0078040013881833705,0.03599448466657069,-0.4217800065295384,-0.41005510652078836,0.08217766394487466,1.7010200082992821,1.4846420303811185,0.07806544083570775,-0.06571667288583224,-0.5044703519662074,-0.45663383824478526,0.013381557558764159,1.716312275029977,1.4953043953838712,0.28294923880559764,0.060031152143719596,0.08503608882406243,0.006163113721444894,-0.00011984221937658512,-0.03637201249155643,-0.002512120776736216,-9.950621271947019e-05,-0.059182495269582774,-0.008393766920750226,9.23128690722967e-05,0.00013750601445112435,2.3930326407834932e-06,-3.9584538477861516e-07,-0.00040847372366789185,7.4738519759441754e-06,5.128370216385949e-07,0.00016578975174001386,1.2151277380946097e-05,3.2756653429859393e-09,-0.057043486986942296,-0.004735350462821357,-0.00015192451003306684,0.030261793445048833,0.0007980666281404134,-5.796829046101415e-05,0.05040739952442999,-0.002064626384021736,-0.00020517063371545396,-0.0065968051589428015,-0.005933762143613541,-9.739388450076094e-05,-0.00011513787475756722,-0.00010356374672086937,-1.6998379319782596e-06,-0.057533213837176425,0.0006515497810136167,9.390639024017926e-05,-0.12343169218586841,0.006037077420580755,0.0002817267339205789,-0.08223706483682658,-0.004710830408486461,-4.295145559486555e-05,-0.01855847432564273,-0.0022229829748906488,2.3208094537775935e-05,-0.12710228800927595,-0.003780034110252278,0.00034164921416846526,-0.07665753729904667,-0.0034669759960162857,0.00011719958787550832,-0.001337927801628525,-6.051033516990209e-05,2.0455190212348293e-06,-0.027596885116763135,-0.0012974429122671286,6.455864022495374e-05,-0.01046351843002802,0.003332321656202825,3.205114950481437e-05,0.00024290965368585024,8.085586316871774e-06,-5.962492506078438e-08,0.0025300215899946854,0.00039995128194808836,-2.7405839437424154e-06,-0.013664221752248502,0.0001850614351315774,4.9543536702161314e-05,0.000451107059401179,1.5015628299174177e-05,-1.1073270152524675e-07,0.0033649329633229945,0.0005319350787166405,-3.6449843981901887e-06,-0.014518239138041504,0.00019662762522765147,5.264001533506659e-05,0.0003990797204923008,1.3283667353333891e-05,-9.797058652897396e-08,0.006151501711113114,0.0009724412992990289,-6.663463256408281e-06,-0.014518239138041504,0.00019662762522765147,5.264001533506659e-05,0.00027762617593209127,9.240886407114348e-06,-6.815812399858137e-08,0.006151501711113114,0.0009724412992990289,-6.663463256408281e-06,-0.011956199803489661,0.0001619285420263446,4.335060455862449e-05,0.00022556977194832233,7.508192728293648e-06,-5.537926081989852e-08,0.005159221764066697,0.0008155803141408993,-5.588599103552554e-06,-0.011102184127406952,0.00015036240077913635,4.025413220628765e-05,0.00013879684571831282,4.620150110365005e-06,-3.406650086248373e-08,0.003919009889364407,0.0006195242206379828,-4.245174356550874e-06,-0.010248167596469092,0.00013879581989214023,3.715765427122333e-05,0.1956028436880362,0.010628271633269487,-7.320188379311506e-05,-0.010964599466282593,-0.003055497407668949,-2.5682098359942447e-05,0.15759369127168274,-0.000939993440482361,-0.00040812845849183196,-0.061661496540027214,-0.0050447379267674645,9.489518687931198e-05,-0.07997198337242954,-0.003914564642616465,0.0001505558708974483,0.0739183788175331,-0.0038208649472781368,-0.00010759491280258765,-0.0959267082713433,-0.010996140201669478,9.495314256886162e-05,-0.02993771102118105,-0.001832488882125471,2.4179188348101787e-05,0.07758494998292345,0.004117035373723253,-0.00014228124575219378,0.009391886554255213,0.001009418840127413,6.944799224528244e-05,0.2553132932201742,0.015911103765848714,-0.00033378178479077654,0.00918311554073854,0.0026684781300924587,-0.00024393216930106206,0.21755636324944344,0.011223579834910567,-0.00011484311442340177,0.06176266779144371,-0.0015513827862982782,-7.54102426005576e-05,-0.030891958462876876,0.00029954209725458327,5.914725294163731e-05,-0.11448593657922201,0.0016064086395341363,0.00019743435865637627,0.02688411801095185,0.008746956160864652,-0.00018902158752419663,0.2050117693764515,0.15917985358385323,0.2514288496353129,0.40381446371728436,0.10980364605259098,0.033398421578894194,0.013546055686878045,0.009843901122748385,0.011098640006189155,0.0257963810493141,0.01071215449379178,0.0018877178297802442,0.00046949944253005157,0.0003414847620014256,0.00041543582488508317,0.0005881439056255378,0.0001810683004209914,0.00011417422753914236,0_1_29_p1
2250.0,-0.1661580864527823,1.7303321229334743,-1.4753024110238777,0.00398101374399147,0.0017741989924843179,0.0016709009327067826,0.4930139249856505,-0.022900326486408433,-0.04978499979701415,0.7342310827443402,0.012814749916206984,0.8809852124306807,0.08081499763271457,0.4046720762713212,-0.05331080175215546,-0.23690687319001005,0.6368912878071233,0.011115851408970711,0.8424932792895644,0.023613243120632562,-0.0002827986906936446,-0.0010020568540885166,0.0042569363360977575,-0.0005251850305556114,-0.001332734414153871,0.004522995823268275,-0.00046460914020839334,-0.00243639735597649,0.004522995823268275,-0.00032320904686332006,-0.00243639735597649,0.0037248203537497276,-0.0002626067272445719,-0.002043391096329415,0.0034587603679137094,-0.00016159155812864526,-0.0015521836369861283,0.0031927033740706953,-0.22623806393299367,0.006274624217865804,0.043332186937164244,-0.42782074067034087,-0.41384474092297463,0.08141821683279236,1.6964594574785006,1.4838860659488915,0.08419191801600578,-0.06538333644131784,-0.49235274838776893,-0.4536331136084513,0.018504403099322865,1.7226238737987136,1.4940413330174598,0.2761796771104443,0.05820160177933753,0.08539911417400838,0.005539544399539591,-0.000107362570152903,-0.03979964053112742,-0.0025936411554448625,-9.800525596440213e-05,-0.06282486463099408,-0.007872105173634564,8.820603819165908e-05,0.00013428064599343683,1.422723203666456e-06,-4.106130946184668e-07,-0.0004020648746545681,8.585481180553198e-06,5.031007449310273e-07,0.00017538550072955007,1.0892051329645997e-05,1.6623268882668532e-08,-0.06305993013388113,-0.004750887308513962,-0.00015585535450215134,0.028790168008634976,0.0005745183199384996,-5.353907870205306e-05,0.04336519431902623,-0.0025448907693955045,-0.00019812445146223082,-0.011760972260016458,-0.005783543089829811,-0.00010338341415597618,-0.00020526952684769042,-0.00010094193041916352,-1.8043745038528122e-06,-0.05430834034061948,0.0009737933381945268,7.956782954583176e-05,-0.11250821723599023,0.006645624226496873,0.000268141614636369,-0.08841260251001903,-0.0044100859941087435,-3.955619008561047e-05,-0.020637606844297902,-0.002103483287247187,2.6860059438826474e-05,-0.13080260629117896,-0.0029932100728993416,0.00035768008797600314,-0.07867760274668323,-0.002751132559634924,0.00011573442268409255,-0.001373183737470521,-4.80164806961728e-05,2.019948733740678e-06,-0.02911912567138884,-0.0011732377843944144,6.175711453030624e-05,-0.005425580949203097,0.002859847297086054,2.4017450452729984e-05,0.0002534277913755834,7.480177904008573e-06,-7.610513655203522e-08,0.002922861722792142,0.00038528277368617614,-3.2184151706217164e-06,-0.013909843006450592,0.00028909911354418856,5.043713457895477e-05,0.0004706404994377851,1.3891469360599843e-05,-1.413386091973042e-07,0.0038874093141174396,0.0005124259165661196,-4.280500460298759e-06,-0.014779211026061423,0.0003071676738063207,5.3589462119628335e-05,0.00041636061722490406,1.2289128878997469e-05,-1.2504611691723048e-07,0.007106651879842245,0.0009367762053607572,-7.825264432789595e-06,-0.014779211026061423,0.0003071676738063207,5.3589462119628335e-05,0.00028964714896468453,8.549015502560509e-06,-8.699354864121231e-08,0.007106651879842245,0.0009367762053607572,-7.825264432789595e-06,-0.012171118935200956,0.0002529614556824055,4.413250392204037e-05,0.00023533734682176918,6.946088834573794e-06,-7.068430817872772e-08,0.0059603005353674925,0.0007856682487740337,-6.562990910131846e-06,-0.011301750915590133,0.0002348929442691388,4.0980179172730564e-05,0.00014480647737946556,4.274275719169785e-06,-4.348316642239819e-08,0.004527518006979158,0.0005968027326768281,-4.9853379472424675e-06,-0.010432382895979305,0.00021682406648938196,3.782785302773889e-05,0.20870295935369587,0.010657488872375444,-8.372774239493885e-05,-0.014027352249377161,-0.003008905994921979,-1.8127025375560954e-05,0.16055925557347484,-0.001927166580597242,-0.0004176805345022116,-0.08108609385515483,-0.0044513647752299655,0.00013883999392108723,-0.08796200665399394,-0.0034918849850171904,0.00016313033995584314,0.06510597890361473,-0.0036585012839835795,-8.013088389890331e-05,-0.1137760520449549,-0.01098746957691659,0.00011927829481587029,-0.03180632349269377,-0.0018076884108789977,2.480681252709283e-05,0.0888802783718179,0.003572408456081573,-0.00017169501919600265,0.0077006693479139115,0.0009905249538605591,6.6430896507795e-05,0.2891982311893064,0.014977230355463235,-0.0003983644495855565,0.02002376785000621,0.002070262761502664,-0.0002667677423915879,0.2333811886349751,0.011149888415004592,-0.0001413683979332431,0.07828772554181399,-0.002118855536687906,-0.00011543139293486227,-0.030882296035187294,0.00043899024489470705,5.703082839664726e-05,-0.1131873825506634,0.00222430064860935,0.0002015731122705312,0.05322490377016519,0.008749405736067093,-0.00024419070610803503,0.2118069491394135,0.15104723961826347,0.2636910434664533,0.44910689115703323,0.11324395856532125,0.03458816589785183,0.012711964377539348,0.009782556116630871,0.0112405318103929,0.02494460486219364,0.009969140426027836,0.001891710662485961,0.00047491504700724403,0.000326667517510688,0.0004263753660773247,0.0006839049443314445,0.00017003669847935623,0.00011646758179298753,0_1_29_p1
2266.667,-0.1569188474634754,1.729847079977049,-1.4837906607666573,0.003987438550300812,0.001763179482252726,0.0016807470830155333,0.49152758913068356,-0.02076946198129657,-0.047070161089488,0.7322501091100517,0.012780175442390478,0.8795332161780797,0.07679312772559596,0.4011593493256049,-0.0548415487566031,-0.24207654441840326,0.6316105921956867,0.011023685557827895,0.841714122423572,0.027006023560169373,-0.0002736072881871419,-0.0008144334608336259,0.0035443243864944807,-0.0005081157104711068,-0.0010831952163517307,0.003765845564481606,-0.00044950855152013836,-0.00198021017740722,0.003765845564481606,-0.0003127041594283166,-0.00198021017740722,0.0031012850225132353,-0.000254071568536819,-0.0016607894923517284,0.002879763345860609,-0.00015633961307664405,-0.0012615553992680372,0.0026582446612009878,-0.22246454639978577,0.004459593496863829,0.050983177304487266,-0.4344565637689,-0.4180951382583633,0.08069613472666777,1.690629300303944,1.482999029783168,0.09055274853361708,-0.0660013141455505,-0.47864793640358094,-0.4500326364945997,0.024577081752091907,1.7297371501647794,1.4927778602493422,0.26987332131078073,0.05743641153668515,0.08669808537187731,0.004703046439488757,-0.00010214453016789482,-0.04360818603880506,-0.0026915063645036627,-9.493079211943507e-05,-0.06756076041812416,-0.007112002393763065,9.157733495835868e-05,0.00012889420373214243,4.625499061122665e-07,-4.220583837727624e-07,-0.0003955525881688416,9.69950397956492e-06,4.968480901646971e-07,0.0001870431603260142,9.643694150888913e-06,2.1027343015513588e-08,-0.07065635331642492,-0.004766024301819113,-0.0001540202317310755,0.02707635869055239,0.00033362749216032635,-4.868460407375151e-05,0.03467418212582191,-0.0030065049510672754,-0.00018611431101445215,-0.019078604099067392,-0.005575625441566422,-0.00010232102670117534,-0.00033298659504677505,-9.731309475802079e-05,-1.7858328702433152e-06,-0.050637512851468315,0.001229797418729285,6.392647938205518e-05,-0.09877757152935548,0.007164386427086823,0.00024680525369857534,-0.09494967210122086,-0.004099908399765401,-3.3315497708567585e-05,-0.02259319398785596,-0.0019686183843995887,3.0635129761157346e-05,-0.1328355082436559,-0.002229117977164754,0.0003705413459315737,-0.080653849174502,-0.0020002773096162245,0.00011580217606034898,-0.0014076762876690744,-3.491160019006371e-05,2.0211287827596255e-06,-0.030629018698316145,-0.0010364984528851387,5.856292979258802e-05,-0.0009202977245150248,0.002403137639194351,1.5302507217830894e-05,0.00026466571709642464,6.7705504368956605e-06,-9.720296150185762e-08,0.00332637130263979,0.0003658981272934627,-3.7671184248909154e-06,-0.01388006840179086,0.0003979850418439723,5.0767456189259684e-05,0.0004915117877744912,1.2573551397567384e-05,-1.8051749274038235e-07,0.00442407882486496,0.0004866442670099331,-5.010272501645999e-06,-0.014747576256608705,0.00042285893293513753,5.394042656259426e-05,0.0004348246334765738,1.1123204160538684e-05,-1.5970857393712872e-07,0.008087746902186738,0.0008896443043429909,-9.159377190371415e-06,-0.014747576256608705,0.00042285893293513753,5.394042656259426e-05,0.0003024913475007896,7.737928942090843e-06,-1.1110465074293259e-07,0.008087746902186738,0.0008896443043429909,-9.159377190371415e-06,-0.012145066369837473,0.00034823664905082424,4.4421536377818565e-05,0.0002457725635625503,6.287093216408539e-06,-9.027549455260072e-08,0.0067831379346442915,0.0007461390386146042,-7.681903480566304e-06,-0.011277558515019631,0.0003233628068085245,4.124856391096121e-05,0.0001512272943648023,3.868732438934956e-06,-5.5536972870923936e-08,0.00515255560365508,0.0005667758724763621,-5.835275406016345e-06,-0.010410053224767218,0.000298488524926436,3.8075591444103834e-05,0.22196131725503065,0.010629422243868659,-9.381885307345118e-05,-0.01642247000397855,-0.0029159229857118048,-1.1751648302624696e-05,0.16070899285532392,-0.002954221253312978,-0.00042131501499866725,-0.09961153999746014,-0.0037879485545693563,0.00018382686170694432,-0.09582975573005953,-0.002994846119098034,0.0001766227440935964,0.0560619457302127,-0.0035063313286394565,-5.041468643179827e-05,-0.1282738191120122,-0.010841964292093699,0.0001355745582283491,-0.033711020254684795,-0.0017628000405494968,2.4866480718288397e-05,0.09839833898073758,0.002997426584835223,-0.00019749105055599228,0.00591057874078154,0.0010549984219017055,6.323849266013745e-05,0.3192562767496638,0.013813922934786097,-0.0004544779884057103,0.029292809155527278,0.0013975549004638184,-0.00028628171545750557,0.24767995140853355,0.010943812906302856,-0.00016182691335764077,0.09483509843085866,-0.0027900382384524365,-0.00015955499519795363,-0.03065620223703481,0.0005850314750439875,5.4067584346178856e-05,-0.10775139886921489,0.0027739522338154636,0.00019679960603224899,0.07840793869156062,0.008673376971226845,-0.00029714998785733426,0.2192756474686401,0.14188473854850886,0.2745248700267291,0.49130049972959755,0.11824929727372219,0.035290073236674636,0.011724447058264179,0.009735996670178791,0.011411163275958258,0.023873809502601904,0.008941119486183478,0.001913890686421488,0.0004774017971014594,0.0003042206799981511,0.0004317944190157784,0.0007743609539195015,0.0001668298356025443,0.00011756350207083553,0_1_29_p1
2283.3329999999996,-0.14718492382028978,1.7293347086551958,-1.492860325061837,0.003993350229810068,0.0017522612011177502,0.0016900357252946476,0.4898733201884173,-0.01862049541984852,-0.04472891409767522,0.7299786373897406,0.012740531036429678,0.8785241715243317,0.0734133659462825,0.3977159558337567,-0.056449778905194765,-0.246739090784675,0.6266500074223585,0.010937106754953466,0.8408585625229099,0.030002578854252945,-0.00026416405960285146,-0.000594290594290076,0.002800917348903515,-0.0004905786421470677,-0.0007904052636886696,0.0029759753688750478,-0.0004339940704664104,-0.0014449545970676013,0.0029759753688750478,-0.00030191154199948417,-0.0014449545970676013,0.0024508038022879514,-0.00024530253570929895,-0.001211874352777268,0.0022757447849854175,-0.00015094355369497817,-0.0009205539673443862,0.0021006887596758863,-0.21818460064016074,0.0023870269780925765,0.058806006805975655,-0.4415450689262248,-0.4227130879715881,0.08005966949766699,1.6835900209115082,1.4820202087467447,0.09706980596590192,-0.06754275154099934,-0.46361938543220393,-0.4459213324259504,0.0315007964121019,1.7374315463719334,1.4915465514060111,0.2641881062506199,0.05777156013162862,0.08919175339202523,0.003660736632486976,-0.00010528148845984378,-0.0477478596864482,-0.002801523168461015,-9.038339960266495e-05,-0.0734400241052766,-0.006121568543036413,0.00010326176094167675,0.00012160057964494931,-4.787188805469988e-07,-4.303480362246941e-07,-0.00038888557290208103,1.0794988634171807e-05,4.940595177934663e-07,0.00020075845625368603,8.47838004324715e-06,1.666304581589035e-08,-0.07972341714225725,-0.0047854636833654625,-0.0001467284687856548,0.025271482508852312,7.896863610432504e-05,-4.4035495658159056e-05,0.02454319037877324,-0.003438977194159046,-0.00017013206485670066,-0.02849041476215998,-0.005329074251514436,-9.413397221901474e-05,-0.00049725470463076,-9.300997378385462e-05,-1.6429408671274832e-06,-0.04680290452016456,0.0014075778327809299,4.748906577742975e-05,-0.08287887298171431,0.007588808523713539,0.00021902554458521682,-0.10166794277269617,-0.003794581595450257,-2.472566060490654e-05,-0.024415058705829436,-0.001815375781245412,3.4675077473186004e-05,-0.13282830608906915,-0.0015004280219261907,0.0003794424131132758,-0.08248589607209379,-0.0012514905648012737,0.00011718683762380665,-0.0014396521443241828,-2.1842770146591396e-05,2.045297107817906e-06,-0.032170441347514026,-0.0008968688561345464,5.4927311117568466e-05,0.0026650382662669354,0.001978423499626065,6.489039310701353e-06,0.00027623960088879267,5.9915575809688e-06,-1.2373347812086138e-07,0.003750206773242378,0.0003415643581066042,-4.414474056281354e-06,-0.013591571032994628,0.0005120233530666718,5.058756954472342e-05,0.0005130071203661957,1.1126892249873503e-05,-2.2979064539003782e-07,0.004987778000405366,0.000454280330543956,-5.871260271605683e-06,-0.014441048283118731,0.0005440246355562019,5.3749299096297286e-05,0.0004538400312960163,9.843388312488523e-06,-2.0329781218145598e-07,0.00911825853583084,0.0008304792425007238,-1.0733362301313042e-05,-0.014441048283118731,0.0005440246355562019,5.3749299096297286e-05,0.0003157202308516199,6.847609522004125e-06,-1.4142723499589003e-07,0.00911825853583084,0.0008304792425007238,-1.0733362301313042e-05,-0.011892631065283881,0.000448020153052362,4.426413626169027e-05,0.0002565198024308308,5.563714793696236e-06,-1.1491067519556114e-07,0.007647422130714739,0.0006965176284469644,-9.001993124584578e-06,-0.011043155524870073,0.0004160188949872646,4.1102404616593615e-05,0.0001578421634677894,3.4236215777569556e-06,-7.069477579273374e-08,0.005809075805568121,0.0005290829400147529,-6.83803305087038e-06,-0.010193680839311403,0.00038401722170681144,3.7940679949906295e-05,0.2353932517836105,0.010539983170991625,-0.00010412774874192928,-0.018326717112163327,-0.0027793081455359113,-6.1487022873153305e-06,0.1580131798038789,-0.0040225641105565285,-0.0004188065629566474,-0.11693529232813454,-0.0030737407735957735,0.00022907957548571454,-0.10341432976545473,-0.002435870384593813,0.00019099720242341618,0.04688969967262816,-0.003375007675437405,-1.886678840555663e-05,-0.13944256568033936,-0.010537560658060609,0.000144024951360949,-0.03570099480125866,-0.0017003209007100757,2.4583919341491018e-05,0.1058895098334072,0.002389546639204594,-0.0002199823996491312,0.003863906781648067,0.00125458008456439,6.090518124646376e-05,0.34542364830410915,0.012445494732056292,-0.0005013550393101567,0.036708474927617724,0.0006558649432330747,-0.0003017672272731651,0.26078659731263704,0.01061166839242162,-0.00017665760613312314,0.11067849383467872,-0.003542492214136737,-0.00020662511635785715,-0.030078716812589456,0.0007357806855634712,4.9440893372739095e-05,-0.09802538705286158,0.0032567374648862345,0.00018212321914619464,0.10207851602059725,0.008486689552762834,-0.000346701027745215,0.22759906476465758,0.1331142585464509,0.2841021234294184,0.529501137646896,0.1250146809019314,0.035599258091782694,0.010649061021504005,0.009708975869146652,0.011618813236994834,0.022619373788967806,0.007663113911904769,0.0019604072612760307,0.000477619433924669,0.0002754766048505692,0.0004316008940832267,0.0008572628808291283,0.00017296465413698758,0.00011763334881407816,0_1_29_p1
2300.0,-0.13763939550455392,1.7287892892746237,-1.5018499714961333,0.003998571756266534,0.0017416042207050726,0.0016985439560653695,0.48806712482275444,-0.01654796131433479,-0.0428054021876828,0.7275258488987604,0.01269772209920226,0.8778754386253513,0.07064801042888662,0.39441065628298483,-0.058064042906343344,-0.25090786106560997,0.6221566886790257,0.010858683127675354,0.8399350769010877,0.0325393266582331,-0.00025478266554063156,-0.00035698515721341496,0.0020423244508236955,-0.0004731562668881598,-0.00047478889773702537,0.0021699698536665514,-0.00041858131717479886,-0.0008679701889748005,0.0021699698536665514,-0.0002911892364062321,-0.0008679701889748005,0.0017870346424689843,-0.00023659084941434445,-0.000727961372376317,0.0016593882422951281,-0.00014558289956385266,-0.000552968178919858,0.0015317438367832721,-0.21340567522070047,0.0002536058149592873,0.06672450628107936,-0.44895390433447807,-0.4275781877762018,0.079527582437918,1.67546977733217,1.4810336424377657,0.10374469102911707,-0.06987122671201151,-0.44752665884533227,-0.44147355730145016,0.039185400324821845,1.7455274805067846,1.4903827429221683,0.2592603925097582,0.05932384948570088,0.09278448217009115,0.0024317344488613457,-0.0001176093837983924,-0.05219194981537571,-0.0029177422884288985,-8.459976651926571e-05,-0.08027751031054678,-0.004925397950489298,0.0001236142303642608,0.00011250150149397849,-1.3908248945851714e-06,-4.358260875545641e-07,-0.0003820398929102583,1.1860064870090856e-05,4.945312582646777e-07,0.00021639375683440935,7.4572189372884096e-06,3.6294706963912245e-09,-0.0901403134824506,-0.004809528393001912,-0.00013432405518872074,0.023442451540208038,-0.00018683970480178088,-4.0031882430027646e-05,0.013223776446201214,-0.003834419774683096,-0.00015076258743236385,-0.03982764900506051,-0.005063338964086474,-7.89973285321559e-05,-0.0006951271699188752,-8.837206711093069e-05,-1.3787543399542437e-06,-0.043006873236936756,0.0015082118199528521,3.1167843386112184e-05,-0.0653499511422444,0.007932649409917041,0.0001866787484882544,-0.10853448977857932,-0.0035076347873383425,-1.4327131455534616e-05,-0.02612501604663389,-0.0016408229094259591,3.892625814665349e-05,-0.13086951494843185,-0.0008123418053384325,0.00038296594946240315,-0.08417109253365748,-0.0005430019112865665,0.00011953245057746045,-0.0014690642904029336,-9.477290491033606e-06,2.0862380397186796e-06,-0.03369587307639105,-0.000766836376141763,5.125111229441304e-05,0.005406704037916892,0.0015914337756131136,-1.0149356669887066e-06,0.00028853669213284403,5.1663292739768625e-06,-1.5422075283418228e-07,0.004195619642530479,0.000312625972748566,-5.188381745324038e-06,-0.013028512143956957,0.0006318021142779469,4.992339734251165e-05,0.0005358437206785766,9.594356796873344e-06,-2.8641345875386317e-07,0.005580177227689708,0.00041579230952528323,-6.900551922283393e-06,-0.013842798427229986,0.0006712895830819252,5.3043617221823734e-05,0.0004740428229102444,8.487588054367859e-06,-2.533881365645234e-07,0.01020123604907261,0.0007601184603572882,-1.2615036645396465e-05,-0.013842798427229986,0.0006712895830819252,5.3043617221823734e-05,0.00032977490427139406,5.904460054028461e-06,-1.7627461986323015e-07,0.01020123604907261,0.0007601184603572882,-1.2615036645396465e-05,-0.011399953255093201,0.000552826566059174,4.3682984799683925e-05,0.000267938102587021,4.7973982183307995e-06,-1.4322068619560678e-07,0.008555709140458893,0.0006375065382283184,-1.0580143648059719e-05,-0.010585667826675317,0.0005133391705284937,4.0562767013894654e-05,0.00016486907275010463,2.952059055985464e-06,-8.811986390827149e-08,0.006499019988749926,0.0004842573893261855,-8.036814214012553e-06,-0.00977138496282286,0.00047385135978245807,3.744255201946911e-05,0.24870143748156898,0.01039111305420043,-0.00011500531708083594,-0.019872764527689078,-0.002597027432065062,-8.609117052978999e-07,0.15253784115617383,-0.005113524676346773,-0.000410013370120007,-0.13280615166316126,-0.0023218159288211095,0.00027396824379321693,-0.11047722673961509,-0.0018282442088187328,0.0002059652275032951,0.0376081714980213,-0.003267705451777087,1.4184372042196555e-05,-0.1473057036677587,-0.010074121018714707,0.00014503485699048963,-0.0377573821891016,-0.0016235521732574018,2.4368447694220225e-05,0.11131935052579198,0.0017433056063319338,-0.00023831943816017895,0.0022643078204919037,0.0015701871814438315,6.060801685028453e-05,0.3677587880245514,0.010902477753590998,-0.0005391389695316847,0.04198791582541697,-0.00014190285197348429,-0.00031260361183152647,0.2731018687610323,0.010160284701895894,-0.00018671990156379943,0.12510574133635607,-0.004348486280392376,-0.00025489634528257153,-0.0290645175248,0.0008957993835007689,4.242492065353621e-05,-0.08451410401497565,0.0036712704995113567,0.00015672195710026413,0.1240505252439104,0.008177871861982317,-0.0003923372141890095,0.2371000182334199,0.12632698589809338,0.29242969199443114,0.5633828915539832,0.13333283112605168,0.035547092781410335,0.00960266858455517,0.009708886703768706,0.011868779069629715,0.02124200533714196,0.006219830839162458,0.00203996527377171,0.0004764748681924752,0.00024286402412309553,0.00042583791259467933,0.0009318252720860486,0.00019044684329181573,0.00011681034459510908,0_1_29_p1
2316.667,-0.12865250220248642,1.728222108630272,-1.5104352206547529,0.004002929095410513,0.0017313960392429082,0.0017061131996985186,0.4861469868835389,-0.01459079496837441,-0.04128872752366126,0.724974369019897,0.012653190272670378,0.8774385273617066,0.06838345769239598,0.3913265976601888,-0.059664353748120465,-0.2546614439467671,0.6182511733904859,0.010790519044405965,0.8389652263583536,0.03463854485334781,-0.0002454396687219557,-0.00011342994541811263,0.001294163635015797,-0.0004558061981268345,-0.0001508612738873841,0.0013750491738702226,-0.00040323189440175957,-0.00027579094441413705,0.0013750491738702226,-0.00028051131204253097,-0.00027579094441413705,0.0011323935546379473,-0.00022791506703543095,-0.00023130449644280388,0.0010515075171180226,-0.00014024418671475236,-0.00017570179713276852,0.0009706229755945993,-0.2081134798841553,-0.00186013152487001,0.07454131389798288,-0.45655167512491834,-0.432623988998257,0.07913993284307803,1.666498932581907,1.480072930438995,0.11039603209938836,-0.07264872623034277,-0.430598869504534,-0.436847934622168,0.04756927688500482,1.7538864347625802,1.4892979140776366,0.25526197085180735,0.062209552935004256,0.09707097718868692,0.0011126204213604896,-0.00013857632937893212,-0.05688952843039248,-0.003038382206287685,-7.770764521330189e-05,-0.08763282074491635,-0.0036202789275191502,0.0001520469176134163,0.00010172006841994713,-2.254253014290148e-06,-4.3813314968150853e-07,-0.00037490014274895746,1.2875754903129e-05,4.981760814616109e-07,0.00023333442121976645,6.6192899253024256e-06,-1.7554188688281132e-08,-0.10165015836628369,-0.004841921956304739,-0.00011723664253124806,0.021560528974104494,-0.000451227569552028,-3.684034041592336e-05,0.0009552484770706396,-0.0041847287147247355,-0.00012879080324530576,-0.05265623361196304,-0.0047994033177073125,-5.7495363660216535e-05,-0.0009190274097712909,-8.376557025843435e-05,-1.003472931811112e-06,-0.0393313038663025,0.0015430460923890638,1.554721630670245e-05,-0.04656280392048116,0.008206009101523986,0.00015121377160318833,-0.1154450036942204,-0.0032511952435933,-2.2231418697820495e-06,-0.027655792329870192,-0.001454587855879627,4.3491201362909204e-05,-0.1269269230250697,-0.00016594873037233663,0.0003814453387152784,-0.08560026073449731,9.960547431170975e-05,0.0001227299514552989,-0.0014940081086448637,1.7383845716352717e-06,2.1420443791900244e-06,-0.0351734910473633,-0.0006493057374121781,4.758728270180671e-05,0.007135704986760599,0.0012523438567814205,-7.5460254766754824e-06,0.0003005516811794302,4.340417082869848e-06,-1.8932633884700734e-07,0.004654456302142206,0.00028121385642416617,-6.08407523844151e-06,-0.012171611331763806,0.0007558224224685999,4.866530528272888e-05,0.0005581545850774987,8.060526848941102e-06,-3.51607852306844e-07,0.006190431814363313,0.000374014146453455,-8.091825014819429e-06,-0.012932341795130784,0.0008030612780770759,5.170689523699064e-05,0.0004937805733262265,7.130664272343885e-06,-3.110632940564329e-07,0.011316853641416241,0.0006837430151195676,-1.4792829322099289e-05,-0.012932341795130784,0.0008030612780770759,5.170689523699064e-05,0.00034350558759165526,4.9604801553416375e-06,-2.163983800305946e-07,0.011316853641416241,0.0006837430151195676,-1.4792829322099289e-05,-0.010650164082712157,0.0006613444181584551,4.258215189216085e-05,0.00027909310735891034,4.030446607715661e-06,-1.7581753405162975e-07,0.00949137117647404,0.0005734509722303406,-1.2406645292239622e-05,-0.009889436183910612,0.0006141056602477095,3.9540560542217234e-05,0.00017173355955509128,2.480105743291073e-06,-1.081806972305533e-07,0.007209759378160634,0.0004356000603653291,-9.424243414614125e-06,-0.00912870828510907,0.0005668666336682046,3.6498978264205735e-05,0.2617271559589159,0.01018569886143796,-0.0001258329416419561,-0.021247728928424203,-0.0023962193697886014,4.334588017550277e-06,0.14410790172389637,-0.006219699318951726,-0.00039494952868856137,-0.14691036479337582,-0.0015451400234272271,0.00031803334744651184,-0.11682573580261077,-0.0011880978046329568,0.00022094730361037508,0.02849336743182672,-0.003184970348333464,4.873755484812199e-05,-0.1520719792969898,-0.00946116223212801,0.0001390315784731956,-0.039751152292514594,-0.0015427898068169363,2.404627198113416e-05,0.11389226276291833,0.001044594590556921,-0.00025248640395596526,0.0008248933258977343,0.0019660302982394146,6.099848188146422e-05,0.3861999522885157,0.009213217603767072,-0.0005683418435820213,0.04488191678369781,-0.0009711795331067258,-0.0003180782569998037,0.28480167186123184,0.00959494623170724,-0.00019322781886744003,0.13758432687599534,-0.005185090706545269,-0.0003025292256088309,-0.027729589409872288,0.0010570889823681726,3.266601505801015e-05,-0.06719451739341747,0.004017176959986682,0.00012173103402910242,0.1447949676098089,0.0077377999078129985,-0.000433726409796302,0.24766967677190774,0.12290768559572578,0.29953239806442084,0.5926017158426872,0.1426145492968762,0.03516055882487912,0.008800552773441744,0.009734513487743526,0.012172714905977926,0.0198165773217829,0.004855545780679378,0.0021609429133140237,0.00047691327116216616,0.00020929110294389675,0.0004145332894555835,0.0009983825594986348,0.00021991039719097008,0.00011492443195475568,0_1_29_p1
2333.333,-0.12048291267987375,1.7276437673533525,-1.518400338871508,0.004006316031490383,0.001721774787074915,0.001712609813839942,0.4841550830001433,-0.012797104637469326,-0.04024767752075567,0.7224085525078919,0.012608408116057204,0.8771269058050799,0.06667479282133107,0.3885194963604127,-0.061246990388560886,-0.2580633035890728,0.6150106614588791,0.010733961400662339,0.8380021227598418,0.03635602912245582,-0.0002364641883771997,0.00012990984288094358,0.0005830935591402817,-0.00043913780510478805,0.00017278061463043065,0.0006195370312529243,-0.0003884858568844098,0.0003158652000364284,0.0006195370312529243,-0.00027025326403030936,0.0003158652000364284,0.000510207113580497,-0.00021958037185890712,0.0002649135538502078,0.0004737631428023537,-0.00013511541204139186,0.0002012314760999405,0.00043732066802071144,-0.20234360289130426,-0.0038751625168510183,0.0820818847635147,-0.46423665253809815,-0.43778160050018433,0.0788886149054354,1.6569621403870758,1.4791299180735014,0.11686703328470605,-0.07554568206666651,-0.4130650534768896,-0.4321714829684129,0.05659022255810974,1.7624401094190347,1.4883188312418252,0.25236590114407803,0.06661068039525378,0.10188655829804921,-0.00024593943128662705,-0.00016675839612866286,-0.06179821694260096,-0.0031651210271089938,-6.986967170142975e-05,-0.09541836011150995,-0.0022519645182212168,0.0001872794743884518,8.929474890431941e-05,-3.048071500854382e-06,-4.368826187282499e-07,-0.0003673013353754173,1.3814288153327996e-05,5.046869373734231e-07,0.00025063754418610905,5.989261684296766e-06,-4.492490579150949e-08,-0.11391014718738243,-0.004890905082773126,-9.629745566737067e-05,0.01970434695123692,-0.0007100528674569127,-3.4365924867606024e-05,-0.011804954557166835,-0.00449166530897346,-0.00010493944870457934,-0.06645273137489335,-0.004553151571200013,-3.100118222295271e-05,-0.001159821296976143,-7.94676516884294e-05,-5.410646874084415e-07,-0.03574198083112964,0.0015346538573198687,8.019992758305481e-07,-0.026993850636634932,0.008432919848099792,0.00011351584818322087,-0.12225366247432866,-0.0030416090646357328,1.1301479490359094e-05,-0.029033987228193885,-0.0012586824855507826,4.824401661750603e-05,-0.12125288355744206,0.0004486108335323198,0.0003749800246006425,-0.08661899844824579,0.0006539863624178501,0.0001263805129982309,-0.001511788240781472,1.1414148002634163e-05,2.205758652122536e-06,-0.03649357887699514,-0.0005470482337755125,4.396834033158202e-05,0.007878690367051855,0.0009576835197356672,-1.2828474086345234e-05,0.000312095645041764,3.509986371716865e-06,-2.2594763536792004e-07,0.005119671035982075,0.00024883162605811104,-7.071180311151718e-06,-0.011008911737518372,0.0008806032830685048,4.6679601697129734e-05,0.0005795926423745667,6.518441442762698e-06,-4.1961175345906776e-07,0.006809166564063748,0.00033094590927185055,-9.404679444036666e-06,-0.011696973529673452,0.0009356409088808804,4.959708622405297e-05,0.0005127455346921827,5.766364311650254e-06,-3.712248587952652e-07,0.012447974031793308,0.0006050089756911439,-1.7192882242676156e-05,-0.011696973529673452,0.0009356409088808804,4.959708622405297e-05,0.0003566994218815884,4.0113955502245124e-06,-2.582492965089705e-07,0.012447974031793308,0.0006050089756911439,-1.7192882242676156e-05,-0.009632803540600794,0.0007705277139261295,4.084465846339786e-05,0.00028981213600744437,3.2593184191120716e-06,-2.0981843786634146e-07,0.010440036414082051,0.0005074172470050983,-1.4419556300163499e-05,-0.008944742603300856,0.0007154901125381869,3.7927177425679324e-05,0.00017832962184491415,2.005563440732507e-06,-1.2910406194693977e-07,0.007930375763903203,0.0003854400670326415,-1.095327221692223e-05,-0.00825668423056635,0.0006604523157547825,3.500969778364265e-05,0.2743107920826151,0.009921261854729163,-0.00013633729976461135,-0.02256504104340404,-0.002187004710876543,9.784762695644842e-06,0.13277337737180192,-0.007313822726651992,-0.00037287380318794526,-0.15874370652530373,-0.0007574107433258413,0.0003606250772054886,-0.12231296035623537,-0.0005231485844551128,0.0002354524528924259,0.01987632499936314,-0.003130988957112375,8.412559895728869e-05,-0.1541392430068289,-0.008722939249842963,0.00012689031231828424,-0.04164370498233146,-0.0014618287964655611,2.308740922885405e-05,0.11372877855550116,0.000313398004641177,-0.00026044258683712983,-0.00013782316570947264,0.0023830038221780143,6.315173777309566e-05,0.4003963008512774,0.007399176593343249,-0.0005890565782836511,0.04526063556437415,-0.0018107619814875504,-0.0003175788562075025,0.29588874642397145,0.008915714971065802,-0.000196725680950774,0.14756849639723588,-0.006035913816183384,-0.00034806706463199347,-0.026182740995076836,0.001213688259730143,2.0336336735878578e-05,-0.046342239325400075,0.004288521367228686,7.694667340164904e-05,0.16393950155698925,0.007160521504859384,-0.0004720118315415678,0.25942068455570244,0.12378392187826319,0.3055885493093567,0.6167528556019283,0.15265896478254415,0.03451247684720417,0.008413510643041555,0.009790355044803103,0.012518243857362395,0.018432048465182448,0.0038923074786030177,0.0023190117471199945,0.00048197086520437594,0.00017866880303409556,0.00039713785263049164,0.0010572810727241763,0.0002603155447218987,0.00011175505836697625,0_1_29_p1
2350.0,-0.11374588591663963,1.727031272974964,-1.5251748757523607,0.0040086188687720155,0.0017127768667826327,0.0017178951694804814,0.48213462951950914,-0.011205590255122248,-0.039572345803974986,0.7199474178524288,0.012565453069838122,0.8769340504133931,0.06545910417613993,0.38599807753391996,-0.06276770075247856,-0.2611506987827331,0.6124816923380424,0.010689822522544905,0.8371193796054129,0.037714529084358635,-0.00022793900297945826,0.0003647653363533051,-7.029986760832862e-05,-0.0004233056741271973,0.0004851387002013517,-7.469360933385038e-05,-0.0003744798389699056,0.0008868930487249226,-7.469360933385038e-05,-0.00026050983881467584,0.0008868930487249226,-6.15123841572878e-05,-0.00021166405703736138,0.0007438309032664507,-5.711914109726851e-05,-0.00013024444743182597,0.0005650229187306327,-5.2724900706247094e-05,-0.19612795733818733,-0.005775992127884533,0.08922119396203758,-0.4719127277747619,-0.4429631793620658,0.07877491218998844,1.6471594772006328,1.4782217913490965,0.12290447972386334,-0.0783192590821703,-0.3952148840556839,-0.42754959629106115,0.06611505475957546,1.7711624103078345,1.4874756272749363,0.2506591312019153,0.07276895149053714,0.10695397032937835,-0.0016144733673855109,-0.0002014252844384913,-0.06681432569732731,-0.0033003034720058997,-6.122209593675041e-05,-0.10348347728832887,-0.0008450900358282431,0.00022898569913194346,7.528367309688218e-05,-3.7625105812053578e-06,-4.315183154705723e-07,-0.00035888101220865257,1.4653462811380676e-05,5.135753373464952e-07,0.00026716360382670864,5.585452538782319e-06,-7.542753300537088e-08,-0.12643675079530547,-0.004965687102447173,-7.259687524310707e-05,0.01789015626788964,-0.0009572155231810671,-3.277437928740772e-05,-0.024658910409883786,-0.004740511125626962,-8.042790244632743e-05,-0.08059243039698347,-0.004339522440325166,-1.1754432687941438e-06,-0.001406605154173852,-7.573909106865055e-05,-2.0508149360817082e-08,-0.03210277870802385,0.0014956419322202047,-1.3298131502368101e-05,-0.006969078331834768,0.008606516307984322,7.469072323820808e-05,-0.12870530639100736,-0.0028923988376194595,2.581503217293401e-05,-0.030307135816732948,-0.0010517064724405326,5.32620316643119e-05,-0.11425284066258755,0.0010371327065529915,0.00036434977457785805,-0.08703089843132963,0.0011034837051587586,0.00012994867557723078,-0.0015189775725411112,1.9259373477492588e-05,2.2680346748906237e-06,-0.03754055929498577,-0.0004656422102606317,4.016235007315898e-05,0.007668300257892604,0.0007008014541193128,-1.6970773430284775e-05,0.00032243853742701113,2.72923495663697e-06,-2.630008954268195e-07,0.005577700712338021,0.00021610564622650394,-8.122647253180948e-06,-0.009542842859539429,0.0010021016220382512,4.386407382414905e-05,0.000598800382601372,5.0685094210895755e-06,-4.884237544125659e-07,0.007418346597821553,0.0002874203490127276,-1.0803127552982035e-05,-0.010139274438537235,0.0010647329260933035,4.6605588687697085e-05,0.0005297374903861706,4.483641956111061e-06,-4.3209822128651357e-07,0.01356162802187156,0.0005254390344786462,-1.9749411337985053e-05,-0.010139274438537235,0.0010647329260933035,4.6605588687697085e-05,0.0003685203588105244,3.119073326657936e-06,-3.0059847141403764e-07,0.01356162802187156,0.0005254390344786462,-1.9749411337985053e-05,-0.00834999337922611,0.0008768387941082519,3.838107619773594e-05,0.00029941728840356276,2.5343035594101447e-06,-2.442247872635574e-07,0.011374051144235033,0.0004406824672886142,-1.6563705367609703e-05,-0.007753560945373166,0.0008142075144776329,3.56395613341879e-05,0.00018424094516452595,1.5594267533819037e-06,-1.502758580357385e-07,0.008639863645383338,0.0003347474989453454,-1.2581990387979115e-05,-0.007157132785795929,0.0007515760394515516,3.2898054146890147e-05,0.2863780521018264,0.009602058479957345,-0.00014624615741998088,-0.023904845252073256,-0.0019791621188947704,1.567175648894271e-05,0.1186648703042001,-0.008373307159679778,-0.0003436406972726777,-0.16772360675610543,3.460172741264508e-05,0.00040050249812755934,-0.12679399646962422,0.00015733108221393924,0.00024906901060854116,0.012100401898282436,-0.0030972593284930455,0.0001195641841960818,-0.15397879011575047,-0.007891949487850379,0.00010990927643923004,-0.043419476765804696,-0.0013775120156103691,2.1134185951674765e-05,0.11101975115324281,-0.00043801849441610136,-0.0002626569603355791,-0.0004686674937658033,0.002772309104531284,6.619729355738392e-05,0.4098808246380494,0.005480209880983379,-0.0006004834981710549,0.04310244176774181,-0.00264498248531304,-0.0003108590227561481,0.30622949226795243,0.008121337800028442,-0.00019719918347034109,0.15445437509734028,-0.0068965176410397365,-0.0003899632542387888,-0.024630783965940692,0.0013550402430489033,5.664794261586209e-06,-0.022428012892978223,0.004472607876705381,2.310335349850796e-05,0.1808319888710057,0.006431713310942216,-0.0005057743863896778,0.2721470251142711,0.12892267381876552,0.31091024717187205,0.6352773688613854,0.16313289612734067,0.03371553389083842,0.008532726527211888,0.009852525144657428,0.012892978032081394,0.01718810452194023,0.003770008555391591,0.0025011957089042447,0.0004958047278603211,0.00015668359935407127,0.0003737946914197828,0.0011077801616439877,0.00031105497312526153,0.00010719085491133124,0_1_29_p1
2366.667,-0.10853671888460477,1.726338886898064,-1.5306345219666664,0.004009880991153956,0.0017043204972239695,0.001721894466795051,0.48008355598247776,-0.009844347134300808,-0.03924411619285193,0.7176844972481216,0.012525957266196491,0.8769187523531666,0.06474665379415882,0.3837547519904577,-0.06419509334794708,-0.26383003051195664,0.6107119768470736,0.010658935181439606,0.8363992103801483,0.038664737691690904,-0.0002199354216953128,0.0005915708726499682,-0.0006601039683897784,-0.00040844195155171297,0.0007867904374750389,-0.0007013605599139203,-0.00036133052838538025,0.001438348775181553,-0.0007013605599139203,-0.0002513623188722233,0.001438348775181553,-0.0005775912840069939,-0.000204231946416869,0.0012063331817349365,-0.0005363351911483518,-0.00012567118612610026,0.0009163452305195769,-0.000495078100958709,-0.1895237062484659,-0.007570246449470766,0.09584550187685745,-0.47954175890810175,-0.44809217394691186,0.07873585571065285,1.6373830413261927,1.4773636942383674,0.12829786875177365,-0.08089126652636473,-0.3773773328663045,-0.4230525520177734,0.07599368514704044,1.7799718001343157,1.4868137709959774,0.2501476305500263,0.08071416547383738,0.11145675908675677,-0.0028568215495166694,-0.0002417768910664038,-0.07179240878554857,-0.003441459986589943,-5.208073630144891e-05,-0.11111515042273049,0.00047117849641643356,0.00027675775615618615,5.9809940138340634e-05,-4.378274953525485e-06,-4.2173458557951285e-07,-0.00034920319712530883,1.5386513309434744e-05,5.236996136132241e-07,0.0002817970141788575,5.4276218547978654e-06,-1.0531536235661125e-07,-0.13871384013870147,-0.005077599095833969,-4.760037001067863e-05,0.01597449769838981,-0.0011829227802609514,-3.201614022085039e-05,-0.03744110544755156,-0.0049533148572237585,-5.61926663057905e-05,-0.09447417944398645,-0.004182145977515311,3.0064102575418624e-05,-0.001648887344184127,-7.299231936934874e-05,5.247233462630241e-07,-0.028172256484437885,0.001426046269854924,-2.7319037097200373e-05,0.013409794635209794,0.008743707222829432,3.541205960706063e-05,-0.13448855103869434,-0.0028078899097523577,4.0492173425037566e-05,-0.03143708420070781,-0.0008451552490634678,5.8621976905355485e-05,-0.10630363243986575,0.0016031449979904424,0.00035051025040284354,-0.08662641602632899,0.0014388774990172712,0.00013270728475229065,-0.001511919033618476,2.5113103984842548e-05,2.3161822101141402e-06,-0.03826156463981827,-0.00041093091929333015,3.588881336753932e-05,0.006438285095345949,0.00048459197962948103,-1.9854966757622913e-05,0.00033142904897471285,2.0091294079039256e-06,-2.9777919404172e-07,0.006003818646174647,0.0001848644276575731,-9.194834488214842e-06,-0.007791531901151978,0.001117095246096402,4.018829719475749e-05,0.0006154965584155929,3.7311740340757324e-06,-5.530096306713223e-07,0.007985083073688,0.00024586947971142836,-1.222913828528741e-05,-0.008278505262967854,0.0011869136837121563,4.270007444882644e-05,0.0005445076775613335,3.3005468614775445e-06,-4.892339477366412e-07,0.014597690229964575,0.00044947909768969436,-2.2356330131437602e-05,-0.008278505262967854,0.0011869136837121563,4.270007444882644e-05,0.00037879486278426467,2.296067643039963e-06,-3.403467931590486e-07,0.014597690229964575,0.00044947909768969436,-2.2356330131437602e-05,-0.0068175962906370955,0.0009774582487427292,3.5164771995938785e-05,0.0003077666585933889,1.8656358659032196e-06,-2.7652156351807113e-07,0.012242990026563653,0.00037697536467169577,-1.8750112192798646e-05,-0.006330620364255789,0.0009076398599758397,3.2652991252665174e-05,0.000189378624578968,1.1480216093036435e-06,-1.7015176351057835e-07,0.009299918673316135,0.0002863548087125875,-1.4242808544147191e-05,-0.0058436504218604855,0.0008378213490867866,3.0141222372687425e-05,0.29790975905110784,0.009230930519864929,-0.00015550766642236937,-0.025196359548522458,-0.0017763754089023915,2.2075436594469634e-05,0.1019351123605087,-0.009384336156107257,-0.0003074651124539868,-0.17334263116609622,0.0008235236037129798,0.00043614438466773946,-0.13006039113537263,0.0008372254417782481,0.0002613191329707077,0.005416003152171526,-0.0030803942821512656,0.000154306042255263,-0.15204477524174703,-0.007002053465304152,8.948830834627013e-05,-0.045148602523498824,-0.0012895036527264651,1.7916237636638282e-05,0.10622657750691068,-0.0011742805611232817,-0.0002596265414189848,-0.0002123246463497444,0.0031007508744180868,6.969969090894632e-05,0.41428216773550897,0.0034891632972102833,-0.0006014306532459903,0.038440060958416344,-0.00345802703042857,-0.0002979878031212486,0.31565361199026104,0.0072271664759369,-0.0001942087794507286,0.15757440744934773,-0.007775020960235203,-0.0004265815988925469,-0.023119953162920606,0.0014700143764097657,-1.0649934022003435e-05,0.0037760131403243844,0.004563650120494719,-3.846249678868055e-05,0.19426991165986823,0.005514414955609281,-0.0005331378913068567,0.2849526521754016,0.13752602930012417,0.31587315207902217,0.6475312236272441,0.17298422092341167,0.03289241453577392,0.00911661256912283,0.009922519314699446,0.013282746438397025,0.016210022960351407,0.004497484936465059,0.00269619126380747,0.0005216759713476396,0.0001490076645948792,0.0003452604156188631,0.0011484539054473918,0.0003711654441791628,0.00010130129049126822,0_1_29_p1
2383.333,-0.10463092534071576,1.725514504063163,-1.5349325089454366,0.004010231553000857,0.0016962884920062918,0.0017246820069432365,0.47795941298964817,-0.008722713285168649,-0.03932290584060748,0.7156459801083946,0.012490378480061834,0.8771252148303676,0.06457742068589944,0.38176722888348463,-0.0655249000969471,-0.2659733686358999,0.6097158770510549,0.010641550206093245,0.8358915125513667,0.03914152623808521,-0.00021245543918676572,0.0008171661477767483,-0.0011918534315948906,-0.00039455062670233973,0.0010868324825128869,-0.0012663445827355109,-0.0003490419144548384,0.0019868613778538198,-0.0012663445827355109,-0.00024281369619595506,0.0019868613778538198,-0.0010428721266446553,-0.00019728603465943217,0.0016663670659756021,-0.0009683819728350375,-0.000121397622786217,0.001265792560026379,-0.0008938903230289183,-0.18264147407545178,-0.009350787469791332,0.1019060046140991,-0.48707552099488877,-0.4531256476591275,0.07871289316168259,1.6278474698645067,1.4765695469887627,0.1331214162562214,-0.08347707703161497,-0.3599183745089437,-0.4187136804519427,0.08605525795470646,1.788699258720388,1.4863556006247123,0.2507044379546351,0.09006672370482124,0.11521580335247614,-0.0039422315897068684,-0.00028568659252216485,-0.07664082573583972,-0.003583182879343483,-4.285882279363547e-05,-0.11812196291546743,0.001660560073655567,0.00032865488422740056,4.330610673148367e-05,-4.900444899811804e-06,-4.075572491696037e-07,-0.000337985787927919,1.6027972184935038e-05,5.336215160091697e-07,0.0002936649681407037,5.5259546207714685e-06,-1.3081935496207727e-07,-0.15040505536412627,-0.005228293595624248,-2.2811419420127375e-05,0.013828701011053022,-0.001381740642064835,-3.159657243137011e-05,-0.05029972624478838,-0.005135226126725873,-3.246563212741033e-05,-0.1076858460122207,-0.004098231686886301,6.0938769028445245e-05,-0.001879474260971624,-7.152768383920179e-05,1.0635877412073862e-06,-0.023714881051720357,0.0013181317989405983,-4.211701648538973e-05,0.03419545127730285,0.008847918217016349,-4.2396439671509455e-06,-0.13930108971859942,-0.0027886698107626316,5.4263691605377757e-05,-0.032386059750733026,-0.0006447685815240526,6.418794293390397e-05,-0.0974583693296527,0.0021291359025255134,0.00033433087325324216,-0.08511194183068492,0.0016502017206044201,0.00013376793318748691,-0.0014854869125711352,2.8801388715130973e-05,2.3346973257681846e-06,-0.03869376144858246,-0.0003919866454218399,3.094598928566136e-05,0.0038744394518751917,0.0003203556950812759,-2.11364741720964e-05,0.000338938951413294,1.3651792402701446e-06,-3.2951351050363744e-07,0.006391189415761854,0.00015521685447221007,-1.0216563636693596e-05,-0.0057908545681773,0.001224630942908716,3.5691230872604035e-05,0.0006294409555218125,2.535256112284705e-06,-6.11943693207702e-07,0.008500286316918706,0.00020643816267818384,-1.3588036259312944e-05,-0.0061527839938288606,0.0013011703737874566,3.792193733810785e-05,0.0005568423824317136,2.2425781354686433e-06,-5.41368946055572e-07,0.015539544836641658,0.00037739392617454977,-2.4840558718965224e-05,-0.0061527839938288606,0.0013011703737874566,3.792193733810785e-05,0.0003873767535732139,1.5600617886316134e-06,-3.766142843265542e-07,0.015539544836641658,0.00037739392617454977,-2.4840558718965224e-05,-0.005067002555715324,0.0010715520078779365,3.12298388768244e-05,0.0003147388571464987,1.2676769050077183e-06,-3.0599208399092965e-07,0.01303291635765799,0.0003165180060962785,-2.0833618883102665e-05,-0.004705070565498327,0.0009950126258480606,2.8999123339388448e-05,0.00019366914254587066,7.800675309648285e-07,-1.88285858014798e-07,0.00989995517645549,0.00024043067146646265,-1.582546153732684e-05,-0.004343141994701907,0.0009184731461204549,2.6768425247975822e-05,0.30886396262398613,0.008815211483637694,-0.0001641741460001022,-0.02644574487377323,-0.0015782114868591083,2.864243450724302e-05,0.08286960036796917,-0.010333481944428262,-0.0002646602599803227,-0.17534681767943622,0.0016137675745543144,0.0004662481273995571,-0.13195435091675625,0.0015031837329678613,0.00027145482312374865,-0.00011792213796104497,-0.0030642739123375013,0.00018804641483361246,-0.14865219113394315,-0.006088650660437236,6.687730186390214e-05,-0.04691505125677356,-0.0011990930247662735,1.2893280480337833e-05,0.09980473127598068,-0.0018678461793631216,-0.00025294241369684656,0.0006876976238637759,0.003360403549980039,7.379135561257447e-05,0.41346973221362243,0.0014677520877571534,-0.0005909419644436612,0.03148537069350757,-0.004241403021771062,-0.00027913583127439694,0.3240673818374929,0.00625444712889623,-0.00018725620069547083,0.15628060727024462,-0.008673531748856768,-0.00045620396187633853,-0.0216012021269929,0.0015512901688495796,-2.8367758732995775e-05,0.031026828104064864,0.004563773854670682,-0.00010588855145356074,0.20314485277610972,0.004395370957302564,-0.0005513558139532422,0.29731508254704814,0.14862693597018128,0.32087956540556883,0.6530753216800287,0.18193817077116087,0.03226381039265045,0.00997389566235475,0.009990196390641191,0.013674046734392011,0.01563937692341267,0.005580157762854831,0.0028943472916210483,0.000559359189879861,0.0001575125328421047,0.00031275964011076714,0.0011776361221724832,0.0004375708042514321,9.429455332228743e-05,0_1_29_p1
2400.0,-0.10225289378958796,1.7245227750702568,-1.5377855273645051,0.004009754828782313,0.0016886369685655486,0.001726476205414287,0.4757202986763382,-0.00788723663887648,-0.039867022208226695,0.7138143408342308,0.01245841053081681,0.877552223594502,0.06500093579953689,0.37998903308701326,-0.06670981459810157,-0.26752716196512183,0.6094252996772179,0.010636478777952447,0.8355744919433655,0.0391121942346762,-0.00020537089842017047,0.001041212069193258,-0.0016665620441863249,-0.00038139383613530596,0.0013848135430368801,-0.0017707227952798452,-0.0003374025630060386,0.0025316070613347823,-0.0017707227952798452,-0.00023471686446320305,0.0025316070613347823,-0.001458242536661284,-0.0001907071407104147,0.0021232419042701576,-0.0013540827828987649,-0.00011734945625259128,0.001612839812478938,-0.001249922031805244,-0.17557234855547568,-0.01112568708730395,0.1073117036985565,-0.49444648624903237,-0.45797164209241786,0.07865693840452914,1.6187095148250208,1.4758291100028929,0.13742985127455948,-0.08633870141989235,-0.34317354952962853,-0.41459878150369966,0.09612214753393955,1.7971644147651709,1.4860871021645785,0.25234870067496695,0.10054846308728835,0.11779790870181908,-0.0048896807592361214,-0.00033208423159001606,-0.08135347459218867,-0.003718554760140215,-3.375898957877983e-05,-0.1239874112886406,0.0027305220509659697,0.000383438859515016,2.6397071986445997e-05,-5.343552957509938e-06,-3.8994304616102657e-07,-0.00032515013794325135,1.660138459098619e-05,5.423138226798584e-07,0.000302249423495086,5.86667545667098e-06,-1.488808740091877e-07,-0.16137313665540998,-0.005410215416481299,8.275625849152946e-07,0.01127474860616185,-0.0015520571693090756,-3.099925897333832e-05,-0.06349699277812414,-0.005279486718034919,-8.575515314178405e-06,-0.1199301926938978,-0.004091347733808457,9.022533793332944e-05,-0.002093178643523522,-7.14075400548436e-05,1.5747345921044972e-06,-0.01855718520408609,0.0011678457245135848,-5.853208243195373e-05,0.05551426483035747,0.008916841865540833,-4.463150764284941e-05,-0.14299065306793807,-0.0028307342281854867,6.609234107231245e-05,-0.03303897759306995,-0.0004515038343100825,6.979034323760313e-05,-0.08767295704877473,0.0025930579244168887,0.0003158300807843639,-0.08224498848915503,0.0017337776595675288,0.0001319628322312201,-0.001435449676437099,3.0260040259270942e-05,2.3031939946553514e-06,-0.038932849044920365,-0.000413890305679112,2.5366561207659673e-05,-0.00032495608582559603,0.0002195353250635659,-1.9772165139470586e-05,0.0003446604968909748,7.984102799082338e-07,-3.574006298978354e-07,0.0067359986574478566,0.0001263329355990503,-1.1163868049588759e-05,-0.0035783125009202447,0.001325470901321436,3.0476358387594217e-05,0.0006400650952493807,1.4826607614656111e-06,-6.637262818550938e-07,0.008958881907379871,0.00016802248682911197,-1.4847952475296515e-05,-0.0038019588487949417,0.0014083128616580397,3.238113126658449e-05,0.0005662406598830241,1.3114699128046908e-06,-5.87175224946397e-07,0.01637791324417163,0.00030716552445624485,-2.714383924589635e-05,-0.0038019588487949417,0.0014083128616580397,3.238113126658449e-05,0.00039391468571325575,9.123258339322787e-07,-4.084825862477507e-07,0.01637791324417163,0.00030716552445624485,-2.714383924589635e-05,-0.0031310283537222894,0.0011597869806482287,2.6666823097227663e-05,0.00032005178186542664,7.413792295981748e-07,-3.318833783146256e-07,0.013736050955709154,0.00025761792492416723,-2.2765361918500204e-05,-0.002907380296137311,0.001076945142433789,2.4762041844146178e-05,0.00019693896347103553,4.56297251345885e-07,-2.042189622139955e-07,0.010434063541192081,0.0001956894583439424,-1.7292834697456966e-05,-0.0026837356579729006,0.00099410313324832,2.285726966299683e-05,0.3191701278676887,0.008372065739039902,-0.00017214266670897464,-0.02769347861888612,-0.0013746984675120952,3.5312884547079934e-05,0.061756098229664325,-0.011216051638571912,-0.00021596773610981412,-0.17368087084600203,0.002407420023825156,0.0004901434089335394,-0.1323227276599026,0.0021482475570341547,0.0002788500996062349,-0.004559996518458816,-0.0030370720064453478,0.00022087077628005848,-0.1440734484970342,-0.005176999820126541,4.284779481336376e-05,-0.04883162794069801,-0.0011047714100985743,6.197938454395029e-06,0.09216757681039849,-0.002531597845182184,-0.00024363443476883948,0.0026210542594064974,0.0035887239038391635,7.831700061448759e-05,0.40760194410192024,-0.0005318713797961983,-0.0005686784269190245,0.022497478421966092,-0.004993211410850706,-0.0002548724937772996,0.33149810246352146,0.005234405516809481,-0.00017619428511277913,0.15011624939262358,-0.009582441654907597,-0.000477194854566362,-0.019966904595549218,0.0016035619474807587,-4.746452689883453e-05,0.057903477245625244,0.0044914950706776684,-0.0001760187830028293,0.2070815709897786,0.003126816164910996,-0.0005582728453891764,0.30869489247443693,0.1615425832941583,0.3262672446778,0.6519541317843006,0.18938799078857702,0.03206203881769811,0.01094010376447444,0.010042139184156957,0.014063466676978956,0.01561740611575172,0.006722552839481906,0.003091000073351541,0.0006070157670317921,0.00017892725414922237,0.0002784280168321982,0.001194221938074583,0.0005083752881087592,8.66592288209157e-05,0_1_29_p1
2416.667,-0.10102615272224219,1.7233594702385693,-1.5395309822802057,0.0040084902130728675,0.0016814103081312913,0.0017275757628430434,0.4733157785124856,-0.007318584931298198,-0.04090643958028342,0.7121008204571867,0.012428503566085635,0.8781290923121986,0.06598959201562861,0.37836815528533063,-0.06775989842521546,-0.2685045992047817,0.6097319540267934,0.010641830954770065,0.8354075571843982,0.03860702663464446,-0.00019869576202954302,0.001264816172976263,-0.0020775337258224277,-0.0003689970117911405,0.0016822061782702006,-0.0022073802381848,-0.0003264359113175074,0.0030752771233310164,-0.0022073802381848,-0.00022708728230448505,0.0030752771233310164,-0.001817842695759688,-0.0001845087285383319,0.002579214656674182,-0.0016879971807283174,-0.00011353516383873281,0.0019592018985337147,-0.001558150668365947,-0.1683670439699454,-0.012875999004979974,0.11191410851213199,-0.5015722232686263,-0.46254198670363067,0.0785213382896212,1.6101265600263692,1.4750761161210537,0.14135741256487938,-0.08954872195080132,-0.3274251699215238,-0.41076385431142765,0.10604986854794264,1.8052080947395481,1.4859834939348597,0.2551185955444145,0.11196181584057148,0.11863336119845348,-0.005628405223972899,-0.000379580335093261,-0.08597609950819414,-0.003841611402339444,-2.4728498723981903e-05,-0.12804839808485974,0.0036026418492848093,0.000439396515325232,9.730816102262605e-06,-5.710383511945425e-06,-3.7047258626868496e-07,-0.00031059537426433447,1.7122601984398104e-05,5.493431744054392e-07,0.000307333247035466,6.411047212264416e-06,-1.5755573465653844e-07,-0.17158998150455373,-0.005613367662533181,2.298600596277252e-05,0.008179427551797484,-0.001686105685494313,-2.9561710836875375e-05,-0.07715949541667842,-0.00537965585940406,1.65422013992364e-05,-0.13099176265342088,-0.004154846007525956,0.0001170703854179901,-0.0022862399840621215,-7.251582311217566e-05,2.043269182064456e-06,-0.012659678053308745,0.000977248613837041,-7.717947383498588e-05,0.077412204274878,0.008942757849476766,-8.642632189719782e-05,-0.14553619455306918,-0.002924051900972255,7.537070502677323e-05,-0.03328970575190132,-0.0002730376310376146,7.505912184122171e-05,-0.07699831589872903,0.0029881973977313623,0.00029477983114019985,-0.07789552569551962,0.0017001652926494722,0.00012624897486710726,-0.0013595368299543526,2.967338981070699e-05,2.203469733859879e-06,-0.039027108792500195,-0.000471624657528228,1.936158135417133e-05,-0.006240675070587006,0.00018475976896353428,-1.464920667952588e-05,0.00034797135086304373,2.9233603475853505e-07,-3.802632945690913e-07,0.007034071258710169,9.863335746659074e-05,-1.2026765810184093e-05,-0.0011789392774128468,0.001419346183906312,2.465192603400635e-05,0.0006462140682989787,5.427841674692041e-07,-7.061815285820894e-07,0.00935531670605715,0.00013118204034136673,-1.599560562458714e-05,-0.0012526243713907605,0.0015080554058859712,2.6192675074796657e-05,0.0005716809580183835,4.800133754791089e-07,-6.247323261594582e-07,0.017102644047721473,0.0002398166900777284,-2.9241888243418603e-05,-0.0012526243713907605,0.0015080554058859712,2.6192675074796657e-05,0.00039769827457986507,3.3393084361421833e-07,-4.3460905296611705e-07,0.017102644047721473,0.0002398166900777284,-2.9241888243418603e-05,-0.0010315776380084621,0.0012419279109180232,2.1570445398449095e-05,0.0003231258409626534,2.7137987151826324e-07,-3.531137930418586e-07,0.014343878608629412,0.0002011328828066849,-2.4524982487590285e-05,-0.0009578891246099753,0.0011532188354849604,2.002969147277227e-05,0.00019883075790434003,1.671119684031967e-07,-2.1728394017551332e-07,0.010895775933507665,0.0001527827887845226,-1.862946107808212e-05,-0.0008842057403423518,0.0010645096379297344,1.8488946619027566e-05,0.3287200882511558,0.007916483708356223,-0.00017917255646991806,-0.028958438550002408,-0.0011679928572960543,4.2220071540961346e-05,0.038744903157562495,-0.012016035096189126,-0.00016213941490186176,-0.16838390285318877,0.0032027665761711964,0.0005076322455162162,-0.13105487746354522,0.002758331245952295,0.00028296535831183293,-0.007951747142499086,-0.0029896108884994734,0.000253059872887132,-0.1385554243674337,-0.004284189669668309,1.8034041560344207e-05,-0.05110116234553884,-0.0010112790293448238,-1.893621380869176e-06,0.08340939608397774,-0.0031730543270881003,-0.00023258051853677108,0.006289678786852149,0.0038373202493372587,8.211809342523749e-05,0.3970298171807236,-0.0024588295222849467,-0.0005351067713432247,0.011666214986743114,-0.005706609644003059,-0.00022586416242678932,0.33808260967636505,0.004206157490737387,-0.00016137260565079713,0.138853957735617,-0.010492378779323637,-0.0004883106867352773,-0.018084543488756336,0.0016268287841747955,-6.813041552646568e-05,0.08319942399898365,0.004337478090885347,-0.0002453006597965623,0.20635035183568695,0.0017400236220392947,-0.0005536725174505341,0.318659205032471,0.1759221649060612,0.33225992100130103,0.6446519085331931,0.19458249496263627,0.032479607812602694,0.011843302644868683,0.010066972991951927,0.014436759368092718,0.016181938232163136,0.0077081981499928405,0.003282414414596661,0.0006615498094701491,0.00020897119277959731,0.00024530497201974514,0.001198405117780534,0.0005811733742785203,7.904902416601485e-05,0_1_29_p1
2433.333,-0.10092268661219096,1.7220286876011848,-1.5401692796062556,0.004006456655161544,0.00167469727316262,0.0017282898518398587,0.4706988836932573,-0.007035250673856945,-0.04245017831701739,0.7104003910468637,0.012398825488819223,0.8788118486596174,0.06752104263709756,0.3768415043193048,-0.06863416626079696,-0.2689263669945051,0.6104938959623749,0.010655129366339259,0.8352945331526974,0.03761191768697538,-0.00019246294193792093,0.0014812813814531105,-0.0024114915075505307,-0.0003574219881919141,0.001970104721038172,-0.002562210661770252,-0.0003161958152633063,0.0036015901352489162,-0.002562210661770252,-0.00021996384562884534,0.0036015901352489162,-0.0021100561911040904,-0.00017872121673871875,0.003020630365785573,-0.0019593380342153703,-0.00010997369483366326,0.0022945065757788556,-0.0018086193786611493,-0.1610455308748278,-0.01455753697147941,0.11558457681964712,-0.5083807387180221,-0.46674762133036085,0.07828126077102686,1.60229045555059,1.4742767992062042,0.14482022259532323,-0.0929576476832501,-0.31289746212295744,-0.4073102037688982,0.11576911347345346,1.8126951872208021,1.486027361538945,0.25890886624377946,0.12399957409638965,0.11711089410721522,-0.006125595325979225,-0.000426192256687432,-0.09050322342695298,-0.003951893748728876,-1.558374548822078e-05,-0.12963806961322963,0.004239958145606991,0.0004943247413122696,-6.2900241483297235e-06,-5.99451293732325e-06,-3.507292705712648e-07,-0.00029390945671184013,1.759690004262982e-05,5.541261761653074e-07,0.00030881898527544823,7.104530129375214e-06,-1.5588649914302591e-07,-0.18095462382537478,-0.005824194065333414,4.36211546972729e-05,0.004533378038990135,-0.0017835147926972036,-2.6740662344267802e-05,-0.0909242917314541,-0.005432407724683982,4.354021561657246e-05,-0.14065593595837994,-0.004268290194423677,0.0001408629140615236,-0.002454911452492002,-7.44957164741607e-05,2.458528501619768e-06,-0.006157191626950461,0.0007564382601142167,-9.823005146438942e-05,0.09947413742048146,0.00892543767825641,-0.0001301490033783975,-0.14695384956483223,-0.0030560949758389245,8.18630353553184e-05,-0.03302589488994875,-0.00011164755005415535,7.96516353570878e-05,-0.06568869946096026,0.0033154867007621114,0.00027137082680191735,-0.07208253294368222,0.001568407006667873,0.00011592383555521492,-0.0012580809117738515,2.7373780624928143e-05,2.0232613846531296e-06,-0.03900680085370294,-0.0005560671509384031,1.3045945047891358e-05,-0.01365968589085532,0.0002142788696329958,-5.240218067723384e-06,0.0003489706765261857,-1.576841373883411e-07,-3.9589562932584597e-07,0.007267908334754509,7.261337429630344e-05,-1.2792286846885072e-05,0.0013911861319445182,0.0015046704726095806,1.8269955759928114e-05,0.0006480708136713857,-2.929954944409129e-07,-7.352131071076254e-07,0.009666320701080236,9.657559901321898e-05,-1.7013743683620848e-05,0.0014781343034790172,0.0015987124519475054,1.9411830786287357e-05,0.0005733222798945448,-2.593142017738576e-07,-6.504163617258326e-07,0.017671198800478856,0.00017655184066336433,-3.1103168186213414e-05,0.0014781343034790172,0.0015987124519475054,1.9411830786287357e-05,0.00039884036105202706,-1.8047213307968884e-07,-4.524737808699128e-07,0.017671198800478856,0.00017655184066336433,-3.1103168186213414e-05,0.0012172812403240868,0.0013165866360558963,1.5986223851073914e-05,0.00032405421364885723,-1.4647332278777928e-07,-3.6762888446369177e-07,0.014820721082135713,0.0001480730254306511,-2.608602823193847e-05,0.001130338197920458,0.0012225448032645687,1.4844339752782527e-05,0.00019940180114042108,-9.005288329473937e-08,-2.2621630412741084e-07,0.01125799088077727,0.00011247793191644312,-1.9815247745197085e-05,0.0010433874618205304,0.0011285028239266448,1.3702468913468891e-05,0.3374760104502865,0.007457630586676864,-0.00018485305773523994,-0.03013606647962462,-0.000965212155714115,4.94050180681773e-05,0.014163144279264881,-0.012705752913728842,-0.00010360897239610335,-0.15950394544696334,0.003996296561336593,0.0005186078905134742,-0.127989483178056,0.0033189127892075633,0.0002835036113981196,-0.010266592289384167,-0.002912512382356664,0.000284511715202367,-0.1323568397995619,-0.0034272297503480645,-6.982106498684012e-06,-0.053717364447148815,-0.000917188494234747,-1.0750513137942631e-05,0.07335541994654733,-0.0038117895852512987,-0.00021951946872186942,0.012413448142244123,0.004136963878958474,8.335270592896375e-05,0.38211316938347784,-0.004270252746438463,-0.0004912275683276331,-0.0009656418059096096,-0.006374216022636703,-0.00019252308535879528,0.34389439622759427,0.0032011821143743224,-0.0001435314633748803,0.12250153028784931,-0.011397781703207994,-0.0004887036088643837,-0.01585071638327357,0.001647774835699904,-9.071870868212184e-05,0.10627420234182869,0.0040873470361597435,-0.0003108492341413708,0.2010811256020016,0.00026096035968769783,-0.0005385502590566839,0.3267193121824531,0.19138632602535152,0.33911478114081306,0.6317655234945735,0.1967536679551457,0.0335935483472411,0.012572822769297956,0.010063561166810913,0.014764282765431092,0.01726881571727305,0.00843315026753495,0.0034624917080708626,0.0007193342621981262,0.00024510486901617684,0.00021759211365617409,0.0011909121817000239,0.0006528706587254865,7.22056892797564e-05,0_1_29_p1
2450.0,-0.10195720609170109,1.720536331856295,-1.5396658872554054,0.004003701528270896,0.0016685941061011468,0.0017288962290885521,0.46783181786703776,-0.0070879955211832135,-0.04456823709207464,0.7086298203445616,0.012367923187748911,0.8795929622890338,0.06968656987981951,0.3753540110617109,-0.06929529698145241,-0.2688451707870439,0.6115871682111621,0.010674210303053063,0.8351218088872686,0.036126480427240516,-0.00018658965967220973,0.0016828589314104468,-0.0026531772223841966,-0.0003465151763634513,0.00223820375010602,-0.0028190019519471793,-0.0003065471364927811,0.004091707013142456,-0.0028190019519471793,-0.00021325130932567518,0.004091707013142456,-0.002321531752582237,-0.00017326731215898674,0.003431687817887775,-0.002155708020350255,-0.00010661767601482845,0.0026067509656156475,-0.001989884288118275,-0.1536291541482094,-0.016043602549744986,0.1181774319724239,-0.5148028512363295,-0.47052979120866917,0.07791452770060833,1.5954150236790074,1.4733879090021496,0.14774959268651502,-0.09626425872428845,-0.2997674334373427,-0.4043345635032396,0.12521616083814732,1.8195202244555628,1.4861953818927063,0.2635866353717871,0.13642951182445492,0.11235730025404264,-0.006388582400666354,-0.0004689904015140409,-0.09484619957975632,-0.004047541976457643,-6.36993810069584e-06,-0.1279408838082738,0.004645066475544624,0.0005453039796637811,-2.1585947236951133e-05,-6.191105195972373e-06,-3.3141094000248413e-07,-0.0002744025171846936,1.8025499987315555e-05,5.549977794915526e-07,0.0003068083659771522,7.888017080915446e-06,-1.43328851540336e-07,-0.1892546620345607,-0.0060266934218753,6.238661311004515e-05,0.00033908171222232693,-0.0018411612654375307,-2.230769480540139e-05,-0.10426547312825439,-0.005433107045040506,7.139492099723906e-05,-0.14870222238609046,-0.004404804503634668,0.00016095266521425904,-0.002595345345810759,-7.687834430662204e-05,2.8091600744603103e-06,0.0006602294183823288,0.0005117296981125415,-0.0001212905931194533,0.12119484145774133,0.00886314897571857,-0.0001748580404511448,-0.1472925388985436,-0.003212942674105679,8.544503681787455e-05,-0.03211719925944583,2.585707220430561e-05,8.307852631961942e-05,-0.054130548422659644,0.0035749764409336456,0.0002465021918486645,-0.06502618672448891,0.0013620456588304833,0.00010082759755626058,-0.0011349244957671264,2.3772080508494415e-05,1.7597824681866992e-06,-0.03891830112008281,-0.0006522518124821395,6.557801764948103e-06,-0.02222171583024772,0.00031059698627689236,8.199679820333959e-06,0.0003473609842903462,-5.561443321456996e-07,-4.0431368450957573e-07,0.007405569932841808,4.939631459605169e-05,-1.3388181594298573e-05,0.004124430725572562,0.001578997489527214,1.1337920046078023e-05,0.0006450813852333985,-1.0329581069435934e-06,-7.508475353871805e-07,0.009849408446655732,6.569693672300441e-05,-1.7806286516958175e-05,0.004382206310209691,0.0016776849471121934,1.204654122656447e-05,0.0005706765032243785,-9.139622709219078e-07,-6.642440798279312e-07,0.018005907073785316,0.00012010199415337526,-3.2552036698303504e-05,0.004382206310209691,0.0016776849471121934,1.204654122656447e-05,0.00039699985792735273,-6.358412559836929e-07,-4.620942159824796e-07,0.018005907073785316,0.00012010199415337526,-3.2552036698303504e-05,0.003608871007746881,0.001381622867450448,9.920695131128467e-06,0.0003225590720022918,-5.164302046064315e-07,-3.7544609860347e-07,0.015101438414267905,0.00010072882724402196,-2.7301182836909023e-05,0.003351099697385477,0.0012829355319876321,9.212059295982398e-06,0.00019848197700565577,-3.1773744474674036e-07,-2.3102512600182686e-07,0.011471227657565499,7.651471335286752e-05,-2.073829311371257e-05,0.0030933206933277777,0.0011842481476759513,8.503445093905285e-06,0.3455678854479628,0.006999400874217261,-0.00018903084996691025,-0.03105812435088079,-0.0007731263025923558,5.652682534339014e-05,-0.011880029645608631,-0.013262607142010408,-4.136388701014857e-05,-0.14703505652922083,0.004788529218335691,0.0005228875751977214,-0.12302277821180155,0.003817796872166914,0.0002799455437860674,-0.01122711522269231,-0.002796408765530895,0.00031491340670357365,-0.1258480017994858,-0.002633167385823496,-3.1649177774478814e-05,-0.05652278189600678,-0.0008244906891249712,-2.0363677445821358e-05,0.061425077801448354,-0.0044316222132007475,-0.00020364188195599658,0.020896161201971044,0.0044798722158977825,7.99093724383514e-05,0.3631381309850857,-0.005932087042746995,-0.0004379889296871023,-0.015392639689883863,-0.006982222413555324,-0.00015473854661997234,0.3487187413118912,0.002241505243414265,-0.00012318025704438697,0.1014655515431171,-0.012295094693226406,-0.0004781720872833846,-0.013374386535152105,0.0016587003973511881,-0.00011545080058907057,0.12695730457688148,0.0037474010898114534,-0.0003714933454182715,0.1932234005573521,-0.0012689575757109078,-0.0005135415443992791,0.3321663105730023,0.2074749240003022,0.34716409037449664,0.6146224550384021,0.1949076810667303,0.035359942771882126,0.01308080026262767,0.01003011098882242,0.01501619409441217,0.018739976359569713,0.008875452054558454,0.003623719702295378,0.0007757593862695379,0.0002854469037947814,0.00020159096053941258,0.001172554733561793,0.0007192700754652396,6.683534014252541e-05,0_1_29_p1
2466.6670000000004,-0.10379735559129775,1.7188810376577592,-1.5383461121602806,0.004000326061497538,0.0016631506734969262,0.0017296641739594297,0.4646631900633346,-0.007518290989631901,-0.04736917438759817,0.7067153282961435,0.01233450860988673,0.8804690328003999,0.07261464044871681,0.3738447056764567,-0.06973138943634521,-0.26829927119159463,0.6129104025488646,0.01069730499838095,0.8347939961605041,0.03415804124897425,-0.00018121304824506607,0.0018667877119716155,-0.002789947206556479,-0.0003365308957110425,0.002482828599400045,-0.0029643200601302292,-0.00029771427448118813,0.004538910732718961,-0.0029643200601302292,-0.00020710675302765396,0.004538910732718961,-0.002441205488732984,-0.00016827467316728184,0.003806754586151851,-0.0022668336324902353,-0.00010354589653131842,0.0028916560193836985,-0.002092461277581985,-0.1462178628123658,-0.017281906174052456,0.11957315831127525,-0.5207486384684926,-0.4738837879388992,0.07740147220968856,1.589734745407302,1.4724263228427565,0.1500476437766719,-0.09904538852746385,-0.2881451488152998,-0.40190704239317315,0.13434397401868284,1.8255432709310606,1.4864270294710138,0.26905244110235577,0.14889321818288775,0.10444582619222474,-0.006415258619493911,-0.0005048465545301981,-0.09891388758544699,-0.004126035288677555,2.5991162339720408e-06,-0.12309945700849287,0.0048111369128649535,0.0005895325783759196,-3.6155243453311596e-05,-6.3027248533243646e-06,-3.1237035012533074e-07,-0.00025129065351599847,1.8410526744098323e-05,5.493020017903513e-07,0.0003016279438055175,8.704916656363097e-06,-1.199742090107964e-07,-0.19622105184696798,-0.006204375771829744,7.856661971216901e-05,-0.004227364688296756,-0.001850500533459484,-1.6162763650492e-05,-0.11665146332327858,-0.00536441801761635,9.85854360318298e-05,-0.1549487173104969,-0.0045400257833795145,0.00017666427470108614,-0.0027043667320141842,-7.923840396328608e-05,3.083378762897043e-06,0.007383380457873249,0.00024362995463004546,-0.0001454638763375746,0.1418866290210553,0.008734698270835058,-0.00021925821173093612,-0.14652072438338165,-0.0033806539203891255,8.601404863899766e-05,-0.030618846776959984,0.0001336982942450244,8.48756607237846e-05,-0.04260788242137939,0.0037730469883707975,0.00022147057335397322,-0.05689548848045589,0.0011028904845378118,8.136123259452367e-05,-0.0009930168321803964,1.9248993093603242e-05,1.4200302355032056e-06,-0.038845534140529055,-0.0007439941093609776,5.850558820320055e-08,-0.03154584229152694,0.000470811055251196,2.484965856474118e-05,0.00034327990583368296,-9.208255365052633e-07,-4.045314108809031e-07,0.007436668708119344,3.007250946514649e-05,-1.3710483616592915e-05,0.007013088839204769,0.0016395079468192798,3.83859966741598e-06,0.0006375048040935982,-1.710149927456174e-06,-7.512494917650159e-07,0.009890769757934991,3.9996132038992093e-05,-1.8234942986759487e-05,0.007451405555943906,0.001741977332409446,4.07851528691366e-06,0.0005639735840415764,-1.5130203312880644e-06,-6.645971873404036e-07,0.01808151986611257,7.31178853777617e-05,-3.333567647700815e-05,0.007451405555943906,0.001741977332409446,4.07851528691366e-06,0.00039233491340745074,-1.0526441996844456e-06,-4.6233985599115746e-07,0.01808151986611257,7.31178853777617e-05,-3.333567647700815e-05,0.006136446857175054,0.0014345695908543035,3.358788665807649e-06,0.00031877035400481967,-8.550749637280877e-07,-3.7564637895145416e-07,0.015164854988258085,6.132361992931326e-05,-2.795841570887564e-05,0.00569813526956678,0.0013321003273863011,3.1188611830140686e-06,0.00019615078702842062,-5.261267043807785e-07,-2.3114934168803308e-07,0.011519398744920542,4.658200934038681e-05,-2.1237536193961874e-05,0.00525981427855193,0.0012296310883427313,2.8789553332894497e-06,0.35313696181445553,0.006548804090063653,-0.0001921057004157558,-0.03164890106310214,-0.0006072630088855401,6.304119558214532e-05,-0.03919465612641584,-0.013655145926157446,2.4301842266298814e-05,-0.13106012114499738,0.005582527688544328,0.0005201149261609137,-0.11611326276696834,0.0042478681935261536,0.00027193466622603993,-0.010696813527911176,-0.002628991662690216,0.00034331524240504484,-0.11942980665487415,-0.0019358463645123881,-5.5209958328802124e-05,-0.05918060945913439,-0.0007357428765416963,-3.116320693094584e-05,0.04721463182250971,-0.00501949525116725,-0.00018290146949936827,0.03072603193431444,0.004835795282762174,7.205340300447717e-05,0.3404930515642748,-0.007418705514859806,-0.00037609954219916644,-0.03152591818268972,-0.007515996041442025,-0.00011231331682290143,0.3523352983222364,0.0013444607267598583,-0.00010005149166827683,0.07611277487465287,-0.01318222154686851,-0.0004575146620705932,-0.010761089231320827,0.0016543409047864875,-0.0001417487407816786,0.14530458693924,0.003327625546106822,-0.000427163057404566,0.1834360161256573,-0.0028089458756749013,-0.00048392563783980697,0.33495659914003156,0.22348366109838402,0.35671219183946357,0.59451939865538,0.18933177101490206,0.037800006295144836,0.01333061868594454,0.009948082755228023,0.015156471015267686,0.020440051471819102,0.009018159634878098,0.0037577340661699675,0.0008259724085962061,0.0003281658902441195,0.0002036403005551467,0.0011467944018126312,0.000776160984393383,6.36758170922494e-05,0_1_29_p1
2483.333,-0.10639181046300036,1.7170518398498866,-1.5362954156143678,0.003996412534649066,0.0016583644820224576,0.001730830552565262,0.46114115901670855,-0.008362294317318313,-0.05091180480738721,0.7045848422781466,0.012297324619505742,0.881457497030274,0.07646145383186045,0.37222237426484,-0.06992814140025355,-0.26735459976598064,0.6143348235966153,0.010722165468246359,0.8342690405160788,0.031781753531101936,-0.0001760992335367227,0.002030478153192159,-0.0028107460459197453,-0.0003270348085836917,0.0027005369809698135,-0.0029864189204534806,-0.0002893132567930886,0.0049369076366957395,-0.0029864189204534806,-0.00020126239336097578,0.0049369076366957395,-0.0024594047848417798,-0.0001635258816053556,0.004140552296254271,-0.002283732907639045,-0.00010062421536347996,0.0031452124664584293,-0.0021080605317708103,-0.13889029292607827,-0.018220469445949922,0.119755840428085,-0.5260893001023692,-0.47681449345630156,0.07677873524191847,1.5854201857792862,1.4714213792140851,0.15153883214562486,-0.10110435045404856,-0.27813932331993896,-0.40008291601344076,0.14305956386717586,1.8306279780354697,1.4866787209091163,0.27511223373992455,0.16099689253789876,0.09387332826389533,-0.006283417559109944,-0.0005337581113935388,-0.1026929303324003,-0.004183363193542391,1.1061528978816148e-05,-0.11563647756875739,0.004811557232926986,0.0006272886884707837,-4.9974831708530165e-05,-6.345907250304207e-06,-2.9350561616349e-07,-0.00022419516487703765,1.8760504439983985e-05,5.34163040573752e-07,0.0002938872304781008,9.500176184455477e-06,-8.660903828672123e-08,-0.2016965050452624,-0.006338559452825444,9.13069578842642e-05,-0.008965778023825179,-0.0018052090867175271,-8.753429860235937e-06,-0.1277959106341416,-0.005200614118799898,0.0001236777387741196,-0.15928107530755928,-0.004651673162462646,0.00018743495334849023,-0.002779980379196596,-8.1186960778141e-05,3.2713610601056406e-06,0.013598310710948334,-4.7658174268736116e-05,-0.00016954001102578614,0.1609590439688814,0.008512008994354966,-0.0002615283387042335,-0.14464829156423,-0.003545257621678144,8.321120751419243e-05,-0.02868179032835484,0.0002112588862297241,8.516471620831358e-05,-0.031197109264730783,0.003911289472740552,0.00019701463175916277,-0.04782195511089526,0.0008081838143432534,5.776383213936037e-05,-0.0008346540619300164,1.4105402966452625e-05,1.0081777753863968e-06,-0.03888213390865688,-0.0008182950409845169,-6.201417889291615e-06,-0.0414047994701393,0.0006922386876611511,4.392071059433156e-05,0.0003367565062310861,-1.2356076248975985e-06,-3.9689423970203083e-07,0.007370431112154515,1.4571128048813242e-05,-1.373600784658546e-05,0.01004027451918497,0.0016841223727117535,-4.228662742217619e-06,0.0006253889421400394,-2.2946754503771587e-06,-7.370728531960475e-07,0.009802673515942327,1.937934629082168e-05,-1.82688901568223e-05,0.01066778863121258,0.0017893801492345092,-4.492950456326255e-06,0.0005532545553930426,-2.030134420009562e-06,-6.520548922382586e-07,0.017920471995855405,3.5427883848074046e-05,-3.339773407556397e-05,0.01066778863121258,0.0017893801492345092,-4.492950456326255e-06,0.00038487801198778713,-1.4123672442097819e-06,-4.536091680691108e-07,0.017920471995855405,3.5427883848074046e-05,-3.339773407556397e-05,0.008785233472302591,0.001473607186032731,-3.7000656809313775e-06,0.0003127111407453245,-1.1473865740539355e-06,-3.6855631506463554e-07,0.015029784456111741,2.971327490927471e-05,-2.80104641749188e-05,0.008157722779695556,0.0013683495316321385,-3.4357912258004805e-06,0.00019242276374616067,-7.059393777780831e-07,-2.2678713801121194e-07,0.011416797320847305,2.2570447269455806e-05,-2.1277070976381154e-05,0.007530202683681939,0.001263091803958247,-3.1714909505550366e-06,0.3602323672200254,0.0061244378765389065,-0.00019452503886837783,-0.03183196059845789,-0.00047246549304770676,6.883069680995384e-05,-0.06741124454375798,-0.013863296559084193,9.293921061965058e-05,-0.11178125098623928,0.006377408955447791,0.0005101787389610563,-0.10731771803192093,0.004612389564398261,0.00025936817279167604,-0.00874949539815946,-0.002397712288811791,0.00036918620652881805,-0.11346872050763056,-0.001376318295887507,-7.6931036879848e-05,-0.06142602070667076,-0.0006584939403180439,-4.397040803426919e-05,0.030947586451652215,-0.005559605724839726,-0.0001557118190896946,0.040632845613588923,0.005144161463480149,6.273005761910909e-05,0.3145340560802696,-0.008714311660940477,-0.0003065123837235136,-0.04913187187402541,-0.007964824618791696,-6.54013396775621e-05,0.35443306069904107,0.0005239348802164264,-7.38647970902827e-05,0.04692723892655895,-0.014049563364393041,-0.000427337322242543,-0.008040998293790631,0.001635371962237931,-0.00016910672647491219,0.16102646981349608,0.00282504526490099,-0.00047833615526963216,0.1720631746014508,-0.004308384024193402,-0.00045132624844710365,0.33547379457714327,0.23871474802804626,0.3678653394918083,0.5728143445957725,0.1809142718935297,0.040974099039514135,0.013361422064078424,0.009793027324044596,0.015163210558150963,0.022218323035778923,0.008951727728062419,0.0038579574209370074,0.0008690300465419226,0.0003709293921391993,0.00022630809185862416,0.0011168186865110155,0.0008237181293148576,6.392084712674753e-05,0_1_29_p1
2500.0,-0.10954807884227194,1.7150486536595402,-1.5337699585946514,0.003992033254223063,0.0016542250597022278,0.0017325743858207544,0.45721522487191696,-0.0095923011450273,-0.05519097414482789,0.7021424115682785,0.012254696199189528,0.8825739183289287,0.08135269517801048,0.37038989573663866,-0.06991528779831084,-0.2660980210484083,0.6157268872373649,0.010746461448765123,0.8335724875902559,0.029151339890153255,-0.0001711459891195628,0.002175900981130329,-0.0027058348032478665,-0.00031783592609468047,0.0028939488833553185,-0.0028749507251146105,-0.00028117503582378935,0.005290487905871264,-0.0028749507251146105,-0.00019560104393300678,0.005290487905871264,-0.002367607447503886,-0.00015892619102809963,0.004437097698802124,-0.0021984925229681434,-9.779378998224568e-05,0.0033704716410378247,-0.0020293770997669015,-0.13170440637514022,-0.018846489128710252,0.11872953546536577,-0.5306944146642746,-0.4793508059252996,0.07609813013746927,1.5825910404723917,1.4704196848898152,0.1520475208227561,-0.10232035525316704,-0.2698816819365633,-0.3988980543708294,0.15121320756307677,1.8346652801438348,1.4868835352968381,0.2817098311358719,0.17245351200333883,0.08224522186460916,-0.0060198246607946,-0.0005574477643266211,-0.10624301466161687,-0.004214530528202525,1.9029126444131722e-05,-0.10708302524587779,0.004675696545958987,0.0006603618916201124,-6.295580706765124e-05,-6.333914853857907e-06,-2.750365580110749e-07,-0.0001935451885500152,1.9089672519225343e-05,5.081754442012e-07,0.00028446672679305053,1.0226314568060797e-05,-4.4857913061869145e-08,-0.20580968074801126,-0.006412562626190151,0.00010014377973608247,-0.013763260994937382,-0.001700170836995707,-6.177476362536326e-07,-0.13764544987363422,-0.004927124000722433,0.0001460369935569107,-0.1617326323084662,-0.004720433460381371,0.00019292946535031023,-0.0028227684437109107,-8.238705527792057e-05,3.367257663379563e-06,0.018942221364274984,-0.0003654851101368081,-0.00019238554091075444,0.17796417554520086,0.008164472276271477,-0.00030014536678496376,-0.14188173155593645,-0.0036883295246974805,7.682919606749956e-05,-0.0264081825387532,0.00025765468369535257,8.439528167965609e-05,-0.019918758298992784,0.003998136795792507,0.00017306876652725719,-0.037990566155816266,0.0004996067774979537,3.0164938496820965e-05,-0.0006630641180390922,8.719766711433345e-06,5.264874881435228e-07,-0.03904812626106649,-0.0008706896256631824,-1.1985917691128415e-05,-0.051583595571686264,0.000959558412461558,6.510779009742017e-05,0.00032764716981839153,-1.5447232449079654e-06,-3.815808182519963e-07,0.00721887811797991,2.7973302749515752e-06,-1.3518319856509317e-05,0.013176346518255883,0.001711233810505255,-1.282351383298815e-05,0.0006084705039884218,-2.868600769514589e-06,-7.086288567367229e-07,0.009601108931288009,3.7201830393692314e-06,-1.7979364327503938e-05,0.013999866091937466,0.001818186056469686,-1.3624975771299634e-05,0.0005382886063899415,-2.5378939510142493e-06,-6.268900503265887e-07,0.01755198668610578,6.801080977746774e-06,-3.286845313016267e-05,0.013999866091937466,0.001818186056469686,-1.3624975771299634e-05,0.00037446587633588964,-1.765617814074662e-06,-4.3610313040525886e-07,0.01755198668610578,6.801080977746774e-06,-3.286845313016267e-05,0.011529297967486135,0.0014973297337917478,-1.1220557855682234e-05,0.00030425234909708753,-1.4344469313533788e-06,-3.543308276303045e-07,0.014720738079368037,5.704106432746512e-06,-2.756655778719242e-05,0.010705781813225138,0.0013903776099494802,-1.0419104989302882e-05,0.0001872166959202119,-8.825036016288117e-07,-2.1803481702021953e-07,0.011182042130378485,4.332821084305981e-06,-2.0939873539356088e-05,0.00988225625555755,0.001283425388409482,-9.617627000649911e-06,0.3667673817394617,0.005739654289407861,-0.00019646037438890201,-0.03163012844414355,-0.00037400100610867243,7.386819278426603e-05,-0.09601868897510876,-0.01388634699530469,0.00016347341251568947,-0.08963702179079408,0.007163319494594022,0.0004933419579684598,-0.09672961130352024,0.0049168933630297906,0.00024250025553229754,-0.005709156916936242,-0.0021016520165580642,0.0003926871311727336,-0.10809127217730095,-0.000986585854631098,-9.628045835574696e-05,-0.06316668786366363,-0.000595753800990924,-5.9299461121222094e-05,0.013170100946575041,-0.006018698767721307,-0.00012251796691917365,0.050171862141504604,0.005375612443422587,5.542974821577246e-05,0.2855424534249622,-0.009800342887727043,-0.00023002229857287937,-0.06795921096523139,-0.008320405328383199,-1.468706943506826e-05,0.3547429747537557,-0.00019925459508465,-4.414451097314633e-05,0.0145261610806601,-0.014887349078232505,-0.00038847063458935505,-0.005243978941867487,0.0015998377344099823,-0.00019720951919241172,0.17360569317494273,0.0022554515944750997,-0.0005241185610221144,0.15932981914786049,-0.005721391139690563,-0.00041635599123735417,0.33501738466005276,0.2526357341515174,0.38044495786632754,0.5509513504664919,0.17181021891682965,0.044877805475414694,0.013183571348700258,0.009539916264523465,0.015030440478858095,0.023951737634738672,0.008709948554459928,0.003919494569182701,0.0009063786901810059,0.00041185609360114186,0.0002660389918973642,0.0010863671653330085,0.000864400532976288,6.876881725177778e-05,0_1_29_p1
2516.667,-0.11304509882205133,1.7128826157833454,-1.5310478972160153,0.003987239582766085,0.0016507488624977556,0.001734983937519508,0.4528668168270532,-0.011139798822304576,-0.06013476087210397,0.6993023280336294,0.012205127352436389,0.883823085381166,0.08733781764352398,0.36829169631514164,-0.06973738040366907,-0.2646062567208023,0.6169869506294552,0.010768453594671249,0.8327582396329887,0.02642231315180489,-0.00016626754452748837,0.0023051565748745256,-0.0024680152420401185,-0.00030877617128032816,0.003065858828021754,-0.0026222674413313774,-0.00027316048389863134,0.005604759869633371,-0.0026222674413313774,-0.00019002546497113576,0.005604759869633371,-0.0021595153314471053,-0.00015439581495542296,0.004700675327776304,-0.0020052641294868484,-9.500624983406045e-05,0.0035706888315096066,-0.00185101242886109,-0.12463913603814898,-0.019132445868019005,0.1164861206607788,-0.5344490113323945,-0.48152221143694224,0.07540937434541323,1.5812814625880875,1.4694330562476488,0.15159697105767078,-0.10264914137498872,-0.2635189889033073,-0.3984135185572183,0.15865910379133244,1.8376171106278374,1.4870262962483345,0.28883563796863576,0.18305277238299078,0.06944579294724158,-0.005673059583812805,-0.0005823529417203692,-0.10973928756923826,-0.004217168635600791,2.6679979492353087e-05,-0.09718615182221524,0.0044602895117804315,0.0006949023939584301,-7.503832967060032e-05,-6.277689809826362e-06,-2.5736234068218783e-07,-0.0001604682784696473,1.9410585140220598e-05,4.726176572633105e-07,0.0002744008074744058,1.0849235299156262e-05,2.7941550987023653e-09,-0.20895513905656135,-0.0064124766521871015,0.00010553420666911186,-0.01848772822364931,-0.0015412913434475247,8.043176429805465e-06,-0.14613813567346917,-0.00454314075340148,0.00016571191107305944,-0.16253474118021574,-0.004725900649817097,0.0001932896378043951,-0.002836767551546334,-8.248248153640481e-05,3.3735438145106896e-06,0.023133126480687705,-0.0007132524925625663,-0.00021310860085472401,0.19255162375568713,0.007669798965506331,-0.0003340167275957812,-0.13860839888584078,-0.003791073318788822,6.73581100802081e-05,-0.024007804005596635,0.00027854336222812555,8.278611142883526e-05,-0.009171929761181356,0.004043523888612837,0.00014937233895439013,-0.02762045005365886,0.00019998092886373278,-1.0540894282584424e-06,-0.00048207076756598394,3.490324703408457e-06,-1.8387410763163367e-08,-0.03917487905266308,-0.000907386285515744,-1.72645009598653e-05,-0.061279803718305215,0.0012481906041261837,8.804689207751223e-05,0.0003162288696622012,-1.8649764062208396e-06,-3.5779142082073135e-07,0.006987738109914367,-6.066198647241796e-06,-1.310914152285062e-05,0.01637039564803675,0.0017197200552158244,-2.185425242131544e-05,0.0005872658221456205,-3.4633845541615633e-06,-6.644450580168486e-07,0.009293691908448445,-8.06824496966826e-06,-1.743515865805271e-05,0.017393542704616738,0.0018272026777359238,-2.322013857445147e-05,0.000519529665113649,-3.064118353125753e-06,-5.878053753095664e-07,0.01698999038201189,-1.4749572953980298e-05,-3.187357759865527e-05,0.017393542704616738,0.0018272026777359238,-2.322013857445147e-05,0.00036141736742040806,-2.131666786664349e-06,-4.0891106058106816e-07,0.01698999038201189,-1.4749572953980298e-05,-3.187357759865527e-05,0.014324091276615086,0.0015047552009665515,-1.912245848197443e-05,0.0002936487258929711,-1.7318388236768788e-06,-3.322399750317676e-07,0.01424939574385716,-1.237026684436379e-05,-2.673216194385393e-05,0.013300945929745399,0.0013972726761441838,-1.7756581400770542e-05,0.00018069329631761503,-1.0655158757073287e-06,-2.0443878210812418e-07,0.010824005715051939,-9.396665438753575e-06,-2.030605671992117e-05,0.012277792034324279,0.0012897900780485176,-1.639067989513397e-05,0.3725215869579124,0.00540319998668234,-0.00019762301576576775,-0.03096547515039206,-0.0003108898840736027,7.838015801035489e-05,-0.12473803394478741,-0.013731393949129872,0.0002345861719989841,-0.06521430101831056,0.007926724140246347,0.0004705102544059114,-0.08452928025834422,0.0051715140436975095,0.0002216455625508366,-0.0018628037308117112,-0.001744998170667859,0.0004146637751240543,-0.10330458859122008,-0.0007919081539864959,-0.00011343756648079492,-0.0643353227171724,-0.0005561940602906333,-7.724086499545055e-05,-0.005356859144190255,-0.006361239565797628,-8.492633793239289e-05,0.05870609048190918,0.005511974490720234,5.1077681376354596e-05,0.2536754292330697,-0.010650537800956598,-0.00014706003394850345,-0.087714729545378,-0.008579083786598812,3.910849232809119e-05,0.3529041214995087,-0.0007935313529336143,-1.0441784121808273e-05,-0.020375045780564816,-0.01568762611753058,-0.0003421376421099254,-0.0025560091863669407,0.0015478971999348479,-0.00022579185354491718,0.18317716769781456,0.0016132465525563744,-0.0005627654441336715,0.14563568601412927,-0.007025704815841896,-0.000379345025921767,0.33398184426470773,0.26474490710553966,0.3940694995979034,0.5305273477550295,0.16220568478604025,0.04939219425651002,0.012837379219836895,0.009170431822481286,0.01475948516725105,0.025544691254565613,0.008358398935058992,0.0039390107600366184,0.0009460981696396545,0.0004498957041281867,0.00031658960441433015,0.001059726958284325,0.0009070481777589704,7.836734065307289e-05,0_1_29_p1
2533.3329999999996,-0.11645523232234249,1.7105655570603033,-1.5285688903890113,0.003982090861472702,0.0016479648130080747,0.0017380751649575404,0.4481162181013529,-0.012887732604208382,-0.06559163849555036,0.69601633232305,0.012147775833215859,0.8851739921634916,0.09430674730180166,0.3659372830581173,-0.06945677434518144,-0.2628992514085231,0.6180813703075593,0.010787554976670577,0.8318764823402539,0.023679898242097222,-0.00016141951853094864,0.0024219046405334296,-0.0020955131104454724,-0.00029977276566754024,0.0032211337902546813,-0.0022264836148461276,-0.0002651952998580298,0.0058886212165087295,-0.0022264836148461276,-0.0001844847925943046,0.0058886212165087295,-0.001833576090968166,-0.00014989386281627872,0.004938748211058342,-0.0017026060852330111,-9.223616297839517e-05,0.0037515313712877495,-0.0015716355808323551,-0.1176052806303626,-0.019052010624111597,0.11304109902607129,-0.5372775936459386,-0.4833525870927279,0.07473821895219987,1.5814498614289647,1.4683770961462765,0.15034732428922185,-0.10211920356354719,-0.25913788585489866,-0.3987097153925812,0.16533246044478836,1.8394724215533136,1.4871420818895764,0.29656178969353225,0.19259608113858356,0.05461094794841958,-0.005306117531842128,-0.0006085556412801787,-0.11335788511881134,-0.004191038034174876,3.4563790685959646e-05,-0.08489177132382494,0.004235893333822488,0.0007304692967924358,-8.599158862854721e-05,-6.1863180071668885e-06,-2.407362804357834e-07,-0.0001263210897492004,1.972934841113996e-05,4.309028197670143e-07,0.0002648623337795068,1.135252515898032e-05,5.325433517665329e-08,-0.2116159970811752,-0.006330544062328089,0.00010878593885943292,-0.023098865596232858,-0.0013421237970409462,1.6901248235896966e-05,-0.15328276278336592,-0.004058145746208331,0.00018272816209915542,-0.16202316252279486,-0.004649775359618889,0.0001893308852806903,-0.002827839444424139,-8.11538412474255e-05,3.3044491879790294e-06,0.025873902348132912,-0.0010922731836513877,-0.0002309856107589551,0.20447396103721927,0.007018472057440947,-0.00036235595300867693,-0.13527846796638202,-0.0038419713452038347,5.590705396842907e-05,-0.021522938428864668,0.00028222957088163764,8.088468469712224e-05,0.0007489821891252003,0.004052871070150987,0.00012674269662988878,-0.017066657210731476,-7.31456071088384e-05,-3.5341410190927854e-05,-0.0002978717103035055,-1.2766162473686295e-06,-6.168160186070982e-07,-0.039202357516406904,-0.0009397857106824352,-2.2523525840753147e-05,-0.06996193311171002,0.0015364007660185147,0.00011067931948518018,0.00030264949570239883,-2.215320468596674e-06,-3.26098276973904e-07,0.0066746055255831336,-1.3023254052089462e-05,-1.2535994994195246e-05,0.01957391742766645,0.0017090014417826464,-3.1163260664699785e-05,0.00056205015996795,-4.114027016349937e-06,-6.055898515059811e-07,0.008877224434330566,-1.7321123773228943e-05,-1.6672872811920563e-05,0.02079728523661464,0.0018158141265387387,-3.311095773952458e-05,0.0004972213652801581,-3.6396801092528264e-06,-5.35738765402141e-07,0.016228637584100206,-3.1664982475945834e-05,-3.048002414601916e-05,0.02079728523661464,0.0018158141265387387,-3.311095773952458e-05,0.00034589832713924644,-2.5320809360361803e-06,-3.726938139607917e-07,0.016228637584100206,-3.1664982475945834e-05,-3.048002414601916e-05,0.017127172406363498,0.00149537641421252,-2.7267841392776698e-05,0.000281040467376564,-2.0571966914200736e-06,-3.0280853365119863e-07,0.013610854855329235,-2.6557052020509187e-05,-2.5563398408476663e-05,0.0159038063071256,0.0013885637783052935,-2.532014850499754e-05,0.000172934631032178,-1.2656985259605591e-06,-1.863326012412542e-07,0.010338963471005989,-2.0173189201818632e-05,-1.941825231855965e-05,0.014680433369046552,0.0012817511179736341,-2.3372432588467593e-05,0.3772997245571197,0.005109450803097757,-0.00019729888679590867,-0.029760842346776138,-0.000284177223992483,8.220405137793317e-05,-0.15322025919466933,-0.01340181605233248,0.0003057084451477283,-0.03933610302308001,0.008654925045069364,0.00044301884431751,-0.07087429436106939,0.005387280703222829,0.00019725912312166307,0.0023296845773269352,-0.0013314721554021757,0.00043586691055134627,-0.09882028607632674,-0.000805095173859696,-0.0001289325661417918,-0.06494554396449571,-0.0005443725615997116,-9.7783191115992e-05,-0.02405838663931239,-0.006585001294692312,-4.5055846570793584e-05,0.06653408622922143,0.005549480356451937,5.0948238861554885e-05,0.219249298714624,-0.011234709340574743,-5.7617332996457225e-05,-0.10825696362069882,-0.008735973690285235,9.519731711157658e-05,0.3488989524699077,-0.00122794060008358,2.7989272141443223e-05,-0.05710612991702683,-0.016448860872159063,-0.0002898943039860311,0.0001028843811250776,0.0014741204166366332,-0.00025414893949867254,0.18959929859550753,0.0008827973787051028,-0.000594298386730862,0.13091979325371644,-0.008214266391602606,-0.0003412096692865747,0.33258627004706054,0.2747024169355967,0.4083102223992803,0.5132584109375845,0.15178627110696835,0.05434247168886314,0.012380421009284591,0.0086791753050094,0.014345588789048323,0.026941458015010536,0.007978911692623956,0.003914821612311443,0.0009881100749130948,0.0004842725568090822,0.00037301743957688125,0.0010427743862591,0.0009513780868740719,9.175792299270674e-05,0_1_29_p1
2550.0,-0.11970143951263133,1.708114531351868,-1.5263774255589426,0.003976646930202982,0.0016458873725327004,0.0017418470708038506,0.44302251806330595,-0.014753940866868334,-0.07139452564854262,0.6923005936653966,0.012082923886201252,0.8865852304900691,0.10207004811049403,0.363374557274885,-0.0690976613822771,-0.26093479207961695,0.6190098640270038,0.010803760109442595,0.8309368274895758,0.020928016167861243,-0.000156525116642856,0.0025259596745408294,-0.0015920654077251999,-0.0002906825922576532,0.003359527429296819,-0.0016915706177054008,-0.00025715381999584107,0.0061416211528848245,-0.0016915706177054008,-0.0001788907630089125,0.0061416211528848245,-0.0013930594757543028,-0.00014534902544408544,0.005150937362867803,-0.0012935547644396018,-8.943964685119969e-05,0.003912713026374926,-0.001194050053124901,-0.11054052342017145,-0.018631922838459575,0.10839909269176802,-0.539135321603096,-0.48482262955112904,0.07408706652821083,1.582987998656131,1.467240115866364,0.14843901220235226,-0.10084014301054715,-0.2567296665903629,-0.39988240261566166,0.17125999352763754,1.8402018355382932,1.4873204949310366,0.30483594338762837,0.20082223478759129,0.03586658708146043,-0.005019699170755701,-0.0006336445197170071,-0.11719986743058591,-0.0041364039244148445,4.325968216552669e-05,-0.06819255820927836,0.0041048255754015765,0.0007639786728562627,-9.559332160408657e-05,-6.069911161009284e-06,-2.2573828308779348e-07,-9.21029480518144e-05,2.0048551321847525e-05,3.869869919656951e-07,0.0002570344252274191,1.1731836598515778e-05,1.0282058101848045e-07,-0.2141469914963233,-0.0061655691829356095,0.0001114395899666962,-0.02748987605956891,-0.001124122814838399,2.5863583758057904e-05,-0.15907095618748043,-0.003494603302252439,0.00019723165819603397,-0.16058105779906345,-0.0044796975079308176,0.00018216161505220978,-0.0028026699444242287,-7.818541782154434e-05,3.1793228193544325e-06,0.026846744598918573,-0.0014967070817293916,-0.00024515999251034377,0.21352566910010265,0.006227149503652404,-0.0003845861155928168,-0.13223840560336997,-0.003840142077318182,4.3818855825165726e-05,-0.019005936282710592,0.00027893854954890644,7.876111775017585e-05,0.009665983033298362,0.004019719299184435,0.00010581314764714722,-0.00678453305823894,-0.00031272689450439757,-7.168672667288807e-05,-0.00011841538937902276,-5.458127971216387e-06,-1.2511631971516536e-06,-0.03913497697911452,-0.0009774691664641356,-2.7868568688655684e-05,-0.0772429874088664,0.0018184893346502875,0.00013159579232450514,0.0002879502615041739,-2.6061602403575643e-06,-2.863262286371462e-07,0.006285025810304259,-1.9358634371908245e-05,-1.1788208886984388e-05,0.02275125242967509,0.0016791927650393198,-4.060293334235897e-05,0.0005347503609496129,-4.8398234578976555e-06,-5.317373454880645e-07,0.008359082199115355,-2.5747162257240754e-05,-1.5678314798037997e-05,0.0241732030885359,0.0017841423540705078,-4.314061096268376e-05,0.0004730699977565613,-4.2818228688682e-06,-4.704013144577447e-07,0.015281411922554411,-4.7068812708151276e-05,-2.8661851233383462e-05,0.0241732030885359,0.0017841423540705078,-4.314061096268376e-05,0.00032909700414233365,-2.978730536473086e-06,-3.2724134042337364e-07,0.015281411922554411,-4.7068812708151276e-05,-2.8661851233383462e-05,0.01990734085369173,0.0014692938312212715,-3.5527552979435775e-05,0.0002673901404398234,-2.4201193366266127e-06,-2.65880187119439e-07,0.012816422582771752,-3.947616029164682e-05,-2.4038510594269376e-05,0.01848539190454121,0.0013643442177656514,-3.298987954615658e-05,0.00016453396953372172,-1.4890111139626684e-06,-1.6360950475674696e-07,0.009735503273015573,-2.9986657584272916e-05,-1.825993197275585e-05,0.017063435261694387,0.0012593945554611654,-3.0452186573331253e-05,0.3810408749949683,0.004841377486851406,-0.00019481198617544594,-0.02788637839180255,-0.00029307751168586077,8.517317962315797e-05,-0.18103720368712425,-0.012906238304825155,0.0003763651397607077,-0.01282022241388622,0.00934000610388449,0.0004127978070858666,-0.056002657251711815,0.005574064695893676,0.00016958826114362634,0.006384642080215216,-0.000862371762991527,0.0004574352400960843,-0.09423540216006566,-0.0010278234073099269,-0.0001440197650071314,-0.06503606201110973,-0.0005398821540758112,-0.00012068957482390352,-0.04236145760334214,-0.006706029267937486,-4.259554066831624e-06,0.07451885984534734,0.005496154346032978,5.37931925931886e-05,0.18278878392488193,-0.011531941961172715,3.789397066484703e-05,-0.12943012951891245,-0.008783732786309804,0.00015329851277410365,0.34288870531305143,-0.001486146518800108,7.099927310144456e-05,-0.09505446708359307,-0.017167542012402615,-0.00023321554611022762,0.0028665780601225977,0.0013616776803277676,-0.0002822752096787022,0.19285342352537654,3.5448229400495904e-05,-0.0006181166168559864,0.1146577231397961,-0.009273837775610735,-0.0003016769685267942,0.3309567627214719,0.28222714182182146,0.42278158384158027,0.500917099860107,0.1402587953658402,0.059596467163036376,0.011900847677567404,0.00809021032389091,0.013787523982897862,0.02811597941024789,0.007691383920952878,0.003847121268926582,0.0010287605472208026,0.0005142348939882924,0.00043226947487862003,0.0010410340716905326,0.0009934990696203252,0.00010765007282790534,0_1_29_p1
2566.667,-0.1227486672002208,1.7055516380170272,-1.5244550062250617,0.003970980095454506,0.001644534991695155,0.0017463225936714644,0.4376565157446869,-0.016673490380793236,-0.07739994479726033,0.688202987938048,0.012011406776106036,0.887977904996057,0.11035621016850936,0.3606545179848533,-0.06866812588005128,-0.25865728949874206,0.6197755599164737,0.010817123846192366,0.8299177422059737,0.01811296663867158,-0.00015170750924185108,0.0026166534651259625,-0.0009619910757797346,-0.00028173553584642975,0.00348014962722965,-0.0010221166711799387,-0.0002492390011707971,0.0063621335305642955,-0.0010221166711799387,-0.00017338449855162067,0.0063621335305642955,-0.0008417443729688332,-0.00014087549723847373,0.005335879930391632,-0.0007816197748996308,-8.668651462255378e-05,0.004053197569860953,-0.0007214946781649276,-0.10341635420491141,-0.01789373333800107,0.1025289530160414,-0.5400010951705407,-0.4858894082005365,0.0734649897935635,1.5857212366246312,1.4660133069805106,0.14586950656297418,-0.09908246031810718,-0.25616761821134315,-0.4019940440643921,0.1765069254953616,1.8397374991681132,1.487607529286492,0.3136321135916893,0.2076600353658392,0.013713787108343178,-0.004837023929423758,-0.0006493450132956012,-0.12123703112365507,-0.004054841706653027,5.309747100236332e-05,-0.04756663125081078,0.004087009319529022,0.0007867023813472691,-0.00010375462366227167,-5.934331135197386e-06,-2.1292034081682835e-07,-5.837036407612655e-05,2.037110037983247e-05,3.4359384702375065e-07,0.0002519984735750938,1.1984531779033078e-05,1.475968466911023e-07,-0.21671847954477985,-0.005923591736571894,0.00011456376241705616,-0.031600267499114265,-0.000899916854362117,3.462346027283982e-05,-0.16347390128347947,-0.0028775083112644734,0.0002092307902030827,-0.15854588791588992,-0.004215363621176795,0.00017296893270543571,-0.0027671498583427827,-7.357191115686817e-05,3.018880814595924e-06,0.025861623208846406,-0.0019181378692368029,-0.00025460566871355505,0.21965848282291628,0.005322622391075154,-0.0004001850684306651,-0.12977116372028352,-0.0037910119401894956,3.210489232864427e-05,-0.01646144968882706,0.0002716597510923533,7.647731535938735e-05,0.017439859611164836,0.0039344742433407975,8.685844593859889e-05,0.0026505980531775,-0.0005179417106228927,-0.00010872041787632342,4.62596312534343e-05,-9.039775628419259e-06,-1.8975216138477694e-06,-0.03902940236885075,-0.0010219345788928405,-3.312087894407939e-05,-0.08276194076600983,0.002094974059145464,0.0001499056241110691,0.0002726645966772789,-3.053518149342214e-06,-2.4178025047265883e-07,0.0058244025034419195,-2.5355760723528275e-05,-1.0874308723905586e-05,0.025887933085608415,0.001630724847553905,-5.0067755509429276e-05,0.0005063640410434622,-5.670718233271582e-06,-4.490062092701494e-07,0.0077464536797073255,-3.372342481343262e-05,-1.4462823833737367e-05,0.027505925964894384,0.0017326452207462684,-5.319698311951407e-05,0.0004479577730512949,-5.016851745969324e-06,-3.972110594859498e-07,0.014161455085500674,-6.165032114085376e-05,-2.643979101704869e-05,0.027505925964894384,0.0017326452207462684,-5.319698311951407e-05,0.00031162718442294315,-3.490056034649195e-06,-2.763261680566229e-07,0.014161455085500674,-6.165032114085376e-05,-2.643979101704869e-05,0.02265193621391961,0.0014268844186868038,-4.38092730734632e-05,0.00025319612563160426,-2.835530087664554e-06,-2.2451287440814673e-07,0.011877120573554154,-5.170554700830657e-05,-2.2174882416732537e-05,0.021033944189488778,0.0013249640210700078,-4.068004965042402e-05,0.0001557999145291702,-1.744612801969019e-06,-1.3815226749383857e-07,0.009022000136924847,-3.927629515901843e-05,-1.6844298135135218e-05,0.019415945326216804,0.0012230436723020776,-3.755080459431585e-05,0.38369500530959993,0.004588019402806693,-0.00018992120986177104,-0.02542350310879058,-0.0003306781442163685,8.663279209426398e-05,-0.2080409561108902,-0.012248821628534991,0.0004455000414840213,0.013656800754744933,0.009977147667815257,0.00038165786407812734,-0.04021488727210017,0.005732464688979452,0.00013910065286233943,0.009942119196714803,-0.0003353671712268964,0.00048046659246057146,-0.08919464964125316,-0.0014509117589412489,-0.00016013684799010022,-0.06464689433601085,-0.0005447463286930357,-0.0001456891003118968,-0.06010011216836578,-0.006738402265867987,3.609440568070971e-05,0.0836114932433866,0.005373067222141769,5.6790921849082993e-05,0.1450095798485235,-0.011537067257399794,0.00013846919753662516,-0.15104272686497286,-0.008710142996468221,0.00021308053439021005,0.3351159665473814,-0.0015700923657961648,0.00011804275627722398,-0.13350849210078436,-0.017833069383326468,-0.00017340948945668026,0.005799786094720538,0.001192946982648553,-0.0003104124017671914,0.19316755799993635,-0.0009349837206707371,-0.0006340920157984964,0.0965682941538928,-0.010175489643972774,-0.00025906928891543624,0.33053596385555806,0.2871288721516131,0.4372061882331836,0.4952596221771966,0.13095475461560643,0.06506963331861505,0.011430104215406158,0.007448884293194693,0.013084070519653265,0.029060056439118916,0.007519493384847587,0.0037369017634270047,0.001056358919330505,0.0005387874529647084,0.0004919812939367426,0.0010589543987088955,0.0010214544090231378,0.00012510942562715576,0_1_29_p1
2583.333,-0.12551898144735435,1.7028869535895519,-1.522834856973676,0.003965168149045364,0.0016438957025234247,0.001751511706870394,0.4320700838268615,-0.0185908128545926,-0.08349685310803656,0.6837747914184311,0.011934120106169219,0.889291022408084,0.11893072505356363,0.35779227325669327,-0.0682070423049319,-0.2561437790084229,0.6203676179853178,0.010827457192695173,0.8288463603753305,0.015321972234563901,-0.00014687194988282569,0.002695431643574979,-0.00020852196571827114,-0.0002727555675121686,0.003584924734219873,-0.00022155608457216443,-0.00024129476108121947,0.006553674938657165,-0.00022155608457216443,-0.00016785778880880548,0.006553674938657165,-0.00018245871466548945,-0.00013638551307134313,0.005496524522734694,-0.0001694255931425969,-8.392340908389645e-05,0.00417522500717439,-0.00015639247161970446,-0.096312872626608,-0.016876382911675578,0.09550883733879224,-0.5398698025282266,-0.48650889237324646,0.07285917803154823,1.5894684595259945,1.4647119121970709,0.14271254404132583,-0.09680269030520121,-0.25726859135145563,-0.40507237601257956,0.18118755845933895,1.8379784925187694,1.488029058714106,0.32267737070394364,0.2129652967358303,-0.011384424811405513,-0.004766420979030289,-0.000656139469669364,-0.12540092367237715,-0.003950057617577645,6.396076500496998e-05,-0.023539999915525904,0.004184027269442532,0.0007990804256288398,-0.00011042505834960817,-5.786563317477407e-06,-2.024471440832232e-07,-2.5475538141396397e-05,2.0697948137969234e-05,3.0200811010019644e-07,0.00025057770432604013,1.2101060747354007e-05,1.8394389172505406e-07,-0.21938631489707752,-0.005611582407475215,0.00011860938636723957,-0.035413954105627476,-0.0006789339175979829,4.307760499829898e-05,-0.16649369930530677,-0.002227873381348629,0.00021860483861717363,-0.15620985774883026,-0.003860738761758255,0.00016274663421194808,-0.002726379251967913,-6.738249124675118e-05,2.840468707952632e-06,0.022975974185320665,-0.0023391513897363077,-0.0002586477259987261,0.2231870265122177,0.004347603605819737,-0.0004090992480435111,-0.12814233897146987,-0.003701218444369823,2.1566923395256803e-05,-0.013852795958137142,0.00025911592422935654,7.386984736511985e-05,0.024036723755112524,0.003777882171186487,7.00639708547688e-05,0.010617943737485747,-0.0006905491275304462,-0.0001446679957310512,0.00018531635293546833,-1.2052309579722755e-05,-2.524927368624401e-06,-0.038975528542831595,-0.0010636370994966365,-3.787194122225152e-05,-0.08636267013336686,0.0023861681539784317,0.00016484964346282735,0.00025717889574672684,-3.5209529419906246e-06,-1.9392720412316834e-07,0.005303546958000185,-3.1130820133212924e-05,-9.794668547699322e-06,0.028975687817094684,0.0015638728549849847,-5.9523599952886964e-05,0.0004776050042946002,-6.538860268483976e-06,-3.6014105124464026e-07,0.007053715829915472,-4.140415173418459e-05,-1.3026902364490996e-05,0.03078666595481146,0.0016616149893274794,-6.324381648862109e-05,0.0004225147194053647,-5.784829182757065e-06,-3.1859509125431014e-07,0.012895046174915591,-7.56917076692495e-05,-2.3814760460001816e-05,0.03078666595481146,0.0016616149893274794,-6.324381648862109e-05,0.00029392826352500476,-4.024340499545411e-06,-2.2163567623832863e-07,0.012895046174915591,-7.56917076692495e-05,-2.3814760460001816e-05,0.02535372128339942,0.0013683889038176198,-5.208313617641766e-05,0.00023881575240202946,-3.269576680838073e-06,-1.8007785295212416e-07,0.010814992122415355,-6.348200704533061e-05,-1.9973282198734148e-05,0.023542745710248076,0.0012706468183239904,-4.83629210363654e-05,0.00014695045408020111,-2.0117672466334705e-06,-1.1080946402795934e-07,0.008215194691015512,-4.822184132615461e-05,-1.5171941179127714e-05,0.021731762443400443,0.0011729047084059283,-4.464268635676702e-05,0.3853302320685856,0.004343250561305172,-0.0001824183577101432,-0.022386182266225085,-0.0003912289018223581,8.658811631768578e-05,-0.23374807109133003,-0.011424890087947384,0.0005128972501960646,0.039554736500391395,0.010562662258137654,0.0003509010859875586,-0.023822767190293078,0.005858338200999772,0.00010647195694178313,0.012746364639169153,0.00024778323170971273,0.0005055499509756135,-0.08358666055631392,-0.0020543548842531585,-0.00017845503153695656,-0.06384098392343823,-0.0005493790085373919,-0.00017254074727826528,-0.07706451075193675,-0.0066639680501153166,7.590021556184222e-05,0.09385603283462526,0.005227268062544847,5.702098116323248e-05,0.10665222270585287,-0.011262594935186498,0.00024250320670160655,-0.17276599546766402,-0.008506806614618362,0.0002741413725461504,0.3257632939082841,-0.0014855090899560121,0.00016837601374398634,-0.17161516553709025,-0.018426027075264004,-0.00011205473395842429,0.009142992914562774,0.000948913463117305,-0.00033874700956662806,0.19067356000570287,-0.002044470682713707,-0.0006427894027511843,0.07684927361411195,-0.010922112823691993,-0.00021222103092791703,0.3327220796908057,0.2895508153744108,0.4512412765266539,0.4972393308598207,0.12809841534569164,0.07071144078575224,0.01099004993465356,0.006825339274958943,0.01222885926869621,0.029791210280828748,0.007471841583438807,0.0035848264670626543,0.001071299427970699,0.0005570460207673114,0.0005512146119033814,0.0010993229311797236,0.0010359245511958306,0.00014358488096135892,0_1_29_p1
2600.0,-0.12795943544717797,1.7001361660860896,-1.5215107509686783,0.003959340744005706,0.0016439690063520082,0.0017572872506979936,0.42634516152888685,-0.020483515713963327,-0.08962414012110753,0.6791385725959274,0.011853203151388256,0.8904833959477962,0.12760910398373865,0.3548456777631152,-0.06772358560346398,-0.25337557012703277,0.620834184387616,0.010835600400319476,0.8277510780059104,0.012512235986282812,-0.00014223386206202587,0.0027634915057547496,0.0006587082036536836,-0.00026414261698632697,0.0036754449892108074,0.0006998760327187249,-0.00023367515223251276,0.006719156586355754,0.0006998760327187249,-0.0001625569745377484,0.006719156586355754,0.0005763680575340963,-0.00013207903780842228,0.0056353131048532835,0.0005351987324725541,-8.127350061386851e-05,0.004280650373977356,0.0004940304047420119,-0.08926171252862086,-0.015677291350339913,0.08735852323243866,-0.5387307577731422,-0.4866695688801814,0.07235136052304648,1.5940090273241718,1.4634003032481828,0.13869446100001853,-0.09431441179054542,-0.25987192895171995,-0.4091255172332391,0.1853678987772182,1.834881008823367,1.4885497507685013,0.3319897419809021,0.21686002339626517,-0.03740623419652427,-0.004815421642241342,-0.000654438342825181,-0.1296785042615339,-0.0038230545976679756,7.558184029048153e-05,0.001870058031562676,0.00440091948009916,0.0008017947686599502,-0.00011544049347848265,-5.627926627214418e-06,-1.943898726622407e-07,6.191715806789841e-06,2.103224534807365e-05,2.628522553079337e-07,0.00025319869019703624,1.2075976854990622e-05,2.090570934076314e-07,-0.22222315340160106,-0.0052352549253048275,0.00012366705971431045,-0.03871419334137543,-0.0004683131440964805,5.1209056910540974e-05,-0.1680344867971325,-0.0015637499023908685,0.00022525273932291873,-0.15388272149468707,-0.0034229527390924105,0.0001523750654492107,-0.0026857642292292174,-5.974167384899929e-05,2.6594529567855686e-06,0.018416502547920245,-0.0027466370474045353,-0.00025732174936859097,0.22433698620025455,0.0033365676484289515,-0.0004122861640700656,-0.12756173674517046,-0.003572165408551963,1.2923259726852524e-05,-0.01138414185435284,0.0002468529294933268,7.072169570459398e-05,0.02935837227078332,0.003563323226583932,5.537856507248724e-05,0.016723651713398624,-0.000832190296132181,-0.00017765287943396235,0.0002918817403106667,-1.452442853352732e-05,-3.1006224123697926e-06,-0.03891055527762431,-0.001101754528598251,-4.16582788842976e-05,-0.08770111597721253,0.0026781978330778456,0.0001762293097492437,0.000242303561388872,-4.013349504838979e-06,-1.438920091738667e-07,0.004763922213020429,-3.686318563457125e-05,-8.570870484923443e-06,0.03197179438346567,0.001477804695759984,-6.896710098590865e-05,0.000449980360321606,-7.453286603626834e-06,-2.672200417122235e-07,0.006336013645358235,-4.9028213971116675e-05,-1.1399251890062738e-05,0.0339700311050047,0.0015701676174732547,-7.327753672874214e-05,0.0003980761205534395,-6.593790817583483e-06,-2.3638873141856789e-07,0.011583001677332078,-8.962943690534695e-05,-2.083921766091407e-05,0.0339700311050047,0.0015701676174732547,-7.327753672874214e-05,0.0002769269044244349,-4.58712827738033e-06,-1.6445040308190607e-07,0.011583001677332078,-8.962943690534695e-05,-2.083921766091407e-05,0.02797531581125674,0.001293079243124366,-6.034619809739965e-05,0.00022500300298796056,-3.726777636193157e-06,-1.3361420790171406e-07,0.009714589241921675,-7.517149167757747e-05,-1.7477715789556034e-05,0.025977081654283137,0.0012007163458355285,-5.6035767239452676e-05,0.00013845062938505994,-2.2931367111182496e-06,-8.221752529068191e-08,0.007379316476519522,-5.7101294978455874e-05,-1.3276278613527441e-05,0.023978843223033813,0.0011083535218199883,-5.1725314050595856e-05,0.38603319398589764,0.004119074862700981,-0.00017253141295793425,-0.01934930167405864,-0.00046911138340536055,8.480020178793716e-05,-0.257976969702197,-0.010444283236738884,0.0005772658934570336,0.0644266836509598,0.011094032814941727,0.0003214655692159364,-0.007261549922194568,0.005945492490321671,7.243601662731066e-05,0.014696981654920857,0.0008898265106107908,0.0005329863272344574,-0.07738393421527308,-0.0028159484093734075,-0.0001993661065766593,-0.06285091206722752,-0.0005606977302815549,-0.00020100521699489984,-0.09324570473040926,-0.006486923983860133,0.00011500532754845016,0.10532083027179887,0.00505494350499218,5.4615305040411467e-05,0.0683628479184954,-0.010730949188299407,0.0003482783638883204,-0.19401973915688028,-0.008168150766804272,0.00033568774818640024,0.3149175782919994,-0.0012496907039325864,0.00022147284482621282,-0.20861931861671248,-0.018920628871290285,-5.111427127003456e-05,0.012675270611132508,0.0006222564109509549,-0.00036833286639765167,0.18540837210771663,-0.0032654360556145377,-0.0006448791948947788,0.055821485236513896,-0.011501846688136315,-0.00016090642348262483,0.3385267082998498,0.2895490269796466,0.46470220489142905,0.5067647211749904,0.13497894434220803,0.07644016763216181,0.010619032148025963,0.0062830113470184615,0.011236987832324125,0.03032921783287324,0.007561266043312609,0.0033890819970953307,0.0010741355691302865,0.0005690183989004402,0.0006084357603143354,0.0011627969034564043,0.0010377269201362791,0.0001628088242864421,0_1_29_p1
2616.667,-0.1299670722271165,1.6973112459719817,-1.5205496554961375,0.0039536150667281635,0.0016447329618988814,0.0017634318069960145,0.42057248103859163,-0.02230802157814163,-0.09566182093305006,0.6744340311145249,0.011771093388729933,0.8915403723294589,0.13617057826728757,0.35187779573531447,-0.06724644649522277,-0.2504159445039249,0.6212329736710731,0.01084256077337643,0.8266912173429922,0.00969667233296206,-0.00013784660298801275,0.0028228227270125444,0.0016256086412865286,-0.0002559949213725168,0.003754355314017476,0.0017272077477036231,-0.00022646744108727678,0.006863414033019093,0.0017272077477036231,-0.0001575423942640184,0.006863414033019093,0.0014224054417973353,-0.00012800494066876695,0.005756301323263533,0.0013208053380492398,-7.876670914250409e-05,0.004372554425732372,0.0012192057329666456,-0.08231302021235283,-0.014372494172189967,0.07819439124616559,-0.5365442641394486,-0.4863740956084598,0.0720103481204818,1.5991142639885743,1.4621164570023741,0.1338968241549804,-0.09159238681449054,-0.2639066883646973,-0.41414453313659666,0.18909449138815693,1.8304387165260458,1.4891235581786901,0.34151168092513345,0.21934207906413933,-0.06341977456783676,-0.0049847655397273595,-0.0006490603318780446,-0.13410795585097718,-0.003675277596361444,8.785957900976113e-05,0.027815877633235783,0.004735801704215132,0.0007997518449091467,-0.00011859918323494751,-5.463257102079423e-06,-1.8915955486384126e-07,3.612275895784787e-05,2.1373283701598035e-05,2.269148429020869e-07,0.00026005462845058347,1.1930285114048642e-05,2.2140818009392728e-07,-0.22535779009888543,-0.004807001612167769,0.00012989791462771012,-0.04146300655688296,-0.00027039126818106506,5.84566221004235e-05,-0.16818850177412134,-0.0008970322067403283,0.00022881614192890877,-0.15178188249422,-0.0029227982925404787,0.0001427938099180272,-0.0026490969275447486,-5.101238160882048e-05,2.4922314273557735e-06,0.012641049050014105,-0.0031330176504908635,-0.0002512022468394668,0.22362025427628562,0.0023145039375605425,-0.0004104884057961055,-0.12827690342937123,-0.003411368377218424,6.779902203248654e-06,-0.009063188767465036,0.00023659818488562615,6.750578857428812e-05,0.03361482853447994,0.00329337357657017,4.295897343524487e-05,0.020640868116671585,-0.0009532799899187522,-0.0002064208415683663,0.0003602496352939305,-1.6637850268978824e-05,-3.6027203598790373e-06,-0.03886168748332709,-0.001136221164473731,-4.4522638176617195e-05,-0.08689921654497368,0.002974577039573519,0.00018332083351929577,0.0002278813002572494,-4.4847899044470645e-06,-9.373957694769588e-08,0.004233028958479796,-4.255798635846632e-05,-7.310102903000699e-06,0.03480560584592462,0.0013722793251527753,-7.830189863884038e-05,0.00042319860352043204,-8.328731544210832e-06,-1.74082701490347e-07,0.005629928087350558,-5.660237709208153e-05,-9.722428054238354e-06,0.036980954875583755,0.0014580469173092038,-8.319576499216981e-05,0.00037438210053179375,-7.368289577897049e-06,-1.5399325668978178e-07,0.010292190071811114,-0.0001034758920365159,-1.7773785273310086e-05,0.036980954875583755,0.0014580469173092038,-8.319576499216981e-05,0.00026044358754102886,-5.125906837889855e-06,-1.0713044662527117e-07,0.010292190071811114,-0.0001034758920365159,-1.7773785273310086e-05,0.030454900947765217,0.0012007444827819764,-6.851415057968098e-05,0.00021161084230465781,-4.164487894268827e-06,-8.704379318844164e-08,0.008631993848929202,-8.678445456223502e-05,-1.490675883294202e-05,0.028279552772961243,0.0011149770127477118,-6.362028911123809e-05,0.0001302089709433569,-2.562489354723988e-06,-5.3559989505632544e-08,0.006556964634964422,-6.592261848097649e-05,-1.1323351918745221e-05,0.026104202033591817,0.0010292094450157164,-5.872641438381744e-05,0.38579502792340503,0.003919782507443404,-0.00016056646189766091,-0.016543526895752024,-0.0005521356965563602,8.281999788673679e-05,-0.2802506043047504,-0.009305318255922212,0.0006383427547386529,0.08787108340604041,0.011565271957224529,0.00029412613841528983,0.009167231477311116,0.005991888190089561,3.801000137474106e-05,0.015728926025786093,0.0015776447423231773,0.000562773120383943,-0.07087196915507826,-0.0037058725932904994,-0.00022300468941668418,-0.06174356263383578,-0.0005944804087686496,-0.0002305189896488346,-0.10824589666600698,-0.006165029622793259,0.00015364545207056409,0.11714935831441206,0.004904334026652041,4.998480315763529e-05,0.030668620717709795,-0.009958552394662356,0.0004543520658005809,-0.21426286112708418,-0.007690962052540272,0.0003962596092000667,0.3025470934595742,-0.0008700290424569036,0.00027710301435383833,-0.2439721651120939,-0.019298694909003367,7.664232054600419e-06,0.016177853204570748,0.0002150552002257915,-0.0003987076882315455,0.17744506133968702,-0.004607062986421457,-0.0006408129832413673,0.033716858915317144,-0.011934712677507335,-0.00010560461881932643,0.3481961606878775,0.28757338475298405,0.4771288013374891,0.5226094265813209,0.15093315631861604,0.08206555026082038,0.010358994391947662,0.005896287548400481,0.010112294328047928,0.030716820590681246,0.007796409409090441,0.0031492358006289553,0.001071306545034166,0.0005746398178153139,0.0006634170733886973,0.001246879210817447,0.0010337319622466257,0.00018246937359889975,0_1_29_p1
2633.333,-0.1315069463062211,1.694440820636285,-1.519986089179334,0.003948088855650849,0.0016462075157840665,0.0017696581444361294,0.4148741326251424,-0.024036595669316808,-0.1014927709857524,0.6698209334166207,0.011690579854338932,0.892474684477964,0.14445509223582348,0.34896959698661484,-0.06681454332920024,-0.24741244329808396,0.6216251212287283,0.010849404957371751,0.8257319833887653,0.006919523875143211,-0.00013392459882603116,0.0028737100453491917,0.0026773340752283,-0.0002487114130711942,0.0038220356917513126,0.002844666270599505,-0.00022002418415441427,0.006987141919689473,0.002844666270599505,-0.0001530598900793964,0.006987141919689473,0.0023426651964963854,-0.00012436268785260507,0.0058600711206046084,0.002175332502459679,-7.652520771744278e-05,0.004451378980072942,0.0020079998084229743,-0.07549733345439327,-0.013040419991158852,0.06816977703207433,-0.5332670225017319,-0.4856312570495396,0.07189187916018043,1.604575072592162,1.4608893588905298,0.1284549802990452,-0.08855214842255707,-0.26935124346495914,-0.42009965289360274,0.19238269369357627,1.8246699206399994,1.4896690613350667,0.3511848531477157,0.2204551622959332,-0.08864038550193473,-0.005286454227096955,-0.0006419668025131494,-0.1387452449521209,-0.0035078760518843705,0.0001008505160482074,0.053598381433954415,0.005202571785928135,0.0007947306930673441,-0.00011989599848814315,-5.294044632465638e-06,-1.8729771525262047e-07,6.389529287072439e-05,2.1720745680917514e-05,1.9543035349444824e-07,0.00027123784344222044,1.1705751304412516e-05,2.20243483575515e-07,-0.22894453831036493,-0.004343360959740891,0.00013766575163653915,-0.04355852579379028,-9.123043404315192e-05,6.473304812031882e-05,-0.16679092389026642,-0.00024880094897066385,0.00022944219317443294,-0.1501315846390481,-0.002386601834205088,0.00013467898057682783,-0.0026202934383284028,-4.16539892560783e-05,2.350599027125368e-06,0.005980236612177065,-0.0034977292144202617,-0.00024151132072065844,0.22104991429828708,0.0013114500557409243,-0.00040519671777247316,-0.1304556180237315,-0.0032278616793491584,3.936629570424484e-06,-0.006883059387841614,0.00023308255646995965,6.419783273561687e-05,0.03700747248214554,0.0029825310026226712,3.219941976800648e-05,0.02220925033254017,-0.0010654617755889318,-0.00022984226189254258,0.00038762295185463695,-1.8595810490415915e-05,-4.011500226364558e-06,-0.03890122196916357,-0.0011727293409792784,-4.63811832807928e-05,-0.08420493710365673,0.003272275043311803,0.00018649962458385872,0.0002146780625607339,-4.91974020162978e-06,-4.289418867431988e-08,0.0037287695708004527,-4.830962273720991e-05,-6.082022190414442e-06,0.03740244376881651,0.0012477188217845181,-8.734135884315757e-05,0.0003986796482849864,-9.136496381835885e-06,-7.966203179131911e-08,0.004959262597372499,-6.425201171003092e-05,-8.089088082677298e-06,0.03974009559608395,0.0013257013946926467,-9.280018954019427e-05,0.000352691006112151,-8.082850780411505e-06,-7.045960339806279e-08,0.009066132888580419,-0.00011746032078789934,-1.4787836270218375e-05,0.03974009559608395,0.0013257013946926467,-9.280018954019427e-05,0.0002453545393972155,-5.6230661651110015e-06,-4.901844070884005e-08,0.009066132888580419,-0.00011746032078789934,-1.4787836270218375e-05,0.03272713498515075,0.001091754140032482,-7.642367860737899e-05,0.0001993505098317911,-4.5683947375140304e-06,-3.982927129332515e-08,0.007603708258079646,-9.851316483336776e-05,-1.2402462433682773e-05,0.03038948315788333,0.0010137716159732187,-7.096484930602417e-05,0.00012266487429902215,-2.81100795725286e-06,-2.4504684388350596e-08,0.005775866392940459,-7.483186994114874e-05,-9.421059864274392e-06,0.028051829620905598,0.0009357890919139557,-6.55060109327372e-05,0.3847393536286021,0.0037503936934256874,-0.00014651711858693902,-0.014187654685948901,-0.000631465374624574,8.109092670020319e-05,-0.30019913635354767,-0.008019864564925169,0.0006947697797565859,0.10963384033239106,0.011962690767445643,0.0002696289613997048,0.025138780780309622,0.005997604752982968,3.820046170509845e-06,0.016011639444679072,0.0022978855291399787,0.0005949381177522106,-0.06452732916646399,-0.004691325667158224,-0.00024869384434415316,-0.060452497991192136,-0.0006648027712794801,-0.00026075903257830654,-0.12183400040653816,-0.005711409973153318,0.0001908065501867956,0.12840696622008485,0.004775652217786494,4.563002171698539e-05,-0.005953186430860548,-0.008946205333725261,0.0005596363072429082,-0.23301682116245326,-0.007075705854966686,0.000454523362023223,0.28857032982789865,-0.0003482204068030862,0.0003354012656413941,-0.2774324247234511,-0.019545972115316838,6.305841550502624e-05,0.01933789106759866,-0.00026777272475331725,-0.00042900945379592716,0.16679859365061706,-0.006062430812134314,-0.0006310376686141247,0.010616480225479666,-0.012207691885301974,-4.673623009322101e-05,0.361314262578122,0.28379986617397035,0.4882060848078998,0.5430841211450474,0.17314802759119702,0.08736986524018621,0.010277310043599842,0.005733257969222016,0.00887594665457039,0.030989579952887928,0.008204826794066143,0.0028664831937286438,0.001065292826651486,0.0005748329608444656,0.0007146663916087924,0.0013474774413412198,0.0010265910570427237,0.00020199571531541173,0_1_29_p1
2650.0,-0.13280360875406022,1.691568967122594,-1.5196256986354175,0.003942828433285337,0.0016484450278851227,0.0017756735463695032,0.40938016126977056,-0.025691245592025527,-0.10704541981191074,0.6654386161177185,0.011614094041196038,0.8933335620002014,0.15240152745093463,0.3462033782792374,-0.06643758213069949,-0.24454316339704185,0.622057822758217,0.01085695674771238,0.8249110139192157,0.004200039101148244,-0.00013046286292107558,0.002911700377844602,0.0038002898866024643,-0.0002422826174378482,0.003872562474931047,0.0040378072565168685,-0.0002143369041204156,0.007079511226356521,0.0040378072565168685,-0.0001491034779978756,0.007079511226356521,0.003325251656115154,-0.00012114779137043153,0.005937540800780129,0.0030877342862007506,-7.454700167668237e-05,0.0045102254984641845,0.002850216417620847,-0.06881883356496447,-0.011740002093434908,0.057450133315264336,-0.5288738233242759,-0.48443677565075666,0.07203177328371378,1.6102030248955612,1.4597107031400731,0.12260085775919688,-0.08511095254956995,-0.27616417908535207,-0.4269503888549354,0.19525432430378803,1.817574840079384,1.4901599546351443,0.3607858405470974,0.2200674473759127,-0.1107013825811556,-0.005728193466314375,-0.0006344187121251506,-0.1435808553175033,-0.0033254919253655844,0.00011467832347394505,0.07695287350899337,0.005813779536087106,0.0007877779824201521,-0.00011926255082656582,-5.1223897195838335e-06,-1.887541092813407e-07,8.935031448866928e-05,2.2064959210690434e-05,1.6947764916858608e-07,0.0002868757085883742,1.1459382051959496e-05,2.0514988201960657e-07,-0.23315254993306056,-0.0038676746411799813,0.00014744471178481974,-0.04490556977067265,6.691889109003264e-05,6.977937806301123e-05,-0.16421425114536245,0.0003626901246074151,0.0002264418986552666,-0.1492627705655704,-0.0018457896221572563,0.00012872173653241073,-0.0026051291629319356,-3.221506954878642e-05,2.24662421720247e-06,-0.00138910541452456,-0.003846865806117659,-0.00022907531307329163,0.21696041637331223,0.0003476103333235901,-0.0003963385559449011,-0.13413778602122078,-0.0030353552374966296,5.06025256716164e-06,-0.004960203792885825,0.0002410696146253974,6.067994820021202e-05,0.03971052615665869,0.0026534121874619626,2.262965628131997e-05,0.021364686789782983,-0.001181285488416191,-0.00024714441206862383,0.000372882684609503,-2.061729866125659e-05,-4.3134797249864715e-06,-0.03914759891531322,-0.001218574978098757,-4.70696919877291e-05,-0.07979530533072257,0.003568358787445336,0.00018634682044812003,0.00020326232696997524,-5.2696934730827255e-06,6.2289281745812586e-09,0.003278027534545693,-5.3870650843311195e-05,-4.918240541463171e-06,0.03971012010046542,0.0011052602406942413,-9.587237702803688e-05,0.00037747924071790433,-9.786381686611141e-06,1.1562526431171233e-08,0.004359774056380339,-7.164821841448225e-05,-6.541257352091386e-06,0.042192002232745385,0.001174339130912849,-0.00010186439797538566,0.00033393548425643394,-8.657753076856195e-06,1.0243607066398879e-08,0.007970196626213275,-0.00013098149132462325,-1.1958216197421676e-05,0.042192002232745385,0.001174339130912849,-0.00010186439797538566,0.00023230774019202156,-6.023040674694572e-06,7.122164569770865e-09,0.007970196626213275,-0.00013098149132462325,-1.1958216197421676e-05,0.034746352416484924,0.0009671028998968145,-8.388832187436148e-05,0.00018875030604825,-4.893410663199701e-06,5.7857991816551475e-09,0.006684553474891927,-0.00010985328238054606,-1.002927987825965e-05,0.032264470284204955,0.0008980239852537744,-7.789630162485368e-05,0.00011614318440671294,-3.011044060910007e-06,3.5638736486204943e-09,0.005077665163924363,-8.344592770793852e-05,-7.6183601786625584e-06,0.02978258815192498,0.0008289451683084649,-7.190427300125459e-05,0.38295167371297534,0.0036117017017968725,-0.00013067345317101454,-0.012401427169211549,-0.0007002674627476088,8.000868776435965e-05,-0.3176476308565205,-0.006607392759719081,0.000745534280589491,0.1294805574238474,0.012269684930082219,0.00024829420479821726,0.04031949504119614,0.005962509383361439,-2.941914891252151e-05,0.015597396303645497,0.0030388483954342338,0.0006287291235751896,-0.05887169045580723,-0.00574225966806639,-0.0002752346596996562,-0.058805250259173304,-0.0007835937840086979,-0.00029177058471753373,-0.13357599488236166,-0.0051457125370775545,0.000226046282162314,0.13831994596951183,0.004662801520178474,4.401050388079894e-05,-0.040810400736673504,-0.007687348970638216,0.00066320994306765,-0.24994247600119554,-0.006326767043633887,0.0005093417101638749,0.2732653957112066,0.00031967039434911324,0.0003967802662272091,-0.30906467064378607,-0.01965245509465609,0.00011465255639530557,0.021800397908042966,-0.000809251357446906,-0.000457962510561755,0.15354217627045869,-0.007618343231595487,-0.0006157096922957357,-0.014142454220218708,-0.012313669840646763,1.5522793967544262e-05,0.3764698188819562,0.27877648286463985,0.49770050952773065,0.5666702621146172,0.1969571206254885,0.09219651214989572,0.010444079445031368,0.005825903921745841,0.0075625658862143825,0.031191407935085423,0.008813159129742412,0.0025436738684330835,0.001057514670304087,0.0005693625757664759,0.0007611164858387329,0.0014596777334328456,0.0010179550462532992,0.00022075129423035993,0_1_29_p1
2666.667,-0.13388612379066916,1.688727525223121,-1.5194611689401594,0.003937945002038258,0.0016514594608360673,0.0017812595973068857,0.40416692213525796,-0.027281090442276692,-0.11232551054209511,0.6613558711209522,0.011542836735826609,0.8941641083406896,0.16000963358253967,0.3436525142522673,-0.06613226420466561,-0.24190013800691818,0.6225962014805869,0.010866353101739617,0.8242279070099504,0.0014803777995660795,-0.00012742549135710487,0.0029374140643814847,0.004980383788362916,-0.00023664271062640368,0.003906761952291126,0.0052916572764701,-0.00020934775578721463,0.0071420324108214615,0.0052916572764701,-0.00014563226744840913,0.0071420324108214615,0.0043578338201555504,-0.00011832783796470928,0.005989976475496045,0.004046560332048369,-7.281164573469944e-05,0.004550055906656697,0.003735286843941187,-0.06229385183921011,-0.010541976180273962,0.046236300618083176,-0.5234070048040755,-0.48281086033018733,0.07242672483747858,1.6158433510846912,1.4585620451114687,0.11652411847325672,-0.0812185317184097,-0.28423294642239744,-0.43458816059716926,0.19775838059488188,1.8091150367100848,1.4906102610514655,0.36994323805578516,0.21796047592959514,-0.12920753036858917,-0.006283582521728277,-0.0006332228081601782,-0.14851959540743867,-0.003135183999971874,0.00012928175737094512,0.09737188448960639,0.006548006265970166,0.0007854021445799748,-0.0001170339434665876,-4.951150022057409e-06,-1.9382531934683482e-07,0.00011271777984536997,2.2389730892049335e-05,1.4947124743913219e-07,0.0003069588204824657,1.1251041641190873e-05,1.7564516734099686e-07,-0.23799169597931752,-0.003404548025363304,0.00015982836112477005,-0.045497621071913436,0.00020996456226866214,7.321135907731351e-05,-0.16071533246107056,0.0009293991229870967,0.00022086772531949628,-0.14941655216710562,-0.0013285163105591377,0.00012601367127833984,-0.002607812553228433,-2.3186944374756365e-05,2.1993573572373287e-06,-0.0093812743824995,-0.004192335484463345,-0.00021425597137843692,0.21164978352102487,-0.000571773355647214,-0.00038491723972019555,-0.1393093399255927,-0.0028503474628436437,1.0433758951069769e-05,-0.0033416287572469268,0.00026098036329805766,5.73793517920281e-05,0.041552499632180516,0.002332052208557713,1.3896011607237693e-05,0.018017732284989988,-0.0013135364152049422,-0.0002578963683416167,0.00031446701321076654,-2.292545639847369e-05,-4.5011375261608905e-06,-0.039783451284413546,-0.0012793775027568324,-4.640378565079589e-05,-0.0736709068019447,0.0038621579189947585,0.00018305905873038968,0.0001939512447433358,-5.532475944297283e-06,5.208545161263599e-08,0.0028832605582540336,-5.831821791235257e-05,-3.898193887475678e-06,0.041716816468507834,0.0009465569938522844,-0.00010374290272594808,0.0003601872308684311,-1.0274406276009605e-05,9.672424262131057e-08,0.0038347331401543928,-7.756342521889032e-05,-5.184591771212891e-06,0.044324116963505106,0.0010057168532903904,-0.00011022683314317345,0.0003186378514575254,-9.089479348925018e-06,8.55839099550535e-08,0.0070103592867305055,-0.0001417952134986614,-9.478070677197384e-06,0.044324116963505106,0.0010057168532903904,-0.00011022683314317345,0.0002216656485064327,-6.323363498939777e-06,5.9531414375663246e-08,0.0070103592867305055,-0.0001417952134986614,-9.478070677197384e-06,0.0365022120590927,0.0008282375436448315,-9.077503351740602e-05,0.00018010430112351335,-5.137484018980634e-06,4.836735511765857e-08,0.005879544079639786,-0.00011892268484580733,-7.949198191258433e-06,0.033894911564095416,0.0007690775620845622,-8.42911044958625e-05,0.00011082342084663423,-3.1612298974652915e-06,2.976291582409645e-08,0.004466170182437059,-9.033510761436586e-05,-6.038303851597372e-06,0.03128761106909815,0.000709917775919754,-7.780717128727331e-05,0.38060769852220905,0.0035011491723330964,-0.00011318215530336482,-0.011230364527093995,-0.0007575186504694277,7.979832291704218e-05,-0.33235212155902477,-0.005089418933663425,0.0007902786319026905,0.14743716927576336,0.012473469915487131,0.00023049246401710155,0.054447196171342416,0.005882342753258534,-6.082265946252625e-05,0.014723790767086619,0.0037968474744944965,0.0006638293431912343,-0.05443701057230377,-0.0068330945701505245,-0.00030135008308524716,-0.056839537356437014,-0.0009739193194183095,-0.00032400690073139035,-0.14295583652764024,-0.004515298390035569,0.0002581483614941548,0.1466754129862239,0.004557909230866357,4.704912103268293e-05,-0.0731154723659348,-0.006181094231627212,0.0007634735881495569,-0.2648669867560543,-0.005449856514966834,0.0005598180955039893,0.25702479100994785,0.0011349958151105593,0.00046066850043688975,-0.3388941595683232,-0.019607240926819144,0.00016292798004187637,0.023401810016959824,-0.0014018159137160417,-0.0004840776666742668,0.13800310929784235,-0.009241490618730011,-0.0005951889873808455,-0.04085033273015233,-0.012228378256258854,8.299954189137479e-05,0.3923243919313218,0.27303957404132956,0.5054169308269847,0.5922295292336601,0.21962254128152628,0.09646722595323615,0.010877485945600463,0.006160119226343306,0.006223669746626141,0.031367978270586405,0.009601553336836039,0.002184621467900485,0.001057271691533087,0.0005587001991907358,0.0008023205647753744,0.001578816444442157,0.001017124140424923,0.00023829178090951488,0_1_29_p1
2683.333,-0.13485475659225102,1.685926148104626,-1.5194003272611,0.003933576692253265,0.0016552034414143457,0.0017863085855001554,0.3992584753333417,-0.028829465770834967,-0.11737056576056142,0.6576100250350364,0.011477459195374407,0.894999838807721,0.1673009325349777,0.34134891052176153,-0.06588570054390538,-0.23951464442523987,0.6232929842912055,0.010878514057302016,0.82365064634117,-0.0013213478861138603,-0.00012477857488008028,0.002952146637930319,0.006205867719981738,-0.00023172736478728714,0.003926356015805016,0.0065937337356489385,-0.00020499939262224597,0.007177853049723891,0.0065937337356489385,-0.00014260736252195267,0.007177853049723891,0.005430132197988831,-0.00011586991571240068,0.0060200190772433755,0.0050422661823216275,-7.12991932714712e-05,0.004572876335959273,0.004654399667988927,-0.05593474520823426,-0.009513270143169494,0.03470975328949817,-0.5169685230920467,-0.48076709074674295,0.07303243287706972,1.621347784940931,1.457391089255006,0.11041947037524612,-0.0768054462594565,-0.2933470642536254,-0.44288131793482666,0.20000094168413188,1.7992553261903772,1.4910659196446039,0.37824048594654375,0.21397646520594524,-0.1445304104593157,-0.0069535895534256886,-0.0006392584239284985,-0.1534277812648216,-0.0029413443260370683,0.00014439750281536253,0.11497857592093154,0.007406227292022965,0.0007888443768775931,-0.00011375728370027114,-4.7963968165908765e-06,-2.015943824621911e-07,0.0001344490524567734,2.268465591667201e-05,1.347544799874495e-07,0.0003311204462677886,1.1128308866969015e-05,1.3167979283338241e-07,-0.24333010136551803,-0.002968753424391664,0.00017492466820997525,-0.04537046649839902,0.00034236567489400144,7.493303663915412e-05,-0.15633621217793012,0.0014583297766640828,0.00021324431765735988,-0.15064294017927682,-0.0008510998140359562,0.00012734651326758284,-0.0026292172711748834,-1.4854451467911955e-05,2.222618489081758e-06,-0.017908855369305667,-0.004545433352775106,-0.0001972005561234582,0.20532089851271093,-0.0014508389985562907,-0.0003716511809871429,-0.14590350187243087,-0.002688864691138182,2.0185788719877208e-05,-0.0020129111649381005,0.00029400026675254783,5.4440989957890166e-05,0.0422317735134572,0.002028282168732766,6.727491557761182e-06,0.012144424373624587,-0.0014792278341790185,-0.0002615999574214225,0.00021195791349305266,-2.5817284803467655e-05,-4.565775740489709e-06,-0.040956544207497905,-0.0013555753579445416,-4.401203005892177e-05,-0.06577657942460181,0.004166195504055282,0.00017638746144005762,0.0001867867037828634,-5.7024944201895115e-06,9.311919635759953e-08,0.002531243177995224,-6.162614095249974e-05,-3.020503294766879e-06,0.04344941208323132,0.0007739738304063856,-0.0001109196391545785,0.0003468814105546554,-1.0589994370680422e-05,1.7292917042687131e-07,0.0033665486395448416,-8.196299827771345e-05,-4.017260903272606e-06,0.04616500049871862,0.0008223472009128927,-0.00011785211520605781,0.00030686820583721936,-9.368626190035824e-06,1.529995312001334e-07,0.006154462929331357,-0.00014983822802937035,-7.344051468745399e-06,0.04616500049871862,0.0008223472009128927,-0.00011785211520605781,0.00021347784593879108,-6.5176110120515375e-06,1.0643051216872823e-07,0.006154462929331357,-0.00014983822802937035,-7.344051468745399e-06,0.03801823354254644,0.0006772272603643999,-9.705467797968778e-05,0.00017345181839419766,-5.2952658540997025e-06,8.647016794090559e-08,0.005161710247390398,-0.00012566822466363774,-6.159410656443634e-06,0.03530264683676944,0.0006288537921601619,-9.012220332389033e-05,0.00010673122927310104,-3.258341441804829e-06,5.3208277675026583e-08,0.003920894844956558,-9.545906049764118e-05,-4.678758979026263e-06,0.032587058421282136,0.0005804803972292219,-8.318972517888827e-05,0.37804123958656355,0.003419218560853124,-9.441184340689844e-05,-0.010522670986560768,-0.0007979742060871486,8.045766745567434e-05,-0.34423573475739633,-0.003492608216893326,0.0008285046387730169,0.16357252250200294,0.012571981150790305,0.00021586307253089004,0.0673896697096379,0.005756203601108374,-8.969413792536019e-05,0.013571016041061137,0.004572495428790133,0.000699299701127741,-0.051568586879926145,-0.007946537801799087,-0.0003256823512162569,-0.054545918262773045,-0.001234203024622995,-0.0003571991967166278,-0.15018230233987687,-0.00384368161725345,0.00028588648277706665,0.15423358054622613,0.004451265318940092,5.5113761653928525e-05,-0.10192790251222539,-0.004439952727728551,0.000858488869266522,-0.27780142893027354,-0.00445994058433519,0.0006055826469961811,0.24052383333579336,0.0020900607425696316,0.000526164494560864,-0.36676139091461396,-0.019396096981969646,0.00020822711001251568,0.024366041311882466,-0.002041866207759231,-0.0005065798385824485,0.12050556833584719,-0.010872280899339061,-0.0005703067536013169,-0.06859257656071846,-0.011924711360813136,0.00015662173946592826,0.4079629545109134,0.2670751496484975,0.511394316077918,0.6190376473661132,0.2401027638120954,0.10019827372310731,0.011590710642105139,0.006698808906000686,0.004952386349748342,0.03156121526083023,0.010576236488525672,0.0017953367052985028,0.0010662461177377751,0.0005428993585491474,0.0008377392010024981,0.0017007160919030348,0.0010255620402749369,0.000254433892488777,0_1_29_p1
2700.0,-0.13587195442693334,1.6831583511209396,-1.5192721792034332,0.003929870111587531,0.0016596246097423978,0.0017908040549877923,0.3946455127737882,-0.030358136332138224,-0.12219445884020101,0.6542198630880431,0.011418289541738798,0.8958533247585665,0.17427859981015628,0.3392864180434328,-0.0656685785929643,-0.23739001224155412,0.6241697993101639,0.010893817602849002,0.8231556739572974,-0.004235107253810313,-0.0001225784626915663,0.0029570579944454317,0.0074655067477310865,-0.00022764129967561809,0.003932887536531479,0.007932100576631745,-0.0002013845664086154,0.007189793595135037,0.007932100576631745,-0.00014009309106807966,0.007189793595135037,0.006532316097936759,-0.00011382688315656617,0.006030033776491318,0.0060657232663671,-7.004205754453471e-05,0.004580483478170466,0.005599128938800937,-0.04975950302997002,-0.008727203269335784,0.023020264016608977,-0.5096848208098443,-0.4783188889810369,0.07380256090550871,1.6265831393917276,1.456102672241219,0.10440351292850492,-0.0717253887121742,-0.30324427292297956,-0.451709150406181,0.2021252866364893,1.7880035639978913,1.4915854642696824,0.3853000909447829,0.20810686658228672,-0.15477096813529448,-0.007725714967191208,-0.0006511455238542036,-0.15818059207068214,-0.002744352288273772,0.00015965875925991592,0.12770251941938884,0.008372671758063553,0.0007974613816266466,-0.00010973262568310133,-4.682945326787683e-06,-2.1063560959975543e-07,0.00015496215648821353,2.2948830580549347e-05,1.240886791561357e-07,0.0003586091682729128,1.1118710064925324e-05,7.42746997828315e-08,-0.24903043874193517,-0.0025652901532683668,0.00019238890799326043,-0.044414492249311224,0.0004719097150820517,7.501146698169744e-05,-0.15115271423748888,0.0019653013510460508,0.00020353525883973014,-0.15288574069920496,-0.00042370787736624763,0.00013288927468940197,-0.0026683619430661895,-7.395034331682704e-06,2.31935878204452e-06,-0.02687462826400002,-0.0049139861960810554,-0.00017816794047465761,0.1980486449492604,-0.002300195298889753,-0.0003570424253551819,-0.15372815086185493,-0.0025603974509137376,3.4244586379570096e-05,-0.0011239686722437276,0.000336579942007235,5.182245490425463e-05,0.0417037679595924,0.0017425264669294139,2.21792760232488e-06,0.003992199167358571,-0.0016936116555992262,-0.0002580081952577265,6.967496849818911e-05,-2.9558961343596485e-05,-4.5030865958888475e-06,-0.04267146825668818,-0.0014423716583566197,-3.964476703533024e-05,-0.05617765550306147,0.004497390273871717,0.00016599094695746177,0.0001814122294935794,-5.778210161500525e-06,1.2841110589973407e-07,0.002232708954955241,-6.394030710015633e-05,-2.241643028617428e-06,0.04491711715395555,0.0005897552580221954,-0.0001174743173835076,0.0003368992670401062,-1.073058140519208e-05,2.384717866057881e-07,0.0029694983451640043,-8.504081873757336e-05,-2.9813732600891616e-06,0.0477244383652174,0.0006266150242361914,-0.00012481646304866295,0.0002980375522014146,-9.492970976814641e-06,2.109782494982207e-07,0.005428605426701941,-0.00015546488458608522,-5.450328203099979e-06,0.0477244383652174,0.0006266150242361914,-0.00012481646304866295,0.00020733485687520018,-6.604097928174846e-06,1.4676432245714864e-07,0.005428605426701941,-0.00015546488458608522,-5.450328203099979e-06,0.03930247644114219,0.0005160360186873957,-0.00010279002256399226,0.0001684594643542073,-5.365583795788211e-06,1.1924147603036376e-07,0.004552937979536204,-0.000130387269301928,-4.571159583293511e-06,0.03649515779444579,0.00047917620362453455,-9.544788317940536e-05,0.00010365973474130562,-3.301621536515509e-06,7.336960009176699e-08,0.0034584652291753007,-9.90436635111983e-05,-3.4723036591357256e-06,0.03368783743803911,0.00044231651068383647,-8.810573542072723e-05,0.3755442590027333,0.0033680009407364786,-7.523507196505064e-05,-0.01021405289224411,-0.0008149395879983791,8.161377076083164e-05,-0.35313257640756757,-0.001841308447068866,0.0008601179307753186,0.17798525456333733,0.012571920431650676,0.00020402603431808998,0.0788762531301521,0.005582724671593897,-0.00011571504015215687,0.012357769717015956,0.0053709496971016246,0.0007345214015913725,-0.05051102677467589,-0.00906559486717735,-0.0003473543324705653,-0.05225400631483102,-0.001556171220749864,-0.0003916655408946004,-0.15538638177276107,-0.003153279207290116,0.0003098856553800602,0.16204608546347693,0.004324660002067781,6.593885723950459e-05,-0.12634744835270492,-0.002493538912596842,0.0009457701544728979,-0.288674299875057,-0.0033740098885135157,0.0006467921004120108,0.22467196802720715,0.0031632005583917245,0.0005914934953493938,-0.3925475928186853,-0.019006270995136073,0.00025037841072513825,0.02470193697898334,-0.002731675006310643,-0.0005263161570288363,0.1007477177108681,-0.012441181548215864,-0.0005419462035651674,-0.09691243062458055,-0.01138876300586495,0.00023388232823753007,0.42129800842707016,0.2613798136141455,0.5155971623919628,0.6463424615179162,0.2555058715694845,0.10339242252257715,0.012557531095372639,0.0074022895950312745,0.003924025186735673,0.031813746324712844,0.011718380682040766,0.0013825492213515773,0.001083215640826772,0.0005221123020033973,0.0008672508163574156,0.0018220215973260353,0.0010418378631590198,0.0002692650348744248,0_1_29_p1
2716.6670000000004,-0.1369288425448025,1.6804159312245768,-1.519055720976273,0.003926961894388208,0.0016647334377957353,0.0017947679470518211,0.39031518085465455,-0.03184914418417995,-0.12673974900066876,0.6511893681213251,0.011365397588089859,0.896708776448815,0.1808601945315249,0.33745494133422194,-0.06546184234840356,-0.23550205418442124,0.6252260765627949,0.010912253266405067,0.8227290955414901,-0.007236990290101967,-0.00012073190434295631,0.0029550658257706556,0.008746212398217504,-0.00022421197702819957,0.003930238126726951,0.009292850517273129,-0.0001983511841686492,0.007184951054459003,0.009292850517273129,-0.00013798273866966825,0.007184951054459003,0.00765293316811325,-0.00011211197250010659,0.006025972145989177,0.007106296545054128,-6.898688134532901e-05,0.004577398234718439,0.006559657927333002,-0.0437627237597152,-0.008216562316769793,0.011316813107034841,-0.5016864311322253,-0.475481227464724,0.07470007802272327,1.6314293382778737,1.454665332266345,0.09846969815634501,-0.06586841480299363,-0.31366152288825094,-0.4609717882767711,0.20427680287464176,1.7754074893756602,1.492201078798108,0.3909406170987792,0.20036707785194627,-0.15844477992375292,-0.00857605061400188,-0.000673801848824648,-0.16277355436805277,-0.0025423202444024447,0.00017470414838139072,0.13392832257503817,0.009419536013451855,0.0008166167188842124,-0.00010510187536895417,-4.636978544482217e-06,-2.2038374960319806e-07,0.00017456227522603813,2.3179739167115258e-05,1.163705584289476e-07,0.0003884136928626833,1.123274774111279e-05,5.5945907658114805e-09,-0.25488486546773886,-0.002193898116209817,0.00021180533615561893,-0.04266836598737114,0.0006055284589498357,7.313618904761267e-05,-0.14530883727901522,0.002460776809029308,0.0001918603793203856,-0.15587073072928526,-5.2708878278405296e-05,0.00014240614671819725,-0.002720458525241722,-9.198485591980763e-07,2.485460974616607e-06,-0.036109913049601296,-0.005300351314077067,-0.0001574977636144879,0.19005759413181322,-0.0031275713927939237,-0.00034119475782150267,-0.16250995123589984,-0.002468676330018022,5.213344701853589e-05,-0.000742758843678143,0.0003834580975938795,4.989778309103862e-05,0.03997203660341925,0.0014742363838430262,5.426201748496454e-07,-0.006019435139942268,-0.001966934734981588,-0.0002476729763313855,-0.0001050608423220475,-3.432937056381493e-05,-4.322703786448687e-06,-0.04486191744760775,-0.0015361142185742957,-3.343859336007541e-05,-0.04494354158130662,0.004864771037502213,0.00015204661335476734,0.00017750896090683354,-5.736371108318022e-06,1.5777136750506126e-07,0.0019959516937395638,-6.539236404747276e-05,-1.589890301503478e-06,0.04611392632329511,0.00039560871551514235,-0.00012341256061497945,0.00032965009542039437,-1.0652911709266604e-05,2.930003793274547e-07,0.002654613307787909,-8.697196093192692e-05,-2.114541770150329e-06,0.04899604735964244,0.0004203342770266363,-0.00013112585018938176,0.00029162528376751616,-9.424265047683074e-06,2.5921650404313694e-07,0.004852955376250737,-0.0001589952653590906,-3.865652169053415e-06,0.04899604735964244,0.0004203342770266363,-0.00013112585018938176,0.00020287251302438704,-6.556250464552832e-06,1.803213994380008e-07,0.004852955376250737,-0.0001589952653590906,-3.865652169053415e-06,0.040349683395745364,0.0003461578367364817,-0.00010798598774674329,0.00016483573339949505,-5.326724523392785e-06,1.4651030835726652e-07,0.004070144004518531,-0.0001333482188514093,-3.242101287594784e-06,0.0374675649239635,0.00032143210425395884,-0.00010027270794211407,0.00010142941767104277,-3.2777100169208378e-06,9.014778966172605e-08,0.003091729807905102,-0.00010129281181905829,-2.462737878132108e-06,0.03458544388761619,0.0002967065915913305,-9.255941906555272e-05,0.3733151011160455,0.0033514470860914903,-5.643300900393997e-05,-0.01032796404987027,-0.0008002377892347226,8.315469426185535e-05,-0.3586958129708719,-0.0001538668183802015,0.0008845465623651868,0.1907826891036546,0.01248313813176844,0.00019460956275795473,0.08863265162744831,0.005361248214743012,-0.00013819209536945027,0.011392590387739415,0.006196477740731426,0.000768858735915923,-0.0515265451039524,-0.010173467667313228,-0.0003657635235471159,-0.0501261316655854,-0.0019247484152152539,-0.00042644436219236063,-0.15917940567559263,-0.0024539868900172977,0.00033043486500357067,0.17060717249764565,0.004148663304334823,7.626046966331812e-05,-0.14567333639922914,-0.00038093011996253884,0.001022840825136541,-0.29739623303366924,-0.0022061504618931973,0.0006833826905361565,0.21016536774194888,0.004324590954196595,0.000654041545585369,-0.41622244955257226,-0.01842940385077992,0.0002893784201908729,0.02527716473099265,-0.0034772228271077914,-0.0005431188038299993,0.07852439304323969,-0.013887864241062826,-0.0005092237282907299,-0.12530893014578368,-0.01062520841862037,0.0003137749427236986,0.4306347735629193,0.2565105430667966,0.5178161042354066,0.6734829396062963,0.2636986277136238,0.1060205153126118,0.013725539408615182,0.008232488131714434,0.003449094531610994,0.03216553656752624,0.012990010779219418,0.0009548849533195921,0.0011151780960287263,0.0004970935501283909,0.000890237051955877,0.0019380973467046803,0.0010730300082685484,0.00028276346081265805,0_1_29_p1
2733.333,-0.1380925956767748,1.6777036466817448,-1.5186689056488156,0.003924893429891844,0.0016705967467514349,0.0017982606002178124,0.38627965150214433,-0.03328655846021343,-0.13090202765411738,0.6485325651020865,0.011319027680522873,0.8975316209006469,0.18693935733179787,0.33583205341190653,-0.06524096245425016,-0.23386244301587875,0.6264157393568459,0.010933016700517788,0.8223564966687881,-0.01023661387301053,-0.00011919401993919903,0.0029452770219944692,0.010034799456940429,-0.00022135611970643622,0.003917218469172575,0.010661974049000085,-0.00019582494474276263,0.007161150248782305,0.010661974049000085,-0.00013622544144566024,0.007161150248782305,0.008780446782162624,-0.00011068379450647465,0.006006010566001366,0.008153273686099473,-6.8108232733325e-05,0.004562235312842613,0.007526098096708821,-0.037898181604232486,-0.00797502021760029,-0.00029341328453877575,-0.4930725620645315,-0.472276031522533,0.07576149900999261,1.635739050877224,1.453118323281258,0.09252074389958784,-0.059303419160142534,-0.3243881813326575,-0.4705787187715885,0.20649989556408402,1.7616202046003289,1.4928734773644146,0.39513356916583336,0.191246532222416,-0.15630743006009243,-0.009488998635932274,-0.00071428005775476,-0.1671450809729511,-0.0023348481954888036,0.00018958280725345385,0.13429930662637307,0.010527111299573295,0.000853596153652891,-9.997958334710131e-05,-4.677742922626794e-06,-2.3097348577272732e-07,0.00019345884818048863,2.335979608483938e-05,1.1087575891666401e-07,0.0004194663059624533,1.1473548222914537e-05,-7.143518502343159e-08,-0.26062957666496234,-0.0018559628380086866,0.00023257782068372107,-0.040189813515876416,0.0007442150772034588,6.921465866147178e-05,-0.13892453885056785,0.0029356661095029757,0.0001786487479931189,-0.15918697627274636,0.00025733902232740423,0.00015500277362191995,-0.0027783382024652867,4.491482199001703e-06,2.7053094802236373e-06,-0.04551621075187135,-0.005700167455639133,-0.0001356391734139277,0.18154401567226297,-0.003922142591524502,-0.00032453170781856534,-0.1719233485101395,-0.002416155861813313,7.312067255445106e-05,-0.0009265082471349626,0.0004289387359913847,4.9053074554381284e-05,0.0371440561078963,0.0012254767854368803,1.7201513837185325e-06,-0.017387313375183597,-0.0023025894062055803,-0.00023174315477594116,-0.00030346844693018946,-4.0187668440076294e-05,-4.044676980036532e-06,-0.047399614781939034,-0.0016339915421516925,-2.5834245827362993e-05,-0.03223879129053933,0.005266669606194659,0.00013448156626155817,0.00017450756449683246,-5.5867470337143995e-06,1.8302274169251576e-07,0.0018332616467510924,-6.582873096175095e-05,-1.1174150037906517e-06,0.047012185027346956,0.00019310567088392068,-0.0001286744005861938,0.000324075585027453,-1.0375059363087874e-05,3.3989598791585074e-07,0.002438235793201233,-8.755238315015726e-05,-1.4861562467027307e-06,0.04995044782041041,0.0002051747600488952,-0.00013671655258550865,0.0002866936244427379,-9.178384283883758e-06,3.007010540312975e-07,0.004457392529820169,-0.0001600564581102135,-2.716880380746002e-06,0.04995044782041041,0.0002051747600488952,-0.00013671655258550865,0.00019944283418732518,-6.385230586920674e-06,2.0918479829850353e-07,0.004457392529820169,-0.0001600564581102135,-2.716880380746002e-06,0.04113566115093034,0.00016896773679829827,-0.00011259009449404156,0.0001620497604857403,-5.187798350303431e-06,1.699563680491306e-07,0.0037383866911685887,-0.0001342381963294386,-2.278633482992289e-06,0.038197400067577165,0.00015689837896456398,-0.00010454795156665897,9.971372339736806e-05,-3.1922000781047587e-06,1.0457704664870957e-07,0.0028397227857785696,-0.0001019688556912347,-1.7308778967111103e-06,0.035259138984224,0.0001448293630728874,-9.650579747382142e-05,0.3714781123008673,0.0033698130870948154,-3.853379659256272e-05,-0.010861949315466156,-0.0007528530709142756,8.531229351545852e-05,-0.3606846129464782,0.001547721124199655,0.0009004178050591307,0.2021355911316311,0.012314055062799017,0.00018724274213522248,0.0964546633887538,0.0050896686979120176,-0.00015629684775592858,0.011005267490040247,0.007048845598038887,0.0008014610674060031,-0.05502125961064622,-0.011254173146553772,-0.0003803010980081533,-0.04831948849830285,-0.0023338521915485934,-0.00046080241192502866,-0.16160852016440921,-0.0017377924012650227,0.00034902252820108524,0.17974610655998527,0.00389920878197005,8.406374582612658e-05,-0.15941910021908257,0.0018585157529857922,0.0010877840873705356,-0.30375882754486994,-0.0009637461524157228,0.0007150916830484305,0.197516451460046,0.0055434772461143145,0.0007119068033217206,-0.4378141944171083,-0.017663898972585808,0.0003255198038254032,0.025771748013298682,-0.004280310410298816,-0.0005605028533159032,0.05415348418616889,-0.015184531164679266,-0.000471265129181327,-0.15311102665924536,-0.009633217485885873,0.0003949417358988541,0.43610459736450075,0.2529162737953078,0.5178874007715367,0.6996350229809536,0.26534132343077377,0.10800928959379454,0.015048374108491271,0.009146180907860148,0.0037838959640342108,0.03265532440508503,0.014363613150108381,0.0005362642997850381,0.0011718866790754053,0.00046928236957393717,0.0009052708238821174,0.0020462936345297276,0.0011290545186076818,0.00029476573182789505,0_1_29_p1
2750.0,-0.13930406162250708,1.6750370688213636,-1.5181802787834375,0.0039236118595553805,0.001677316264371613,0.0018013952115543941,0.3825841277465531,-0.03462351607249163,-0.13453097806938605,0.646280434123215,0.01127972087110596,0.8982500617512862,0.192347917260232,0.33440240236038593,-0.06501981776871596,-0.23252458581103752,0.627691075377222,0.010955275632466727,0.8220130198613197,-0.013094147209521241,-0.0001178680683731839,0.002927592847347762,0.011322866906211764,-0.00021889271213362138,0.0038936989108381993,0.012030545558017903,-0.00019364577650527256,0.007118153314661175,0.012030545558017903,-0.00013470999698942862,0.007118153314661175,0.009907505613275474,-0.00010945209072006724,0.005969949570327662,0.009199828457465836,-6.735026117245889e-05,0.004534842619565312,0.008492148808328695,-0.032115200180691965,-0.007993704715241138,-0.011719564786559555,-0.483936473530014,-0.46872178768190115,0.07701785731741372,1.639337880400262,1.4515810921293066,0.08649267536383429,-0.052337802136785155,-0.3352245581551614,-0.48042339153446123,0.20878101546450012,1.746824794211768,1.4935296054727683,0.3979187212049364,0.1810886097600574,-0.1487929259362718,-0.010439503277565486,-0.0007710372396925375,-0.17123417198687688,-0.002124918535734509,0.00020409806057438532,0.1291593285064485,0.011670391369336133,0.0009070950695156843,-9.458373767922004e-05,-4.807998422114297e-06,-2.4249135038413995e-07,0.0002117715550716985,2.3457127449073057e-05,1.0698459787011679e-07,0.0004507762304605151,1.1836641839149764e-05,-1.53551523378725e-07,-0.2659896697261617,-0.0015586219927494977,0.0002537999729742986,-0.03693969614692175,0.0008879443394039621,6.332767324226513e-05,-0.1318647552588414,0.003370484881115708,0.00016410107158672507,-0.1624444590736203,0.000500192548666934,0.00016921773412576548,-0.0028351920535162546,8.730073822024642e-06,2.9534079825103923e-06,-0.0550999250906924,-0.006104294607267129,-0.0001128662085184543,0.17236259701898532,-0.004666659701262496,-0.00030728058167803614,-0.18164253687273466,-0.0024039225916118547,9.632096243922433e-05,-0.0017087921732434584,0.0004674452707300291,4.950456298385277e-05,0.03345548182595909,0.0010096373411021715,5.4987946516304415e-06,-0.029635284642670102,-0.002695026462590514,-0.00021155328298876094,-0.0005172352339076014,-4.703698767236775e-05,-3.692295222134172e-06,-0.050095208135611566,-0.0017345376990636737,-1.7328345729052314e-05,-0.018302745264219922,0.005685249867012743,0.00011357716746606882,0.0001721387608932685,-5.327896896161474e-06,2.0551206146421977e-07,0.0017568640974017947,-6.441809785226139e-05,-8.686165670473498e-07,0.04757510030072047,-1.6342583302298505e-05,-0.00013314698036782322,0.00031967821016757117,-9.894288830195665e-06,3.816603721184428e-07,0.0023366242913845548,-8.567614708047082e-05,-1.1552547305818795e-06,0.050548545512083556,-1.7363964228151746e-05,-0.00014146867069701264,0.0002828040335382935,-8.75303278874465e-06,3.376496379501359e-07,0.004271635926485628,-0.00015662655945325736,-2.111957665172675e-06,0.050548545512083556,-1.7363964228151746e-05,-0.00014146867069701264,0.00019673550794680316,-6.089328584990726e-06,2.348848842063541e-07,0.004271635926485628,-0.00015662655945325736,-2.111957665172675e-06,0.04162821329741487,-1.4299479508535525e-05,-0.00011650360668785381,0.00015985021820065544,-4.947413083857327e-06,1.9083646662762486e-07,0.003582594470335711,-0.00013136155992157173,-1.7712842824566455e-06,0.03865476979576207,-1.3278342827009664e-05,-0.00010818192333707375,9.836048770467896e-05,-3.0442857137888057e-06,1.1742848528450223e-07,0.0027213809139419146,-9.978374824586437e-05,-1.345488960483684e-06,0.03568132714896442,-1.2256815354560641e-05,-9.986023579924811e-05,0.37011160583692526,0.003415180274002521,-2.1856911893113926e-05,-0.011901712191476836,-0.000678889367432773,8.81930262496062e-05,-0.35871316824000204,0.0032483709731691013,0.0009068814087656382,0.21223448648744928,0.012068335695650833,0.00018135285020852706,0.10224911176795579,0.00476670957812685,-0.000169478369340427,0.011564156395686252,0.007915940582246692,0.0008314054623476468,-0.061435491646810725,-0.012286988907903655,-0.0003898229986787185,-0.04704170830459514,-0.0027892074169503264,-0.0004940365783662924,-0.16283357374770105,-0.0009787665434792855,0.00036547830688556446,0.18876916415272305,0.003588224839406193,8.943382092616423e-05,-0.1672829802207677,0.004192852891645245,0.001139224666269824,-0.3075669268181631,0.0003473247140078048,0.0007413714710026681,0.18710903802796286,0.006805454123569539,0.0007635456918661946,-0.45743676079615453,-0.016725120354536063,0.00035920014184606186,0.025953181614172927,-0.005123432911528021,-0.0005775663293315079,0.02809709847504726,-0.0163255881225795,-0.00042859930197416523,-0.1799871423711958,-0.008494256608373885,0.0004756626980409885,0.43790686825605357,0.2507272326340458,0.5155573572329817,0.7241998881762131,0.26104188475689066,0.1092681303825984,0.01647094071712906,0.01009388237556505,0.004761959791564475,0.03335090361676691,0.015801811783433282,0.00029906745840438083,0.0012514346370339977,0.000440195377288022,0.0009114217596926878,0.002143240588788025,0.0012078807897671056,0.00030499137442537835,0_1_29_p1
2766.667,-0.1405366221162445,1.6724271084445865,-1.5176429158426927,0.003922994013000175,0.0016849508331853366,0.001804361772617284,0.37927288510034546,-0.03581944260389517,-0.13750682677722398,0.6444761406677713,0.011248230144744976,0.8987640607173331,0.1969356518334463,0.333133962385217,-0.06482389708019708,-0.2315399154282919,0.628998073166226,0.010978087085790294,0.821659007747821,-0.015698807270693005,-0.00011671565240136706,0.002901208954378114,0.012606204513210189,-0.00021675293847067635,0.0038586083182286022,0.013394091516120978,-0.00019175284226510955,0.007054004486002375,0.013394091516120978,-0.00013339352006792431,0.007054004486002375,0.011030426019399098,-0.000108382453221345,0.005916148050805683,0.010242540013819308,-6.669202271170673e-05,0.004493974488466114,0.009454652013577515,-0.026370671352565885,-0.00822233038061488,-0.02284846327968718,-0.47437281273934645,-0.46483770354057946,0.07847253289974944,1.6420332940918787,1.4501448447305447,0.08048686576002965,-0.04537232324377143,-0.3459980193487894,-0.49037673747254196,0.21103974977193007,1.7312757870547766,1.4941272111953063,0.3992264789601632,0.17024053723690316,-0.13843406656664817,-0.011435008861738347,-0.0008429439335039912,-0.17496436061721557,-0.0019163353216805085,0.00021803043039211084,0.12095291146804993,0.01285996448297632,0.0009761972048157975,-8.941186405902377e-05,-5.020661957467677e-06,-2.547105451339651e-07,0.00022960297851693225,2.343297168515159e-05,1.041401982241862e-07,0.00048143390048383146,1.2308082238757875e-05,-2.3755901066445195e-07,-0.270674014328698,-0.0013142080871036972,0.000274437792346053,-0.0329390262199426,0.001029216381554598,5.5239766604288646e-05,-0.12373961870237372,0.003739919177772721,0.00014764199979087967,-0.16530308099691907,0.000668043405007597,0.0001835923704050237,-0.0028850831094206866,1.165958912664528e-05,3.204292963645587e-06,-0.06484681503422358,-0.0064974001115256485,-8.914766636639714e-05,0.1621997414013054,-0.00533278478690289,-0.00028864988263013796,-0.19138045169211096,-0.00243574025121649,0.00012078979455176226,-0.002961662742915642,0.000501236400070852,5.1417635285068135e-05,0.029081873648786113,0.0008399786859521939,1.118003562834151e-05,-0.042414242343908504,-0.0031391198996007295,-0.00018838478254988393,-0.0007402703603544469,-5.478788598821265e-05,-3.2879298973954863e-06,-0.0527721305980885,-0.0018345140828101036,-8.49803403530626e-06,-0.0033512843460965468,0.006100177405074523,9.001501425862664e-05,0.00017068978142447002,-4.973644924556686e-06,2.2620304514967015e-07,0.0017528163582957426,-6.095209988380291e-05,-8.882524152409801e-07,0.047778171140138236,-0.00023182557746646696,-0.0001366930541877467,0.0003169879810299255,-9.236538858097138e-06,4.200814004074765e-07,0.0023312421233989745,-8.106640177842775e-05,-1.1813623555950383e-06,0.05076430753096667,-0.00024631461499703943,-0.00014523637530828787,0.00028042411681785984,-8.171120680120535e-06,3.716372827871063e-07,0.0042617956889249515,-0.00014819934859647692,-2.1596892871997033e-06,0.05076430753096667,-0.00024631461499703943,-0.00014523637530828787,0.0001950796535331967,-5.684420340005598e-06,2.585326199280691e-07,0.0042617956889249515,-0.00014819934859647692,-2.1596892871997033e-06,0.041805899213336474,-0.0002028470627655334,-0.00011960642450780112,0.0001585046762042609,-4.618489248942701e-06,2.1004942321541004e-07,0.0035743416987771342,-0.00012429373971451613,-1.8113180211435507e-06,0.03881976367736319,-0.00018835826947928775,-0.00011106311106351027,9.753384278059149e-05,-2.8419048645942873e-06,1.2925060854302547e-07,0.0027151122611721824,-9.441491600052952e-05,-1.3758980770124213e-06,0.03583362814138987,-0.00017386906097768663,-0.0001025197962235375,0.36952938707954874,0.00347796320493565,-6.73904291873719e-06,-0.013433817774461789,-0.0005794990967973979,9.196829196739857e-05,-0.3525764256029473,0.004937327136503879,0.0009023430805047546,0.22120853950906672,0.011749929021448636,0.00017626832673369008,0.10615841905143786,0.004392549837630178,-0.00017744678118611424,0.013416681348248555,0.00878750482241976,0.0008575738190615843,-0.07128274927792487,-0.013248699308279927,-0.00039299593136864154,-0.04651909346726755,-0.00330443364357222,-0.0005251020798902643,-0.16295383733390098,-0.00015485144053486966,0.00037996644350349145,0.19634274988009937,0.0032704610895454562,9.379925490866795e-05,-0.16921318842481556,0.006589491433547514,0.0011763233397231686,-0.30873458970137346,0.0017164840865543627,0.0007615950485069486,0.17916663359733095,0.008102225388362388,0.0008079636713487749,-0.47498417913637314,-0.015630010150906697,0.0003909834320868677,0.025695429965478255,-0.0059885823187017535,-0.0005943267665259583,0.0005897038690156594,-0.01731703597805334,-0.00038265292035043603,-0.2050916408956721,-0.007249142114997276,0.000554674053175913,0.4376623314660746,0.2498858592453757,0.5109232537929107,0.7464023762261608,0.2537841948498327,0.1097305846260481,0.017985389582719957,0.011024332246426531,0.006067062428468399,0.034297910724299246,0.017315056483784976,0.000600629468007455,0.0013522490499618,0.00041067875922565363,0.0009070427864007691,0.0022266767518192396,0.00130807219160689,0.00031311403839252654,0_1_29_p1
2783.3329999999996,-0.1412877629570838,1.6698706369240621,-1.5175641541202052,0.003922906746537574,0.0016934012187579926,0.0018074425280798039,0.37631689973539173,-0.03687632523644384,-0.1397735103113985,0.6431211767429332,0.011224581432045952,0.8989609961901456,0.2005793328276018,0.3319388087853394,-0.06463385017260945,-0.23091187066493374,0.6302528452186898,0.010999986978578817,0.8212488688375706,-0.017994313172135,-0.00011584947042687732,0.00286160543898836,0.013880574119846367,-0.00021514474223133863,0.0038059357773999156,0.014748109472504673,-0.0001903296509264833,0.006957712676507847,0.014748109472504673,-0.00013240366904929325,0.006957712676507847,0.012145499923871254,-0.00010757810576892588,0.0058353886743229035,0.011277965568543954,-6.619734653514149e-05,0.004432628658586016,0.010410429218554649,-0.020644914288543252,-0.008614092968503536,-0.033548058150046745,-0.46451972898547567,-0.4606255154518409,0.080078486640331,1.6436746176777506,1.4488490340033804,0.07463809689299546,-0.03860899287271321,-0.3565588101783998,-0.500328408891872,0.21319383413741044,1.7152708465399567,1.4946461160325473,0.398902952263376,0.15900920387397946,-0.12621924572678417,-0.012490669405585601,-0.0009235640932210874,-0.17822975424759144,-0.0017110355085363273,0.00023106731537115717,0.11070872236742041,0.014115545578489746,0.0010547772656421908,-8.485890556296503e-05,-5.303423614615258e-06,-2.664049635016178e-07,0.0002471411866478278,2.3261878534221384e-05,1.0173613620744309e-07,0.000510683624085256,1.2860465208270732e-05,-3.2045204597899586e-07,-0.27445701249040255,-0.0011332356195205338,0.0002933452851154342,-0.02816100060675919,0.0011605775262608134,4.493687446136372e-05,-0.11433045125138581,0.004026698190032116,0.00012791427734911554,-0.16754448468354224,0.0007528768603117179,0.0001967651710713739,-0.002924202990512817,1.3140198235766072e-05,3.4341980549487455e-06,-0.07481977654967309,-0.00686149166123144,-6.452944395596828e-05,0.15066503818474464,-0.005896477465544207,-0.00026738435882768736,-0.20074383994043632,-0.0025128968386602065,0.00014571601603670777,-0.004611269875130847,0.0005358458211797846,5.4480172330638e-05,0.024364697479595968,0.0007234149860880169,1.842892671599811e-05,-0.05526399316417268,-0.003629519765077423,-0.000163101597981305,-0.0009645398976290021,-6.334696435703752e-05,-2.846655067830282e-06,-0.05534519414457537,-0.001928735068815164,1.82897130324317e-07,0.012198656383949302,0.006499831173008126,6.436299005156482e-05,0.0001693023515260275,-4.53337010104952e-06,2.443155065849435e-07,0.0018140256963045424,-5.5682894899373924e-05,-1.1355818968187604e-06,0.047608200291889724,-0.000452772439343531,-0.00013923391535841125,0.0003144140121918417,-8.418808851938256e-06,4.5371663557290766e-07,0.002412649978746282,-7.405834815814232e-05,-1.5103134063060767e-06,0.05058371339784573,-0.0004810706114721357,-0.0001479360392553575,0.0002781467827146862,-7.447693408542883e-06,4.013925223609316e-07,0.004410619985480437,-0.0001353879276490297,-2.761048826965332e-06,0.05058371339784573,-0.0004810706114721357,-0.0001479360392553575,0.00019349475209652848,-5.181130480181526e-06,2.7923267554565863e-07,0.004410619985480437,-0.0001353879276490297,-2.761048826965332e-06,0.041657174934832814,-0.00039617555774880273,-0.00012182967524076887,0.0001572164095025031,-4.209550972565214e-06,2.2686878540045955e-07,0.003699159098328334,-0.00011354884559177277,-2.315674879755308e-06,0.038681662683731945,-0.0003678775565912266,-0.00011312755762439099,9.674224691740128e-05,-2.590284359114931e-06,1.3959679822668453e-07,0.0028099251000299483,-8.625297890709715e-05,-1.7590148431595913e-06,0.03570615043263107,-0.0003395791890671604,-0.00010442543582096745,0.369962272046704,0.003550180537056038,5.846027739123594e-06,-0.01548971533030758,-0.0004598788990030879,9.6604614541403e-05,-0.3424612486760595,0.006597196365081054,0.0008860819778077205,0.2290501761799091,0.0113651842203167,0.0001715474404931757,0.10834854681682345,0.003970122093629593,-0.00018060815623449446,0.016654698242642235,0.009660664735204307,0.000878941578654351,-0.08487531792687227,-0.01411575377235389,-0.00038816112817842055,-0.046660106097518216,-0.0038865945150432495,-0.000553116170046674,-0.16159980748078323,0.0007243556442638592,0.0003925464185268537,0.20166606792786618,0.003011344627978579,0.00010055481851367039,-0.16511697304812006,0.009019534954509936,0.00119884160314544,-0.30723968997881373,0.003126173704633747,0.000775436993492162,0.1740145712450938,0.00943327407295075,0.000844429062528839,-0.4902989851202655,-0.01440446004332284,0.0004208123203971617,0.024830077200478327,-0.006862257904533535,-0.0006102709845398626,-0.02739803469719105,-0.018143300564875075,-0.0003333902360126272,-0.22729625107449175,-0.005932558898361956,0.0006296491075155287,0.43595645526546234,0.25028902296204536,0.5043726012222901,0.7655130528596141,0.2448548418487689,0.10936343014208764,0.01960011220140657,0.011897930969571487,0.007505882381630988,0.03551444818240209,0.018926009255053906,0.0010682882735384138,0.0014655687345973738,0.0003809719588038681,0.0008913517257439183,0.0022943629930616445,0.0014208863440286488,0.00031894993614475515,0_1_29_p1
2800.0,-0.1418778832117926,1.6673125487299851,-1.5175969683048047,0.003923245839077961,0.0017023806884267538,0.001810975573151341,0.3735842631574847,-0.03775657107404617,-0.14132549049286042,0.6421144074998641,0.011207009955802375,0.8987384886517984,0.2032091465739533,0.3306904515658749,-0.06450056087363114,-0.23070070876405543,0.6313855005727154,0.011019755575017906,0.8207977924817166,-0.019757579422184823,-0.00011525605848119925,0.002807917615200514,0.015135331212345133,-0.00021404269147507943,0.0037345308670423227,0.016081288696285053,-0.00018935475987286933,0.006827175512427185,0.016081288696285053,-0.0001317249853030177,0.006827175512427185,0.013243412753806805,-0.00010702708039079625,0.005725908159669302,0.012297455768532391,-6.585775532925345e-05,0.004349466213055989,0.011351496788595976,-0.014979812402682431,-0.009075837774076653,-0.04375963153494617,-0.4545540026790122,-0.45613033768352185,0.08180048283488817,1.6441290151458385,1.4477216764716325,0.06911897434577144,-0.032430520838001776,-0.36679610622581515,-0.5101555874716537,0.21514945162832605,1.6990992056389544,1.4950399022050376,0.3969852153985457,0.14769067386162618,-0.11329478142180383,-0.013732980780096722,-0.0010104476188650038,-0.1809415342834127,-0.0015093347088209117,0.0002428354138781162,0.09969508242610138,0.015563709344510039,0.00114038514085059,-8.130954700576671e-05,-5.643411717534337e-06,-2.765536642010229e-07,0.0002645836510026159,2.295386201368168e-05,9.894965735901629e-08,0.0005379945362204629,1.3448898640420663e-05,-3.9976725082624783e-07,-0.27714050622436953,-0.0010119131853149547,0.0003095916696493342,-0.022694348142170653,0.001282732296283294,3.2305862841311986e-05,-0.10357191461752442,0.004223649219172889,0.00010407483006824147,-0.16895451096800168,0.0007549827837462981,0.00020778111289335122,-0.0029488125603935014,1.3176957006950717e-05,3.626463001967742e-06,-0.08510747521255908,-0.007178850869213673,-3.8820541525760944e-05,0.13738946179110292,-0.0063377511262258605,-0.00024206854810193367,-0.20929872927481233,-0.002625313929314843,0.0001700109748000366,-0.006548012591898212,0.0005686633682095159,5.8494829589386735e-05,0.019539629187847223,0.0006589556109445272,2.644106248322976e-05,-0.06767898004567588,-0.004154831328441918,-0.00013685525824086342,-0.0011812217406468898,-7.251538347238733e-05,-2.3885727393758825e-06,-0.05786978911411713,-0.002011312390423658,8.546850102142915e-06,0.02789967822813031,0.006879292090071601,3.786510447462294e-05,0.00016765077138814033,-3.984260005515948e-06,2.6240703279220536e-07,0.0019248687788194845,-4.8262727826462313e-05,-1.584927256782708e-06,0.047065376678961726,-0.0006781930512814708,-0.00014073641294625936,0.0003113459370806217,-7.398991089777033e-06,4.87306511077645e-07,0.0025600723128658812,-6.418953401123296e-05,-2.10794159059899e-06,0.05000696314882442,-0.0007205800666111703,-0.0001495324425062956,0.00027543176277786954,-6.545576987471247e-06,4.3110868284246737e-07,0.00468012503754611,-0.00011734652735603906,-3.853586499309016e-06,0.05000696314882442,-0.0007205800666111703,-0.0001495324425062956,0.0001916063770837993,-4.55352025801132e-06,2.999069110486994e-07,0.00468012503754611,-0.00011734652735603906,-3.853586499309016e-06,0.04118220459409152,-0.000593418678680014,-0.00012314436080459621,0.0001556827993744649,-3.6996420914846007e-06,2.4366860803936474e-07,0.0039251922017646095,-9.841764087715259e-05,-3.2319777091689925e-06,0.038240618979083985,-0.0005510318343213435,-0.00011434833752512842,9.579848683860851e-05,-2.2764792480298264e-06,1.499311246144698e-07,0.002981622755669,-7.475913398062463e-05,-2.4550490667241315e-06,0.0352990325092213,-0.000508644648020615,-0.00010555230936077407,0.37160841359616614,0.003629254466889647,1.520070688025746e-05,-0.01798542474453906,-0.0003228842588990056,0.0001021734172933472,-0.3286786363252312,0.008207638626399163,0.0008584850848751383,0.23572572290100538,0.010928285903656645,0.00016719068346484234,0.10907089086481159,0.0035001523379620952,-0.0001794453634261456,0.021274638913496978,0.010541545601950227,0.0008952343284377301,-0.10245460355714109,-0.014872816565211753,-0.0003741652108717448,-0.04747298186980345,-0.004537232629682562,-0.0005783657438045215,-0.15824025155631494,0.0016338022772228416,0.000401935390269313,0.2041663901404538,0.0028371354812002396,0.00011181844990314701,-0.1547758519227312,0.011459758359193876,0.0012063706927204936,-0.30317704048934124,0.004560440750040444,0.0007827070277644298,0.17226721228203626,0.010799022255955776,0.0008719796097514886,-0.5032530693011251,-0.013082034746634585,0.0004485234533797999,0.023232464067821514,-0.007736068264384759,-0.000624798503810886,-0.05551728075930492,-0.018770689428411893,-0.0002827414420914234,-0.2458970492783057,-0.004571685685573457,0.0006978232902296778,0.43335284540344227,0.25175903753872947,0.4964332125626914,0.7812099646736811,0.23561625971071837,0.10816430784681595,0.021476989953134816,0.012685073149862888,0.008980037530636649,0.036990221993066674,0.020811118195111437,0.0015691833222165159,0.001587828294127945,0.0003514715355545638,0.0008646774598913362,0.0023445501346051364,0.0015428713310781785,0.00032243107658906054,0_1_29_p1
2816.667,-0.14283824115805796,1.6646925158087615,-1.5171452002999013,0.003924014781279839,0.001711502776428677,0.0018153314162988184,0.3708930023521565,-0.03845614391814055,-0.14223026169711175,0.6413098565919209,0.011192967535306327,0.8980000548052447,0.20480897620352237,0.3292516145971683,-0.06441374819663692,-0.23085147678749426,0.6323056276823914,0.011035815097463758,0.8202775267863243,-0.02091864823776754,-0.00011503465099894623,0.0027399275661908235,0.016355925230065366,-0.00021363079377160883,0.0036441038624999956,0.017378170058278953,-0.0001889907340574534,0.006661863909664289,0.017378170058278953,-0.00013147166322872826,0.006661863909664289,0.014311432581645194,-0.00010682113153906095,0.005587262694549377,0.013289188252097111,-6.573109429210872e-05,0.004244149555332148,0.012266942426552524,-0.009414137934983718,-0.009556489980769384,-0.05338399986365311,-0.44472606662633507,-0.45139844489807884,0.08353664661498204,1.6433748414214249,1.4467571297351627,0.06403138196277552,-0.026905122585453085,-0.37657492771601003,-0.5197837336901929,0.2169059464995437,1.6830003659117114,1.4953644112728608,0.39354882965297705,0.13640103154172087,-0.10067802479041207,-0.015136333723361364,-0.001100408953803325,-0.18305834368767712,-0.0013023881027276283,0.0002530439132649781,0.08907377141420435,0.01717265846698503,0.0012296282516193364,-7.901511579971675e-05,-6.032737174468926e-06,-2.8408476355796724e-07,0.00028205347072200694,2.2555450667789677e-05,9.502081290204797e-08,0.0005631281323043251,1.4015179112128963e-05,-4.7387516662591287e-07,-0.27861252916842544,-0.0009278426027412037,0.000322421184914352,-0.016712539451384283,0.0013896103163968075,1.76070822396941e-05,-0.09162770159286163,0.004330859289448705,7.575717491860757e-05,-0.16933894274560388,0.0006928188412106224,0.000215814603988837,-0.00295552231841746,1.2091974858396683e-05,3.7666739002161057e-06,-0.095762775264975,-0.007432946595549811,-1.1728355767937019e-05,0.12221482982456479,-0.00664538093472294,-0.00021144303040179804,-0.21670606191896083,-0.0027540835195914433,0.00019249258552294534,-0.008680439344785412,0.0006079809895086308,6.31485165393456e-05,0.01474819944600861,0.0006559602717938287,3.4824912993592556e-05,-0.079217633547856,-0.004703925352698761,-0.00011095821510355509,-0.0013826093702864273,-8.209889582115053e-05,-1.9365853536367633e-06,-0.060489384990648376,-0.002085766316693489,1.682989051121716e-05,0.043310508380620026,0.007206097838184132,1.1714070266183612e-05,0.00016537343728496664,-3.3278533772148674e-06,2.814350615325483e-07,0.002074207698171555,-3.880854284874524e-05,-2.181652434907365e-06,0.04615082871014414,-0.0009056526881329153,-0.0001412175749679154,0.00030711611382893116,-6.1800165035351685e-06,5.226458738032734e-07,0.0027586936312599818,-5.161546970057921e-05,-2.9015884082935077e-06,0.049035255290814365,-0.0009622558956557092,-0.00015004367658730944,0.00027169091666845186,-5.467189435741047e-06,4.6237405019691044e-07,0.005043227324455011,-9.435954581164192e-05,-5.3044675846520315e-06,0.049035255290814365,-0.0009622558956557092,-0.00015004367658730944,0.00018900334317082493,-3.803397081513363e-06,3.2165582158970256e-07,0.005043227324455011,-9.435954581164192e-05,-5.3044675846520315e-06,0.04038197469394855,-0.00079244590672084,-0.00012356537800969588,0.00015356788774861972,-3.0901059494983054e-06,2.613372426407789e-07,0.004229724943348876,-7.9138630155784e-05,-4.4488252762447945e-06,0.03749754811327833,-0.0007358427968957777,-0.00011473928267087033,9.449739730969326e-05,-1.9014909330788928e-06,1.6080348636217049e-07,0.003212948267300755,-6.0114610511605125e-05,-3.3793812539214463e-06,0.03461312153260811,-0.0006792393207042256,-0.00010591318105147634,0.3744336217964577,0.003722810595412683,2.0779666009151477e-05,-0.020910802306019497,-0.0001783556094412872,0.00010844877561661393,-0.3114698705599542,0.009759802139688134,0.0008204470365754291,0.2412608800374006,0.010460921624345388,0.0001633532659399688,0.10858284124036952,0.002989504666641744,-0.00017472178142610408,0.027316853378456955,0.011434476922018988,0.0009065061517819278,-0.12410503935643266,-0.01550878001663219,-0.0003500066060398244,-0.04899075067717096,-0.005254900571185192,-0.0006007362798838473,-0.1528900953313075,0.0025400807437454768,0.00040633992637285676,0.20362369903007305,0.002792607200281834,0.00012902112494764636,-0.13790153369994185,0.01389449711097271,0.001198069812007949,-0.2965759636192447,0.006000384228997639,0.0007835555346492898,0.17457844224651814,0.012203204359861079,0.0008888668439457543,-0.5139474627341236,-0.011697683425809367,0.0004740073293246733,0.0207022561194053,-0.008595670785198956,-0.0006372946709294707,-0.08358802832454343,-0.019194034896046035,-0.00023102537164183584,-0.2606152056951394,-0.0031953822641654665,0.0007578547474113,0.4302734296984189,0.25417218042932793,0.48749490156444586,0.7939225353257803,0.22711442387960906,0.10613627104652669,0.023571994091567367,0.013352971510351523,0.010447242088637421,0.038714659230498445,0.022928274111810594,0.002082028334310006,0.0017144023809152413,0.00032275653530217395,0.000827844352084133,0.002375304503691935,0.0016694061935676977,0.0003236064746097311,0_1_29_p1
2833.333,-0.1452359106552637,1.6619655335989658,-1.5150814033126234,0.003925250973055753,0.0017204722727874261,0.0018208376807561104,0.36809484661279523,-0.038936087521156966,-0.14257639090637775,0.6405587990282199,0.01117985911529285,0.8966458134467166,0.2053716379411078,0.327533006336022,-0.06439759791706998,-0.23126838308725267,0.6329336435231506,0.011046775765166281,0.8196645427184143,-0.02144516620120618,-0.00011482770481620978,0.0026642082019223013,0.01752850025340823,-0.0002132473200016705,0.0035433968686634206,0.018624030958247554,-0.00018865164151706592,0.006477759598846918,0.018624030958247554,-0.00013123579444695874,0.006477759598846918,0.015337435851736572,-0.00010662914532134156,0.0054328554102874415,0.01424190564556275,-6.561340923397425e-05,0.004126859938939624,0.013146373943392423,-0.003964220185928781,-0.009992429844019017,-0.0622728485469916,-0.43529920374510783,-0.44651295765313986,0.08514259137958458,1.6414888062184623,1.4459483631090775,0.05948106774738953,-0.0219140015315319,-0.38572595776492113,-0.5291340224944836,0.21852281453193623,1.6671754346666177,1.4957135035525313,0.38867750750024727,0.12508527361088526,-0.09029035680244121,-0.016638013790555656,-0.0011900929360495764,-0.184573777885647,-0.0010795522796514282,0.0002615343882872885,0.0808440305080611,0.01886714837633463,0.001318884405732973,-7.816624464188814e-05,-6.478116704406317e-06,-2.881796941571626e-07,0.00029963442161009553,2.213002589935253e-05,8.945971850105741e-08,0.0005859997816776022,1.4490771665292814e-05,-5.421302905142849e-07,-0.2788548515366275,-0.0008505016596795953,0.00033138881635135967,-0.010554130510708989,0.0014797437514705264,1.4109352746137374e-06,-0.07894592125980915,0.004358217267465685,4.3269745031790895e-05,-0.16855038503759504,0.000592113436997533,0.0002201591529878743,-0.0029417591506017424,1.0334368258241633e-05,3.84250129607652e-06,-0.1066930882011482,-0.007606806399667507,1.6946482285222474e-05,0.10544201539184392,-0.006814889819251717,-0.00017491967027320822,-0.22281757521615544,-0.002876426040227943,0.0002122430366439219,-0.010874757610086182,0.0006531558340089675,6.813627250542339e-05,0.009887569180276284,0.0007102500947508126,4.3514955170452664e-05,-0.08962304405433713,-0.005260167993186007,-8.659318543422897e-05,-0.0015642182164630944,-9.180719259648069e-05,-1.5113350454330869e-06,-0.06333054649763359,-0.0021486376884973634,2.5540017247992774e-05,0.05822154576355697,0.007465700028443735,-1.3047783160910372e-05,0.00016221218296306864,-2.541240098291545e-06,3.0284342569788555e-07,0.0022453095197753534,-2.7304537358277566e-05,-2.874010432432952e-06,0.044861903769925604,-0.0011320035534383753,-0.00014070178887049084,0.00030124667841136714,-4.719337731482419e-06,5.624053610032246e-07,0.0029862586351140125,-3.631510136521032e-05,-3.822425808094643e-06,0.04766577136640635,-0.0012027537098876113,-0.0001494956516344278,0.00026649681681451703,-4.174917127023597e-06,4.975445354165744e-07,0.005459243435056951,-6.638858780766412e-05,-6.987865082072255e-06,0.04766577136640635,-0.0012027537098876113,-0.0001494956516344278,0.0001853915801881265,-2.9044314122575722e-06,3.461242182494985e-07,0.005459243435056951,-6.638858780766412e-05,-6.987865082072255e-06,0.03925416515754355,-0.0009905028985978468,-0.00012311406404045782,0.00015063317003983774,-2.3597177146065723e-06,2.812173351612208e-07,0.004578634925159852,-5.567962202539459e-05,-5.860683794413883e-06,0.036450296706207676,-0.0009197528398463417,-0.00011432020406788464,9.269108839077216e-05,-1.4520569473163594e-06,1.7303594008973407e-07,0.0034779849915296053,-4.2294886369626946e-05,-4.451842042601367e-06,0.03364642654516149,-0.000849002463577212,-0.00010552634130394766,0.37815117139349513,0.0038390693562348364,2.2742201973590657e-05,-0.024285065158382284,-2.7844708111450078e-05,0.00011538423563592588,-0.2911590850954057,0.01124561331102753,0.0007726224579489893,0.24581411978080236,0.009996558472775367,0.00016003806162751772,0.10713025770228474,0.002443704155009732,-0.00016726738595323337,0.03492296719891128,0.012351732119379375,0.0009126459042592678,-0.14974987130080233,-0.01602816135216619,-0.0003151003917860878,-0.05070219888534717,-0.006031823529715622,-0.0006200156416192069,-0.14583074600599416,0.0034233240637424663,0.00040563164643658703,0.20006607145906818,0.0028732866946221606,0.00015256924248038828,-0.11441973745173878,0.01630351932873288,0.0011728949511939928,-0.287406879670837,0.007435710708596293,0.0007780374481850462,0.1813660604769713,0.013634862973555152,0.0008932798992914175,-0.5225762448922776,-0.010281399650545874,0.0004976572053245304,0.016776422776284577,-0.00944064209385987,-0.0006469974428981276,-0.11194669452164605,-0.01940978094135018,-0.0001780413011868884,-0.27135941837621064,-0.0018092881623707076,0.000809703381818184,0.4274618078287986,0.25759379503007207,0.47787203899120645,0.8046946493728906,0.22080766420070919,0.1032720553042887,0.02578896881341745,0.013881212075330114,0.01188288885713027,0.04066421005579178,0.025178541767949012,0.002595831667054636,0.0018405037115061269,0.0002961285072305401,0.0007815217157002307,0.0023854969372458772,0.0017955995915942269,0.00032254064229687314,0_1_29_p1
2850.0,-0.14891913831694187,1.65912547848825,-1.5115378623296303,0.003926915019831154,0.0017291301032083188,0.0018277461926010047,0.3651084760628953,-0.0392029513557799,-0.1424299368381844,0.6397650078257826,0.011166004691690521,0.8946191630499067,0.2049272427056305,0.32545950382210614,-0.06444406107508556,-0.2319032929785571,0.6331567743933736,0.011050670342725732,0.8189469710417424,-0.021271775220003043,-0.00011455294012539581,0.002583134666174161,0.018645618686432722,-0.00021273668652908712,0.0034355694301442105,0.019810969044003333,-0.00018819985057354967,0.006280638622468175,0.019810969044003333,-0.00013092163518159974,0.006280638622468175,0.01631491448063301,-0.00010637382858504982,0.00526753084222153,0.015149564123062398,-6.545632960129476e-05,0.004001278013938125,0.013984212768160793,0.0013575400308142146,-0.010370783316597345,-0.07037404709353207,-0.42649009666196547,-0.44155382250042174,0.08649570425808474,1.638599088013213,1.4452883414204951,0.055494349768737045,-0.017227943086908292,-0.39405901482527556,-0.5381408938325005,0.22006139557139778,1.6518571964393218,1.4961610688045959,0.3825543968107436,0.11376791645978929,-0.08259775215795422,-0.01802402902585729,-0.0012742584515082753,-0.18552764577166106,-0.0008330948794209465,0.00026822473237646526,0.07548456576539168,0.020422580953391358,0.0014028032099971633,-7.880738599976608e-05,-6.989662022476729e-06,-2.881231690415364e-07,0.00031743592512529503,2.1725288625396196e-05,8.189302925649406e-08,0.000606501772592172,1.4809583785077495e-05,-6.04333737825246e-07,-0.2779820640964413,-0.0007562926172221468,0.00033632442545582263,-0.0044207312121217115,0.0015454486017097203,-1.5201403325509381e-05,-0.06603860876843469,0.00431657270604062,7.777185285977555e-06,-0.16661633084025523,0.00047828720312382905,0.00022025997565030032,-0.0029080034855371614,8.347733752836582e-06,3.844260553070512e-06,-0.11777233827475642,-0.0076814009862451425,4.694140928455877e-05,0.08751421215827496,-0.006842090967986455,-0.00013331019768597537,-0.22763509000785326,-0.002976237168262851,0.00022884317000611314,-0.013085102699623595,0.0007080876531789687,7.303874253962488e-05,0.00487109027327207,0.0008109276306862072,5.321639426292759e-05,-0.09878180904630324,-0.005805491935287546,-6.447662507353372e-05,-0.0017240684346637486,-0.00010132485667473565,-1.1253271242974138e-06,-0.06639672895956557,-0.0021957292159279175,3.51009014066368e-05,0.07240379434557624,0.00764983448308177,-3.627236558642803e-05,0.00015779258186944713,-1.6917583296473995e-06,3.2735090144997123e-07,0.0024389196773162997,-1.4702678043232916e-05,-3.588979871893659e-06,0.04319530126259582,-0.0013543864009860527,-0.00013920761582714126,0.0002930366496099858,-3.141665926887847e-06,6.079136618153422e-07,0.003243758956394818,-1.955456717087483e-05,-4.773335267253516e-06,0.04589500646951069,-0.0014390354762478554,-0.00014790808933027927,0.00025923482236764745,-2.7791829214695605e-06,5.378085616116199e-07,0.005929985662256855,-3.5748381253713465e-05,-8.726241279616426e-06,0.04589500646951069,-0.0014390354762478554,-0.00014790808933027927,0.00018033938628806773,-1.933486939890961e-06,3.741299706024328e-07,0.005929985662256855,-3.5748381253713465e-05,-8.726241279616426e-06,0.03779588828420066,-0.001185087908520388,-0.00012180666184245594,0.00014652901049429088,-1.5708573878765967e-06,3.039725323286802e-07,0.004973443789353562,-2.9981845971034804e-05,-7.318648663075314e-06,0.035096182222430654,-0.0011004389309563164,-0.00011310618833931793,9.016584629588662e-05,-9.665969233493957e-07,1.8703951410713476e-07,0.003777885273089436,-2.277456225337056e-05,-5.5593302591095434e-06,0.0323964753058055,-0.0010157896358746188,-0.00010440570785777057,0.38254199635326497,0.0039821798987066705,2.19303505794583e-05,-0.027996205051551454,0.00011622473758743501,0.0001228627247648748,-0.2679997641434009,0.012638280198627769,0.0007159056181955916,0.24958862837607387,0.009570076688165103,0.0001569238864463742,0.10480650838422133,0.0018736767310838472,-0.00015791353235792427,0.04432409473727132,0.013309999407480549,0.0009133670809938346,-0.1790557306749559,-0.01644675397174721,-0.0002692995106948861,-0.05277714175894105,-0.006861918551465885,-0.0006380415163471008,-0.137445740324642,0.004260730783660063,0.0004002299354156589,0.19396793151574349,0.0030426806866196104,0.000182225602180948,-0.08454107725932906,0.01866034484856798,0.0011303346333489666,-0.27556219572086055,0.008855373604121171,0.0007660913723263479,0.19272671860566779,0.015075309376005694,0.0008840581742006618,-0.5293223299855678,-0.008859370369436246,0.0005198974866022105,0.011096942155664554,-0.010279402586807714,-0.0006522272861646931,-0.14047582909269068,-0.01941926831913191,-0.0001222721768746955,-0.27773419884748657,-0.000394048140813425,0.0008535189933808485,0.4249807534516287,0.2621262528666725,0.46791670204444336,0.8148650837977779,0.2166593882029632,0.09957101734434086,0.027825391131602626,0.014251391370828174,0.013251316587959005,0.04280835634211329,0.027251462756487033,0.0031028754622755405,0.001958948170482957,0.0002742455090829542,0.0007267028578292503,0.0023753022554999273,0.0019140366791725112,0.0003192745727255672,0_1_29_p1
2866.667,-0.15382583829360966,1.6561841698463091,-1.5065919916792272,0.0039289356124394634,0.001737400470535269,0.001836206052818171,0.3618979698317887,-0.03927863531479789,-0.1418502386924375,0.6388562203695896,0.011150143139448395,0.8919268231324354,0.2036057980784095,0.32296625810039925,-0.06453057654744143,-0.2327176685941927,0.6328438079358919,0.01104520796083249,0.8181228375395915,-0.020375645390211066,-0.00011414303708392744,0.0024994451312100323,0.019703401908875418,-0.00021197572297521758,0.0033242623037620226,0.020934863842515066,-0.00018752715081328097,0.006077155671633162,0.020934863842515066,-0.00013045338827656473,0.006077155671633162,0.017240474550937614,-0.00010599334680811506,0.0050968710519650245,0.016009013115963464,-6.522245548152752e-05,0.0038716429357479967,0.014777550184992813,0.006591368066514235,-0.010671579343872055,-0.07754703466396688,-0.4184714726343298,-0.4366097021659257,0.08749504887051567,1.6348311355869918,1.4447796347914057,0.05211550802727215,-0.012793399054134588,-0.40140558885378974,-0.5467014964487544,0.22152938452526766,1.6373226998086308,1.496879963939506,0.3754143495872799,0.10260030307319393,-0.07763298087403489,-0.019304144805940768,-0.001351360469884502,-0.1859998763016658,-0.0005628963932870644,0.0002731679528319945,0.07300093032521204,0.021846246353972983,0.0014797955577857676,-8.092913646675995e-05,-7.564368923459812e-06,-2.8371909490868254e-07,0.0003355426119268423,2.1365272487678684e-05,7.186226367488349e-08,0.0006242955824110763,1.4916416253624043e-05,-6.601505449105993e-07,-0.2761288014038898,-0.0006341351605120772,0.0003374542292297101,0.0015087953929229022,0.0015866848110447896,-3.161690053777e-05,-0.05343237796842877,0.004212192157442032,-2.9300622723447922e-05,-0.16361627142369892,0.0003670579459037473,0.000216118962427202,-0.002855641898267052,6.406430994487515e-06,3.7719858654037627e-06,-0.12867320316093533,-0.007645092577174485,7.784492657531075e-05,0.06928725322197649,-0.006729665157809351,-8.782858580036853e-05,-0.23121058832563998,-0.0030397392766162686,0.00024224413465063653,-0.015346001357801951,0.0007700688765337833,7.773060348218214e-05,-0.0006024300975420839,0.0009518109579907167,6.433480495409176e-05,-0.10665511553565944,-0.006314870415388066,-4.4966252168992647e-05,-0.0018614829796144794,-0.00011021522804844544,-7.848079644277334e-07,-0.0693977398298963,-0.0022223867989133498,4.558382743853628e-05,0.08618092365551207,0.007748161020825021,-5.757141994790387e-05,0.0001530062479191208,-7.958945633420926e-07,3.56428537477133e-07,0.002660628068579925,-1.249041062872064e-06,-4.311936798681971e-06,0.041143978891479846,-0.0015713026452843723,-0.00013673104046113403,0.0002841470109692566,-1.4780445436889067e-06,6.619195716776362e-07,0.0035386326897089058,-1.661252213228885e-06,-5.734864469742068e-06,0.04371547634334305,-0.0016695089415455365,-0.00014527672935596344,0.000251371009899519,-1.3074398814123351e-06,5.855834497765316e-07,0.006469048767407107,-3.037373599339885e-06,-1.0484034203301036e-05,0.04371547634334305,-0.0016695089415455365,-0.00014527672935596344,0.0001748683133675305,-9.096391463373786e-07,4.0736534291282953e-07,0.006469048767407107,-3.037373599339885e-06,-1.0484034203301036e-05,0.03600098056833282,-0.0013748896131222565,-0.00011963965918227064,0.0001420846186014982,-7.390100596281109e-07,3.3097478941889333e-07,0.005425551884128166,-2.5472485087308947e-06,-8.792899045607475e-06,0.0334294831164696,-0.0012766833412855246,-0.0001110939709852822,8.743030983561793e-05,-4.547096632216223e-07,2.036544088985982e-07,0.00412131135915271,-1.9350012547170953e-06,-6.679184914804558e-06,0.030857983954896095,-0.0011784768007800342,-0.00010254827929908911,0.38740702142929156,0.004155340651136612,1.8927312847581063e-05,-0.032019728675945866,0.0002512759255830917,0.00013048842134527372,-0.24185797327427955,0.013928839646305735,0.0006510153179014223,0.2527578867066834,0.009207797235968778,0.00015356898056752147,0.10162750726953731,0.0012906481083685966,-0.00014699435804470614,0.05556211278246811,0.014319240608709071,0.0009080754055313388,-0.21134498662919993,-0.01678348676185409,-0.00021317086710771996,-0.054929260100067386,-0.007739247055449362,-0.0006542325746560957,-0.12734937192062895,0.005046054183869072,0.0003910681032208826,0.18681828897071776,0.003250314425277527,0.0002166054468816592,-0.0487671744274184,0.020933106966612523,0.0010706662467548289,-0.26102975658402494,0.010250812982348338,0.0007473807125707387,0.2087937791641766,0.016504828873461143,0.0008610849617557283,-0.5342324537995615,-0.007464407902681588,0.0005409164234258375,0.003133254396516223,-0.011120364649268511,-0.0006521598733348068,-0.16958186094784133,-0.019240891631405223,-6.358090924950609e-05,-0.2801954328086225,0.0010589534702857368,0.0008883551381242689,0.4227896494624078,0.26787671104523014,0.4578261051027332,0.8263751835339864,0.21436529200249158,0.09502986097171597,0.029692209397375227,0.014447606870207417,0.01453762598948895,0.04511646298591857,0.029158636370564428,0.0035989721725361978,0.002067652778069438,0.000260595971480025,0.0006642337054223475,0.002345335347091743,0.002022521017028705,0.0003138027480589447,0_1_29_p1
2883.333,-0.15945969878585975,1.6531434951220623,-1.500759104311055,0.003931231468404086,0.0017452160549257,0.0018462431920136407,0.3584369520051538,-0.03913124076347046,-0.1408255194860101,0.6377609280268596,0.01113102629881855,0.8886183984449715,0.20151125237903514,0.3199996431816354,-0.0647047923213825,-0.23378214390765303,0.6319121521785083,0.01102894747618991,0.8172372529891402,-0.018619657661807558,-0.00011343892139712287,0.0024219694670485027,0.02069253784117867,-0.00021066772336722297,0.0032212190620552793,0.021985821331585963,-0.0001863702468519591,0.005888780789468912,0.021985821331585963,-0.00012964854215864505,0.005888780789468912,0.018105968865702086,-0.00010533909767136746,0.004938882352077996,0.016812685873960294,-6.482003242256768e-05,0.003751633099049865,0.015519402383553002,0.011780354604406518,-0.011033486828241592,-0.0837620593785356,-0.4113716722047515,-0.431814091897482,0.08810082173662184,1.6303291490399274,1.4443706103985496,0.04935136326971166,-0.008434075720128833,-0.4076483308928766,-0.554651738476297,0.22288732099515485,1.623832877980369,1.4977766507786623,0.36741527623925957,0.09188638254033399,-0.07575527530835584,-0.020473607550019993,-0.0014213807440335237,-0.18599886073375488,-0.00027237787826204466,0.00027661251452264777,0.07375467149292383,0.023137418952608964,0.0015498461538211998,-8.44759304585262e-05,-8.194470437763595e-06,-2.749667739176956e-07,0.0003540886942723196,2.105989380586854e-05,5.892847980890941e-08,0.0006390529467590812,1.477421720655551e-05,-7.084536986623555e-07,-0.2733742358681196,-0.0004811813030010453,0.00033502324590542655,0.0070514914968312185,0.0016054772870671536,-4.7378811096942824e-05,-0.041507470137479185,0.004049426101619061,-6.649269660304632e-05,-0.15963099487329488,0.00026978832663590097,0.00020789025800675096,-0.00278608575463385,4.70878637656422e-06,3.628366014194074e-06,-0.13913916989609554,-0.007498049407947832,0.00010861170542430012,0.05142991655276892,-0.006497366332535258,-4.080415786912635e-05,-0.23356027907789806,-0.003055320696898504,0.0002524717011453323,-0.01748516351436745,0.0008344364402348299,8.244811287041829e-05,-0.006153202017994217,0.0011259079721986213,7.809890299178322e-05,-0.11329775289828382,-0.006760852691475251,-2.8258161418668535e-05,-0.00197741928907639,-0.00011799907492397636,-4.931983820812379e-07,-0.07225728157732984,-0.002224876137092179,5.6077678170251135e-05,0.09914362819564153,0.007759459616836644,-7.843001455802522e-05,0.00014806945946347974,1.301089528915276e-07,3.8718099174527575e-07,0.0029054081453204848,1.2645505776245465e-05,-5.050334153970262e-06,0.038694652207642496,-0.0017820464202288559,-0.00013324307027303575,0.0002749786895516374,2.4165533694552015e-07,7.190329672178827e-07,0.0038641897387006238,1.6818493373087316e-05,-6.716938109320004e-06,0.04111306818433394,-0.0018934242024240496,-0.0001415707613364144,0.00024326014429482243,2.1398245471798146e-07,6.361078312203862e-07,0.007064205757385462,3.074584222529554e-05,-1.2279378645471225e-05,0.04111306818433394,-0.0018934242024240496,-0.0001415707613364144,0.00016922541456308246,1.486959461617479e-07,4.4251489290448017e-07,0.007064205757385462,3.074584222529554e-05,-1.2279378645471225e-05,0.03385782025425962,-0.0015592903673498143,-0.00011658768326139196,0.00013750088532026052,1.2090094177080713e-07,3.595304404276161e-07,0.00592470693174368,2.5786485593857222e-05,-1.0298640895956599e-05,0.03143940427756818,-0.0014479126828523504,-0.00010825999568721803,8.460928786096589e-05,7.44456708115969e-08,2.2122813713302308e-07,0.004500474664503969,1.958763785272496e-05,-7.822962953390104e-06,0.02902098830087673,-0.001336534631988397,-9.993230253031659e-05,0.39286905767610336,0.004352513600672729,1.4208799266241204e-05,-0.0362916629468767,0.0003709796305127385,0.00013807828449156608,-0.21301207212968712,0.015090781594649409,0.000577636158784545,0.25548499685979925,0.008929478993736667,0.00014966152633085522,0.09761501042164344,0.0007070163731371406,-0.0001345680789977955,0.06875209936939898,0.015386816001428924,0.0008968009450462522,-0.24586389799582797,-0.017051934748897785,-0.0001481834782979646,-0.057381802748956025,-0.008658734768078899,-0.0006699370075467594,-0.11572298890931272,0.00576849207052769,0.000376393363239432,0.17918733049521823,0.0034817228578582337,0.00025193828549239876,-0.007824433565927918,0.023092220489682215,0.0009948900235700938,-0.24389736101273257,0.011607168334550525,0.0007217725651123864,0.22936269412339177,0.017911834270813345,0.0008240267672635872,-0.537116269158804,-0.006137485774843587,0.0005603708846169236,-0.007285543141516576,-0.011995850940417045,-0.000644873972253229,-0.19880436596148449,-0.018899501321805904,-3.416559427511235e-07,-0.2785141088408607,0.0025461470400904474,0.0009154685759298876,0.42092136278543707,0.2745640662316464,0.4483718592326487,0.8405738531813544,0.21395029890603948,0.08963034062872736,0.0313861364708845,0.014470371880683635,0.01571030520606477,0.047562418277713424,0.030896337656028384,0.004082075996331211,0.0021666580440353944,0.0002584332532252301,0.0005940799900350847,0.002297481356370146,0.0021210519522633425,0.00030606952166182085,0_1_29_p1
2900.0,-0.1656473707003912,1.649992467717202,-1.4942092920353653,0.003933746238523461,0.0017524676486349862,0.001857811732961359,0.3546882759925224,-0.03877754879322281,-0.13939868689189872,0.6364349375649353,0.011107883731602607,0.8848124726408815,0.19882860602022928,0.31649840399305557,-0.06495121386247507,-0.23505279396832046,0.6302916797918776,0.011000664664994091,0.8162959086597461,-0.01605266479788684,-0.00011250891023856019,0.002355836947028436,0.021597433711805163,-0.00020894034607324912,0.0031332634437337753,0.02294727285129408,-0.00018484233575821315,0.005727986597475679,0.02294727285129408,-0.0001285858859769308,0.005727986597475679,0.018897752440834328,-0.00010447540902438055,0.004804025248765898,0.017547913301345416,-6.428895366446083e-05,0.003649194239929812,0.016198074161856497,0.016933619737830977,-0.01151052221405869,-0.08893820527978821,-0.40529354313806143,-0.42727643730315884,0.08831513969145326,1.625156950574778,1.4440558522359241,0.047252592377550945,-0.00431160054693572,-0.4127088407525366,-0.5618346036129671,0.22405508140308977,1.611569338447192,1.4987349951136362,0.3587715899666248,0.08187772063560593,-0.07739581670177069,-0.021604491194371078,-0.0014836069332826735,-0.18552424430304307,3.670305905395442e-05,0.0002786046745325657,0.0781202389026133,0.024371035644300983,0.0016120672467380096,-8.949393015283275e-05,-8.874837434524595e-06,-2.621767452840742e-07,0.00037316478680697395,2.0817774404702044e-05,4.259341923187681e-08,0.000650894400211469,1.4368576228589882e-05,-7.481880635886888e-07,-0.26989521479215567,-0.00029549494433488426,0.00032917492506099536,0.01209683458776722,0.0015947542039627949,-6.205286370507364e-05,-0.030440878758840852,0.003823836252787073,-0.00010264299724902585,-0.15495417385087984,0.00019838002942363942,0.00019582682554038523,-0.002704460766080008,3.462529699017729e-06,3.4178197282338176e-06,-0.14898692163348276,-0.007249032546992275,0.0001383958014185779,0.03444483389413782,-0.006161085101339709,5.962530887329836e-06,-0.23484289689686524,-0.0030138986664795973,0.0002594557525267016,-0.019374855858873278,0.0009081147442204565,8.681122792749904e-05,-0.011658847845113712,0.0013376153398612328,9.341767478825686e-05,-0.11896506038165364,-0.007125123980581112,-1.424281970960252e-05,-0.0020763328680591226,-0.00012435682802413106,-2.4858350173570213e-07,-0.0749412318039439,-0.0022075980735937802,6.630975690442518e-05,0.1112459013718338,0.007668573029956774,-9.781223874485761e-05,0.00014358403452378293,1.0595318897004913e-06,4.1866897035758237e-07,0.0031649267795958846,2.5360254819141653e-05,-5.7929311159978145e-06,0.035858165048583336,-0.001984744029890814,-0.00012866535726553348,0.00026664898103011947,1.9676322967789563e-06,7.775106417835956e-07,0.004209348616140458,3.37291645551126e-05,-7.704590987163195e-06,0.03809930031069136,-0.002108790496648868,-0.00013670694471153283,0.00023589043809982976,1.7409002882015226e-06,6.878408731614825e-07,0.007695197420138184,6.166053055371457e-05,-1.408492412641088e-05,0.03809930031069136,-0.002108790496648868,-0.00013670694471153283,0.0001640988482655103,1.2109145234571462e-06,4.78504643380357e-07,0.007695197420138184,6.166053055371457e-05,-1.408492412641088e-05,0.03137589281465703,-0.0017366508521303797,-0.00011258218516489852,0.0001333360310595014,9.839138461202033e-07,3.8876857986953865e-07,0.006453915266795814,5.171441307736986e-05,-1.1812942463199012e-05,0.029134759262259308,-0.0016126044586456238,-0.00010454060051026293,8.20464321397517e-05,6.055061105939338e-07,2.392205699276933e-07,0.004902467731326457,3.928274320924639e-05,-8.973242775955344e-06,0.02689362229044101,-0.0014885578697654063,-9.649901515778639e-05,0.39891954371943505,0.004565872695019826,7.324852468976304e-06,-0.040572478307896814,0.0005024805562471876,0.0001454545741179275,-0.18157823723338107,0.01612229709690113,0.000496472432620293,0.25787415370948275,0.008749274821107919,0.00014494313905872482,0.09289035085052391,0.00014225224348298014,-0.00012063938261474466,0.08371093341313794,0.01651208886510454,0.0008793310039025391,-0.2817775200621573,-0.017266326361711958,-7.606760527093658e-05,-0.06055796659941733,-0.009610954444526146,-0.0006849326126960208,-0.10188377403484575,0.006422185413026665,0.0003563526389014973,0.17247658425871917,0.003715498408756651,0.0002871242111405618,0.03765061847533333,0.025115539906787405,0.0009046545306554973,-0.22430175505521174,0.012897906788895611,0.0006893479150894918,0.2543506553752402,0.01929355173409158,0.00077361522041815,-0.5378699949391227,-0.0049168425846342545,0.0005772031561614078,-0.020202657401969578,-0.012897680105735918,-0.0006298504332292314,-0.22844172191816847,-0.018411277453461182,6.65718415347056e-05,-0.2729199761029479,0.004041638249136573,0.0009341544707064402,0.4196327058129406,0.28204697312287175,0.4401744933479778,0.8591483255170265,0.21566803267520326,0.08341176567521173,0.03300989606369077,0.014318176107596007,0.016763894054105707,0.05009977986709671,0.03256844306773727,0.004547424613680012,0.002254727067372236,0.00026779827171554815,0.0005173930449353096,0.002234315148560689,0.0022084998382380532,0.0002959042768071493,0_1_29_p1
2916.667,-0.17218980422266902,1.646709041131282,-1.4871346163683679,0.003936376699038966,0.0017590470412495042,0.0018708318891812372,0.3506041023190971,-0.03820624468384699,-0.1375423831234111,0.6348317948017805,0.011079903610365635,0.8806153771621832,0.19562057616199857,0.31242038584656934,-0.06526210836480183,-0.23647561130782124,0.6279660574861942,0.01096007478924421,0.8153097432778297,-0.012763517521343947,-0.00011123531855010489,0.0023050254258478752,0.022401185757616585,-0.00020657467693854594,0.0030656837964310553,0.0238012594623019,-0.00018274943665232165,0.005604442718375008,0.0238012594623019,-0.00012712978271526694,0.005604442718375008,0.019601035854918444,-0.00010329257445702897,0.004700410037730001,0.01820096165156763,-6.356090203362891e-05,0.0035704868719818755,0.016800887946882313,0.022087686725380366,-0.012151294416987878,-0.09303427810938814,-0.40028357901087,-0.4231173117116704,0.08822873791483153,1.6193211983733051,1.4438659609119726,0.04579719971422543,-0.0006416184382836594,-0.41653774556155826,-0.568097961979844,0.22492291495771735,1.600604528330355,1.4995992676979244,0.34966508077360464,0.07280362719345025,-0.08313933965034423,-0.02271477751924686,-0.0015370563059283774,-0.18457387875855397,0.00036464703457826604,0.0002791615515976928,0.08667165239597477,0.025563609739135823,0.0016654130514150546,-9.5996813231978e-05,-9.603491534696098e-06,-2.4549695128577015e-07,0.0003929247634566959,2.0654350525633685e-05,2.2608650571373455e-08,0.0006603388398405472,1.3697783609439794e-05,-7.797081428839481e-07,-0.26592778077831364,-7.260377549425488e-05,0.00032040046297285746,0.0165112817597266,0.0015556038167542463,-7.541293975576571e-05,-0.020512987771140072,0.0035388114521316943,-0.00013710947192325227,-0.14998379557207142,0.00016061274898896154,0.0001808692576068995,-0.002617710920938884,2.8033142609584817e-06,3.156763715489335e-06,-0.1581625033358388,-0.006918242367903178,0.00016661241687725606,0.018906901314297425,-0.00574896527393677,5.116577123310279e-05,-0.23522882125154923,-0.002903827029670876,0.0002635210451236026,-0.020876097751745294,0.0009882416601958083,9.055358137333326e-05,-0.016864298465648533,0.0015755905254125463,0.00010978515635723064,-0.12391016059385841,-0.007390492803821143,-2.2539438707565256e-06,-0.0021626416079460293,-0.0001289883599201254,-3.933729343504518e-08,-0.0775391058112699,-0.002170389648603261,7.608641417762478e-05,0.122408316882965,0.007485170380170725,-0.00011559058231514675,0.00013990473798472167,2.0086897681156684e-06,4.486921808499647e-07,0.003428834240179728,3.596084939360553e-05,-6.527758317069076e-06,0.03266124702493977,-0.0021763442764420105,-0.00012297333394855475,0.0002598152690103107,3.7302703300665288e-06,8.332660388667798e-07,0.004560346154212666,4.782782637814509e-05,-8.681908840777676e-06,0.03470257528456918,-0.0023123657250259193,-0.00013065916976278273,0.00022984575737778,3.300278192718056e-06,7.371677595630364e-07,0.00833686280421683,8.74347062335005e-05,-1.5871578355433174e-05,0.03470257528456918,-0.0023123657250259193,-0.00013065916976278273,0.00015989210610270333,2.2957501254151104e-06,5.128174820924515e-07,0.00833686280421683,8.74347062335005e-05,-1.5871578355433174e-05,0.02857859136053608,-0.001904301037332135,-0.00010760166162225796,0.00012991832019445328,1.8652939238456913e-06,4.1664662733159827e-07,0.00699207564491418,7.333106182620116e-05,-1.3311396760677078e-05,0.026537263955761805,-0.0017682796131726598,-9.991583348428027e-05,7.994434334106404e-05,1.147899487140236e-06,2.5637559360187294e-07,0.005311260315962997,5.570297178303763e-05,-1.011148693593633e-05,0.024495933986422105,-0.0016322580668910198,-9.222999557652954e-05,0.4055745713525142,0.004793162704186298,-1.7969278432490294e-06,-0.04466632915526413,0.0006511777236305688,0.00015202588747903516,-0.14792188240057902,0.017003119564828518,0.0004076345734342718,0.25995047033529384,0.008679602905663828,0.0001393858820850293,0.08760320599816852,-0.0003894469684872682,-0.00010544594653917551,0.10030231851926244,0.017691845164215,0.0008562749137747917,-0.3183356413573668,-0.017427223801888325,1.1255197283959134e-06,-0.06491180197711327,-0.01058839493670629,-0.0006984404007371591,-0.08617057050486501,0.006991627261179025,0.00032897260213259836,0.16701000445681782,0.003980054582272503,0.00031874535315552706,0.08727911417089325,0.026986447346845036,0.0008012760244148073,-0.2023890693594599,0.014097555689325256,0.0006503068551308278,0.2837010321858634,0.020654759268514598,0.0007101251574970799,-0.5365405276388534,-0.0038288692735074657,0.0005905511218805362,-0.035554786361442936,-0.013801642623127308,-0.0006067300189155777,-0.25852731775010107,-0.01779779703426568,0.00013808288675252428,-0.26332971442858,0.005524753451596648,0.000944683267218595,0.419471149841037,0.29022293777834,0.43401232376617227,0.8834942010106318,0.22020953998217846,0.07645361429058191,0.03458948704591741,0.014011169552288146,0.01767779726301921,0.05267915185452083,0.03419931190187999,0.00498752203447228,0.00233043197891695,0.0002868042783166669,0.0004350644146243207,0.002158467314517789,0.0022834348162434847,0.00028326122148261354,0_1_29_p1
2933.333,-0.17832169242231374,1.6432757740397537,-1.4802856995387812,0.003939049047456519,0.0017648978835676898,0.0018852393328236997,0.34612897539189047,-0.0374005059546813,-0.13536399230543641,0.632877468355846,0.01104579439146116,0.8761237389215871,0.19201934706057208,0.30775103568820783,-0.06566115296499529,-0.23798622519134888,0.6249444262987491,0.010907337421900448,0.8142832802381469,-0.008832732358562868,-0.00010936931224697267,0.0022769480648382927,0.023093936857663172,-0.00020310945037508636,0.0030283402330898834,0.02453730769310096,-0.00017968413982031908,0.005536174414016002,0.02453730769310096,-0.0001249969903693299,0.005536174414016002,0.020207193192125585,-0.00010155971184254885,0.004643153763620076,0.018763821858022292,-6.249425652791008e-05,0.003526994264353178,0.017320451521249995,0.027260518994381682,-0.01301015797659127,-0.09607325737093271,-0.3963824026108509,-0.41944347392136805,0.08787339336711499,1.6128176577680786,1.443918728697912,0.04498514937581903,0.002367376066711623,-0.41902095115207677,-0.5733493739584252,0.22551986892444603,1.590874685765626,1.500192526054628,0.3402254006930162,0.06451918652874289,-0.09353280099162477,-0.023819128291765784,-0.0015804509212211698,-0.18320654308512282,0.0007134378495821772,0.00027828518899628035,0.09999880647471987,0.026727139348877077,0.0017083720897495052,-0.00010399996708855207,-1.0368904406052285e-05,-2.2524211818390716e-07,0.00041339256016551277,2.058518053228119e-05,-1.3105452735668984e-09,0.0006682419756452911,1.2765698409468549e-05,-8.046496756968223e-07,-0.26180536323660486,0.00019487781002151922,0.0003094319638667609,0.02023231745604078,0.0014850627090243265,-8.70993301613125e-05,-0.011964756048624257,0.003184955327307369,-0.00016892980007161715,-0.14519506717248745,0.0001657383383092101,0.00016429732678820182,-0.0025341325883813767,2.892756533435908e-06,2.8675281879994294e-06,-0.16674308192214193,-0.0065219940253450044,0.00019309903371880077,0.00519728333449088,-0.005265333150087219,9.327104514909987e-05,-0.2349427397033894,-0.002715289997768802,0.0002650481074101597,-0.02186969930484404,0.0010720917145668886,9.331232662737638e-05,-0.021383414101418845,0.0018291706763991905,0.00012630059346313506,-0.12837589052589632,-0.007546570717243076,8.378317329598969e-06,-0.002240583025685092,-0.00013171241689703393,1.462318698246889e-07,-0.08019068352844226,-0.0021130814298311504,8.554711978102647e-05,0.1325608578184794,0.007222940169803516,-0.00013154790996883637,0.0001379992658691157,2.947247442747314e-06,4.75912862152439e-07,0.0036922279328221283,4.396722727529292e-05,-7.236287382552278e-06,0.029141265564759027,-0.00235343157394304,-0.00011618340726029284,0.000256277023569982,5.4731978461805675e-06,8.838197296298526e-07,0.004910658953314673,5.8476341689529034e-05,-9.624255093838581e-06,0.030962595143412486,-0.002500521003045195,-0.00012344487344157547,0.00022671613269620379,4.8421682034350225e-06,7.818881979609587e-07,0.008977275825509744,0.00010690146756888751,-1.7594300585151653e-05,0.030962595143412486,-0.002500521003045195,-0.00012344487344157547,0.00015771393519621439,3.368349086599917e-06,5.439321158052061e-07,0.008977275825509744,0.00010690146756888751,-1.7594300585151653e-05,0.0254986081171624,-0.002059252471494401,-0.000101660481178296,0.00012814791519157316,2.7368065307680755e-06,4.419266129973361e-07,0.00752918626091592,8.965767154952634e-05,-1.4756231752170127e-05,0.023677278538508945,-0.0019121630423922459,-9.439901918405895e-05,7.885440303267567e-05,1.6841623310836207e-06,2.719290723331147e-07,0.005719256175605489,6.810489269215583e-05,-1.1209000214137583e-05,0.021855948105000345,-0.0017650735155923594,-8.713755160709449e-05,0.41278761166471695,0.0050284876189718355,-1.3234343258296183e-05,-0.048414206448239565,0.0008211419528578182,0.00015731657828797324,-0.11259387628596781,0.017720392660952412,0.0003118697923127629,0.26171536579677224,0.00872489889535025,0.0001332872324386874,0.08189383194802617,-0.0008723391297243137,-8.932531573289902e-05,0.11846009573848065,0.018908259996638595,0.0008281609549045121,-0.35495787849807414,-0.017525162577338348,8.143395180686547e-05,-0.07084525920610914,-0.011589482480724052,-0.000709395153074702,-0.06908018764447162,0.007473601381264891,0.0002952597356524931,0.1627293857124808,0.004312676740359247,0.0003460385903755648,0.1408236106657118,0.02869255788835113,0.0006852775219732061,-0.1783344047594443,0.015181977370422584,0.0006049521860937963,0.31741795607017137,0.022008647117980767,0.0006335795249059609,-0.533381553215623,-0.0028836781672040403,0.0005998623506537738,-0.052954581476582406,-0.014673647626612524,-0.0005754091466889453,-0.2890700259988203,-0.01707723135364537,0.00021430203585847356,-0.25014645555163106,0.006975011099806265,0.0009459869268956694,0.42135684070119905,0.29900938566054,0.43059833802161124,0.9150545363476992,0.2287212535897097,0.0688735450709066,0.036144929284387055,0.01356066636967532,0.018438337178260742,0.05524815350945589,0.03580782788924789,0.005394181354638769,0.0023917744242332195,0.0003125410995357758,0.00034955174295505997,0.002072952400091952,0.002343886442649358,0.00026818747165353814,0_1_29_p1
2950.0,-0.1839077782662818,1.6397024562437248,-1.473834256014396,0.003941611190798447,0.001770072535467102,0.001900953778743156,0.3412550666612092,-0.03638462609291698,-0.13299472679514313,0.63052484181731,0.011004733276813238,0.8714463422967086,0.18820902751475668,0.3024909703671953,-0.06614437678967446,-0.23959107239318467,0.6212223206799844,0.01084237427247922,0.8131921971309071,-0.004309957942776844,-0.00010679719559503355,0.002273472864964821,0.023674705638239795,-0.0001983327335451282,0.0030237181025651017,0.025154374335464063,-0.00017545844836849045,0.005527725025774348,0.025154374335464063,-0.00012205735724347086,0.005527725025774348,0.020715365750463753,-9.917110409481952e-05,0.0046360672281914785,0.019235696554573984,-6.1024190632230295e-05,0.003521611170274528,0.017756028356015217,0.03249745122282275,-0.01412129242360893,-0.0980265690325737,-0.39353674349723977,-0.4163313095136288,0.08732473365812005,1.6056281184923489,1.4442072974471125,0.04490696411065017,0.004669391048932558,-0.42002802507976644,-0.5775582942921385,0.22592481323617672,1.582283540386127,1.500464826839204,0.330649444307101,0.05688480471458185,-0.10846862917373296,-0.025019619835122915,-0.0016130113180538596,-0.18152384878456418,0.0010834015213931365,0.00027614341468153283,0.11806506888622537,0.02796025355671555,0.0017398617550433493,-0.00011348031063366871,-1.1162161130664703e-05,-2.0163485723634782e-07,0.00043443738409641806,2.061800696980437e-05,-2.8959700909360182e-08,0.0006755834716205381,1.1575202711732755e-05,-8.25607234618959e-07,-0.2578730210264171,0.0005163935435329842,0.000297297611221981,0.023323257377792984,0.0013794747874450214,-9.693459002260475e-05,-0.004912136143003173,0.002777055528958612,-0.00019732945292664768,-0.14097225031355629,0.00022833251722658392,0.0001474930037731157,-0.0024604303973006,3.985188133957777e-06,2.574239600366326e-06,-0.17490399844065496,-0.0060729127283903695,0.00021817965320817804,-0.006602272812442708,-0.0047283961673774124,0.00013134849145440537,-0.2342507122382219,-0.002442708346464916,0.00026465390195157517,-0.02230277148527579,0.0011631220636575167,9.479348354162968e-05,-0.024681805140345774,0.002089505404243762,0.0001419843681686383,-0.13260019055850197,-0.007587495392939314,1.829282400732715e-05,-0.0023143100075650553,-0.00013242670943078863,3.192712991191006e-07,-0.08303977723630741,-0.0020350634170711863,9.495216908075777e-05,0.1416138122601625,0.006891659035193121,-0.0001457408501020174,0.00013779239092430795,3.832120214346186e-06,4.973868233655481e-07,0.0039626810192423065,4.8427641595924354e-05,-7.911575492997608e-06,0.025337962883677984,-0.0025139063493117807,-0.00010837900617789931,0.0002558923387552567,7.116522525821602e-06,9.23698547629473e-07,0.0052703631910268394,6.440876771897713e-05,-1.0522386145337628e-05,0.026921584602195812,-0.002671025476298915,-0.00011515269759683772,0.00022637590034895784,6.295983709904417e-06,8.17165452843485e-07,0.009634857757511425,0.00011774662398778582,-1.9236189805991972e-05,0.026921584602195812,-0.002671025476298915,-0.00011515269759683772,0.00015747714032137247,4.3796671461881775e-06,5.684758792858464e-07,0.009634857757511425,0.00011774662398778582,-1.9236189805991972e-05,0.02217071773693201,-0.0021996679243664824,-9.483163171411364e-05,0.0001279547179290667,3.5584932950212692e-06,4.618702090427488e-07,0.008080696056960397,9.875342797765052e-05,-1.6133274288313883e-05,0.020587094308703893,-0.002042548797379348,-8.805794169085709e-05,7.87355781676828e-05,2.1897236631470195e-06,2.8420269867576914e-07,0.006138189906813329,7.501417390667945e-05,-1.2255019111997103e-05,0.019003471735330908,-0.0018854296459677796,-8.128425166760053e-05,0.42044998008276624,0.00526955508424716,-2.6831681737256004e-05,-0.05170951231495243,0.0010165658931940856,0.0001609254508135242,-0.07619455031771122,0.018275415960486915,0.00021054445831482875,0.26322881587595337,0.008890759844311535,0.0001271361358591273,0.07582160522867613,-0.001291567639410171,-7.259511807963654e-05,0.13830566475947895,0.020153632729541942,0.0007954599842962886,-0.3912030851970154,-0.017549306373287804,0.00016324869308036497,-0.07923577870313966,-0.012629745178325132,-0.0007161066431398523,-0.051808866144334255,0.007860912091172139,0.00025656274965541603,0.15931449843397275,0.004747470110561989,0.00036882899850301765,0.1979438696285565,0.030210738882444778,0.000556684362632836,-0.15230491706542287,0.01613560631221106,0.0005537650853525549,0.3553784655191306,0.023350563991228045,0.000543443089814068,-0.5286790249893224,-0.002072541658769528,0.0006051802900576489,-0.07218351014298206,-0.015472703957189578,-0.0005367712706103175,-0.319676158515226,-0.016267964437834875,0.0002952139670570129,-0.23372332730919174,0.0084193989218074,0.0009388625404003655,0.4262663127724988,0.30830580718874034,0.43041569315438183,0.9548581258179539,0.2421907713149863,0.06083054790721081,0.03782193752856887,0.01298130276523004,0.01904711121220067,0.057760124774849125,0.03753573761347748,0.005762257550258845,0.002437434819219749,0.0003423545520346564,0.00026635673220602117,0.0019825167710204503,0.00238855193525846,0.0002508921976539333,0_1_29_p1
2966.6670000000004,-0.18894033144198327,1.636014964992017,-1.46786167299156,0.0039438731375090325,0.0017747171059394097,0.0019178356005994466,0.33601685385976265,-0.03518881874256808,-0.13051902961106673,0.6277709316704831,0.010956668405209818,0.866678382531606,0.18434794481831418,0.29665685279123327,-0.06669909827649433,-0.2413381674197165,0.6168001246023359,0.010765192322297525,0.812000195096993,0.0007718549070674726,-0.00010349652864676203,0.0022937246682739622,0.024153636950290047,-0.00019220313721212407,0.0030506525222473778,0.025663239041517023,-0.00017003546104979377,0.0055769647532971115,0.025663239041517023,-0.00011828495273166024,0.0055769647532971115,0.021134430773174104,-9.610580726281686e-05,0.004677364710286668,0.019624828681947138,-5.913773904357471e-05,0.0035529812195843713,0.018115227089385663,0.03788258235004366,-0.015489012211951775,-0.09889817399438214,-0.3916582162020537,-0.41381500699517204,0.08662931918563492,1.5977657941845498,1.4447510946688118,0.04551507322462655,0.006492511620350276,-0.4193763176410752,-0.5807645139946023,0.22636082740058594,1.5747551140201965,1.5005691247233104,0.32099935281721265,0.05005438737773547,-0.12815983101742298,-0.026316276427204317,-0.001634977354125146,-0.17958787714713711,0.001470729719194207,0.00027305306518554434,0.1410959923053364,0.02927011326437133,0.00175982734494147,-0.00012456778184919703,-1.1956248285988495e-05,-1.7489080129162372e-07,0.00045597716915560146,2.074437898449577e-05,-5.971913358684179e-08,0.0006831557784846193,1.0134747369939854e-05,-8.455724637333213e-07,-0.2543114252178345,0.0008940697917248868,0.0002851351648968903,0.025811499632343075,0.0012409156403055594,-0.00010514853092026067,0.0007418159384545257,0.002328324991281723,-0.0002219239731697627,-0.13747433950347918,0.000358896277479099,0.00013176898458096435,-0.0023993800623485426,6.263963278659755e-06,2.299803185558301e-06,-0.1828050483988491,-0.00558388766538044,0.00024241279722159536,-0.016583913672167334,-0.004159873117533654,0.00016516936975423513,-0.2334113539084358,-0.002082167205566929,0.0002631261948599952,-0.02209605041439385,0.0012606660670021036,9.489684983425842e-05,-0.026468493424005868,0.002364598107047155,0.00015534868988357125,-0.13688491602695058,-0.007505796789145371,2.8194625095173182e-05,-0.002389091880692503,-0.00013100076220200885,4.92087419314712e-07,-0.08613889897664143,-0.001932407697484102,0.0001046384859601981,0.14969128209381008,0.006493916845483294,-0.00015799874990138907,0.00013935164670666106,4.624351112786128e-06,5.131524457406474e-07,0.004234274482424363,4.94992391553693e-05,-8.585095972357767e-06,0.021298229496046202,-0.0026575564275015326,-9.965246692020419e-05,0.00025879115254799764,8.587777077225201e-06,9.529778596864868e-07,0.005631581377198735,6.583403106364258e-05,-1.141817245129929e-05,0.022629368038122388,-0.0028236536584245672,-0.00010588074540487599,0.00022894046578045963,7.597561727473313e-06,8.430672147811869e-07,0.010295206855613694,0.00012035212476846076,-2.0873794283499122e-05,0.022629368038122388,-0.0028236536584245672,-0.00010588074540487599,0.0001592603681514101,5.2851297145371015e-06,5.864941321950648e-07,0.010295206855613694,0.00012035212476846076,-2.0873794283499122e-05,0.018635951557038677,-0.0023253617214111363,-8.719590925301959e-05,0.00012940455225300912,4.2941327829394135e-06,4.765130053554575e-07,0.008634528494430669,0.00010093863312075132,-1.7506722943648883e-05,0.01730481216010734,-0.0021592644904881017,-8.096762658130217e-05,7.962719208270162e-05,2.64235724959076e-06,2.93213220812246e-07,0.006558888059038048,7.667410720054346e-05,-1.3298308056123791e-05,0.015973671908320865,-0.0019931672351406345,-7.473934949231218e-05,0.4285366122538455,0.005510796964396248,-4.2267414465587997e-05,-0.05437484208682343,0.001237806874089494,0.00016281370021488536,-0.03937168722329727,0.01866418041262733,0.0001052191656817331,0.26467252259822444,0.009168975113135467,0.00012117440120830284,0.06951277512203685,-0.001636111094419745,-5.528483038042582e-05,0.1599194178696937,0.021411215627133436,0.0007578788054774913,-0.4267810141969112,-0.01748753295300623,0.00024536251292772693,-0.09011215711857838,-0.013701064909848246,-0.0007156711617857168,-0.034724125327890085,0.008138180717834212,0.00021644417514403056,0.156481983786767,0.005289385207867536,0.0003877230487624918,0.25807138674312313,0.03151486251208543,0.0004160543920620411,-0.12461254975822413,0.016953989623095276,0.0004971521080566882,0.39721950782743004,0.024670204438526473,0.00043988730964529787,-0.5225827870986931,-0.001385582898418717,0.0006066047041298971,-0.09306651939856599,-0.01617900418153612,-0.0004913982860401403,-0.3495030033728023,-0.015396962521375412,0.0003796234288644426,-0.21422004485235005,0.009877131838610054,0.0009234640374858481,0.4354265478875746,0.31806955341074267,0.4337630473527901,1.0030561252512127,0.2618883675984596,0.05252706246981157,0.039632385879473,0.012283016475352513,0.019500068705403162,0.06017038476975789,0.039388445734800374,0.006091232989602556,0.0024675259888642335,0.0003743277121757487,0.0001984084376482723,0.0018925614361447374,0.0024175818410260667,0.00023164263616610038,0_1_29_p1
2983.333,-0.1925359585351764,1.6322507630290255,-1.4632923910365283,0.00394574413046717,0.0017790315598503398,0.0019356648869068194,0.33045254274354263,-0.0337956904509747,-0.1280394388467619,0.6246309920930279,0.010901866064028199,0.8618753571071687,0.1805293120199388,0.2903142784175979,-0.06736546299024375,-0.24319996398869292,0.6117540825248438,0.01067712250957639,0.8106828021269641,0.006341895191223672,-9.954709788224913e-05,0.0023436256262504822,0.02453508962895442,-0.00018486926369524394,0.003117020911049216,0.026068532917763645,-0.00016354732422188005,0.005698293560244248,0.026068532917763645,-0.00011377153128600292,0.005698293560244248,0.021468202054004997,-9.24391198371271e-05,0.004779122392332943,0.01993475926386128,-5.6881277653496325e-05,0.0036302778628311974,0.01840131647371757,0.043495135862785424,-0.017083884607779678,-0.09868229920585794,-0.3906217544204189,-0.41196049443316246,0.08586563740612178,1.5892447492064599,1.4453476063192414,0.04678779524044884,0.00818818176713586,-0.4168762277353731,-0.5829921230974829,0.2271807955498104,1.568178318954271,1.5004965654023188,0.31111820267297335,0.04401621188961636,-0.15260211514987326,-0.027679774094133254,-0.0016456291402169873,-0.1774058046817707,0.0018695018139568429,0.00026920206907178374,0.16905610024358378,0.030641670407898603,0.0017675207537255124,-0.00013750601445112288,-1.2715799293501378e-05,-1.4462125294962626e-07,0.0004780589323759759,2.094448836145094e-05,-9.314222510841397e-08,0.0006914042757674724,8.466289949070082e-06,-8.66995482558267e-07,-0.25115829201980283,0.0013233963632828176,0.0002735941152182957,0.02779158863403366,0.0010733441750503355,-0.00011188813280958582,0.005288554508487644,0.0018442473413556374,-0.00024302652180486508,-0.13475996840171647,0.0005597768803206123,0.00011781338852344008,-0.0023520048451324167,9.77001731671462e-06,2.0562315774086955e-06,-0.19054670206692306,-0.005068032192099432,0.0002663056488734468,-0.02499257063078389,-0.003579643021890536,0.0001949745970698265,-0.2326045638499189,-0.001632173704900533,0.00026124846889991597,-0.021258679622816724,0.0013622820873388302,9.346502329561124e-05,-0.02668453070624524,0.0026706853904982604,0.00016568372178854123,-0.14152139643512796,-0.0072965091744529,3.899828300726653e-05,-0.002470013323462976,-0.00012734799059683875,6.806447374527247e-07,-0.08941585708740206,-0.0018014571519156706,0.00011470913524469213,0.15708370349968453,0.00602921846857473,-0.00016878341397894622,0.0001424231412384564,5.292798986398928e-06,5.227156578966479e-07,0.0044980879089423845,4.7875429597440315e-05,-9.24712789642574e-06,0.017063121529856597,-0.0027861302071013304,-9.013325642643992e-05,0.00026449474606765795,9.829173292668196e-06,9.707288395180824e-07,0.005982453251564802,6.367442272599128e-05,-1.2298672551607333e-05,0.01812956699947176,-0.0029602633450451646,-9.576658434248158e-05,0.00023398667569451167,8.695708645242417e-06,8.587700314722496e-07,0.010936642283658649,0.0001164040373477456,-2.2483450929450828e-05,0.01812956699947176,-0.0029602633450451646,-9.576658434248158e-05,0.0001627712582271361,6.049077119932484e-06,5.974202276946635e-07,0.010936642283658649,0.0001164040373477456,-2.2483450929450828e-05,0.014930232300336563,-0.002437863809091501,-7.886660059435654e-05,0.00013225634901283922,4.9148308906609084e-06,4.853881463507881e-07,0.009172496530141674,9.762733950889427e-05,-1.8856736704746944e-05,0.0138637868307214,-0.002263730768845399,-7.3233271282633e-05,8.138220969299271e-05,3.02423325455773e-06,2.986752218006446e-07,0.006967535318300139,7.415883027419197e-05,-1.4323795775871685e-05,0.012797342215961377,-0.002089597606477133,-6.759994197090948e-05,0.4370501607934655,0.0057388382202631285,-5.944246547672553e-05,-0.056216364198829395,0.0014817835091170126,0.00016270417617385725,-0.002689697417745989,0.01888807593856424,-2.39730342729793e-06,0.2663363442617717,0.009548331224958307,0.00011525412179814823,0.06307263584588382,-0.0019017788482913365,-3.7594818817688816e-05,0.18342324288009812,0.022671177049252693,0.0007151988686244896,-0.4613692688482414,-0.01733440145659633,0.0003270677622608773,-0.10329762066694327,-0.014813065341409594,-0.0007078955417569549,-0.0181971954447556,0.008314400093119925,0.00017593914679115287,0.15398415433177884,0.005896583907221824,0.0004034469918899826,0.3203280821610308,0.03257008402675523,0.000264660144138728,-0.095592867676007,0.017644512103569678,0.00043590820459075996,0.4422101220072318,0.025936677854038265,0.00032382336437877026,-0.5151032354371391,-0.0008191972795277578,0.0006039593719844072,-0.11557552981642172,-0.01681750354852852,-0.0004398118081411524,-0.37753787694193014,-0.014476622054103192,0.0004649384230243144,-0.19152513421549472,0.011312697653224551,0.0008996651445329979,0.44998958123573934,0.3283342006010901,0.4406590032275847,1.0589311547336968,0.2886882671683936,0.04422126838579484,0.041551589936056274,0.011474503341272804,0.019796195572564276,0.062437782257090374,0.041334943671936186,0.006385269127473606,0.0024810416301304485,0.0004074130221604,0.00017323914889564603,0.0018101681600299724,0.0024299579044185483,0.00021078530874384032,0_1_29_p1
3000.0,-0.1934522743444314,1.6284082301905385,-1.4614061274447667,0.003947180785774311,0.0017832383020131468,0.001954150417012942,0.3246329403229712,-0.032208465090598035,-0.1256699279930423,0.6211762275317703,0.010841569426361298,0.8570649763665978,0.176856521925853,0.2835706837310557,-0.06819317441736104,-0.24518757785278714,0.606220616861827,0.010580545463415537,0.8092381053399603,0.012389960712215594,-9.514886816722343e-05,0.0024291213276576755,0.02482225662943306,-0.00017670112279591046,0.0032307306078131477,0.02637364738827329,-0.00015632116245312293,0.00590616775947728,0.02637364738827329,-0.00010874498304025926,0.00590616775947728,0.02171947261842511,-8.835455072195979e-05,0.004953465325976659,0.020168082358250395,-5.436800353062451e-05,0.0037627109531450246,0.01861669159941017,0.049400098347747834,-0.018900644700737632,-0.09732511572087665,-0.3902823212914944,-0.41083960658761914,0.08516701601580252,1.5800694087157303,1.4458358726494622,0.048502759254117,0.009972128672825315,-0.41240128282107413,-0.5842449902477347,0.2286463330640795,1.562411665833881,1.5007285066946054,0.30092449148630435,0.03886493992219765,-0.18152841029161235,-0.02921146993283558,-0.0016448947470729762,-0.17495730806227971,0.002273033791009233,0.0002646053985174729,0.20163536238595528,0.03218422701023225,0.0017630087194131729,-0.00015256343295461499,-1.3423814748057358e-05,-1.0999927070388756e-07,0.0005006954965846996,2.119557152941127e-05,-1.2916547194910795e-07,0.0007004794179744137,6.606857889067817e-06,-8.91312447735438e-07,-0.24837641557189735,0.001799819102913484,0.0002628736231973231,0.029372923615041735,0.0008736609311721311,-0.00011751222340518759,0.008967692899347368,0.0013354574168094363,-0.0002615751791833883,-0.13283657339316507,0.0008293691276109487,0.0001060061683558969,-0.002318434683634054,1.4475310999405607e-05,1.8501556604700385e-06,-0.19817197404600614,-0.004535173112670036,0.00029017238801539705,-0.03205279447290935,-0.0029990586742758285,0.00022149212268200754,-0.23193986610369996,-0.0010993812553234986,0.0002595598906314034,-0.019868672336115535,0.0014733847771487372,9.058830035546884e-05,-0.025400042464223095,0.003007189103851099,0.00017288829160281373,-0.1467382414198752,-0.006968388878949022,5.157713101752018e-05,-0.0025610647996878754,-0.00012162124271499706,9.001861930489098e-07,-0.09279110644260055,-0.0016419754251308675,0.00012493988808109143,0.16402631124199046,0.005506391236380392,-0.000178965870640003,0.0001471983620719129,5.81433389743568e-06,5.264365457553603e-07,0.004745338517048622,4.298719691396899e-05,-9.878844912491014e-06,0.012667365765617139,-0.002900093437617969,-7.994209350189361e-05,0.0002733621584746475,1.0797797443930122e-05,9.776402561258622e-07,0.0063112980734397065,5.717307838610523e-05,-1.3138856287650287e-05,0.013459075324541511,-0.0030813493507423906,-8.493847757327626e-05,0.0002418316813494758,9.5525910169889e-06,8.648824202108956e-07,0.011537809760153301,0.00010451886416085879,-2.401940650086727e-05,0.013459075324541511,-0.0030813493507423906,-8.493847757327626e-05,0.00016822950832051588,6.645179823944248e-06,6.016714746630198e-07,0.011537809760153301,0.00010451886416085879,-2.401940650086727e-05,0.011083946647768397,-0.002537581660217992,-6.994933373321944e-05,0.00013669048264390593,5.399240664022592e-06,4.888445524956123e-07,0.009676690948830086,8.765933774086743e-05,-2.0144933622411354e-05,0.010292234524278585,-0.0023563259424890324,-6.495295175535961e-05,8.41109073121107e-05,3.322284606563609e-06,3.0080224096669035e-07,0.0073505275198406245,6.658696304989878e-05,-1.530232647702901e-05,0.009500524965354216,-0.0021750700293646117,-5.995657396454534e-05,0.44602073626435795,0.005941328393218323,-7.837371624069513e-05,-0.05696676117321771,0.0017424214418688834,0.00016024583678713055,0.033359564514255445,0.018943094586592418,-0.00011079621691351417,0.26852593175870665,0.010014101272699612,0.00010889920123434291,0.05658881005246025,-0.0020783920919784653,-1.96783034403595e-05,0.2089249737831009,0.023920444868557836,0.0006670791207291003,-0.49462679272339666,-0.017085912993817367,0.00040757912857640574,-0.11846735687807272,-0.015936831706077445,-0.0006931186964814426,-0.002480145066627708,0.008392165948036875,0.000136037253983217,0.15149289443857097,0.0065064366875533935,0.0004168900077313319,0.38369726298203477,0.033340599357494,0.00010468807523479022,-0.06554905117951881,0.018211784524762423,0.0003708611741077582,0.4894432930732459,0.02709761158622531,0.00019722990521960825,-0.5061751770416802,-0.00036413407264308394,0.00059682175372716,-0.13978734243752908,-0.01738232934987518,-0.00038214110845712985,-0.40287582443821535,-0.0134853523992902,0.0005479896721375158,-0.165531942816026,0.012722146617368747,0.0008669825718031512,0.47083995916943344,0.3391222995667428,0.4508797728895666,1.121223934307375,0.32283154646798584,0.03630798645751431,0.04373226002038092,0.010575437287311452,0.019929281173031145,0.06449026083010331,0.04352357751380068,0.006645442113168521,0.0024780428751270092,0.00044136070877348935,0.00020999278389347375,0.0017428870426948843,0.0024256741977893848,0.00018866147220192073,0_1_29_p1
3016.667,-0.19210202081391156,1.6245273903669633,-1.461828017407538,0.003948135231542402,0.0017875482679345718,0.0019729785303179564,0.31866496397202926,-0.03047930855811819,-0.1234894926465153,0.6175413215544283,0.010778128204047806,0.8522607257210257,0.17342171844591764,0.27655288435505676,-0.06917462940495903,-0.2472590009315656,0.6003512964935178,0.010478106105629981,0.807644757863233,0.018805956100827435,-9.066686264810199e-05,0.0025506840087245815,0.0250122830917352,-0.0001683778969258998,0.0033924089337388917,0.026575550566802483,-0.00014895786767170916,0.006201735777644014,0.026575550566802483,-0.00010362219235290564,0.006201735777644014,0.02188574614693861,-8.419218978870358e-05,0.005201355935633916,0.020322478671871314,-5.180735618519853e-05,0.003951011534149688,0.01875921169546952,0.055650034634011435,-0.020893674072168,-0.09481478073246517,-0.390468310557904,-0.41048240102025446,0.084701000140217,1.570194720777713,1.4460904309155276,0.05054858583275118,0.011894247810074659,-0.4058919372507556,-0.5845028531700723,0.23098704349181368,1.5573035738108223,1.5010608812133692,0.2904983986857113,0.03468480854516317,-0.21500405815041443,-0.031125397347395826,-0.0016334105183945704,-0.17222291026906114,0.0026835045051420096,0.0002591986211713698,0.23881082587183583,0.034115823523458176,0.0017470610380147067,-0.0001700110264402675,-1.4078584939368707e-05,-7.014069009134327e-08,0.0005236834062575383,2.1477551604713062e-05,-1.6758719807907622e-07,0.0007103931730774571,4.604298653555109e-06,-9.190865168983706e-07,-0.24591332315567882,0.002316029658596824,0.00025294975149426453,0.0305809057411112,0.000638998260454309,-0.00012239193963790352,0.011824022101150059,0.0008202984550751794,-0.0002783057592534838,-0.1316490701769208,0.0011568068823435218,9.655301060003459e-05,-0.0022977095755269423,2.01901153336666e-05,1.685165128505407e-06,-0.20566305257432016,-0.003990932809373253,0.000314098853269345,-0.037800853282876135,-0.002433172095393378,0.0002453817747331776,-0.2315193047282982,-0.0004968714364331367,0.00025838583187902083,-0.018013039130250277,0.0016052100593491898,8.650404393119318e-05,-0.022797011970669433,0.0033756919991922603,0.00017706242575230954,-0.15267316216087753,-0.006542603410490068,6.66098640958216e-05,-0.002664649307176522,-0.00011418991367635053,1.1625576359534968e-06,-0.0961965048290122,-0.001460265754896108,0.00013511068521582652,0.17067375032595775,0.0049211336887875325,-0.00018918331425411404,0.00015343453034618167,6.248111821849711e-06,5.233116140540638e-07,0.004963902751093225,3.350384916363063e-05,-1.0462205738893577e-05,0.008149884612881743,-0.0029989335479072036,-6.916957534578827e-05,0.00028494373596331006,1.1603364082613864e-05,9.718384066027314e-07,0.006601987290824732,4.4560130378623405e-05,-1.3914730492444252e-05,0.00865925090519035,-0.0031863668885452976,-7.349267411020543e-05,0.00025207882995861337,1.0265222689321557e-05,8.597484044613557e-07,0.012069222766621382,8.146102733725422e-05,-2.5437796112335256e-05,0.00865925090519035,-0.0031863668885452976,-7.349267411020543e-05,0.00017535729050980345,7.1409958073679355e-06,5.980978312413271e-07,0.012069222766621382,8.146102733725422e-05,-2.5437796112335256e-05,0.007131152028264528,-0.002624066671235559,-6.052338270184047e-05,0.00014248127138823713,5.801999558931793e-06,4.859422320521791e-07,0.010122384210605361,6.8320853525921e-05,-2.1334525616138006e-05,0.006621781461680198,-0.002436633501568496,-5.620027905253673e-05,8.767479840675449e-05,3.570143749410096e-06,2.9901576817631064e-07,0.007689080931584055,5.189720553155427e-05,-1.6205955119404053e-05,0.006112415169371589,-0.0022492000876571053,-5.1877183777324235e-05,0.4554194684986051,0.006108947705937169,-9.918311794987414e-05,-0.056485923961624274,0.0020207181173269324,0.00015491108151027228,0.06833338362625282,0.01880887026334074,-0.00021869625857085778,0.27148798175100236,0.01054979253606938,0.00010156652806202188,0.05014892124886466,-0.0021514768822499383,-1.6640031021893442e-06,0.23644300364197693,0.02513862497685345,0.0006132177797816862,-0.526252899928944,-0.016737768180633432,0.00048601221293669494,-0.13540219115134958,-0.017045272911610752,-0.0006720369100098005,0.012532685902271534,0.008403998901786686,9.733445915820736e-05,0.14888575551119587,0.007079194982872906,0.00042922254999265834,0.4471612207379806,0.03380219031153029,-6.124036262103116e-05,-0.03469675714045993,0.01865399288405837,0.00030271275637872404,0.5379160998415953,0.028117920230634547,6.258717678144806e-05,-0.49573493375265404,-4.588569318881132e-06,0.0005846309276069754,-0.16566158074373216,-0.017969825030356712,-0.000318223336734246,-0.4251843884219457,-0.012406932485186702,0.0006260086946732953,-0.13608148640400403,0.014083921116147596,0.0008251573770437524,0.4989114328197316,0.350374719753894,0.46396875240813684,1.1885846241243563,0.36458043584756383,0.029492699052781502,0.04648167090995794,0.009610156737520517,0.019879037812901103,0.06630003206144561,0.04625885484788267,0.006870618421708475,0.0024595633239951242,0.0004761082627098,0.00028576701624545884,0.0016979504096731545,0.0024057092499081,0.00016558153885331493,0_1_29_p1
3033.3329999999996,-0.18875307955452633,1.6206497315306168,-1.4643229456266438,0.003948527681291351,0.0017921275132263042,0.0019918490301905193,0.3126711771934434,-0.02863615160688757,-0.12148934432639881,0.6138705525516164,0.010714061156531096,0.8474513393194633,0.1702314181408943,0.26939586455261566,-0.07029209241584443,-0.24932947305523442,0.5942999188362712,0.010372489749940296,0.8058996041414952,0.025449879023112226,-8.617538248446975e-05,0.002707696321561494,0.02509896461970275,-0.00016003622043236803,0.0036012345867470104,0.02666764959676823,-0.0001415781169287766,0.006583494636925739,0.02666764959676823,-9.848892969004001e-05,0.006583494636925739,0.021961592670909774,-8.002135154193773e-05,0.005521534592250273,0.020392907693844293,-4.9240724853765724e-05,0.004194223165415098,0.01882422321544431,0.06226928258999702,-0.02298626799477314,-0.09107191616757733,-0.3909994007853174,-0.41088447601069494,0.08466028559809198,1.5595776535517012,1.4459469124911357,0.0527633413336894,0.013851087031466673,-0.3973491718994572,-0.5837486041471681,0.23436309968779234,1.5526821139911393,1.5013347378343072,0.27997660948223135,0.03143701210792401,-0.2530253144607495,-0.03337488578990517,-0.001611266685014504,-0.16921834833046415,0.003095890143645845,0.0002529665980722433,0.28052281411849095,0.036393393908593585,0.0017199459581893727,-0.00018986589201095154,-1.4678302459417272e-05,-2.4335806882380173e-08,0.0005465969435328636,2.1769960912769643e-05,-2.074681096014989e-07,0.000721090830347394,2.5137137626600707e-06,-9.504747042571549e-07,-0.24380643178079314,0.002856305632225152,0.0002438200123061903,0.03141713359136101,0.0003753072980417494,-0.00012665004847616128,0.013701497710795416,0.0003104304604948728,-0.00029316885906408794,-0.13119548318274776,0.0015178161907671245,8.949820652207418e-05,-0.0022897927620398966,2.6490935081241715e-05,1.5620373763150307e-06,-0.2129900818359672,-0.003438587600033359,0.00033791989080854574,-0.04213824808644606,-0.0018916713830126979,0.00026660771978923015,-0.23142982960495853,0.0001582910112671722,0.00025801167957750846,-0.01575661478389482,0.0017585167766391524,8.149936671815385e-05,-0.01879324148408363,0.0037674342537407112,0.00017837620342508255,-0.1593521129151569,-0.00604231924577615,8.443760084740162e-05,-0.002781219064299998,-0.00010545825226620163,1.473711649331315e-06,-0.0996271205873114,-0.0012587439129989706,0.0001450266810861074,0.1767620295151983,0.004285797847589302,-0.00019972464887432566,0.00016088459292469456,6.636777819101993e-06,5.138977398578839e-07,0.005150936508012659,1.8994734749394425e-05,-1.0984643656098598e-05,0.003552440309992116,-0.0030811468233465996,-5.790432217398176e-05,0.00029878127617655013,1.2325154917201908e-05,9.543553976896926e-07,0.006850743298839253,2.5263021152638643e-05,-1.4609569314489322e-05,0.003774467562224378,-0.0032737185272832493,-6.152333991102741e-05,0.00026432035561831574,1.0903775057332849e-05,8.442772709602961e-07,0.012523977492921308,4.6183475872331606e-05,-2.67080403741382e-05,0.003774467562224378,-0.0032737185272832493,-6.152333991102741e-05,0.0001838733574526773,7.5851296912387005e-06,5.87337124043025e-07,0.012523977492921308,4.6183475872331606e-05,-2.67080403741382e-05,0.003108389224948137,-0.0026960033666244363,-5.066628949125417e-05,0.0001493996140672853,6.16284612736044e-06,4.772003786751933e-07,0.010503783817012894,3.873387735803936e-05,-2.239987331218029e-05,0.0028863576984401395,-0.00250343178480995,-4.7047260588753584e-05,9.193197702304756e-05,3.792259540210838e-06,2.9363471673622603e-07,0.007978796468960245,2.9422599735938558e-05,-1.7015204264695177e-05,0.002664332155918155,-0.0023108601052977333,-4.3428247038753527e-05,0.465099195038051,0.006234408957958274,-0.00012183318607850659,-0.05481925221102785,0.0023136296161438614,0.00014654290311159977,0.10181295441530996,0.018478242164786936,-0.00032481590493451377,0.2753566928185584,0.01113587897563414,9.288547896127476e-05,0.043812057022638205,-0.0021139460547480327,1.6364960967520918e-05,0.265830805155942,0.026302782416636746,0.0005536020208615664,-0.5558926135761137,-0.016276972339578644,0.0005615278036981333,-0.15414504148926825,-0.01811577093194521,-0.0006450271957913684,0.02716824877967336,0.00836011852779401,5.9495831466451556e-05,0.14648403058118784,0.007610055948313532,0.00044106481014916554,0.5098879821926693,0.033940776276696845,-0.00023047654486972109,-0.0032362746996106935,0.018965779071538066,0.00023182820902462677,0.5869096356368251,0.028965604458731083,-7.736762640538318e-05,-0.48391366086564525,0.00027691027138576163,0.0005669052047322967,-0.19269453843863285,-0.01855612112925159,-0.00024819028511773164,-0.44443827971340116,-0.011253574479284332,0.0006978499372857322,-0.10407558073573393,0.015379236855723693,0.0007734687722176354,0.5349094592228448,0.3618412831278289,0.4792580613039214,1.2599601873670496,0.41394512100019987,0.025052145143585947,0.04973584276773631,0.008612782117455985,0.019638385131071193,0.06781955423680242,0.04947673547395091,0.007057738066367489,0.0024258718294119332,0.000511210770274277,0.00037659463588962975,0.001681041377003217,0.0023703137927513405,0.0001419304137382791,0_1_29_p1
3050.0,-0.1845505610885092,1.6168184939643835,-1.4677902471372515,0.003948169140796441,0.00179708574429847,0.0020105006159083314,0.3067700150382608,-0.026732722951265088,-0.11955061863064952,0.6102885310479407,0.010651543462724664,0.8426417240304361,0.16723115626614496,0.26220610885605866,-0.07145902603637934,-0.2513348448964694,0.5881687611815847,0.010265480621507523,0.8040102533116191,0.03220312538041793,-8.164400908079188e-05,0.002889263920977466,0.025080652625190825,-0.00015162124011025254,0.0038427198380494476,0.026648192666266998,-0.0001341335396707699,0.0070249582179251835,0.026648192666266998,-9.331028846662254e-05,0.0070249582179251835,0.021945569052379963,-7.581361204812967e-05,0.005891787243771846,0.02037802851263829,-4.66511549093067e-05,0.004475471505067472,0.018810488471562112,0.06934094631737106,-0.025118299875821835,-0.08609642329044401,-0.39171032375487036,-0.4119580434922271,0.08522786966283355,1.548153141661846,1.4452901849868505,0.05499123866522965,0.015487882235927482,-0.3868528420631089,-0.5820022197189744,0.23885784361712592,1.548469166434843,1.5014160302842094,0.26939643502594823,0.029256427660412334,-0.2957794839686176,-0.035918296292133604,-0.0015787858280914419,-0.1659856238442648,0.0035050297750463246,0.0002460329747702734,0.32699929989567844,0.03897803908141788,0.0016820061784542715,-0.00021187841196468026,-1.5217593933013143e-05,2.733373153373607e-08,0.0005688633554643073,2.205543368194484e-05,-2.471375753209968e-07,0.0007324108221620433,3.9035128310727915e-07,-9.853702401489202e-07,-0.24221833489559738,0.0034009469602821127,0.00023577629853886592,0.03179520866611417,8.289129769061893e-05,-0.00013032819636904565,0.014245707898766672,-0.0001969480249355607,-0.00030549825964553085,-0.131567198135231,0.0018857071807963177,8.50186943886099e-05,-0.0022962811125815993,3.2911849764309487e-05,1.483854767303241e-06,-0.22002562344552448,-0.002876538368193855,0.00036136353597077917,-0.044760838520545854,-0.001368047621219772,0.0002847207736914567,-0.2317716331759588,0.0008469888889225546,0.0002586799774153205,-0.013075572774480163,0.0019333155292224095,7.578947099702116e-05,-0.013208628413052592,0.00416434823536275,0.00017612893719422094,-0.16676468496648145,-0.005490576904708127,0.0001050166103723061,-0.002910592841767839,-9.58285533152388e-05,1.832883399518968e-06,-0.10305352703888268,-0.0010414253005966967,0.0001546869419807628,0.18196036688608141,0.0036213365543031287,-0.00020962635924285164,0.00016920233347419894,6.996281043733193e-06,4.985375630652886e-07,0.005303345212186242,-1.016325068287802e-06,-1.1464081312807376e-05,-0.0011008063721215764,-0.0031447489497518554,-4.623373646990238e-05,0.0003142259440601983,1.2992699086805506e-05,9.258248689545848e-07,0.00705344569569002,-1.3515504068342688e-06,-1.5247224956900728e-05,-0.0011696059689524727,-0.0033412958033806305,-4.912334574072725e-05,0.0002779843602373577,1.149428456626066e-05,8.19037062227781e-07,0.012894542665235877,-2.4712396742279576e-06,-2.7873748064066613e-05,-0.0011696059689524727,-0.0033412958033806305,-4.912334574072725e-05,0.00019338020150725478,7.995997497797974e-06,5.697787483091426e-07,0.012894542665235877,-2.4712396742279576e-06,-2.7873748064066613e-05,-0.0009632003396186151,-0.0027516552669187367,-4.045452909370754e-05,0.0001571232302918251,6.496654848811263e-06,4.6293581214857296e-07,0.01081457409825002,-2.072510810711014e-06,-2.3377544971148192e-05,-0.0008944041622082916,-0.0025551085598365586,-3.756490865742769e-05,9.668411676762054e-05,3.997644594625114e-06,2.848572734716193e-07,0.008214876684902008,-1.5744233550479233e-06,-1.775785426263369e-05,-0.0008256028556671022,-0.0023585617794810816,-3.467530776069401e-05,0.4748656739872033,0.006312937587907851,-0.0001459121867994336,-0.051931369451011074,0.0026116272099734107,0.00013550972950344603,0.13361179365122,0.01792686189150897,-0.0004279730141605642,0.280187394605705,0.011751919124223483,8.276301777881509e-05,0.0376259815500879,-0.0019627691479878447,3.439388665598018e-05,0.29686585525678044,0.027386092004465238,0.0004886925794884253,-0.5831342824446717,-0.015690703962414843,0.0006330664254961285,-0.1748357869841621,-0.019114315672700954,-0.0006117078236699407,0.04179483140378927,0.008279330271454954,2.1456970182054322e-05,0.1451921700684054,0.008118769204565552,0.00045144701470557416,0.5711252517384379,0.033752611375451096,-0.00040083763065326206,0.02855102484671296,0.01913983065630118,0.0001585198374963878,0.63591318691492,0.02962318922396699,-0.000220718309899332,-0.4709375804070816,0.0005021985761718626,0.0005437919879500274,-0.22036147038588222,-0.019147095923622057,-0.0001736115737234781,-0.460791672292627,-0.01006522666615844,0.0007632455002360456,-0.0702839578992474,0.01660464598548206,0.0007147184135156988,0.5795802819073531,0.37320040785734504,0.49603063097663075,1.3343484261251493,0.4711328660957187,0.024525239619317334,0.053433196480399375,0.007619531809342217,0.019184529052075527,0.06902873932353065,0.05311965258786708,0.007202878259742312,0.0023773574822286126,0.0005456949814188312,0.0004720319416060405,0.001697000350434382,0.0023199661059579418,0.0001183041636586955,0_1_29_p1
3066.667,-0.18001970380362448,1.6130844832054583,-1.4717153275667059,0.003946911506404003,0.0018025301742336905,0.0020287293332816613,0.30104123506397373,-0.02478954467126118,-0.11760456803736229,0.6068505595460802,0.010591539541706598,0.837812627376298,0.1643493927729615,0.25512180096625214,-0.07261804882741321,-0.25314185956954965,0.5820974942508479,0.010159517194629441,0.8019843439317431,0.03889763642173903,-7.73395284798733e-05,0.0030886598093698087,0.02496070412434926,-0.00014362663480511732,0.004107916135238478,0.026520747228289867,-0.00012706096687618832,0.007509769294892662,0.026520747228289867,-8.839045463800083e-05,0.007509769294892662,0.021840613927144037,-7.18163093955621e-05,0.006298395103612466,0.020280570324537926,-4.419123799499585e-05,0.004784335441475899,0.01872052722059732,0.0769210324344991,-0.027256136721962677,-0.08001322129961642,-0.3924766973307555,-0.4136111744798212,0.08649397588345978,1.5359095836552774,1.4442029839905328,0.057272277781834614,0.016534189170540066,-0.374457557598009,-0.5793060685010821,0.24456806376014725,1.5446202367153148,1.5011629326093954,0.25913004683322977,0.028407412744445217,-0.3433001009316009,-0.03860816082184801,-0.0015352533250128691,-0.16257917313117176,0.003903992844448111,0.00023857053458711564,0.3784076176783838,0.04172876153040367,0.0016323122591244122,-0.0002355946582200642,-1.567008097286083e-05,8.416938638236699e-08,0.000589970583820711,2.2321269207244494e-05,-2.845125400503514e-07,0.0007440035127675765,-1.715645424809377e-06,-1.0233069668299376e-06,-0.2413597517284811,0.0039285255262147545,0.0002294398163282129,0.0316544353953033,-0.00023241848056979698,-0.00013313844367968076,0.013138526016982469,-0.0007236144115808541,-0.00031415180474155647,-0.13293038519664915,0.0022351078250354424,8.348271927764737e-05,-0.0023200734409447835,3.900997114506509e-05,1.4570486035154217e-06,-0.2265538974321521,-0.0023061887127276263,0.0003838735823160552,-0.045417667325165875,-0.0008464435646140941,0.0002986692552606612,-0.23259968091733726,0.0015548029396066304,0.0002607230079357855,-0.009927186587062367,0.002118064917802054,6.927484744200699e-05,-0.0058775847516501865,0.004556301907800485,0.00016953493283731178,-0.1748551468886051,-0.004900372115002423,0.00012824107137349988,-0.0030517978144263295,-8.552752440760727e-05,2.238226399405837e-06,-0.10638786131718762,-0.0008118936414231658,0.00016401374586579913,0.18608929158514514,0.0029449433394659204,-0.00021788127596445497,0.0001780885526943529,7.315435105575426e-06,4.781319963217387e-07,0.0054215297906764276,-2.5174238339843416e-05,-1.1901460096439514e-05,-0.005806760857838619,-0.003189064664832641,-3.4202718017068025e-05,0.00033073063232220046,1.358540679467461e-05,8.879362932979964e-07,0.007210631330407346,-3.3481622929890986e-05,-1.5828936087335933e-05,-0.0061696827703121735,-0.003388381224703005,-3.634039112064912e-05,0.0002925852860940417,1.2018603862623048e-05,7.855162729754831e-07,0.013181894528139365,-6.120882509571258e-05,-2.893718786299605e-05,-0.0061696827703121735,-0.003388381224703005,-3.634039112064912e-05,0.00020353844518143372,8.360776399888272e-06,5.464555086216172e-07,0.013181894528139365,-6.120882509571258e-05,-2.893718786299605e-05,-0.005080911048905504,-0.00279043144739418,-2.992739134945206e-05,0.00016537685670554197,6.793020914962151e-06,4.4398803511561006e-07,0.011055574860399695,-5.133534588216102e-05,-2.4269444303108892e-05,-0.004717991700997376,-0.0025911149852215474,-2.7789708476097915e-05,0.00010176281117713807,4.1799485601558765e-06,2.731991428325252e-07,0.008397943059098904,-3.8995072241129896e-05,-1.8435351737475252e-05,-0.004355068933668678,-0.0023917984497756144,-2.5652044444448977e-05,0.48448868601698675,0.0063290488474082324,-0.0001708711230673529,-0.047927722063565964,0.002908696015901399,0.00012183391950932787,0.16349062823407895,0.01714957266418603,-0.0005276053051036921,0.28600019672484517,0.01238156937270894,7.123165622590366e-05,0.03163655524511486,-0.0017088959038090452,5.2384622301499595e-05,0.3293737703339913,0.0283652429640905,0.0004190519168505415,-0.6075201025400168,-0.014961957782132228,0.0006994289761607167,-0.1974568287331845,-0.020017559891951635,-0.0005714952241646646,0.05630003400088729,0.008179518923600157,-1.792121952306364e-05,0.1460299075928392,0.008663580111458614,0.0004574963381633564,0.6302177794881174,0.03324514444914993,-0.0005702386254844786,0.06028420778815579,0.01917547015343398,8.336283020523001e-05,0.6845976532523174,0.030078952068725802,-0.00036598900502474104,-0.4572288625897405,0.0006788678495076204,0.0005155768351659508,-0.2482200249524644,-0.01972411249665726,-9.59734571937682e-05,-0.47398904995713154,-0.008843612995540965,0.0008224936902860218,-0.03557638684121767,0.01772933473885011,0.0006505116163154473,0.6333601578592352,0.3841829516492117,0.513571357204666,1.410650084593886,0.5361718279283728,0.028264077335158247,0.057365459773276055,0.00666220881050309,0.01851013815156432,0.06990749278626925,0.05698351979099233,0.007305298913706167,0.0023127776663884087,0.0005782363530080158,0.000567809653506229,0.0017463147981441266,0.0022535223802778426,9.557725793695418e-05,0_1_29_p1
3083.333,-0.17563670133832418,1.6094994253275494,-1.4756144938460922,0.003944602685136365,0.001808565522787087,0.0020464045319493578,0.29554992957436804,-0.02283067089462685,-0.11560792433838381,0.6035856135036108,0.010534555538959985,0.8329278911216026,0.1614965478894872,0.24829897032633144,-0.07373496181025146,-0.2546999040221641,0.5762474822107206,0.01005741543338777,0.7998151106070209,0.045426152189895944,-7.334970580981426e-05,0.003298741102108362,0.024748968259479816,-0.00013621746279765114,0.004387324399193749,0.026295777778366305,-0.00012050650753669876,0.008020560844439828,0.026295777778366305,-8.38306573007905e-05,0.008020560844439828,0.021655345232382838,-6.811122472632842e-05,0.0067267931498314806,0.02010853521483085,-4.191133932639069e-05,0.005109751581844742,0.01856172519727886,0.08506716822262339,-0.02933798689635804,-0.07299966905768579,-0.3931877429720214,-0.41572611958749284,0.08850833617034251,1.5228258550640594,1.4427271121324299,0.0597407074149057,0.016776705662097678,-0.36016759555815653,-0.5757513279896118,0.2517024147275979,1.5411009897181784,1.5004358060030674,0.24932475069294402,0.029013566590993828,-0.39840910543877617,-0.04138549132106973,-0.0014799614206188975,-0.15906972947034878,0.0042847089575315436,0.00023074151577010427,0.4376468018119735,0.044589176475729644,0.0015697372854873706,-0.0002604752171813531,-1.601329310089371e-05,1.4504902944201548e-07,0.0006098399819288437,2.2552910526790914e-05,-3.179293510035203e-07,0.0007551781792077738,-3.7655392108578825e-06,-1.0632297488083866e-06,-0.24122664223403467,0.00442314581153655,0.00022548529341840615,0.03113236937497791,-0.0005694656375497872,-0.00013483236740974554,0.010182272797416922,-0.0012845049483339813,-0.00031819387528570566,-0.13530823487734578,0.0025519054908859236,8.53848759509763e-05,-0.0023615749484676356,4.4539149790950424e-05,1.4902483859381826e-06,-0.23231755905820364,-0.0017242040635384414,0.0004047083624064725,-0.04385711387270431,-0.00030792690729620304,0.00030757663441360823,-0.23376771908195598,0.0022620545933038014,0.00026434510384918986,-0.006504964651420134,0.0023049737193238887,6.176059885009045e-05,0.003144688084065681,0.0049235739827055485,0.00015800911074573243,-0.18340966265128342,-0.004290327260932267,0.00015390782770051439,-0.003201102539572649,-7.488027916672255e-05,2.6861949192074986e-06,-0.10944405992589452,-0.0005715498720881802,0.00017278352753479482,0.1891916275808198,0.0022848370690733612,-0.00022400420349688265,0.00018819806962533332,7.639522902819224e-06,4.535386861348032e-07,0.00552968264405373,-5.2675123712443216e-05,-1.229084835905821e-05,-0.010560410276595595,-0.0032145406426138242,-2.180799882638609e-05,0.0003495058158462256,1.4187127118202986e-05,8.422584171389797e-07,0.007354475240894855,-7.005777263159543e-05,-1.634682338381202e-05,-0.011220436239453504,-0.0034154494312506616,-2.3171002896465754e-05,0.00030919341182844773,1.2550909948472112e-05,7.451063980252852e-07,0.013444858228644411,-0.00012807444649806876,-2.988394237723542e-05,-0.011220436239453504,-0.0034154494312506616,-2.3171002896465754e-05,0.00021509266730549345,8.73112407262982e-06,5.183422887648869e-07,0.013444858228644411,-0.00012807444649806876,-2.988394237723542e-05,-0.009240355786314354,-0.002812722894369121,-1.9082011621454726e-05,0.0001747648758951265,7.093954350024387e-06,4.2114560783143286e-07,0.011276120648667697,-0.00010741511338816827,-2.5063482609567253e-05,-0.008580332388021888,-0.002611814203430015,-1.7719000572965728e-05,0.00010753992223916797,4.3650857598776325e-06,2.591439285860274e-07,0.008565472441056623,-8.159389625103867e-05,-1.9038511009009e-05,-0.00792030642516398,-0.002410905439217611,-1.635600557481819e-05,0.49379128808059936,0.006271679030216872,-0.0001961026360039925,-0.04293107750560875,0.0032020685991584804,0.0001058603879891569,0.19124866294886197,0.016160630975325156,-0.0006229141204482984,0.29285298483718847,0.013014993415863504,5.8311500495523956e-05,0.025775720525153097,-0.0013636943568853064,7.023564391151511e-05,0.3632449391513217,0.029231549478762487,0.000344966630636675,-0.6286398519597125,-0.014082368235142168,0.0007593446971213195,-0.2219698299025533,-0.02083855483414918,-0.0005242381269941774,0.0703531806493745,0.008049039891704649,-5.826874099015018e-05,0.14947160398351303,0.009289258190032732,0.00045602506058320163,0.6866339959967479,0.032422631357490246,-0.0007368181238092084,0.09165621528618412,0.019074340643371848,7.283830587527567e-06,0.732708753712208,0.03032003174621746,-0.0005121100493350748,-0.44334505505155036,0.0008109717900604945,0.0004830117474465012,-0.2760063681953341,-0.020268109898971032,-1.6563088476223205e-05,-0.4833684368194736,-0.007640498878724721,0.0008746794676983379,-0.0006791798472105368,0.018702424018348165,0.0005824557825387747,0.6996652581424492,0.39449919614231704,0.5312710839861488,1.4876939294581488,0.6128366236712435,0.03510142531993099,0.061445283784007855,0.005791508331500502,0.017628193177192542,0.07045099492585105,0.06098617106163876,0.007366719552130014,0.0022308146860153797,0.0006077926522775853,0.0006615774082046683,0.0018257118163074004,0.002169701327751182,7.544530987814127e-05,0_1_29_p1
3100.0,-0.17177394661645837,1.6060985819655338,-1.479088197224396,0.0039411474318829165,0.0018152800537522596,0.0020634753480303645,0.290342841478805,-0.02088878016894541,-0.11358425346793993,0.6005212780986937,0.01048107266669287,0.8279614664765973,0.15862980170785346,0.2418798268624145,-0.07480097002146056,-0.25600314037729727,0.5707766643932058,0.009961931462004166,0.7974727650551104,0.051686776373833246,-6.979970611125779e-05,0.0035151110654745993,0.024453301505543965,-0.00012962510488011826,0.0046750967795900775,0.02598163147831034,-0.0001146741158420343,0.008546642475565462,0.02598163147831034,-7.977351478815452e-05,0.008546642475565462,0.021396636573356217,-6.481454710206142e-05,0.007168014878063149,0.01986830560325885,-3.988276807007271e-05,0.005444908654101715,0.018339975131826974,0.09378047667645133,-0.03133041387986371,-0.06520463716586117,-0.39371349797724414,-0.41818222071339334,0.09134420548284646,1.5088868562968352,1.4408551183526324,0.06241108211440805,0.016131349725887253,-0.3439615502282734,-0.5714161640017777,0.2604965284351347,1.537814424032932,1.4991026123179876,0.24007595477931876,0.03102723572749277,-0.4603258873704063,-0.044187372966929185,-0.0014041873405036694,-0.15532287116470525,0.004639368328673444,0.0002227413912410228,0.5038568945222612,0.047497278318457216,0.001485320025307507,-0.0002861841307770128,-1.6220656534355216e-05,2.0865234566606527e-07,0.0006289724949029915,2.2736313591792278e-05,-3.472686773808361e-07,0.0007649320763989196,-5.736395532750692e-06,-1.1030799553297236e-06,-0.2414296301525035,0.00487226481981522,0.00022391142345121865,0.030148632850238954,-0.0009250434650582311,-0.00013571417107691782,0.00544193945723552,-0.0018916396312502154,-0.00031704134492612884,-0.13828608173784396,0.0028276104897922002,9.077706283884277e-05,-0.00241354843150245,4.935110497115892e-05,1.5843606099445065e-06,-0.23702000436355572,-0.0011237449444403622,0.00042308163979720844,-0.04003670895961577,0.0002692929014434001,0.00031059264779980723,-0.2350013220715413,0.0029461671745142663,0.0002691336262286843,-0.0027284693727945572,0.0024887414411052214,5.36843740693447e-05,0.013786679751602665,0.005262395843388577,0.00014152292992313366,-0.19225783739811553,-0.0036835565997606966,0.0001813641133611984,-0.003355532121306253,-6.429016267387828e-05,3.1653981013625284e-06,-0.11217670013693519,-0.0003183401176231434,0.00018054670854891427,0.19093362061813945,0.0016581830634426098,-0.00022804106535630222,0.0001997540014596808,7.985250747418354e-06,4.2300535391985545e-07,0.0056294391102082834,-8.242403386899957e-05,-1.268625131268485e-05,-0.015327448436615293,-0.003222895068661215,-9.059273304107995e-06,0.0003709652445218895,1.482922102895301e-05,7.855518628631047e-07,0.007487150468928171,-0.00010962383925994103,-1.6872710728752527e-05,-0.016285413643333087,-0.0034243260028199067,-9.625479106836385e-06,0.00032817803486271226,1.3118973403766112e-05,6.949448938669765e-07,0.013687406278604422,-0.00020040593841680142,-3.0845327126650685e-05,-0.016285413643333087,-0.0034243260028199067,-9.625479106836385e-06,0.00022829846956744034,9.12628696897524e-06,4.834446593503165e-07,0.013687406278604422,-0.00020040593841680142,-3.0845327126650685e-05,-0.013411515458614317,-0.002820033029372805,-7.926872864106176e-06,0.00018549501766053036,7.414964668750384e-06,3.9279093501162777e-07,0.01147954368840472,-0.00016807915151293166,-2.586978895964075e-05,-0.012453551961606826,-0.002618602217336278,-7.360660082968441e-06,0.00011414111365985378,4.56260614696864e-06,2.416951138787423e-07,0.008719994347145758,-0.00012767500932600422,-1.9650991341894763e-05,-0.011495584190323618,-0.0024171712587531544,-6.794460560808469e-06,0.5028199577973563,0.006130488297002642,-0.00022120246705427542,-0.037207921480837104,0.0034848172625078855,8.792277408903684e-05,0.21685504094429728,0.014984252331010148,-0.000713143380247675,0.30091795583377806,0.013644088448145256,4.382228571335456e-05,0.02010338307411682,-0.0009437483062161346,8.811770967330921e-05,0.3983438885398529,0.02998271714169962,0.0002664351646615433,-0.6461118891733469,-0.013042139365380354,0.0008117582037569059,-0.2482568427086542,-0.021581963856225295,-0.00046979197859610546,0.08354596688690144,0.00786065785725236,-9.834151131616768e-05,0.1564473424917734,0.010027713863887858,0.00044561777492579377,0.7399828281171147,0.03128190561932162,-0.0008990760146555961,0.12229871846953941,0.018845359926126334,-6.894119643260718e-05,0.7800162740946466,0.03031680818516779,-0.0006581869628826015,-0.42979396568389266,0.0009026304088329874,0.0004472309452008474,-0.3034044866683305,-0.02075741628259663,6.380944727041839e-05,-0.48861405366379673,-0.006472641454907881,0.0009177133041132727,0.03379730676833791,0.019499211343553608,0.0005117339081869012,0.7775267900330428,0.40363830507526743,0.5488519364666687,1.5645451050325114,0.6999271031162133,0.043624642315807816,0.06558032818001922,0.005075112996919507,0.016560635737559788,0.07064596350332866,0.06503875712853434,0.0073916001709352095,0.002119421220464406,0.0006334127050778956,0.0007518207408854119,0.001929516019936915,0.002056096489248248,6.19369036958902e-05,0_1_29_p1
3116.667,-0.16912460712376653,1.6028975199603426,-1.4814098725926423,0.0039364938854316005,0.0018227515589472971,0.0020799083709361417,0.28545088803832014,-0.019044308735455293,-0.1116434258971057,0.5976952743844529,0.010431749662031508,0.8229363573794884,0.15581458961371064,0.23596036418202657,-0.07580038295106505,-0.2571315027200286,0.5658012612758626,0.009875094350400439,0.7949336635499676,0.057642466604172125,-6.679574513582526e-05,0.0037316685270690525,0.024073930755344468,-0.00012404553659424268,0.004963117994071189,0.02557854968222425,-0.00010973882338289486,0.009073179886958618,0.02557854968222425,-7.633970415123082e-05,0.009073179886958618,0.021064686917598913,-6.202451362637334e-05,0.007609618584068258,0.019560066993388133,-3.816636141711142e-05,0.0057803559496800196,0.018055446570511852,0.1029829026825096,-0.033218298633167935,-0.0568017006129154,-0.3938860237738039,-0.4208599367663951,0.09510994981823145,1.49409576983683,1.4388008134631574,0.06527938911905858,0.014586004787575938,-0.3258827327017463,-0.5663637285339028,0.27112932905635495,1.534636278699485,1.4969283285090758,0.23125955122257205,0.03430308708579398,-0.5277195347210285,-0.0469593702935773,-0.0013090104087214501,-0.15114221490661134,0.0049626655558802244,0.00021420797667037834,0.575458421847887,0.05039684753447655,0.00138033031740104,-0.0003127256732827683,-1.627260730266758e-05,2.7416146548015564e-07,0.0006482298167281382,2.2860438558676968e-05,-3.742011503776755e-07,0.0007720393420647553,-7.622035009019657e-06,-1.139865942311e-06,-0.24138355516996104,0.005268064509969501,0.00022362932474295823,0.02869216570523557,-0.0012927410624294655,-0.00013554050079941932,-0.0007451584220669223,-0.00254370467009565,-0.0003107355809755382,-0.1412991922278812,0.0030557949949567144,9.851008316780414e-05,-0.0024661365553856817,5.33337041152527e-05,1.7193286292576759e-06,-0.24036432164022992,-0.0004991463036686009,0.00043812300516786186,-0.034047182636590866,0.0008962835978786588,0.00030741725940763745,-0.23595337937436003,0.0035865349373334324,0.00027424715615977335,0.0013375157614491998,0.0026669991085714567,4.478605428739956e-05,0.025607735505403646,0.005575894501116831,0.00011993494429281519,-0.20117253697224172,-0.003103907097306853,0.00021000539154601244,-0.0035111234511803298,-5.417334283752669e-05,3.665282497429946e-06,-0.11440467661381463,-4.588510700268801e-05,0.00018723999403762453,0.19133756788382073,0.0010797283553866516,-0.0002289026539673058,0.00021370609226219474,8.384199430829321e-06,3.8603025204553483e-07,0.005718946718043419,-0.00011361361918724279,-1.3090758299133058e-05,-0.020046206942676694,-0.0032155611686845334,3.945596826422868e-06,0.00039687333936606537,1.5570160618762927e-05,7.16888502028494e-07,0.007606195886548204,-0.00015110602705654147,-1.7410702822529722e-05,-0.021299094609451764,-0.0034165336806662346,4.192193575020265e-06,0.00035109926583433215,1.377437863032728e-05,6.34199934107536e-07,0.01390503701083196,-0.0002762402603484749,-3.1828846692643325e-05,-0.021299094609451764,-0.0034165336806662346,4.192193575020265e-06,0.0002442432277102314,9.582266702696268e-06,4.4118969297130453e-07,0.01390503701083196,-0.0002762402603484749,-3.1828846692643325e-05,-0.017540429044561143,-0.002813615827203505,3.452391465932332e-06,0.00019845034736533398,7.785410039222656e-06,3.5845716107152115e-07,0.011662068084440423,-0.00023168098482499516,-2.66946592742337e-05,-0.01628754308749637,-0.0026126433640706694,3.205798904380588e-06,0.0001221126378761054,4.790559377180134e-06,2.2057216665530576e-07,0.008858642448069045,-0.00017598766069286653,-2.0277570853005832e-05,-0.015034652856155874,-0.0024116708276645344,2.9591888968055143e-06,0.511667152025339,0.00590542787217343,-0.00024636197397200755,-0.030735407130676892,0.0037542710232649234,6.873487068861426e-05,0.24037620669129428,0.013639969975882153,-0.0007980241952245965,0.31054344352405794,0.014256257202032484,2.72254217359372e-05,0.014655351064271259,-0.0004670778051403391,0.00010587631899983341,0.43464030875560516,0.030611134493672202,0.00018351540831980606,-0.6598059334021434,-0.011833608886372773,0.0008557432029472605,-0.2760593675045425,-0.022244920018271958,-0.0004082139021357573,0.09575795559167395,0.007612106330588237,-0.00013656053698579283,0.16709912054099707,0.010889403843265526,0.0004238945728447896,0.7898724752202749,0.029816613951215012,-0.001055928561521155,0.15199291118017144,0.01849533699619139,-0.00014433538729600578,0.8261191565443381,0.030036855875116036,-0.0008034513076555132,-0.41695511768613247,0.0009691413141995016,0.00040931337634698647,-0.3303195889039704,-0.021170790084797837,0.00014409801111966706,-0.4897430343517489,-0.005348648162835991,0.0009505319704798583,0.06759470757074165,0.020125351972033842,0.0004393348450283958,0.8648160176693256,0.41120186508740864,0.5661525063589365,1.6404455711925496,0.7952894980902888,0.052918099217395126,0.06968941403017175,0.004604160253482295,0.015330277564758443,0.07048400326791603,0.06906267873964145,0.0073835911308817994,0.001980213674011262,0.000654014732823619,0.0008380103345614717,0.0020516040009470465,0.0019143423432166327,6.088959527938109e-05,0_1_29_p1
3133.333,-0.1678834616047713,1.599890071318399,-1.4823447621957975,0.003930675955036452,0.0018310583288557892,0.0020956397714826176,0.28086631400704853,-0.017332700740606,-0.10991704743012953,0.5951077340085811,0.010386588519637908,0.8178846998297945,0.1531200052028211,0.23058742143697056,-0.07673063795705753,-0.2580933227535416,0.5613871420833269,0.009798053522555408,0.7922054022631625,0.06316356286944738,-6.44794438856785e-05,0.003948662819642005,0.02360519366212236,-0.0001197445466518281,0.005251720153860464,0.02508051648950917,-0.00010593350694804666,0.00960077945586799,0.02508051648950917,-7.369278767420628e-05,0.00960077945586799,0.020654542023362754,-5.987376932241575e-05,0.008052112906657381,0.019179218198644953,-3.6842903178599154e-05,0.006116479435677096,0.017703893875261646,0.11260897445256651,-0.034963042451864594,-0.04793410305854919,-0.3935419550503862,-0.42368549966033325,0.09994278845828578,1.4785388224290734,1.436453449840315,0.06826233034631107,0.01230781704030323,-0.3060452949916382,-0.5606270167861637,0.2836839127142771,1.5314304763800453,1.4937937111885076,0.22289170975022546,0.03881061879322409,-0.594974428823545,-0.04961874497354535,-0.0011970950308061285,-0.14635818821031904,0.005251461708761441,0.00020460800644103215,0.6465977751594193,0.0532029379253023,0.0012580732278473315,-0.0003402314923907721,-1.615422207746306e-05,3.416391945683349e-07,0.0006682821538370525,2.2914807345824818e-05,-4.0137368065571897e-07,0.0007753698577051315,-9.419844225367835e-06,-1.1698675197344363e-06,-0.24061723309909844,0.005605785708018186,0.00022302532806230363,0.026600825000271312,-0.0016561719312312274,-0.00013425291449257193,-0.00799091147605868,-0.0032224018172432247,-0.00029999821027590156,-0.14384100568972943,0.0032294016398296955,0.00010700176685061277,-0.0025104992630749483,5.6363701535923634e-05,1.8675353889248627e-06,-0.24200228991966147,0.0001462422432301657,0.0004489168765586982,-0.02594751477942333,0.0015612925846432667,0.00029808357481099485,-0.23640670649256978,0.00416936887289578,0.0002786126229408008,0.005777131578553316,0.0028352945384357772,3.520003738752541e-05,0.038048450107315605,0.005882293098386901,9.396922174433105e-05,-0.20997675079330308,-0.002569408772078078,0.00023900559374748518,-0.0036647853729947708,-4.4844577321625875e-05,4.171432807241428e-06,-0.11598549953659164,0.00025106238276815265,0.0001924117448378165,0.19050121949899562,0.0005489565391253061,-0.00022634809697047567,0.00022873871996651493,8.851121310391432e-06,3.4007742655862415e-07,0.005770432078791107,-0.00014497292988818628,-1.350420044089691e-05,-0.024652271604836754,-0.003193073788910625,1.7037146477174804e-05,0.00042479205350853827,1.6437154705639326e-05,6.315572104914544e-07,0.007674672348134736,-0.0001928138966111138,-1.796058193877228e-05,-0.02619303858013905,-0.0033926407724892676,1.8101965209789347e-05,0.00037579859550512665,1.4541476787538499e-05,5.587068040543917e-07,0.01403021857867444,-0.0003524872574947264,-3.2834095629630826e-05,-0.02619303858013905,-0.0033926407724892676,1.8101965209789347e-05,0.00026142496124615,1.0115818434612065e-05,3.8867367350254966e-07,0.01403021857867444,-0.0003524872574947264,-3.2834095629630826e-05,-0.02157073594452186,-0.002793939333264687,1.4907496450808976e-05,0.0002124101318641425,8.218919294877196e-06,3.1578767717786605e-07,0.011767057973785534,-0.00029562886349928275,-2.7537752309129425e-05,-0.02002997067892986,-0.002594372374110477,1.3842681905240066e-05,0.00013070307721649286,5.05737187978705e-06,1.9431659936419654e-07,0.008938393594147604,-0.00022456321665310694,-2.091799483040141e-05,-0.018489201993917275,-0.002394805219560806,1.277784991364781e-05,0.5204171714497018,0.005608939757132447,-0.000271891784598502,-0.02381851257624233,0.0040071178550847575,4.822382528792916e-05,0.26130260326484767,0.012150458332020555,-0.0008776620056549457,0.3221324616718923,0.014832342129507585,7.463107319087109e-06,0.00957602833622285,4.709106336632578e-05,0.00012345046454313691,0.4722346213420345,0.031105476071792686,9.597692267184358e-05,-0.669871791171218,-0.010453306281630943,0.0008910540400290416,-0.3052032113124158,-0.022871335226224344,-0.0003399455353199882,0.1067641198247601,0.007302018471610576,-0.0001721399653667202,0.18101268387703373,0.011874050422366158,0.0003907624726184956,0.8359008536247613,0.028029770206041117,-0.0012062195710792463,0.18050794662532862,0.018029465245112376,-0.00021834236040460623,0.8705245334732509,0.02945588957822306,-0.0009465955893408064,-0.40513243001386173,0.0010288700186747587,0.0003700438635040017,-0.3569125124781474,-0.021466277335436497,0.00022383376282722508,-0.48682096764424043,-0.004244077961213848,0.0009726504373419846,0.10086603821132621,0.020599326992718964,0.0003652932883188013,0.9536993439804976,0.41687160689218355,0.5828210740476354,1.7148532606212858,0.8907890528111263,0.062393810760067774,0.07365274399401367,0.0044563989075024684,0.01396963980859377,0.06997725729715414,0.07293936647306885,0.007343906962713531,0.0018174455043329222,0.0006687524659220655,0.0009200767772462366,0.002186682271292192,0.001748613977444675,7.335434904201404e-05,0_1_29_p1
3150.0,-0.1680345727100745,1.5970517101743888,-1.4818711302020213,0.003923771432515563,0.001840268181985813,0.0021104950167445923,0.2765813815924178,-0.015793359734921544,-0.10856883194551044,0.5927601629408903,0.010345615668783588,0.8129185364855114,0.15077377454799565,0.22578167479489664,-0.07761996000543575,-0.2590087070556416,0.5575600758540057,0.009731258774750586,0.7894357273052008,0.06838517210438695,-6.245386462236395e-05,0.004168686505130919,0.02303866327758351,-0.00011598311278103002,0.005544352029559846,0.024478577862436846,-0.00010260591206274432,0.010135745311551776,0.024478577862436846,-7.137798242056122e-05,0.010135745311551776,0.020158827625225317,-5.799280305426643e-05,0.008500785196133063,0.018718912043040974,-3.568550055177663e-05,0.006457295862700035,0.01727899596219113,0.12257107496217537,-0.036571908398969497,-0.038554864727288356,-0.39255899459164206,-0.4266066956266397,0.10587622225000323,1.4624366610909312,1.4339712385888046,0.07158237294260728,0.009894874914811544,-0.28461513662733723,-0.55426140207174,0.29830329667446465,1.528101901118369,1.4894352610177932,0.2147093613721152,0.044212699560809365,-0.6619312810995837,-0.05213464037538134,-0.001083368319517163,-0.14093840488870232,0.005506036642466781,0.00019350779823278422,0.7170519911382438,0.0558798538420309,0.0011340547305539004,-0.0003685075359833651,-1.5864499457001276e-05,4.114344533974834e-07,0.0006894141729926276,2.2886279608453392e-05,-4.308225680596353e-07,0.0007740730424519354,-1.1120737292837899e-05,-1.1894901089503268e-06,-0.23891321016270256,0.00588730628646796,0.00022082986675099988,0.023933700887453377,-0.002006508373184067,-0.0001313784190606901,-0.01604717577300833,-0.003903030106585151,-0.000285639382885156,-0.14569885980925876,0.003348800063775275,0.00011479295431492465,-0.0025429247735357196,5.844759413226353e-05,2.003516673273842e-06,-0.2417166169922606,0.0008064345608990739,0.0004543728042374498,-0.015879797700411032,0.002248621888062254,0.0002825435930212525,-0.23616203840185293,0.004687532772582784,0.00028150118963727103,0.010490960989855351,0.0029922308729687284,2.4694772769497218e-05,0.050753243140839926,0.006186192416734009,6.469269058343851e-05,-0.21836986648540488,-0.0020917605365376353,0.0002675843830680485,-0.0038112733504421566,-3.650805438338994e-05,4.670225780088463e-06,-0.116812940330818,0.0005734993814559296,0.00019564859766374912,0.18842369496286598,7.997436096882837e-05,-0.00022036119398853484,0.0002448082869603057,9.421480662357442e-06,2.88860786908497e-07,0.005780686066241398,-0.0001762735486773973,-1.3860003712897416e-05,-0.029107659499344626,-0.0031548615685857866,3.0045468826804948e-05,0.0004546324820143504,1.7496466775445688e-05,5.364386998586848e-07,0.007688309852244315,-0.00023444368125440503,-1.8433803228443286e-05,-0.030926886989199404,-0.003352040306712452,3.1923307837116515e-05,0.00040219737720186314,1.5478568996209287e-05,4.7455765505911236e-07,0.014055147009523778,-0.0004285915182563901,-3.3699195776213075e-05,-0.030926886989199404,-0.003352040306712452,3.1923307837116515e-05,0.0002797898143011349,1.076773096729984e-05,3.301359846165357e-07,0.014055147009523778,-0.0004285915182563901,-3.3699195776213075e-05,-0.025469200245359376,-0.002760503652692669,2.6289779640726837e-05,0.00022733077354462037,8.748587541996714e-06,2.682263283386797e-07,0.011787966875748571,-0.00035945701360456825,-2.826330869339593e-05,-0.0236499727555046,-0.0025633249634148697,2.4411944119619954e-05,0.00013988507631641341,5.38329150948192e-06,1.6504915060305673e-07,0.008954275093009749,-0.00027304776717717796,-2.1469134945211242e-05,-0.0218307427010844,-0.0023661461031660416,2.25340932460125e-05,0.5291319280993814,0.00525047535247203,-0.00029802496664017446,-0.016628845713382363,0.0042364166028682135,2.7371331203250643e-05,0.2794684315098106,0.010536714498014795,-0.000950400123903042,0.33592970401365213,0.01535206198767851,-1.6656520305320504e-05,0.004957796520800754,0.0005876621574147365,0.00014049550778831842,0.5111155405015324,0.031447272022369965,3.269040739001201e-06,-0.6766166863061465,-0.008911892107711449,0.0009180915485540225,-0.3355205412767386,-0.023442886441656385,-0.00026513047846045347,0.11651178426705176,0.006948981346862903,-0.00020396267036130571,0.19737249812810007,0.012954257862999844,0.0003477655840896387,0.8776683236799618,0.02593625137901922,-0.0013486853517944368,0.207735727517219,0.017448181943507644,-0.00029035373593884814,0.9127849771185216,0.028567881295654334,-0.0010860703924111363,-0.39476276869463994,0.0010990054365778476,0.00033003683118962453,-0.3834129766296773,-0.021632648584069693,0.00030326935360963734,-0.48026364909924657,-0.00316031554440345,0.0009838200863058683,0.13363166561389359,0.020916940190376643,0.00028850589222539225,1.0433358708284877,0.42043119694773706,0.5986315394752285,1.7874600684916286,0.9859926080578947,0.07177824944056095,0.07742100239601328,0.0046515166885737445,0.012511477509576914,0.06913748090118148,0.07662177321832352,0.007271396053549551,0.0016519285569474727,0.0006767034847567735,0.0009964077809951268,0.0023303638425697837,0.0015802576009547099,9.380578665246905e-05,0_1_29_p1
3166.667,-0.16970955871056193,1.5943876181615282,-1.4798112986028038,0.0039158905229445574,0.0018504474408489444,0.002124292592479858,0.2726017795704584,-0.014477442814774389,-0.10770954402156609,0.5906567110756757,0.01030890341596614,0.8081265066353616,0.14893150970934552,0.22154877712791937,-0.07840672102164624,-0.25973314685225285,0.5542772621279856,0.009673962607400612,0.7866962794552215,0.07315575534868814,-6.049809852912916e-05,0.004390253061678596,0.022363358488739857,-0.00011235133194038009,0.00583903541512857,0.023761067022955974,-9.939301024257304e-05,0.01067446163046535,0.023761067022955974,-6.914296364700735e-05,0.01067446163046535,0.019567936433652625,-5.617666330119117e-05,0.00895260356625184,0.01817022690210551,-3.456799116499968e-05,0.006800501894801705,0.016772517370558394,0.132860744351119,-0.03804651963068698,-0.02874820473685861,-0.3908368876933437,-0.4295668029606211,0.1129645693303643,1.4460478523617615,1.4312391939268465,0.07520746717756006,0.0077232524836761025,-0.2618328442649136,-0.5473458366033402,0.31498246336465086,1.5246606688428004,1.4837791585482214,0.206708157226411,0.050498733245328206,-0.7279606890621054,-0.05451474702020362,-0.0009679803301948543,-0.13493414941154872,0.005731380390715028,0.00018088131350687156,0.7862696634257881,0.05842864265318454,0.0010085068164586034,-0.000397231523671334,-1.5410400404596753e-05,4.830315375175373e-07,0.0007116207450640028,2.2760444931281064e-05,-4.634424446664695e-07,0.000767675306555483,-1.2694818705828438e-05,-1.1958355765608414e-06,-0.2362276605021141,0.0061142311992147145,0.00021649536038083922,0.020777750941722913,-0.0023371923059909818,-0.00012701501021257622,-0.024763785748639612,-0.004555117762455251,-0.0002681089089253272,-0.14676726631657372,0.003415420268478029,0.00012119094911036567,-0.002561571728788165,5.9610319250041435e-05,2.115182388127514e-06,-0.2394557550928535,0.001462258300114197,0.0004537702513896874,-0.004220795126516386,0.0029194580804003147,0.00026103674326277714,-0.23507856336291752,0.00513529109571681,0.0002822566485055479,0.015352479450081901,0.0031447998746939976,1.353187262528359e-05,0.06344350278206427,0.0065113437758989,3.274796042533837e-05,-0.226011900464148,-0.0016795847771838442,0.00029460147555867254,-0.003944651269403705,-2.9314252952566077e-05,5.141764575268207e-06,-0.11684619334105788,0.0008990816364621533,0.0001965577671631382,0.18521841645591572,-0.000358882355552451,-0.00021074989500947204,0.0002617327090979303,1.003038176909403e-05,2.326385342406385e-07,0.005746139660168776,-0.00020789251552217217,-1.4152042467418172e-05,-0.03339593689091527,-0.003099634604571268,4.288056891281601e-05,0.0004860629410876934,1.862729358414192e-05,4.3203471776154297e-07,0.007642363097973529,-0.00027649698556038465,-1.8822214513754735e-05,-0.03548318113003029,-0.003293361657447025,4.556059910521485e-05,0.000430004105320494,1.6478944909956456e-05,3.821949182736891e-07,0.013971150652800935,-0.0005054699602607426,-3.440925101981835e-05,-0.03548318113003029,-0.003293361657447025,4.556059910521485e-05,0.00029913262164066594,1.1463680752111398e-05,2.658822806422405e-07,0.013971150652800935,-0.0005054699602607426,-3.440925101981835e-05,-0.029221441573844077,-0.0027121800103310995,3.752049177983597e-05,0.0002430472853640077,9.313988734128493e-06,2.160222437673077e-07,0.011717519118200357,-0.0004239344384038115,-2.8858832189432688e-05,-0.027134198189584194,-0.0025184530307286413,3.484046158743713e-05,0.000149556052558607,5.731217553022339e-06,1.3292404321824344e-07,0.008900762015860887,-0.0003220255446948084,-2.1921498467213617e-05,-0.025046949676193458,-0.002324725880155153,3.2160417438219635e-05,0.5376682080921311,0.004840558535623615,-0.0003249302098837791,-0.009401895198279227,0.004441511055382455,6.710575893527068e-06,0.29442928472139934,0.008792375469511698,-0.0010155710176625776,0.35208650128117475,0.015800815679717587,-4.587696738604946e-05,0.0009228058695068559,0.001148455436076928,0.00015676261121954109,0.5512849246891817,0.03163581630832854,-9.48101040191481e-05,-0.6804043767677365,-0.00724077662468192,0.0009375343879021974,-0.36689670080619974,-0.023997174272673977,-0.00018386846837909471,0.12483271171653242,0.006509799663264804,-0.00023154082975402146,0.21571633285966346,0.014045108054778805,0.0002974292986910645,0.9148799398447306,0.023558555889766793,-0.0014819688514819684,0.23348489624160446,0.01675523316431516,-0.0003600533863730213,0.9526774933867513,0.027355427764269545,-0.001220406142018225,-0.3864271676566158,0.0011869538863283234,0.00029030922764409345,-0.4107117900000339,-0.021621675565745718,0.00038286722939471135,-0.4708089862575039,-0.0020564286407099962,0.000984793203157062,0.16596442001727765,0.021119287333854077,0.00020827191000477867,1.132575119747754,0.421852936446028,0.6130775655069083,1.8584647425814376,1.079979271395169,0.08093146651826966,0.08099918228198451,0.005107748281119909,0.010975604483979653,0.06799240474395732,0.08011625030435537,0.007163667625251972,0.0014841164520447443,0.0006772047576215482,0.0010663063185783637,0.0024798880474169883,0.0014095360393351671,0.00011782475304995004,0_1_29_p1
3183.333,-0.17310699518987754,1.5919136902426478,-1.4759406116088205,0.003907135951416554,0.001861648465322743,0.0021369756508213505,0.2689062862334627,-0.013427028871099115,-0.10738131939709802,0.5887486378495808,0.010275601037841585,0.8035743583282646,0.14770192375531904,0.21785398790661045,-0.07902558485447339,-0.2601765647033491,0.5514378991649846,0.009624406227284988,0.7840353594536098,0.07740567845318587,-5.847650858981914e-05,0.004609698793852349,0.021575971148660635,-0.00010859737805209059,0.006130898348626074,0.02292446788062202,-9.607239667427872e-05,0.01120802174810303,0.02292446788062202,-6.683264638286742e-05,0.01120802174810303,0.01887897219941737,-5.4299686357046444e-05,0.009400097010484176,0.017530474968790486,-3.3413081865680007e-05,0.007140423217251122,0.016181976740832604,0.14344135464104965,-0.03934457036327972,-0.018562115153700307,-0.3883041681092772,-0.43248353088404246,0.12118273834737696,1.4296388072879134,1.428074822731856,0.07926225947969184,0.00629692902704079,-0.23790906817444218,-0.5399682076821126,0.33373911441277504,1.5211235117755453,1.476764867284019,0.19873207086197048,0.05765670400287888,-0.793563425999512,-0.05674166430713493,-0.0008522703989361734,-0.1283938971946455,0.005928109010971827,0.0001669347000578458,0.8548563055820971,0.060823273115929506,0.0008824455587091507,-0.0004260598036868435,-1.4804112712157015e-05,5.555741961028291e-07,0.0007348138199713613,2.2523015021189338e-05,-4.993261233204196e-07,0.0007560988581976822,-1.4110605370613488e-05,-1.1870692987511779e-06,-0.232565476453322,0.006285867451830014,0.00020996247432858827,0.0171022037973224,-0.002640163373774058,-0.00012134595912129538,-0.034200217949584936,-0.005156254806106775,-0.00024760702059337483,-0.1469394204648597,0.0034309861548210726,0.00012580435737946934,-0.002564575689763597,5.988201663918435e-05,2.195700670744522e-06,-0.23529963659680944,0.0020972160022456926,0.00044691906054801137,0.008699007653364697,0.003545256229485496,0.00023454571397300947,-0.2330481900719564,0.005508785929882595,0.0002803804675652951,0.02039987419336313,0.003285245906955794,2.0523313444300285e-06,0.0761749091659265,0.006832941844172923,-1.3345789153257025e-06,-0.23265568760694036,-0.0013306889859682688,0.0003188227339453063,-0.004060607240533922,-2.3224851094276896e-05,5.5645033539513675e-06,-0.11617648785340665,0.0012190869630566306,0.0001948778442157266,0.1806989400712746,-0.0007452305229921712,-0.00019771658995441403,0.0002793871775283892,1.0640064457676406e-05,1.7198499164351863e-07,0.005651531131690387,-0.0002396157746944948,-1.4369843507725584e-05,-0.03749424666271284,-0.0030254828085336887,5.551452402592623e-05,0.0005188474907088695,1.9759585858799016e-05,3.193941191234449e-07,0.007516534404787176,-0.00031868889852182847,-1.9111890378873844e-05,-0.039837636277705694,-0.003214575447430395,5.89841751916728e-05,0.0004590076306404928,1.7480639743068408e-05,2.825425350943967e-07,0.013741120246712089,-0.0005826017813297278,-3.4938812497274996e-05,-0.039837636277705694,-0.003214575447430395,5.89841751916728e-05,0.00031930891274543503,1.2160534240932169e-05,1.965615536480444e-07,0.013741120246712089,-0.0005826017813297278,-3.4938812497274996e-05,-0.03280746401330656,-0.0026472972376470833,4.8575199363523216e-05,0.00025943998760216767,9.880122659240699e-06,1.5969810632312279e-07,0.011524593699629621,-0.0004886244778895429,-2.930297026034905e-05,-0.030464074398313702,-0.002458204672023675,4.5105550989140356e-05,0.00015964334325584763,6.079583236351017e-06,9.826577324394667e-08,0.008754212488843146,-0.000371164792136893,-2.225887106231306e-05,-0.028120682218755414,-0.002269112008702536,4.163588167952952e-05,0.5458387383115916,0.004375444699115152,-0.00035221754197383494,-0.0017624822054070786,0.004621798710722103,-1.2977394737287604e-05,0.3063034286893427,0.006932251904971372,-0.0010716107256097834,0.3706513023897369,0.016167042681997094,-8.068043642558895e-05,-0.0022827214002902625,0.0017231140988056076,0.0001719369962376188,0.5926200919335799,0.03166641164719967,-0.00019850675175448523,-0.6817053568751916,-0.005478314593856188,0.0009500155800521861,-0.39923431762564265,-0.024533339174642288,-9.61211587165998e-05,0.13153078472552404,0.0059854183776922735,-0.0002540346610673618,0.2353632745782817,0.015104290894911845,0.00024096518761454876,0.9474067446560547,0.020931959384642998,-0.0016049538707769591,0.2574069984544662,0.015959026261327943,-0.0004268690249184976,0.9901918889852048,0.025826842010702667,-0.0013487111035205737,-0.38070880907891136,0.0012814815943589905,0.0002523228237605281,-0.43874353308962466,-0.021422508752072147,0.00046495535892593636,-0.45898633876342493,-0.0009354216018998412,0.0009770505742562824,0.19727882395629395,0.021193559786589097,0.00012377720971865614,1.2219196258134228,0.4211099652485276,0.6259111957873591,1.9278830314189508,1.1734600548285288,0.0897292338977573,0.0843512219004896,0.005705718418415969,0.00941072027591016,0.06658405810534952,0.08339202853319765,0.007016822349967535,0.0013159337661979259,0.0006703193414698916,0.0011280847294818702,0.0026337725703163874,0.0012381212211227612,0.0001433015708531313,0_1_29_p1
3200.0,-0.17846502035648398,1.5896431500294919,-1.4699911915984856,0.0038976169256761764,0.0018739390739152873,0.002148629463569667,0.26544794225124196,-0.012676440551634444,-0.10762773046621511,0.5869434836974833,0.010244095351515584,0.7992789120502196,0.14719960403396107,0.2146609833385774,-0.07942417018374086,-0.2602534519422199,0.548952046657989,0.009581019835407913,0.7814600722864181,0.08110152384802499,-5.623550583025843e-05,0.0048229760337840525,0.020678002739168064,-0.00010443601444983553,0.006414557237308199,0.021970376663702315,-9.239074928357181e-05,0.011726584002145577,0.021970376663702315,-6.427199903744146e-05,0.011726584002145577,0.018093250402110052,-5.2219253888669185e-05,0.009835012116130137,0.016800875978910296,-3.213250886021674e-05,0.007470789610044121,0.015508500558379542,0.1542721464099471,-0.04042785284609404,-0.008093373487505528,-0.38490648977719377,-0.4352722254428615,0.1305200339233849,1.413418473196777,1.4242512391823914,0.08363065802714247,0.005830115785319877,-0.21299387176500953,-0.5322048235962816,0.3545867601632439,1.517456742070048,1.468383266134515,0.19070407890424115,0.065733078980801,-0.858436987741477,-0.05878173624722057,-0.0007340608475103308,-0.12134530964073786,0.006095376709557807,0.00015184255210460294,0.9225422185029896,0.06302525850374206,0.0007533657355692056,-0.000454721386949311,-1.405565039708138e-05,6.282850343531365e-07,0.000759025027355027,2.2164586471596106e-05,-5.383661365176806e-07,0.0007394770547809763,-1.5359499886889545e-05,-1.162544376975745e-06,-0.22789892224118435,0.006407014591882241,0.00020127196320262022,0.012983127029515672,-0.0029098441596328655,-0.00011418447051706717,-0.044330100949512015,-0.0056958637240541584,-0.00022384396456383561,-0.14616043627960634,0.0034076257237010046,0.00012822264627932703,-0.0025509809284112017,5.947434843330627e-05,2.2379060904172404e-06,-0.22949743382659718,0.002698416940213099,0.0004340538465321871,0.022406469688498652,0.004105305930719141,0.00020391896179226148,-0.2299108494678519,0.005811868202107667,0.0002754928671257099,0.025525269339388274,0.0034059735329522904,-9.897943423165722e-06,0.08876049692391907,0.007135854049073243,-3.772967518245258e-05,-0.23802638001706844,-0.001032168025395231,0.00033935925193575363,-0.0041543429619104585,-1.8014655539205405e-05,5.9229339970674146e-06,-0.11482532518444125,0.001526803331743137,0.00019073537459859992,0.17508174676100174,-0.0010710933414566181,-0.00018075216827230823,0.0002981854421412978,1.12194364253017e-05,1.0741167652156932e-07,0.00549165868725599,-0.0002710295274558841,-1.4457827990492718e-05,-0.041366443829545754,-0.0029317873630466413,6.788466107187618e-05,0.0005537580650727606,2.0835579816126474e-05,1.9947852875108623e-07,0.007303902010585636,-0.00036046918651930036,-1.9228911325053042e-05,-0.04395184550032344,-0.003115024024388191,7.212744881243368e-05,0.0004898918372769257,1.8432582006809228e-05,1.7645745418787043e-07,0.01335240478998363,-0.0006589811344766771,-3.515273982255921e-05,-0.04395184550032344,-0.003115024024388191,7.212744881243368e-05,0.00034079484193055777,1.2822705035345948e-05,1.22762781382026e-07,0.01335240478998363,-0.0006589811344766771,-3.515273982255921e-05,-0.03619563535885953,-0.0025653136739970522,5.9399073029624454e-05,0.000276896129639257,1.0418144062337115e-05,9.97382176141423e-08,0.011198581012846244,-0.0005526833411859328,-2.948238795577785e-05,-0.03361023368808186,-0.002382077159202099,5.515628598690791e-05,0.00017038545299326516,6.4106564213415665e-06,6.136952739513942e-08,0.00850656864737074,-0.00041982466123874807,-2.23951559074682e-05,-0.03102483030759389,-0.002198840400162818,5.091348498737268e-05,0.5535557225699255,0.0038568900329296885,-0.0003793585451941765,0.006247693431317896,0.004768770365209871,-3.2823687332104034e-05,0.31485858046424775,0.004961891814277305,-0.0011186323545010405,0.39165718510427444,0.016443777830200554,-0.00012128473683833697,-0.004463412419743261,0.0023012800612184177,0.0001853460146643581,0.6349435067733111,0.03154726672444089,-0.0003077512258411394,-0.6808248022211697,-0.003666479402796642,0.0009563547238281559,-0.432337385418556,-0.02503989443456922,-1.7217599070703568e-06,0.13646105747525894,0.005349011451847687,-0.00027053934304879546,0.2564512686939497,0.016060421387095493,0.00017991183031341882,0.9751942778572861,0.018086108459855903,-0.0017169665102724201,0.27915158799929995,0.015069777877038707,-0.0004897076972918976,1.0254636678575852,0.023984351469940893,-0.0014707004768676666,-0.37798258968485526,0.0013705943568154068,0.00021751107414046852,-0.466879638604885,-0.02102049546181943,0.0005494556761337345,-0.44547783485961195,0.0002258380499168941,0.0009616392889893812,0.22708322972119982,0.021129201675143497,3.578327330040058e-05,1.3107954923710037,0.418393107204347,0.6368664674443814,1.9956866942043898,1.2659874488839655,0.09805982917773329,0.08742361832462454,0.0063477953463682395,0.007889052027893364,0.06494305786382669,0.08639809180576372,0.0068298597479258035,0.0011447863951661223,0.0006562643159507465,0.0011816635074328307,0.0027910467150598565,0.0010627621822856532,0.00016910585200092046,0_1_29_p1
3216.6670000000004,-0.18606774688466887,1.5875703371699634,-1.4616534520690807,0.0038874222081825274,0.0018873531758806157,0.0021594659635625494,0.2621543374037895,-0.012234410486626351,-0.10847221201411655,0.5851238108993364,0.010212335844449796,0.7952078866900478,0.14748684084760982,0.211919665492971,-0.0795718679236926,-0.2598861015239116,0.5467391850886221,0.00954239819238878,0.7789540846638406,0.08424669093592288,-5.342502706904699e-05,0.005027509672828766,0.01967640565467107,-9.921648265537135e-05,0.006686586747851539,0.02090618010425679,-8.777310674829539e-05,0.012223886151236825,0.02090618010425679,-6.106009454827133e-05,0.012223886151236825,0.017216853264841122,-4.960973732418738e-05,0.010252096439472228,0.0159870783165899,-3.052680594838196e-05,0.007787611749176145,0.014757302869673177,0.1652954400166916,-0.0412820404192986,0.002490015865259756,-0.380599725786948,-0.43785985507985764,0.14099360167429414,1.397516310134952,1.4195629576869662,0.08815820417310342,0.006373326576390085,-0.1872041372432939,-0.5241280556699452,0.3775431680678429,1.5135306812642193,1.4587788888070603,0.18256067131507048,0.07453639655748173,-0.9223098757137371,-0.06060223646983791,-0.0006136205177413663,-0.1137749202167447,0.006232105562985443,0.00013570959742743735,0.9890482586446521,0.06499559492716084,0.0006214215524390978,-0.0004828076526999732,-1.317751876890239e-05,7.005443695193263e-07,0.0007843766115005662,2.1674876596342673e-05,-5.807836998342547e-07,0.0007180372877736197,-1.6456987344976268e-05,-1.1222440630521485e-06,-0.22212381495961175,0.0064867577755957405,0.0001903508279563788,0.008418669022061162,-0.0031397069896890897,-0.0001056831126653947,-0.055317487434508504,-0.006161343951477264,-0.00019677733304316653,-0.14433074279822575,0.003363804603381978,0.00012819760635094198,-0.002519046959658146,5.8709497323901736e-05,2.2374720333564423e-06,-0.2222895542748981,0.003260736965737766,0.00041592771927790624,0.03676325404523437,0.00457593663595942,0.0001704445908253539,-0.2254907679456396,0.006048822080006432,0.00026704434769601724,0.030640150621999485,0.0034990139884281336,-2.2041604568160807e-05,0.10102844615611722,0.007403051773832399,-7.595359132134136e-05,-0.2419207247709676,-0.0007722206690529677,0.0003552608709477037,-0.004222311639541551,-1.3477695046551804e-05,6.2004681277803455e-06,-0.11285907201325383,0.0018214198513566487,0.0001840867411598744,0.16859796883946637,-0.0013319018055974708,-0.00016040540021015356,0.0003178317230568899,1.1737209973705589e-05,3.759966951001942e-08,0.005267622525435705,-0.0003015796811265396,-1.4392817129105303e-05,-0.044967661319189896,-0.002818700432325732,7.988455512122469e-05,0.0005902415729013063,2.1797194155208964e-05,6.98308487167617e-08,0.007005934556506015,-0.0004011009399943814,-1.914243976143026e-05,-0.04777813951049789,-0.0029948691757624955,8.487733554202554e-05,0.0005221668932323769,1.9283236148222055e-05,6.176241184083604e-08,0.012807684253491481,-0.0007332608412682072,-3.499466559208892e-05,-0.04777813951049789,-0.0029948691757624955,8.487733554202554e-05,0.0003632467574282126,1.3414557888071215e-05,4.29716490179651e-08,0.012807684253491481,-0.0007332608412682072,-3.499466559208892e-05,-0.03934670151715329,-0.002466362701207878,6.989897753144061e-05,0.00029513873840867374,1.0899036717392736e-05,3.491088839231148e-08,0.010741726762313069,-0.0006149812761593222,-2.9349813530867417e-05,-0.036536223325845295,-0.002290194055468845,6.490619780848074e-05,0.00018161055588694888,6.706509574406157e-06,2.1477450417777705e-08,0.008159537637165913,-0.0004671468774359643,-2.2294449086638025e-05,-0.03372574342482699,-0.0021140252143343518,5.991340622222499e-05,0.5607364202926164,0.003287191679385321,-0.0004061056702433318,0.014552313664074732,0.00487461486545449,-5.257780142014162e-05,0.32001460677978677,0.0028955781660215344,-0.0011554937711088452,0.41500530166964983,0.016627743902799703,-0.00016790436817914434,-0.0053930887600413605,0.0028712187023315025,0.00019652182626152799,0.6778007393270301,0.03128351895079791,-0.00042243610692633784,-0.6779080193733062,-0.0018411373539179334,0.0009568176715036036,-0.466084384816534,-0.025493633128894053,9.919530225257719e-05,0.1397420479377331,0.004622680774683942,-0.0002800899417299188,0.27935065213265853,0.016887002880931264,0.00011352586010709732,0.9982863396614291,0.015038507935336955,-0.0018175408753106446,0.2983523868023372,0.014097620658316188,-0.0005474864667164447,1.0588729789572255,0.02182706296490555,-0.0015865025294101692,-0.3783611605755925,0.0014492101575652456,0.00018672685554870338,-0.4942397758638397,-0.020407092858866407,0.0006345467310444455,-0.43090450372697103,0.0014381404429122612,0.0009399093939159819,0.25474186871869897,0.020901850556046462,-5.517821842961453e-05,1.398670654919461,0.41389346687738143,0.6457913373745245,2.0617552896697813,1.3571359774042095,0.10581076251280767,0.0901633681038548,0.006969811258240816,0.006553767781900013,0.06310360562791516,0.08908366000064002,0.006603447817999966,0.0009720109098027765,0.0006358878923831787,0.0012259086816224535,0.002950613588367366,0.0008838065783681262,0.00019457510430111096,0_1_29_p1
3233.333,-0.19607697577207112,1.5856800553315982,-1.450754408451786,0.003876631585415697,0.0019018668352747,0.002169763904814817,0.2589542323376939,-0.012086012121646283,-0.10991083256199592,0.5832048034348106,0.010178842976104021,0.791306229576486,0.14855020164367638,0.20955712947360797,-0.07944753216377703,-0.25894088306224355,0.5447077115990908,0.009506942576632765,0.7764711438647031,0.08680809625290971,-5.0083968215229265e-05,0.005223264305735948,0.018580768235414623,-9.30120864972818e-05,0.006946941003030037,0.019742064941131097,-8.228429558352352e-05,0.012699844918238187,0.019742064941131097,-5.72418128104083e-05,0.012699844918238187,0.016258170335992164,-4.6507539245142605e-05,0.01065128016734036,0.015096872632944689,-2.8617914412200734e-05,0.008090836277438626,0.013935574929897212,0.17644365481664923,-0.04190388427715717,0.013003312296599451,-0.37532368072996974,-0.4402075059340289,0.1527100777267432,1.3820012251973022,1.4134898322299083,0.0923790191750019,0.007822504870247516,-0.16069692180202746,-0.5157949238097654,0.40255842918994755,1.509178742168946,1.448052907051738,0.17430808141321552,0.08372883977888415,-0.9863880768104577,-0.06218358959819948,-0.0005049416285500502,-0.10566180206874354,0.006339527588488066,0.00011781958318899185,1.0555617479940378,0.06670894096260434,0.0005045276166690553,-0.0005099381903998305,-1.2179609722856009e-05,7.774796015451987e-07,0.0008109805584318224,2.1051369678862828e-05,-6.251133131013923e-07,0.0006920078034990207,-1.743687115970407e-05,-1.0705268114725708e-06,-0.2150787759094061,0.006537741751589355,0.00017716325444216508,0.003376047789903111,-0.0033257917597011347,-9.584217348039573e-05,-0.067017307631811,-0.0065438407278252545,-0.00016953814187252873,-0.14127113246263998,0.0033164655099017937,0.0001264072173730247,-0.0024656475782434133,5.7883316464034985e-05,2.206224789341556e-06,-0.2139410509081875,0.0037894220561685726,0.00039554209816235116,0.05146655051510278,0.004944807534227778,0.00013610585327951733,-0.21963257814749287,0.006227531330808503,0.00025723600927909864,0.03574906843512726,0.003558841538582437,-3.444417790381957e-05,0.11284321530519037,0.007622865073364305,-0.00010965818573869092,-0.24419765196309307,-0.0005410366481597405,0.0003691232391509315,-0.004262052145468099,-9.442803192088067e-06,6.442410934141093e-06,-0.11037481851280476,0.002104750939727765,0.00017661033996415853,0.16141276090103665,-0.0015325709661252731,-0.00014013590570972917,0.00033738653447209176,1.213884534471146e-05,-3.257171189925251e-08,0.004972994990403046,-0.00033077579309822756,-1.4078441881977337e-05,-0.04827660212544691,-0.0026880049755322356,9.065903568129304e-05,0.0006265575291216605,2.254306748042042e-05,-6.04804301545077e-08,0.0066140809265445395,-0.00043993173350129926,-1.8724322181192426e-05,-0.05129388943771665,-0.002856005284976472,9.632522264181763e-05,0.0005542949141030886,1.9943037772665785e-05,-5.351800274278587e-08,0.012091328465785778,-0.0008042481345343422,-3.423029533613715e-05,-0.05129388943771665,-0.002856005284976472,9.632522264181763e-05,0.0003855960903086078,1.3873615100310056e-05,-3.7222678049509266e-08,0.012091328465785778,-0.0008042481345343422,-3.423029533613715e-05,-0.04224202493634197,-0.0023520042100971636,7.93266499995716e-05,0.0003132975713739945,1.127204665329651e-05,-3.024804526302527e-08,0.010140923454109696,-0.0006745178824715323,-2.8708739261503677e-05,-0.03922473762407223,-0.0021840039739262243,7.366046440736258e-05,0.00019278351261685863,6.936050392741914e-06,-1.8617014113524985e-08,0.007703161250658144,-0.0005123715966278372,-2.180748429868742e-05,-0.036207449456947316,-0.002016003640057554,6.799426620612567e-05,0.567386101661626,0.0026725928409929117,-0.00043210560974581537,0.02317837909258144,0.004932123315725738,-7.710037053432783e-05,0.32199192776052166,0.0007616632812999259,-0.0011884650410229503,0.4406571519747512,0.016719449685151676,-0.00021800580977718586,-0.004885372338159852,0.0034216802505741602,0.00020357921214569528,0.7209745418376137,0.03087994784580434,-0.0005310831831572561,-0.6730974135208805,-2.855541025361503e-05,0.0009576159943276254,-0.500846331500553,-0.02584732629390353,0.00018988095612530785,0.14155592830866318,0.003833983700862008,-0.0002891960520787092,0.30448139983918143,0.017571816467784093,4.507405105145027e-05,1.016565460148894,0.011796603721511046,-0.001903513055792388,0.3148037449261916,0.013055010943705538,-0.0006005092966525343,1.0905351354041883,0.019340178537841497,-0.0016902540329572094,-0.38160362870071957,0.0015288550573616254,0.00016909979675024358,-0.5197442405935924,-0.01959624582880802,0.0007143060604847024,-0.41583657905376203,0.0027141456153999656,0.0009131648610243415,0.2805365080430403,0.02054651907336603,-0.00013882935545920047,1.4870606942910545,0.4077628350243418,0.652796313683735,2.125984683390489,1.448564066556844,0.11291969038338781,0.09253784364395165,0.007542194318148055,0.005661159231935857,0.061121880584808,0.09141702316998879,0.006341961335467826,0.0008198141043728047,0.000614885974257581,0.001266928916255374,0.0031052653961253355,0.0007234623415743219,0.00021750852110769505,0_1_29_p1
3250.0,-0.20864602521749928,1.5839679302206244,-1.4371551734287131,0.003865280462626226,0.0019174461428435015,0.002179767134756247,0.2558185907581878,-0.012224382323409895,-0.11189278457799663,0.5811625064105893,0.010143198366123292,0.7875278301080276,0.15033568394044206,0.20749589113901304,-0.07902162694639536,-0.25734009250425494,0.5427466671315324,0.009472716171335657,0.7739802159402429,0.08880029235428863,-4.613703077821924e-05,0.005407407512462364,0.01740435099438987,-8.568120497340504e-05,0.007191851088990389,0.01849212196537483,-7.579915074861315e-05,0.013147569743262784,0.01849212196537483,-5.273038602675323e-05,0.013147569743262784,0.015228805561761446,-4.2841849150453944e-05,0.011026784763913935,0.014141034092110984,-2.6362450353123493e-05,0.008376073941095559,0.013053262123795028,0.18768583864219981,-0.04226063406425431,0.02326948307115976,-0.36901469995511127,-0.44226174150899916,0.16571305192813326,1.3668877594698263,1.4059966201256313,0.09626837869865416,0.010062625490537727,-0.1336913041555756,-0.5072788146228,0.4294697601608828,1.5042750775691804,1.4363214580689687,0.1660664860883171,0.0929987830990576,-1.0502772053207403,-0.06350778991610839,-0.0003937551791574271,-0.09704405523564141,0.00642167328152218,9.86482318092598e-05,1.1218258487426032,0.06814196333892161,0.0003859493182875839,-0.000535502633476185,-1.107232806726424e-05,8.535913812692556e-07,0.0008387710443027218,2.0299561216509873e-05,-6.733822384395031e-07,0.0006616749784303606,-1.8343994589475378e-05,-1.0058743803451555e-06,-0.20669925326894648,0.006575182746027857,0.00016090559673268232,-0.002065573661218852,-0.0034702340199404616,-8.454729387540023e-05,-0.07922395776621025,-0.006837939937954598,-0.0001400424227261561,-0.13685518245533715,0.0032833981497746158,0.00012145829355932794,-0.0023885738384753414,5.730616711978418e-05,2.1198522986066397e-06,-0.20481734267081492,0.004292112418292495,0.0003721969092223622,0.06605422440734693,0.005209154585751017,0.00010022863537376578,-0.21218519212043524,0.006359069357256188,0.00024350598415966997,0.04078168358782671,0.0035823701074971025,-4.691880750293259e-05,0.12431343337883097,0.0077692563544827075,-0.00014269301824794954,-0.24468515533509805,-0.00032672453687388077,0.0003780288397125862,-0.004270559663859544,-5.702396722458766e-06,6.597844493468639e-06,-0.10741772069635713,0.0023829695058501022,0.00016775290876920183,0.1536161827899706,-0.0016677983275538598,-0.00011764625470303728,0.0003558035336908503,1.2427859656625382e-05,-1.0188893600562414e-07,0.00461573392869196,-0.0003587965769448744,-1.3579316736845837e-05,-0.05129765849404582,-0.0025412793483548628,0.00010063702293049816,0.0006607594285713132,2.3079818813017437e-05,-1.8921109931085085e-07,0.006138924227381883,-0.0004771994610143654,-1.8060488527615618e-05,-0.05450376108135476,-0.0027001092358802698,0.0001069268352498971,0.0005845525119190913,2.0417873168416533e-05,-1.6740273545892393e-07,0.011222683653626633,-0.0008723780134211308,-3.30167262668175e-05,-0.05450376108135476,-0.0027001092358802698,0.0001069268352498971,0.0004066451885152312,1.4203931127887497e-05,-1.1644561053721564e-07,0.011222683653626633,-0.0008723780134211308,-3.30167262668175e-05,-0.044885448190297085,-0.0022236192802108545,8.80573894250154e-05,0.0003303989485263929,1.1540471168460379e-05,-9.46163251404317e-08,0.009412396238866083,-0.0007316579878735182,-2.7690925794286252e-05,-0.041679345602988166,-0.0020647893682610137,8.176757914440663e-05,0.00020330592458231084,7.101232830963319e-06,-5.822298999120791e-08,0.00714976393445608,-0.0005557758895786987,-2.103434401574137e-05,-0.038473242160824074,-0.0019059594563111731,7.547775830040169e-05,0.5734855922760778,0.002021789666037516,-0.0004574289170962152,0.032092876066038306,0.004940960857051559,-0.00010256996771639939,0.3208941928829319,-0.0014067481348027664,-0.0012130901940816626,0.4683512982355048,0.016714573957777732,-0.0002737615061451914,-0.002816692133348661,0.0039473736899436306,0.0002071499928186296,0.764116337716757,0.030322605666206696,-0.0006406981138208864,-0.6665006639275219,0.0017545933823199177,0.0009541484476243621,-0.5363768092011257,-0.026022409981918404,0.00028300337563230026,0.14188048859655727,0.0030602477400055034,-0.00029410251591130724,0.33180389526158766,0.018128215937553573,-2.9014981966171744e-05,1.0299047155570553,0.008380809490544228,-0.001978141151501245,0.32852265005228054,0.011950467267017257,-0.0006467224433256871,1.1204819463583746,0.016531051652695986,-0.0017904319377443775,-0.3873895610129783,0.0016239237177272583,0.0001582503854309728,-0.5428633363368044,-0.01860075592512096,0.0007893307345849807,-0.40089057895029717,0.004045329391525481,0.0008835447524430536,0.3048492816211997,0.02009286305574583,-0.00022037457184553185,1.5754806359534241,0.4000923792406218,0.6579428244676144,2.1881293439498952,1.5398033704644556,0.11940122744266704,0.09451703954572387,0.008056573979289931,0.005520839425248921,0.05905676331962516,0.09336918820797835,0.0060501273145987435,0.0006695089672921025,0.0005901389194793567,0.0013005189854247592,0.003258898620206922,0.0005601193487857708,0.00023881280960148725,0_1_29_p1
3266.667,-0.22387265709634377,1.5824394287069263,-1.4207842687856762,0.0038533648504901104,0.0019340711519669983,0.0021896277463645144,0.25274947165512335,-0.01261770573431533,-0.11428557563061029,0.5790000434673684,0.010105456369047163,0.7838475959353493,0.15272193300035375,0.20566291494264213,-0.07828659699054848,-0.2550806206705496,0.5407388363707142,0.009437672951948613,0.7714913963735188,0.09031081248870214,-4.169840915764737e-05,0.005576031251480044,0.016159355279064754,-7.743876291448667e-05,0.007416120412551152,0.0171693144853408,-6.850716513378084e-05,0.01355756104852477,0.0171693144853408,-4.7657461889456595e-05,0.01355756104852477,0.01413943437318516,-3.872037878824447e-05,0.011370642053159352,0.013129475166909113,-2.3826237617225438e-05,0.00863727193830102,0.012119515960633065,0.19901118192128736,-0.04230614925915331,0.03314076312914634,-0.36160565560601315,-0.44397471983664405,0.18002932455712695,1.3522157114461235,1.3971341438659557,0.09980443969913869,0.013018643767414472,-0.10648901632635742,-0.4986438240791641,0.4579568461883504,1.498778438852046,1.4236468605850245,0.15801005773041782,0.10225347024690662,-1.11332250375398,-0.06455060946102026,-0.0002808936519269969,-0.08799521777633208,0.006480728091475364,7.835285687209494e-05,1.1874370401973826,0.06926945367241591,0.0002661416872668885,-0.0005588102589728194,-9.858140669827797e-06,9.273242212501929e-07,0.0008675061451075564,1.9424678037877518e-05,-7.253148286797635e-07,0.0006274405944852415,-1.921653302257033e-05,-9.288834236682461e-07,-0.1970112286506194,0.006607040608248687,0.00014142266616972243,-0.007803420371637273,-0.003573718973441503,-7.195302537984503e-05,-0.0917875552304828,-0.007047598486506198,-0.00010881974685127924,-0.13105074936805539,0.0032723687842844476,0.00011291033747508553,-0.0022872666650898717,5.7113653741392394e-05,1.970660864857196e-06,-0.1952899820927858,0.004775264357795534,0.0003467047826425568,0.08003339274654216,0.005373271898887638,6.393033466586717e-05,-0.20302958154394954,0.006454831720358878,0.00022549488146548987,0.04566696189192096,0.0035652760820989414,-5.933716390698964e-05,0.13570576218089633,0.00782721243133171,-0.0001754551031174597,-0.24323339673222694,-0.0001142879289246897,0.00038148966548929095,-0.004245221757396304,-1.994718992622288e-06,6.658244678757371e-06,-0.10400754452454639,0.002659244375619684,0.00015750998278871284,0.14524606697551376,-0.0017412239852078368,-9.308800079486319e-05,0.0003720346683068259,1.2592553606193171e-05,-1.6768973964686945e-07,0.004206883213905635,-0.0003852756173274006,-1.2915538116920716e-05,-0.05406514516531528,-0.002380690144519012,0.0001098209990890413,0.0006909024757980423,2.3385515012452464e-05,-3.1140927948643523e-07,0.005595153434954537,-0.0005124165375839701,-1.7177664712780314e-05,-0.057444216577862146,-0.0025294832510739636,0.00011668480841362975,0.000611218008420704,2.0688324911492912e-05,-2.7550794956181057e-07,0.010228604236502454,-0.0009367590105601496,-3.140281492574222e-05,-0.057444216577862146,-0.0025294832510739636,0.00011668480841362975,0.00042519554513642803,1.4392096957261688e-05,-1.9165037492843504e-07,0.010228604236502454,-0.0009367590105601496,-3.140281492574222e-05,-0.04730699977565611,-0.00208310376043808,9.609336609307586e-05,0.00034547089956732944,1.1693319268177889e-05,-1.557173137660585e-07,0.008578667130201698,-0.0007856540093297809,-2.6337347557480705e-05,-0.043927930072819546,-0.0019343107027319938,8.922955947775229e-05,0.00021257939318262162,7.195291321217734e-06,-9.581918397971404e-08,0.006516453904553277,-0.0005967919126531503,-2.0006151943444742e-05,-0.04054885780541753,-0.00178551757175261,8.236574155330058e-05,0.578900577295773,0.0013387322691677305,-0.000481948639676183,0.04133975183253469,0.004896671959997856,-0.0001288950711278961,0.3168469230923521,-0.003576513836848754,-0.0012294638965946896,0.4977641153755437,0.016605875413725494,-0.000334584577942769,0.0008274100194411273,0.004440384942489265,0.0002068244177171092,0.8070622127649055,0.029604455830647275,-0.0007503391221023704,-0.6582726378607978,0.0035008338773316197,0.0009462699684075566,-0.5730032052121089,-0.02601054698611642,0.0003779378996271665,0.14082170091932053,0.0023141885204369006,-0.00029446036042277157,0.36061401729898995,0.018571910035089484,-0.00010875364027700209,1.0380250384242078,0.0048231523171269304,-0.0020406539602774725,0.3397564946946653,0.010796846576341411,-0.0006860691618003744,1.1483075582271327,0.013423878495826592,-0.0018869041075908683,-0.3954332956980855,0.0017424810374846076,0.00015350799226652252,-0.5642465828866159,-0.017435279492699567,0.0008582599076972107,-0.3861762035577647,0.005400563906511945,0.0008525505545884531,0.3273518413021409,0.019563568697841798,-0.00030079140735563936,1.6632077885295424,0.3909188509685818,0.6612312954995746,2.247937202082438,1.630103781563239,0.12534027991630842,0.09606650546412149,0.008514890917771094,0.0062097545521148274,0.05700816919470088,0.09490542173256472,0.005733602146638306,0.000527301374813927,0.0005622253902823251,0.0013268270059343028,0.003409895809004732,0.0003948088909971468,0.00025845625462516525,0_1_29_p1
3283.3329999999996,-0.24176352709704055,1.581099921417943,-1.4016515511449592,0.003840874775697339,0.0019516969827501392,0.0021994170488062004,0.24975927035684806,-0.01322393089003054,-0.11696330464891505,0.5767318619420302,0.010065869309618933,0.7802530065650629,0.15558113636762583,0.20398816281627447,-0.07725863745569836,-0.2522067036790176,0.5385724918152367,0.009399863136364407,0.769027528532447,0.0914469076373508,-3.6712751482950436e-05,0.005725172129390462,0.014854803444341086,-6.818004056540703e-05,0.007614478079371309,0.015783227849280962,-6.0316085621421184e-05,0.013920182621891129,0.015783227849280962,-4.1959211214445384e-05,0.013920182621891129,0.012997951642468326,-3.409076828095437e-05,0.01167477016330887,0.012069526738862942,-2.0977361612470127e-05,0.008868291198077497,0.011141101835257563,0.21041925979090553,-0.041957813953712786,0.04248000998325799,-0.3530446939505988,-0.44530874978376844,0.19567546227898427,1.338050843636413,1.3869967140623432,0.10295676163963875,0.016645466376992216,-0.07942086951679257,-0.48994609692756697,0.48763387426254945,1.4927347107235778,1.4100428478477904,0.1502891933558239,0.11154656660627153,-1.17717241578454,-0.06529703111474539,-0.00016827468443535976,-0.07862440938535896,0.00651683665983778,5.7186468284279075e-05,1.2541504647775177,0.0700779769375246,0.00014630737220457026,-0.000579566141865109,-8.532919801423748e-06,9.968058142627753e-07,0.0008968071600176082,1.8428039062330566e-05,-7.801546242499892e-07,0.0005898491943902865,-2.0077225605815013e-05,-8.406418754575458e-07,-0.18603677013996323,0.006635286658637945,0.00011883749559910799,-0.013836359658286631,-0.0036410181040995144,-5.8297994003182255e-05,-0.10441170464915861,-0.00718982992037254,-7.6153324616766e-05,-0.12385782123282175,0.003286508015090145,0.00010064798066145276,-0.002161726058086993,5.736041378476865e-05,1.7566407062040764e-06,-0.1856056872074513,0.005242047384457843,0.00031991378427232374,0.09308159134960636,0.005452028994980512,2.836206420046029e-05,-0.1922064947981774,0.0065241987211853815,0.00020294239745634064,0.050444498527962074,0.003507170454448645,-7.153125865937474e-05,0.1469553865943809,0.007793616673027895,-0.0002087765172651371,-0.23990141159585726,0.00011158793001398042,0.0003791186673812379,-0.004187068526526709,1.9475554131153614e-06,6.616862670336997e-06,-0.10014060813626856,0.002930524424481581,0.0001458601410973873,0.1365460377702523,-0.001766415198528389,-6.64626527173058e-05,0.0003849139159038282,1.2647068939937092e-05,-2.274046725049515e-07,0.003737260846944156,-0.0004096998790373419,-1.2123723829518207e-05,-0.05658615316267337,-0.002208218014544081,0.00011830274559221018,0.0007148221775776605,2.3486827559213107e-05,-4.223066235810015e-07,0.004970556088677688,-0.0005449007888053334,-1.612455375329328e-05,-0.06012278891076629,-0.002346231690828478,0.00012569666679918782,0.0006323782377960262,2.077791373056671e-05,-3.736117074023071e-07,0.009086765672332,-0.0009961441121164399,-2.9477598139806513e-05,-0.06012278891076629,-0.002346231690828478,0.00012569666679918782,0.00043991615071324895,1.4454403685030852e-05,-2.5989766521024654e-07,0.009086765672332,-0.0009961441121164399,-2.9477598139806513e-05,-0.04951288166648756,-0.0019321906619752856,0.00010351489591249937,0.000357432887594998,1.1743975541558222e-05,-2.1116788435117616e-07,0.007621014800466564,-0.0008354599460863254,-2.4722677718043084e-05,-0.04597625019267036,-0.001794177107813052,9.612098297014772e-05,0.00021993969597103197,7.226456897318654e-06,-1.2993733875445006e-07,0.005789008935921759,-0.0006346250902072137,-1.8779631384255846e-05,-0.042439613589722314,-0.0016561635780752509,8.872705308804948e-05,0.5834907527653747,0.0006249208723121479,-0.0005051810334526081,0.05077069757316682,0.004793664699551191,-0.00015605335404598385,0.3098757341231671,-0.005719176039041861,-0.0012378252498011588,0.5284787991078239,0.016383392474852678,-0.0003997499607635102,0.006132529910905814,0.004893984051181314,0.00020250699289207677,0.8495733401165403,0.028718718922620137,-0.000859522846385427,-0.6485179815582838,0.0051996746329968525,0.0009340594566667012,-0.6100431160275417,-0.025815325597600358,0.0004754668126815227,0.13833942640852956,0.0016080246821224807,-0.0002906329681354841,0.38977136952784575,0.0189158102726644,-0.00019211614957118502,1.0405735291595852,0.0011705437206208167,-0.0020898559005586093,0.3487381584916279,0.009606131205258026,-0.0007191086683045343,1.173088373545093,0.010066247241078014,-0.0019784375168832385,-0.4052922853611932,0.0018824903853145365,0.00015440956699883324,-0.5836795902666481,-0.01610661380231019,0.0009226529800568185,-0.37123961626428903,0.006738456976597195,0.0008206285925649435,0.34836270098332556,0.01895562700724535,-0.0003787445273124667,1.752597606155739,0.38039751230680363,0.6626176068390737,2.304247606529307,1.7218628199188626,0.13074703593144424,0.09716830074752945,0.008929096136144067,0.007488572755467169,0.05507866517833832,0.09600570347435404,0.005397481346381418,0.0004076826275514063,0.0005317419953761819,0.0013460207557517633,0.003556731651732623,0.00023020603310922865,0.0002766426182024035,0_1_29_p1
3300.0,-0.26234787646587765,1.5799525669009578,-1.3797494058843687,0.0038277887956313854,0.0019702154247792994,0.002209163964680338,0.24686574234717523,-0.014010282501865081,-0.11984240277499789,0.574394077184788,0.01002506700236581,0.7767386624471282,0.1588096967831805,0.20240201357604798,-0.07596944850771623,-0.24880031116731174,0.5361667319689497,0.009357874503885429,0.7666144677245663,0.09232269740004005,-3.122842830768368e-05,0.005850675763908371,0.013500311755731855,-5.79947977162687e-05,0.007781397379708044,0.014344080211967501,-5.1305200026124723e-05,0.014225331001654809,0.014344080211967501,-3.569098587228289e-05,0.014225331001654809,0.011812771851267558,-2.899789752363493e-05,0.011930696268842305,0.01096900239770091,-1.7843248941388884e-05,0.009062695444809138,0.010125233442799763,0.22189863286447115,-0.04116668462771729,0.05117795355568233,-0.34331844177747395,-0.44622769006955293,0.21262516348054314,1.3244484799859897,1.375680720761391,0.10578043159933674,0.020981609245203977,-0.05281747745776226,-0.48121156327537273,0.5180611944489057,1.4862287780199452,1.3955651566975975,0.1429163905193108,0.1209862107829439,-1.247833687082607,-0.06574541875781185,-5.1547258698024706e-05,-0.06885089668808242,0.006529631496595501,3.546576649892587e-05,1.3279821458960743,0.07056667234396659,2.1751597276491377e-05,-0.000597852348246859,-7.091902697679231e-06,1.0611959598227745e-06,0.0009262765813909955,1.7314187234347588e-05,-8.369127845470707e-07,0.0005495641457371122,-2.0935280350330186e-05,-7.427889640664182e-07,-0.17382382741685,0.006659343186089445,9.326276748993418e-05,-0.020303426871470326,-0.0036781894283767873,-4.351983370116327e-05,-0.11659839135138395,-0.007279924764842626,-4.268742580139766e-05,-0.11538248984726199,0.003326646492722806,8.469571942872445e-05,-0.002013804488563391,5.806093093849119e-05,1.4782202969805582e-06,-0.17579256137766516,0.005693108550350009,0.0002924298207829521,0.10489657079304497,0.005460790722867292,-5.755782265414237e-06,-0.17990045151105963,0.006574827785747708,0.00017601336216077325,0.055439593233543506,0.0034110996351856405,-8.36642609272153e-05,0.1581212565751484,0.0076714212851738605,-0.0002425734702322265,-0.23501055450709468,0.0003644105083721682,0.000371155712856899,-0.004101707820994317,6.360146694557465e-06,6.4778848159690725e-06,-0.09597121886897153,0.003192759763979633,0.00013282486603053147,0.12729613752625704,-0.00175664496139178,-3.8321079822892756e-05,0.00039619287467157347,1.2579535383574211e-05,-2.7835751459896817e-07,0.003168586414466636,-0.000431569564908748,-1.1180912814395407e-05,-0.05884874785345705,-0.002025326421587447,0.00012610104692225923,0.0007357678383118797,2.3361432521829007e-05,-5.16935201987241e-07,0.004214217871039728,-0.0005739875281674759,-1.4870616036371168e-05,-0.06252679373944299,-0.002151909316830554,0.00013398236586591262,0.0006509080778937707,2.066692910846438e-05,-4.5732458950717616e-07,0.007704091333054636,-0.0010493181292908246,-2.7185250727833797e-05,-0.06252679373944299,-0.002151909316830554,0.00013398236586591262,0.0004528073662822649,1.4377173628893618e-05,-3.1813372945659584e-07,0.007704091333054636,-0.0010493181292908246,-2.7185250727833797e-05,-0.05149265009749921,-0.001772160557827935,0.00011033840954807072,0.0003679057179621078,1.1681253598433486e-05,-2.5848860805819933e-07,0.006461373877925765,-0.0008800566154162395,-2.2800101616933264e-05,-0.04781460763093386,-0.0016455776625848273,0.00010245710582008632,0.00022638444890039615,7.187841869250037e-06,-1.5905476539799075e-07,0.004908132001509501,-0.0006685012409982002,-1.731921757282742e-05,-0.0441365591803825,-0.0015189948406150182,9.457577882389589e-05,0.5871282708238464,-0.00011996204215410444,-0.0005266550271837364,0.060397170056572386,0.004621650063624808,-0.00018367031524868334,0.29961464624605416,-0.007808235868360226,-0.0012381096413068568,0.560025427866083,0.016037966613939206,-0.0004683314089403781,0.013330960748700466,0.005303008106166385,0.00019385940785021926,0.8912444645776102,0.027659100033090446,-0.0009675957125781069,-0.6373484314261225,0.0068369597854710945,0.000917553827489346,-0.6467106835719619,-0.02544604026555827,0.0005739332520016076,0.1349605558869414,0.0009527191805199602,-0.0002825986285201553,0.4183789968981974,0.01917145255407787,-0.00027594303990609027,1.0374033245043313,-0.002524342811698629,-0.0021244131673349266,0.35549351790837364,0.008388796011362143,-0.0007463191988127856,1.1942925758141583,0.006515142141547277,-0.0020625217219414453,-0.4163830494787331,0.0020326786154642217,0.00016012373473796434,-0.6036667113314924,-0.014615039612806403,0.000982004526410719,-0.355718243938295,0.008022440072502511,0.0007866406347736808,0.3676283089193823,0.018255299777910967,-0.00045462469961015853,1.8520339207388026,0.36862590222176855,0.6619186965153581,2.356738508713768,1.8235590075037755,0.13558023064634606,0.09782300398462093,0.009312036304977376,0.009074281656313526,0.053362901871158504,0.09666825854014457,0.005045787281013092,0.00033708587551985197,0.000499633220983408,0.0013579454283064716,0.0036959501218837417,6.626047654548906e-05,0.00029336904183684234,0_1_29_p1
3316.667,-0.2856906957788787,1.578992943488974,-1.3550305974130292,0.003814138326218789,0.001989444963812272,0.002218896917920459,0.2440592329633483,-0.014959897198586173,-0.12290948732282005,0.5720018665788169,0.0099833152359996,0.7732874064963327,0.16235871261470433,0.20083131947568067,-0.07443232107818881,-0.24482516721492753,0.5334603401563377,0.009310638913009456,0.7642406763261897,0.09287457001085515,-2.534467406646051e-05,0.0059499899850018545,0.01210705630443583,-4.7067041936781937e-05,0.007913485393495474,0.012863746793630972,-4.163807063207842e-05,0.014466803786319735,0.012863746793630972,-2.8965982931598458e-05,0.014466803786319735,0.010593673830049038,-2.3534019633891537e-05,0.012133217792592221,0.009836982343522888,-1.4481246136547236e-05,0.009216533253069424,0.009080291854327745,0.23340968216796393,-0.03995291734069987,0.059097476791058715,-0.33244782458703903,-0.44671899825932737,0.2308294686842921,1.311468359624491,1.363200382412518,0.10836888902106397,0.02614559867888371,-0.026953525053600384,-0.47246654567969476,0.5488638496855653,1.4793372357620358,1.3804683299418787,0.1358779059996826,0.13053577679323786,-1.3244284327067735,-0.06588333261143992,8.347218224899297e-05,-0.058788925945346515,0.0065189827370397135,1.2998956215963693e-05,1.4080680934271488,0.07072521983620135,-0.00012178658573873112,-0.000613720169426706,-5.529496163510099e-06,1.1206405066853374e-06,0.0009554074801274263,1.609841224878692e-05,-8.946779293115424e-07,0.0005074462876555558,-2.179306642608589e-05,-6.373672699079271e-07,-0.160658879537082,0.006677737592707975,6.48864885638407e-05,-0.027054058084415182,-0.003688536619462186,-2.730510363567053e-05,-0.1280594727332473,-0.007325243957740104,-9.59973164984395e-06,-0.10606340959589698,0.003389776250600001,6.543758122546692e-05,-0.0018511554746218266,5.916279037002778e-05,1.1421051907189722e-06,-0.16586677675303893,0.00612702872265997,0.00026442063638673125,0.11533551726681854,0.005409127601098554,-3.764436819219999e-05,-0.16638316311578846,0.006614252923399483,0.0001452324430977746,0.06062157893523537,0.0032814165711267697,-9.651874279258747e-05,0.1690042549888212,0.007468643905314771,-0.0002769718727605621,-0.22886848697734885,0.000652726623453477,0.0003585393365621579,-0.003994507276247247,1.1392239286519739e-05,6.257689442368527e-06,-0.09145565173690301,0.0034419422958620674,0.00011883885736043273,0.11776413337508625,-0.0017236931044067403,-8.166991596365188e-06,0.00040679478816540223,1.239967386131154e-05,-3.2481835460248805e-07,0.0024980773629798975,-0.00045029125892520193,-9.994907025227254e-06,-0.06082795378978406,-0.0018335456052054411,0.00013317730479930217,0.0007554560071295199,2.3027379556051375e-05,-6.032169049849908e-07,0.003322441533543586,-0.0005988873091572836,-1.3293224161773087e-05,-0.06462970063450332,-0.0019481421368370646,0.00014150088512803697,0.0006683257514493876,2.0371320199726605e-05,-5.336543145330537e-07,0.006073814185351776,-0.0010948378712050506,-2.4301596174745994e-05,-0.06462970063450332,-0.0019481421368370646,0.00014150088512803697,0.0004649223733806798,1.4171568754585207e-05,-3.712357779534042e-07,0.006073814185351776,-0.0010948378712050506,-2.4301596174745994e-05,-0.05322445668092495,-0.0016043523953955976,0.00011653013010291508,0.00037774937494335575,1.1514214903328335e-05,-3.0162996241304186e-07,0.005094072398699967,-0.0009182337622557488,-2.0381597180009412e-05,-0.04942271240077109,-0.0014897557416418115,0.00010820656356680118,0.0002324428073047474,7.085015007663152e-06,-1.8560274172349347e-07,0.0038695137765364196,-0.000697501004955566,-1.548209317502362e-05,-0.04562096470119668,-0.0013751592832834864,9.988297092322637e-05,0.5896824258294069,-0.0008943484256529159,-0.0005459865536440685,0.070115087249569,0.004376148537991717,-0.00021180052589701333,0.2860538628210647,-0.009820835548508329,-0.001229212993941759,0.5918913552788261,0.015565046826443635,-0.0005392934500455438,0.02246655147257265,0.00566244233177525,0.00018018939391764916,0.9316026520723264,0.02642491632819371,-0.0010734999717742948,-0.6247152914958989,0.008399299982880895,0.0008968064754767021,-0.6823714711163851,-0.024909804044246493,0.0006715054025823769,0.1309956283083811,0.0003445617000607822,-0.0002718355424368429,0.4460980647509589,0.019336477137190847,-0.00035793611382814867,1.028508069465307,-0.006208163317454445,-0.002143571023305672,0.3600434399589624,0.007150241163446215,-0.000767685758119147,1.2113126075156342,0.002835610321925903,-0.002137652119791541,-0.42812233491860663,0.0021777831930445838,0.0001694443137176718,-0.623692491510507,-0.012966970389419423,0.001042482335693608,-0.33972162258878275,0.009240216640321366,0.0007496453217086834,0.38516226329108394,0.017438189541731368,-0.0005275345015057634,1.9603793793692417,0.35594411158106404,0.6591420948679587,2.4044889581883178,1.9339659029727303,0.13980105854088595,0.09801694494570493,0.009671478281652043,0.010788852858570265,0.05193977120211819,0.09687707746142221,0.004682595279326492,0.0003662522921814173,0.0004673304410743195,0.0013615892787495212,0.0038265439120644504,0.0001482262225747864,0.00030847949729179413,0_1_29_p1
3333.333,-0.311842093937534,1.5782121215788758,-1.3274306871776251,0.0038000161192426503,0.0020091532217257923,0.002228634857815586,0.2412900990574546,-0.016076311017258364,-0.1262209817951055,0.5695329018776636,0.00994022355543336,0.7699017814080635,0.16623742812324693,0.19920228300774329,-0.07264723522049606,-0.24022961905198487,0.5304116758134412,0.009257429808102154,0.7618984624219715,0.09304940014069293,-1.9166707179901158e-05,0.006021210887789737,0.010680729855807512,-3.5594244765172355e-05,0.008008208899990711,0.011348275409462294,-3.1488233033480554e-05,0.014639969869382105,0.011348275409462294,-2.1904879443529972e-05,0.014639969869382105,0.00934563874849795,-1.7796873049835887e-05,0.012278451127640174,0.008678092696177666,-1.0951193058013561e-05,0.009326854019091484,0.008010547142522886,0.24488977631184336,-0.03828700356166427,0.06622064817665212,-0.3204938266766861,-0.4467732984443499,0.2501896062172023,1.2991762156408702,1.3495935497218787,0.11087299368271136,0.03235763040311798,-0.002068161307739218,-0.46376862704054533,0.5797303744982036,1.4721112056409704,1.364985414414337,0.1291235790342372,0.14008963431882973,-1.405933296160948,-0.06569700726076595,0.00023459451069870806,-0.0485581298602555,0.006486235581225062,-9.939910660150256e-06,1.4933906963560744,0.07054060761523565,-0.0002821907146126932,-0.0006271995253346801,-3.8513178184335326e-06,1.175238548263069e-06,0.000983711733939768,1.4807312312838169e-05,-9.52332815208487e-07,0.00046443852536926986,-2.2651316566062444e-05,-5.269176318218194e-07,-0.14695652611628773,0.006693548456110811,3.447596912168381e-05,-0.03403850072775008,-0.003673542533512636,-9.996653057451387e-06,-0.13875793613158602,-0.007321954206477874,2.2416725726027653e-05,-0.09644470774574916,0.0034758468522682814,4.4094799549024206e-05,-0.0016832773117654227,6.066499067763808e-05,7.696025646493039e-07,-0.15577876797747733,0.006543429151710146,0.00023598737196155328,0.12448093027629328,0.00529856737793849,-6.692267312791426e-05,-0.15199792576044524,0.0066498766179243635,0.000111353346857038,0.06595725134954088,0.0031200767556257697,-0.00011007695676486438,0.17920767006365537,0.007174150142899905,-0.000311455141818373,-0.22180547630745456,0.0009805549004401996,0.0003422216342857583,-0.00387123459994096,1.7113931310796145e-05,5.972888652963068e-06,-0.08654509365649596,0.0036795052702630255,0.00010392962258101585,0.1084440341363896,-0.0016516727064870655,2.33635955482189e-05,0.0004170085974239303,1.2120917811123632e-05,-3.6900213963920755e-07,0.0017212927200117218,-0.0004656609438005195,-8.549520041555602e-06,-0.0624911129405945,-0.001634523359748882,0.0001394517748463176,0.000774422678205764,2.2509581583214812e-05,-6.852689940833322e-07,0.002289320027145356,-0.0006193290205719964,-1.1370860902148074e-05,-0.06639680760623853,-0.0017366810651536057,0.00014816751158109107,0.0006851039933574167,1.991326438922769e-05,-6.06243612154075e-07,0.0041851425378876496,-0.001132207741695589,-2.0787277647561933e-05,-0.06639680760623853,-0.0017366810651536057,0.00014816751158109107,0.0004765954203697323,1.385292760582927e-05,-4.21728599198952e-07,0.0041851425378876496,-0.001132207741695589,-2.0787277647561933e-05,-0.054679721044740955,-0.0014302079977882996,0.00012202029511672709,0.0003872331379090497,1.1255340341342727e-05,-3.4265546305677824e-07,0.003510056591960825,-0.0009495756339117585,-1.743416490519675e-05,-0.05077402979851749,-0.001328050145836979,0.0001133045707515263,0.000238278048516558,6.9257188577178695e-06,-2.108506403894347e-07,0.0026662760965152376,-0.0007213086474380436,-1.3243189650981566e-05,-0.04686833513287344,-0.0012258925869788513,0.00010458882651154202,0.5910644214137001,-0.0016917462639776573,-0.0005628275702506287,0.07950524015759254,0.004063951165187839,-0.00024025092620313116,0.2687269979628119,-0.011730684522450649,-0.0012109312918153633,0.6235516558352713,0.014965041317909362,-0.0006114813722686734,0.033552191588381214,0.005970495611086157,0.00016126493363855782,0.9700773765519698,0.02502018086434158,-0.001176042667689122,-0.6106101303313303,0.00987033598446085,0.0008714296669469989,-0.7160427568491287,-0.02419898124539825,0.0007666767947253834,0.12694298575322235,-0.00022777258710738425,-0.0002589868338095156,0.47292608631251737,0.019388870354101292,-0.00043747477232305,1.014058417920021,-0.009836464181218932,-0.0021470001189529604,0.3623271461523783,0.005895519026381379,-0.000783117681333822,1.2239206608668076,-0.0009196867229070818,-0.0022022438243493583,-0.43985981063013935,0.0023075992237148978,0.00018113200613020547,-0.6441951757125991,-0.011199837991849756,0.0011028484401825525,-0.3241858348404981,0.010388004385682095,0.0007100582022934948,0.4011754671206764,0.016520887864675583,-0.0005970773227808393,2.076246949751817,0.34282613550135593,0.6541348736367245,2.4471223114995957,2.0516392650667314,0.14335643414404717,0.09773167230884412,0.010010246523747117,0.012529431904918002,0.05087802945983844,0.09661338460552045,0.004313166774839548,0.000508015153510832,0.00043659154132682354,0.0013567792653461776,0.003946031129294056,0.0003671070027296503,0.0003218182391888328,0_1_29_p1
3350.0,-0.34079501432634507,1.577589257451403,-1.2969051388636355,0.0037855637957051372,0.0020291003404140848,0.0022383638217317037,0.2384796965920648,-0.017354355289968242,-0.12984268660065088,0.5669334159697259,0.009894853970860519,0.7666076205485777,0.17044201256043287,0.19745081518343688,-0.07061475592265012,-0.23496850653342116,0.5269992374812064,0.009197871694041602,0.7595994219794615,0.09285327948730833,-1.2830663329661172e-05,0.006063767998939364,0.00921892734613766,-2.3826736282726013e-05,0.008064809927632888,0.009795109900105542,-2.107809204358523e-05,0.01474344296075034,0.009795109900105542,-1.4662760378754647e-05,0.01474344296075034,0.008066561240870887,-1.191262014311215e-05,0.01236523338603884,0.007490378188237505,-7.330382858376185e-06,0.009392774606273809,0.006914195135604119,0.25624772882400976,-0.03618016825102836,0.0725210698568589,-0.30753936464985343,-0.44638304631426245,0.27060723226124433,1.2876465676102022,1.334961694636187,0.11332855226054725,0.03981178951871812,0.02162901868594576,-0.45521094959611774,0.6103883808357818,1.4645589505440946,1.349332196639702,0.12273286648516975,0.1494876449128595,-1.4897196953313285,-0.06516887523718878,0.0003993341337845627,-0.038324611061531656,0.006433633388868539,-3.306611921549448e-05,1.5814595650321785,0.06999089355233076,-0.00045701700552486674,-0.0006378646981091529,-2.074733434084832e-06,1.2249970629652985e-06,0.0010108474007704898,1.3475032783389292e-05,-1.0088167240186086e-06,0.00042138631061550326,-2.3507661600289944e-05,-4.141379028579524e-07,-0.13317562091118154,0.006716185484383757,3.099448014494249e-06,-0.041073673039885496,-0.0036306291472342294,8.354711724313086e-06,-0.14906612310770362,-0.0072553939881817575,5.336926039704354e-05,-0.08707430712067858,0.0035899385797252556,2.21164076019473e-05,-0.0015197341193434087,6.265629024968505e-05,3.8600705909685157e-07,-0.14556341997969052,0.006938175269536288,0.00020701918105781953,0.1325742166398121,0.005120639147220253,-9.392047855397947e-05,-0.13696234880587888,0.006689565026536006,7.529386336700733e-05,0.07117060938015626,0.002925856060541097,-0.00012430981404256387,0.18855244042180314,0.006773701335258108,-0.00034497798147100646,-0.21392726636899334,0.0013493175984717674,0.000323184891810923,-0.0037337337146207024,2.355003799099166e-05,5.640635377904091e-06,-0.08118840804789931,0.003905967022492866,8.813660854674519e-05,0.09972173253521067,-0.001525667253681401,5.506140561791459e-05,0.00042673001011960996,1.1760974946704177e-05,-4.117323220109424e-07,0.0008717180164012232,-0.000477503203259186,-6.823032262158668e-06,-0.06383909212900421,-0.001428920708063848,0.00014482312567483963,0.000792477218843537,2.184123140733274e-05,-7.646190430862238e-07,0.0011593853208527894,-0.0006350791648351855,-9.074638434202899e-06,-0.06782903533363854,-0.0015182283042197587,0.00015387457325388506,0.0007010752520096665,1.932194887402139e-05,-6.764393153723608e-07,0.0021194868105750106,-0.001161000923801339,-1.6589502781803072e-05,-0.06782903533363854,-0.0015182283042197587,0.00015387457325388506,0.0004877068275292863,1.3441522461751006e-05,-4.7056404822686197e-07,0.0021194868105750106,-0.001161000923801339,-1.6589502781803072e-05,-0.05585920144545985,-0.0012503057599963557,0.00012672022784853337,0.0003962604082279362,1.0921091980103654e-05,-3.823327350165255e-07,0.0017776045929014982,-0.0009737242903233274,-1.391351980684e-05,-0.05186926080539097,-0.001160998066142715,0.00011766879540305802,0.0002438320423860472,6.720065134544096e-06,-2.352646191395543e-07,0.0013502847327326356,-0.0007396522268121635,-1.0568865484967475e-05,-0.04787931760075664,-0.001071690616533401,0.0001086173430349081,0.5910460967388369,-0.002502526102421703,-0.0005769307461261572,0.0883705427820872,0.003684688086029078,-0.0002681721858298754,0.24765861764356406,-0.013528858542125344,-0.0011819185030469393,0.6545634675538797,0.014243036989355263,-0.0006837064573128885,0.04634706241812127,0.006226011618182664,0.0001369722384659706,1.0062001850914162,0.023454321912188714,-0.0012737955571971373,-0.594951271652553,0.011231314857345165,0.000841103526968712,-0.7471336896855749,-0.02330676648933548,0.0008571012879092289,0.12332932499210456,-0.0007820941238420971,-0.00024517680812334363,0.49956805378115093,0.019282832925262932,-0.0005149744575446756,0.994366867295432,-0.01336886045840924,-0.0021348706751265563,0.36240686566881614,0.0046341831437374135,-0.0007923307524991586,1.2319299560027341,-0.004707389787503552,-0.0022556497660982952,-0.45122380440360643,0.0024151790799015844,0.00019374175786201198,-0.664648507417526,-0.009347653320483642,0.001164208731434006,-0.30893675097491813,0.011470243181957423,0.0006703576746546405,0.4154350749640818,0.015518764456043384,-0.0006634446795990837,2.196080365936667,0.329641736300065,0.6469000171548431,2.48417767513451,2.172958699228569,0.1462802550951602,0.09693927562194384,0.010327451655628782,0.014243229150633802,0.05021445506651247,0.0958493602326459,0.003941483210008013,0.0007158826307382383,0.0004092033642595953,0.001342272980776703,0.004053644278610369,0.0006078061794877919,0.0003331913005560686,0_1_29_p1
3366.667,-0.3736930744630366,1.577079961399692,-1.262270186396554,0.0037709628698484516,0.002049141208216485,0.002247963132617672,0.2356013584322048,-0.018715776434373388,-0.13383385117957197,0.5641913730644815,0.009846996045439831,0.7634424200728601,0.1749960164018576,0.19557430598753173,-0.06842841288593786,-0.2290774692825621,0.5232638753387745,0.009132677163828104,0.7574065005474655,0.09236746958334323,-6.067263145432856e-06,0.006087253648019703,0.007720334791832269,-1.126634965437368e-05,0.008096046334588582,0.008202854999490127,-9.966827359888761e-06,0.014800546643217088,0.008202854999490127,-6.932946454422044e-06,0.014800546643217088,0.0067552923818545475,-5.631928163435416e-06,0.01241312571937906,0.006272771675531186,-3.4657252289601675e-06,0.00942915424920238,0.005790250470542327,0.26740000375847306,-0.03365722151344198,0.0780136619034561,-0.29368882116378237,-0.4455896784788349,0.2919713678119354,1.2769680373679182,1.319366633226891,0.11567745227179725,0.0485827761176694,0.04397768748636983,-0.4468622833082646,0.6406072738028652,1.4566528977598856,1.3336424012519357,0.11693803078534967,0.1586130156297733,-1.574711441964225,-0.06428931912724702,0.0005707886035504608,-0.028264940733987408,0.006364917543417324,-5.597097681370003e-05,1.6713298990179584,0.06905635057054772,-0.0006397113050227031,-0.0006453241640942451,-2.2670758414471724e-07,1.2687318147274681e-06,0.00103649305508551,1.2134351249098174e-05,-1.063362030714796e-06,0.00037888975170523006,-2.4352576000022808e-05,-3.0147541117095057e-07,-0.11964690908662332,0.006758749650123683,-2.804743387878831e-05,-0.04809229792100174,-0.0035585553330802814,2.7358663153107275e-05,-0.15928812444307516,-0.007110087444967585,8.432164782362226e-05,-0.07822779250253493,0.0037413475185958884,9.475062531225779e-07,-0.001365332747829552,6.529889174360247e-05,1.654353029362901e-08,-0.13516691877351855,0.0073033010229951005,0.00017760625473133078,0.13988759642937754,0.004868704738932083,-0.00011940876332103941,-0.12157192917480328,0.006739181796061439,3.767223573099862e-05,0.07606281030120526,0.0026974667809329506,-0.00013855804824523826,0.19668978687429017,0.006253733862188653,-0.000377048331514945,-0.20542544729680207,0.001757254204440581,0.0003018299301282871,-0.003585349668464292,3.066985781522495e-05,5.267920587665831e-06,-0.07534943966766168,0.004118688394902654,7.146807071586177e-05,0.09216795380151695,-0.0013403159493827668,8.597114252545335e-05,0.00043668565312470034,1.1340483913668593e-05,-4.52561585679164e-07,-2.9603633630970197e-05,-0.00048586258746641134,-4.893585123433127e-06,-0.06490072219959413,-0.0012160523982670441,0.00014927578636011367,0.0008109634613289463,2.106023574792603e-05,-8.404442975327844e-07,-3.937206335955923e-05,-0.0006461971665915632,-6.508472251381112e-06,-0.06895701669592744,-0.0012920557128484372,0.00015860552503572099,0.0007174286309112102,1.8631030522342105e-05,-7.435170652986876e-07,-7.198564195196901e-05,-0.0011813259108522695,-1.1898244117021096e-05,-0.06895701669592744,-0.0012920557128484372,0.00015860552503572099,0.0004990840946385723,1.2960849626589516e-05,-5.17229211950835e-07,-7.198564195196901e-05,-0.0011813259108522695,-1.1898244117021096e-05,-0.05678812636808646,-0.0010640459644997182,0.00013061630225626172,0.00040550481175335664,1.0530545301534939e-05,-4.202465629367062e-07,-6.036987025755466e-05,-0.0009907707369266267,-9.978991531249279e-06,-0.0527318344363186,-0.0009880425766450273,0.00012128657729117629,0.00024952024851311843,6.479753141396031e-06,-2.5859205955583773e-07,-4.586126875640476e-05,-0.0007526008642224122,-7.580150719324843e-06,-0.04867553993998533,-0.000912039384185797,0.00011195683305336622,0.5894710381042946,-0.0033134117230837015,-0.0005875974496831336,0.09658268564023922,0.0032452346806174036,-0.00029515482009141746,0.22316083546032092,-0.015204797850609396,-0.001142067536966795,0.6845749457351318,0.01340608673766004,-0.0007550099840876177,0.06061924432583771,0.006428369630532622,0.0001078944794135583,1.0397589299993295,0.021734496807487933,-0.001365583886496388,-0.5777582061568481,0.012461310626892297,0.0008052998953289779,-0.7760095252927396,-0.022234928959839466,0.0009413082814594663,0.12011658872887948,-0.001315050290391397,-0.00023155836140655264,0.5267901045790119,0.018972221748390642,-0.0005927538674197045,0.9696751244640388,-0.016769099378812366,-0.002107793964894528,0.360362232539201,0.003381107775197212,-0.000795379258057073,1.2352156823627052,-0.008490577653776877,-0.00229734670111486,-0.46191497246814817,0.0025009511173047063,0.00020655917937944813,-0.6845537692635081,-0.007441966001201347,0.001225359118413153,-0.29481549545255636,0.012470480804566761,0.0006302564872264061,0.427288589567694,0.014453393490495162,-0.0007255647720271806,2.3184290832144185,0.31677283045484317,0.6376559247843498,2.515692132685889,2.2964886888460168,0.14865714671906258,0.09561960293550767,0.010625128742054173,0.015896418560696197,0.04995559943515475,0.09456431157494741,0.003570967240339736,0.0009537263941687737,0.0003865632066129449,0.0013178411853067582,0.004148145469910183,0.0008591657379511036,0.00034264927841651715,0_1_29_p1
3383.333,-0.41040131751119635,1.5767075405505737,-1.2236804465001523,0.003756305096124704,0.002069281310453499,0.002257185951050711,0.232750312235191,-0.02016986857807344,-0.13815102580947303,0.5614475264861218,0.009799106704092612,0.7604768194397242,0.1798543996808441,0.19360634702414245,-0.0660921680077613,-0.22265847890895388,0.5192350954238146,0.009062361837589258,0.7553613840685044,0.09162036593839652,1.2671090369478818e-06,0.006091757096155346,0.0061943196243195425,2.353701162689492e-06,0.008102035307250424,0.006581464071007417,2.08242713037952e-06,0.0148114958416131,0.006581464071007417,1.4491219446558608e-06,0.0148114958416131,0.005420028736281786,1.1783465778464583e-06,0.012422308644572057,0.005032883790928407,7.245609723279318e-07,0.009436129582224348,0.004645739344240531,0.27833182964577546,-0.0307804586378983,0.08273914234922725,-0.27901852844264163,-0.44440336422362037,0.31416775114980244,1.2672304131280527,1.3029051848915842,0.11785412169646395,0.05883042894886607,0.06486054350916849,-0.43881466836442234,0.6701589448502033,1.448386058990017,1.3180539516485115,0.11196035076133086,0.16740576947648997,-1.6598528352643256,-0.06287953769772517,0.0007462505323458757,-0.018563642779842123,0.006286613984614887,-7.820671940236484e-05,1.7620998235721042,0.0675499102302728,-0.0008278402201371737,-0.0006490325257081994,1.6594203807779502e-06,1.305368826352539e-06,0.0010603546267153457,1.0799458305352415e-05,-1.1151780815191233e-06,0.0003372206925741886,-2.5158899796119658e-05,-1.9073128421080732e-07,-0.1066112375308368,0.006824986635477698,-5.808214085585143e-05,-0.05507086941920875,-0.003467263691408831,4.690104003489855e-05,-0.16977930171128197,-0.006872797853241622,0.00011610090627475137,-0.06998814382527467,0.003932179983105796,-1.86361433428845e-05,-0.001221523886402939,6.862957835500845e-05,-3.252568860551365e-07,-0.12443854826797177,0.007629006523688627,0.0001475924022242959,0.14681471334162194,0.004532991546767394,-0.0001442727770347974,-0.10618287816681302,0.006794362988689108,-6.602238455749838e-07,0.08055793784678454,0.0024476164606365806,-0.0001523547123710519,0.20372348370644747,0.005612258158254206,-0.0004067197730974378,-0.19660346103730028,0.002192912639200028,0.0002788061600107932,-0.00343137743423263,3.827355007530118e-05,4.8660821038987704e-06,-0.06901169323092715,0.004307822408788342,5.3894317352322e-05,0.08593608544862166,-0.0011021451973989773,0.0001145899409208154,0.00044713454754778274,1.0820927381678998e-05,-4.935967124228398e-07,-0.0009599724065955011,-0.0004922815237704322,-2.8090888946850693e-06,-0.06573595072418083,-0.0009952676169252507,0.0001528648919186327,0.0008303686730939772,2.0095324110431642e-05,-9.166435947198303e-07,-0.0012767620612320568,-0.0006547344095175716,-3.7360933747976382e-06,-0.06984444694987232,-0.001057471835350444,0.0001624189485794635,0.0007345958319096835,1.7777494297872936e-05,-8.10926289668542e-07,-0.0023340828070419427,-0.0011969329767888132,-6.830002010058614e-06,-0.06984444694987232,-0.001057471835350444,0.0001624189485794635,0.0005110264209979327,1.2367042819249764e-05,-5.641253610238763e-07,-0.0023340828070419427,-0.0011969329767888132,-6.830002010058614e-06,-0.05751895143395667,-0.0008708592289237302,0.00013375676636423012,0.0004152065627807284,1.0048040633922372e-05,-4.5835090143179877e-07,-0.001957578101187999,-0.001003860254464579,-5.728288276762441e-06,-0.05341045862768576,-0.0008086549372252389,0.00012420272408439584,0.00025548970198251093,6.182849737726157e-06,-2.8203813293085724e-07,-0.0014870025707411478,-0.0007625438309469414,-4.351269111448383e-06,-0.049301961547139124,-0.0007464507676489114,0.00011464866178610498,0.5861755039912586,-0.004112831880009994,-0.0005943345823307299,0.10398317944323696,0.0027544128342172846,-0.00032095734113263594,0.19577019526012404,-0.01675237968226947,-0.0010921204811130767,0.7132688185860894,0.012462065903624055,-0.0008247105374390176,0.07603970014724687,0.006584272176527918,7.46064547994626e-05,1.0706697388729838,0.019866776365104245,-0.001450939386176467,-0.5589294813454535,0.01353872056627996,0.000763827812741168,-0.802841716837689,-0.020979951880546254,0.0010201512222769262,0.11688277344751775,-0.0018081506188430277,-0.0002177926332671727,0.5551363753765288,0.018433757603603024,-0.0006729645034676621,0.9400908447535256,-0.020007902153751995,-0.0020662097857571857,0.35641055692508056,0.002147498874899192,-0.0007923808665501335,1.2333554987629092,-0.012237521444935279,-0.002326898840297073,-0.47166100499197056,0.002571048335395077,0.00021904199244972787,-0.7032771058230606,-0.005502737609920114,0.001285139243776513,-0.2820597316810807,0.013349276215552654,0.0005920860930720584,0.43657534774607076,0.013339001100968088,-0.0007812885563413744,2.4419141880519653,0.3045515794953445,0.6266898694240378,2.5414261122875934,2.4208373532961827,0.1506350482738336,0.09351918652206292,0.01089949040045995,0.017468382900355788,0.05007574324038505,0.09250053459813799,0.0032129754570299155,0.00120665429731862,0.00036978043300927085,0.0012841239643616314,0.0042293597084572185,0.001117286248931444,0.00035036873885348067,0_1_29_p1
3400.0,-0.4506746364119913,1.576526223779905,-1.1814611208886339,0.003741591471864891,0.0020896368361867576,0.0022656876991699257,0.23008592850301254,-0.021719047256753127,-0.14266493744331746,0.5588853277923235,0.009754387877998013,0.7577875338484439,0.18494811966551103,0.19161214329545825,-0.06363353066912489,-0.2159136310760088,0.5149549811152504,0.0089876597509419,0.7535414654282657,0.09069493302779456,9.627236154000717e-06,0.0060759798183828186,0.00466230451350396,1.7878654191929348e-05,0.008081051462986448,0.0049536982027654245,1.5817171012573752e-05,0.014773135499316267,0.0049536982027654245,1.1003552935573392e-05,0.014773135499316267,0.0040795156389845265,8.941571090717232e-06,0.012390135743806291,0.0037881214510575604,5.501277802286125e-06,0.009411690983372425,0.0034967282604615943,0.2890583674131308,-0.027485477473664238,0.08683545403960194,-0.2635757245706346,-0.4428494901105873,0.3370768267224184,1.2584880469368411,1.2857224986908462,0.11989018939125201,0.07056936439679523,0.08418401616248376,-0.43112120216842625,0.6988087878170743,1.4397765472614674,1.3026779844122114,0.10786539294779016,0.1758312776246535,-1.7442559850656179,-0.060951698028612125,0.0009228651540978048,-0.009365049231869219,0.006194891080735614,-9.932133307778538e-05,1.8529634351208837,0.06548421957602144,-0.001018836602029642,-0.0006485563713930822,3.5629141173365246e-06,1.3334712433579572e-06,0.001082168820275701,9.45841040457103e-06,-1.1635300499283462e-06,0.00029635690698863703,-2.5880128868756045e-05,-8.282178712352636e-08,-0.09423027131949291,0.006899183763262336,-8.634417345131764e-05,-0.061958476636415585,-0.0033543072115828692,6.688550682446558e-05,-0.18065736504620938,-0.006544886044695134,0.0001495700961079633,-0.062386117922118844,0.004140671752083768,-3.629704995801636e-05,-0.0010888426743836147,7.226847688241535e-05,-6.334974340593122e-07,-0.11323289589337603,0.007901358585325357,0.0001165867432901775,0.15358475575031785,0.00411422314454437,-0.00016965243099722425,-0.09117733911229069,0.006844566946000626,-3.8695248263687075e-05,0.08466452945521558,0.0021754928895676155,-0.00016547227747708108,0.20990450698509774,0.004853683322042361,-0.00043412488762180525,-0.18785438195359588,0.002646263351411675,0.00025504358848810877,-0.003278676369599862,4.618599158889761e-05,4.4513482175170695e-06,-0.062095363735742454,0.00446763347462337,3.5339202844797676e-05,0.08110100081915284,-0.0008054950506715714,0.00014032703588529085,0.00045882041736399295,1.0183205444378856e-05,-5.356150970421577e-07,-0.0019022689733819438,-0.0004969850833184023,-6.278928477483722e-07,-0.06639381219381454,-0.0007675567992081149,0.00015572362389691967,0.0008520717354856337,1.891108106746212e-05,-9.946775157216846e-07,-0.002530017315718968,-0.0006609900684891195,-8.351031119664346e-07,-0.07054342353250388,-0.0008155291205299999,0.00016545635137181597,0.0007537941687299067,1.6729808258022714e-05,-8.799607855730808e-07,-0.00462518178774161,-0.0012083691800541584,-1.5266440335406885e-06,-0.07054342353250388,-0.0008155291205299999,0.00016545635137181597,0.0005243826777651944,1.1638242172482298e-05,-6.121492210458449e-07,-0.00462518178774161,-0.0012083691800541584,-1.5266440335406885e-06,-0.05809457925817414,-0.0006716122054132084,0.00013625815681700968,0.0004260572391214127,9.455894688004935e-06,-4.973666201863589e-07,-0.003879109525525954,-0.0010134517047539638,-1.2803912247416144e-06,-0.053944969629195115,-0.0006236398352424571,0.00012652544648710732,0.00026216697551099797,5.8185348998568085e-06,-3.060452704166053e-07,-0.0029466198569495735,-0.0007698295903668092,-9.725952493032635e-07,-0.049795357435650625,-0.0005756677093160326,0.00011679271120597076,0.5811235973225278,-0.004899858493607583,-0.0005966600315879401,0.11048868350825285,0.0022273648646602123,-0.00034520952898568004,0.1659290785959213,-0.01817104469317275,-0.0010333969980511506,0.7402298821085376,0.011413811385103188,-0.0008922136392367703,0.09223511806045764,0.006695175831635914,3.795441050392083e-05,1.0987065606569841,0.0178575162132122,-0.0015297291628991595,-0.5382813503794798,0.014442232086521936,0.0007162713199512662,-0.8275629513166896,-0.0195423871459367,0.0010939847733615182,0.1135336262392808,-0.002239538050757273,-0.00020260035636012735,0.5847528335443665,0.01762891724984947,-0.0007571079798097736,0.9056799545925838,-0.023063002542267716,-0.0020101974452431262,0.35076083124745405,0.0009486456736374352,-0.0007838175690350232,1.2258683978755796,-0.015917591408081886,-0.002343062354058152,-0.48002751673714106,0.002628284746335162,0.0002306759441319518,-0.7202753968485192,-0.0035522403960106066,0.0013420904587713063,-0.27079071402380317,0.014074584070749014,0.0005565071472755031,0.44377211332604516,0.01218133731182839,-0.0008298209069990325,2.5653242269146186,0.29331962816745394,0.6143653991495238,2.5609692981916186,2.544797009001203,0.15232881960900663,0.09065591380643262,0.011141009778262018,0.018951428250635432,0.050521732860851355,0.08967535867500526,0.002883684782438764,0.0014667034451998097,0.0003601386899471288,0.001242208584650004,0.004296462474122578,0.0013782510585139424,0.00035669044196974254,0_1_29_p1
3416.667,-0.49230432746899827,1.576589923809613,-1.137899367802962,0.0037267826024944693,0.0021103035291923735,0.002273136764417437,0.22773479397165447,-0.023418939604332032,-0.14723775593407865,0.556651545709211,0.009715401211832463,0.7554778109935807,0.19023558765311085,0.1896290942153563,-0.06102760449624721,-0.20907345385798523,0.5104472055603905,0.008908984297585998,0.7520063346554025,0.08968054517320795,1.8603215164257272e-05,0.006030293581217114,0.0031480084839201235,3.454804454497689e-05,0.008020289071742017,0.003344758453166443,3.0564205860924696e-05,0.014662053769740342,0.003344758453166443,2.1262099613295488e-05,0.014662053769740342,0.0027545065507654826,1.727676493274158e-05,0.012296972561662338,0.0025577560828536623,1.0630052475646605e-05,0.00934092286885906,0.0023610061136073424,0.29961246315973067,-0.023886562180160376,0.09015367002416959,-0.24738860110317065,-0.44092694112367653,0.3606127871624381,1.2507302613685851,1.2679131565101682,0.12176013764516626,0.0836767307300711,0.10188287351618965,-0.42383772029637523,0.7263287923913326,1.4308481838251983,1.2875145379402786,0.10469860970777362,0.18392379590082555,-1.8269464308765286,-0.05853633986877016,0.0010981486861390767,-0.0007726180789965514,0.006081727945784697,-0.00011897693651882762,1.9429468578936415,0.06289971135099123,-0.0012103375529243666,-0.0006435640173530953,5.4792551054854095e-06,1.3519057720673053e-06,0.0011016526787139642,8.081947076402365e-06,-1.2077961596705147e-06,0.00025630523378972794,-2.645459152541246e-05,2.218399383845808e-08,-0.08265235175599094,0.006955384822501033,-0.00011241162889994303,-0.06852014810380197,-0.0032191082557694916,8.709150600981286e-05,-0.19172998486332202,-0.006141720092190873,0.00018491683883670374,-0.055521327643555676,0.0043371752767689805,-5.183994932491888e-05,-0.0009690295968444152,7.569810687061183e-05,-9.04774045644115e-07,-0.1015746096880924,0.008105284279886932,8.422646414696083e-05,0.16008725585435826,0.0036180352991331045,-0.00019617820844161518,-0.07688966466480313,0.006875015762700086,-7.541920542321321e-05,0.08836055123516603,0.001885157142572357,-0.00017786930507083926,0.21576782762381785,0.0039991728558024,-0.0004597709447347158,-0.17955235107706988,0.0031050277879759755,0.00023164428853109868,-0.0031337784227200003,5.4192955656969296e-05,4.042951424654716e-06,-0.05454336310074824,0.004585773380826216,1.5531854652128254e-05,0.07743502463294269,-0.0004564833655229145,0.0001627814368528965,0.0004720014288267688,9.361469831260303e-06,-5.805581330147886e-07,-0.002828743026311167,-0.0004999515527896695,1.6051388237466714e-06,-0.06689567884194628,-0.0005357034267372571,0.0001579619934289743,0.0008765470931087437,1.7385164635718487e-05,-1.0781441283927204e-06,-0.003762227746274971,-0.0006649354692222402,2.1348310437547474e-06,-0.07107665567071804,-0.0005691849275449841,0.00016783461618645273,0.0007754485043783645,1.537982101488012e-05,-9.537964271017659e-07,-0.0068778105772584735,-0.0012155819348447431,3.902747504815671e-06,-0.07107665567071804,-0.0005691849275449841,0.00016783461618645273,0.0005394452253995488,1.069914716033167e-05,-6.635157391404371e-07,-0.0068778105772584735,-0.0012155819348447431,3.902747504815671e-06,-0.0585337115067205,-0.0004687405228195325,0.00013821672751243246,0.00043829534536053965,8.692850986618742e-06,-5.39099033695976e-07,-0.005768375297315045,-0.0010195009528449247,3.2732084913540626e-06,-0.05435273638765904,-0.0004352589731629394,0.000128344118383377,0.0002696991041833189,5.349024030430521e-06,-3.317258304614666e-07,-0.0043817275913291395,-0.0007744247054336763,2.486370097155406e-06,-0.05017175613946673,-0.0004017777165995385,0.00011847148774440092,0.5744640628931308,-0.005677143104712734,-0.00059451536793122,0.11596405976958424,0.0016599891769660709,-0.000367745795068905,0.1341069565253138,-0.01947255688689557,-0.0009669691040450224,0.764946094313568,0.010257767228943416,-0.0009566633554749574,0.10877844492010613,0.006764470414019524,-1.1061571054517466e-06,1.1236146297116556,0.0157109244128939,-0.0016014691976820252,-0.5156155911578854,0.01515873004885027,0.0006621326302730554,-0.8511989318031995,-0.01792991726591521,0.001162627550502068,0.10973990050037606,-0.0026015747240927412,-0.00018578325942148117,0.6156578362418837,0.01654997323626951,-0.0008456037079191501,0.8666222197597006,-0.02591416565904075,-0.0019397130114742066,0.34362440390809634,-0.00020627190556492606,-0.0007701157337611224,1.2123221957147785,-0.019495982653373076,-0.0023444552284431447,-0.48656579423866103,0.002670135572094184,0.00024045050492678906,-0.7345432839639929,-0.0016064603949069909,0.001394903911086069,-0.26048942316413076,0.014632984365619283,0.0005238300271531587,0.4496170263689532,0.010975976928787339,-0.0008720351056338437,2.6872551453783844,0.28328239709639613,0.6011998823206879,2.5741229218723856,2.666979198332,0.1537784800739271,0.08708121948884649,0.011335098644131621,0.020351068512793523,0.05124195877324662,0.08613863815537277,0.0026063086944160016,0.0017286227862364592,0.00035872362934475657,0.0011931951812988889,0.004348568120627079,0.0016385988914997588,0.00036188150121101685,0_1_29_p1
3433.333,-0.5350457189583657,1.5769114089698404,-1.0932575341656547,0.003711952290507524,0.0021312883707873516,0.002279288800697967,0.2257424368013188,-0.025241625838098757,-0.15179078937243926,0.5547740062703816,0.009682631907128017,0.7536178031377547,0.19566402738039074,0.18769831475435858,-0.058324333831003265,-0.2022972344797338,0.5057743522768874,0.008827427554967807,0.7508060891820986,0.08864204684166879,2.825189393478249e-05,0.00595520153814831,0.0016661506451483548,5.246559464595066e-05,0.007920416843953395,0.0017702849669703458,4.6415286127537186e-05,0.014479474378023712,0.0017702849669703458,3.228908982739567e-05,0.014479474378023712,0.0014578810041733711,2.623578931597875e-05,0.012143844853074863,0.0013537466823513812,1.6143298249946405e-05,0.009224605151527147,0.001249612859194891,0.31001783142211997,-0.020070943316070396,0.09264920462052414,-0.2305311026540017,-0.43866177452995464,0.38464643621731204,1.2439060210012942,1.2495680256757309,0.12345955725785059,0.09790601415448343,0.1179141739880356,-0.4169617194474561,0.7525192988905355,1.4215789147007818,1.2725034991039508,0.10240060150284973,0.19171972140122723,-1.9073101652963016,-0.055941920208957996,0.0012691162506524344,0.007183636714676287,0.005939678058726502,-0.00013693671949814698,2.0312794502364735,0.06011449652277788,-0.001399342804820135,-0.0006340648669948108,7.410543846435195e-06,1.359777082562611e-06,0.001118455711421164,6.646498743308957e-06,-1.247323929472575e-06,0.00021727596734284554,-2.6822570028183955e-05,1.2424697958285247e-07,-0.07192634407006267,0.00697275271906285,-0.00013594960705705586,-0.07464852427356407,-0.003052796065414434,0.00010677978886971276,-0.202644662498915,-0.005680805694939842,0.00022145807449604869,-0.04940832860812057,0.004496040604146193,-6.495335665361638e-05,-0.0008623376909079375,7.847081731742106e-05,-1.133645655049168e-06,-0.08954712864328883,0.008221647162065603,5.0615317691148916e-05,0.16621597824045387,0.003046934787757385,-0.00022342553666331285,-0.06357144296745583,0.006876304469041635,-0.00011002657683649339,0.09164297785428194,0.0015724047001113716,-0.00018940457378040595,0.2213878248589624,0.0030751718011065555,-0.0004849401664397598,-0.17199342782512048,0.0035599614720941528,0.0002095716051243603,-0.0030018503380823966,6.213304562836062e-05,3.657709691814826e-06,-0.04632425060860802,0.004651971702303303,-5.7377654834437485e-06,0.07520289697948523,-6.280730651695099e-05,0.00018239145073570674,0.00048754440505195765,8.418369212149999e-06,-6.291201720698055e-07,-0.003730654526392608,-0.0004998028079946425,3.816924728013948e-06,-0.06722485363790671,-0.0003027949920478792,0.00015962985776030766,0.000905412986750585,1.5633688568166123e-05,-1.168321179482619e-06,-0.00496176988750936,-0.0006647376801663899,5.076506130864033e-06,-0.07142640426542514,-0.0003217197019487771,0.00016960671892001783,0.0008009847372349725,1.3830335005599375e-05,-1.0335776733859317e-06,-0.009070717476716802,-0.0012152202334211712,9.28048346157461e-06,-0.07142640426542514,-0.0003217197019487771,0.00016960671892001783,0.0005572099701435622,9.621272521687791e-06,-7.190120798809151e-07,-0.009070717476716802,-0.0012152202334211712,9.28048346157461e-06,-0.05882173956004277,-0.0002649456210949487,0.00013967610606999408,0.00045272957446417596,7.817064103977192e-06,-5.841894577787598e-07,-0.007607551686806326,-0.0010191976502398924,7.78348205523744e-06,-0.0546201914970898,-0.0002460208867696178,0.0001296992585113406,0.0002785810491277538,4.810123347757591e-06,-3.594754888748729e-07,-0.005778786578111796,-0.0007741942853357641,5.912425265178814e-06,-0.05041863830500597,-0.0002270963722641812,0.00011972238241646621,0.566308633689786,-0.0064486939336994365,-0.0005883896941142144,0.12027837604883604,0.0010742213297012075,-0.00038827203432078525,0.10078524328711706,-0.020625724137978706,-0.0008940082193105042,0.7869107979448218,0.008987098477478885,-0.0010169113567964259,0.1253746838937371,0.006791019503674993,-4.149598957143946e-05,1.1449786155202202,0.01342441583334559,-0.0016655716111786175,-0.4909719544448567,0.015686450227643586,0.0006009845045516715,-0.8732781672169146,-0.01614148529758176,0.0012287095863794293,0.10576860681555966,-0.002877962678985637,-0.00016675912887532626,0.6473669567207381,0.015214476129756967,-0.0009384567680777898,0.8232277210063437,-0.02854364246423731,-0.0018550754794045355,0.33512417230190705,-0.0013070071537385135,-0.0007516804259876246,1.1926025639535696,-0.022937154358384088,-0.0023299283825202076,-0.49085713970534317,0.002691918722200612,0.0002472822453817612,-0.7460457582867749,0.000335024789529595,0.0014410684096531198,-0.25108687314681144,0.015014434701573489,0.0004926827174149679,0.45435870781569615,0.009703658087075304,-0.0009094609284357568,2.8066429358854816,0.2747371989044681,0.5876478721147391,2.5805400719322065,2.7863922151094096,0.15493449889119199,0.08323433679543718,0.011463934931627345,0.02163700767508563,0.05218227464793411,0.08233183905899456,0.0024010436557977285,0.001987371689292756,0.0003659703598382218,0.0011385114408604589,0.004385425364434831,0.0018940885482117515,0.00036604819529605787,0_1_29_p1
3450.0,-0.5784695735798379,1.5774725826895724,-1.0479346880141842,0.0036972172236311852,0.002152512571822604,0.0022840166483088695,0.2240985012055554,-0.027158280598792855,-0.15629578037914396,0.5532419816849216,0.009655892964321965,0.7522442993282709,0.2011436675879416,0.18583709613869734,-0.055574963534893655,-0.19570895863798854,0.5010035326651389,0.008744161387013661,0.749962558090641,0.08766843087573978,3.8534376556531935e-05,0.005851359932975152,0.00022243872250817329,7.156099265927032e-05,0.007782307444246582,0.00023634151666405948,6.33085772903406e-05,0.01422699355243371,0.00023634151666405948,4.404064101382378e-05,0.01422699355243371,0.00019463363286190125,3.5784236320889454e-05,0.0119320905375819,0.00018073083870601508,2.201857517765989e-05,0.009063754111666848,0.00016682954054663055,0.3202311561202574,-0.01615601820953494,0.09420338142351607,-0.21308768022031116,-0.4360713987420467,0.4090779216058717,1.2379285824724788,1.2307565593211225,0.12493458986191606,0.11304112844733578,0.13227437605563652,-0.4105019736411518,0.7772579223342061,1.4119068520089382,1.2572980864394863,0.10077577427040262,0.1994128814166059,-1.985649126581162,-0.05318345636276067,0.0014341563452026527,0.01459843737336021,0.0057679495794534415,-0.00015315104389228613,2.118003423186671,0.05714398493002411,-0.0015839028155506948,-0.0006202931506276464,9.341734889653994e-06,1.3570244626826168e-06,0.0011321581845216795,5.144786924352249e-06,-1.2812752523731e-06,0.00017997692770708087,-2.693782892600542e-05,2.228535591824182e-07,-0.062130709431374706,0.0069432024528172966,-0.0001569211286337366,-0.08029293531676147,-0.0028588405463953782,0.00012557245569683886,-0.21286149965436255,-0.005171619654944422,0.00025809672456269844,-0.044076562026967886,0.004608741164766546,-7.562425302364588e-05,-0.0007692807245156012,8.043781457895053e-05,-1.3198875574937502e-06,-0.07749416265693843,0.008236866221464577,1.601559162473127e-05,0.17146828603598752,0.0024066208563878516,-0.00025086914730228574,-0.051475399975551644,0.0068392434210779104,-0.000141968262177769,0.09472199425648797,0.0012436844184187089,-0.00020003682027136906,0.22729460205891938,0.0020979895728775603,-0.0005098737795995484,-0.165440582737094,0.003996181229165472,0.00018955097671704166,-0.0028874818329542922,6.974653208594183e-05,3.308283947058333e-06,-0.03792988255372093,0.004657135051796488,-2.8560106121026877e-05,0.07362004121117628,0.0003719146954934985,0.00019850324733414768,0.0005040696098374119,7.346454135080257e-06,-6.835315138314476e-07,-0.004615609974696103,-0.0004965705274225082,5.986320284761062e-06,-0.06734323226851456,-7.048273333581188e-05,0.0001606915558235239,0.000936102286414224,1.36431705779651e-05,-1.2693719880020855e-06,-0.006138761804904558,-0.0006604387601946447,7.961801253254433e-06,-0.07155218166730283,-7.48879728630166e-05,0.00017073477448605937,0.0008281340817479951,1.2069382258166785e-05,-1.122972376373328e-06,-0.011222399841718887,-0.0012073611592929823,1.4555149708101703e-05,-0.07155218166730283,-7.48879728630166e-05,0.00017073477448605937,0.0005760971396914296,8.39624067614104e-06,-7.812007151759785e-07,-0.011222399841718887,-0.0012073611592929823,1.4555149708101703e-05,-0.05892531979325569,-6.167240082799729e-05,0.00014060509202154698,0.0004680742242959955,6.82176847222766e-06,-6.347181562581948e-07,-0.00941215346000524,-0.0010126063751388751,1.220730987561259e-05,-0.054716372959032845,-5.7267185725225e-05,0.00013056188972406557,0.0002880229241913998,4.1976318494168995e-06,-3.905678053609037e-07,-0.0071495827051655855,-0.0007691874476071939,9.27281360133709e-06,-0.05050742185053428,-5.286219044234675e-05,0.00012051865884247217,0.5568265701761181,-0.007217216694795659,-0.0005786438490290982,0.12343315826244007,0.00048614608185653947,-0.0004064301768819674,0.06587516815862993,-0.021616145971884486,-0.0008156997857812893,0.8057864354967991,0.007602103377457047,-0.0010717795997770584,0.1418234475322298,0.006777339501052535,-8.251965909424886e-05,1.1628156835739674,0.011000886968038888,-0.0017210226296270994,-0.46477216849306713,0.01603021681472282,0.0005330757621590818,-0.8948303596436568,-0.014174643448717678,0.0012910925663516947,0.10049361629363923,-0.0030578748575216795,-0.00014637839066909052,0.6783970708879761,0.013660339879464786,-0.001034327431304275,0.7757822817144197,-0.030935802835256394,-0.0017570564140711419,0.32540340416700575,-0.002351055540707408,-0.0007286786139277042,1.1662337509136107,-0.026209386097176723,-0.002299239215377929,-0.4926890677780702,0.0026964150648616848,0.0002501868943561928,-0.753625390404584,0.0022799883795463884,0.0014803728268849934,-0.2415568633726912,0.01522687047909195,0.0004629695224358466,0.4589796238762703,0.008348470320452992,-0.0009423417104448437,2.9236719678358583,0.2675585242543559,0.5741350987290951,2.579948550552731,2.9032663962912832,0.1557069132436687,0.07913934146356215,0.01151895441821874,0.02279434845549132,0.053311297997228786,0.07827633822622951,0.002289499218723462,0.002239678306411373,0.00038088362313536123,0.0010795278288321976,0.004406921391244555,0.002142197779544438,0.00036908791427681836,0_1_29_p1
3466.6670000000004,-0.6223716972855752,1.5782470550918524,-1.0020929260548317,0.0036826965829200938,0.002173857449908994,0.002287300859295622,0.22277375740738262,-0.02915495521503239,-0.160775646623268,0.5520462660890247,0.009635023813123119,0.7513602770968326,0.20658567351016455,0.1840548656396608,-0.05280486570858734,-0.18934678022752924,0.49619633440779304,0.008660259919211788,0.749467635074653,0.08678805737976932,4.9536932161104194e-05,0.005718695960534563,-0.0011791060454038247,9.199331287961767e-05,0.007605864131514466,-0.001252799830409032,8.138420435499504e-05,0.013904434266717633,-0.001252799830409032,5.661499027619206e-05,0.013904434266717633,-0.00103171847539341,4.600089509656368e-05,0.011661562010195275,-0.0009580241917227021,2.830525114334346e-05,0.008858257050875035,-0.0008843289107209931,0.3301862852861683,-0.012061601448062386,0.09491494069024764,-0.19515841247740495,-0.43314567938098464,0.43379587536454356,1.2326676908627323,1.2114839251169247,0.1260776543596007,0.12886116778386886,0.14500560348982205,-0.40449765604452503,0.8004992562365244,1.401752739351004,1.241842923143048,0.09967324529392828,0.20696569651483882,-2.061713526058079,-0.05030307151278607,0.0015939593563866245,0.02148495465025909,0.005570336623762559,-0.00016788280871189156,2.2025692305504565,0.054023013507429246,-0.0017641468434008375,-0.0006026198753840218,1.1250626425835428e-05,1.3441203507394842e-06,0.0011423942200139464,3.5834794896538553e-06,-1.308648028791243e-06,0.00014518175878760906,-2.6773208249735723e-05,3.162381950747989e-07,-0.05336887505406902,0.006867505298499546,-0.0001752331211889696,-0.08535422658526083,-0.0026416312821781855,0.00014325454845484778,-0.22197638835121636,-0.00461681961914906,0.00029330980423467176,-0.039546479454557276,0.004672940834917328,-8.384753582209822e-05,-0.0006902151722623977,8.155830985262252e-05,-1.4634104293384135e-06,-0.0657366098174963,0.00814411771123257,-1.8620568018993282e-05,0.17551388458476128,0.001711733656520074,-0.0002768981373686727,-0.04075277153200716,0.006757995667886827,-0.00017069670963031002,0.09749844322908535,0.0009062680372898806,-0.0002102694697846938,0.2329997625280581,0.0010791977101622212,-0.0005359477890607585,-0.15987186740717324,0.0043979429966104705,0.00017222203523707889,-0.0027902890773760813,7.675854246432156e-05,3.005837551802302e-06,-0.029589237870347757,0.004595848410458253,-5.170048776416071e-05,0.07306055989091553,0.0008393789684321512,0.00021311338794090655,0.000520471715482154,6.14958366041468e-06,-7.402408457879024e-07,-0.005481143968986834,-0.00049029901699415,8.132888766724546e-06,-0.06719724609103661,0.00016096192067856268,0.00016105981493360808,0.0009665641946096032,1.1420449506266093e-05,-1.374688000308583e-06,-0.007289921709563375,-0.0006520976698874973,1.081674099286801e-05,-0.07139707247572989,0.00017102192928449827,0.000171126050292097,0.0008550825353022169,1.0102971183021869e-05,-1.2161403052894668e-06,-0.013326856589155008,-0.0011921125951793296,1.977432155005484e-05,-0.07139707247572989,0.00017102192928449827,0.000171126050292097,0.0005948441129957085,7.028350323843303e-06,-8.46015325904713e-07,-0.013326856589155008,-0.0011921125951793296,1.977432155005484e-05,-0.0587975830633883,0.00014084161037349836,0.00014092731574882514,0.000483305178393685,5.710334663080105e-06,-6.873766652674108e-07,-0.011177149794390325,-0.0009998174735183596,1.6584594497070867e-05,-0.05459775924326045,0.0001307816017675622,0.0001308610981237059,0.0002973947011332515,3.513747734349731e-06,-4.229706671205018e-07,-0.008490293060287287,-0.0007594728493282323,1.259784861795106e-05,-0.05039793200371202,0.00012072122679513618,0.00012079485256442452,0.5460096221451337,-0.007975100368411496,-0.0005657322457566984,0.12547129192839696,-8.322918529232769e-05,-0.00042219380109901835,0.029616744544310906,-0.02241559380169301,-0.0007317828158330448,0.8213314907296977,0.006105663718841054,-0.0011204709407182441,0.15792400387983974,0.0067248112414537995,-0.0001237464987243494,1.1770765070213876,0.00843907969002194,-0.0017678769874832692,-0.43760490878079455,0.016198610552928733,0.00045968359785279137,-0.9160486738614361,-0.012022975323159891,0.0013523105364749628,0.09376665430991689,-0.0031227210668299745,-0.00012187964007693231,0.7078375118171328,0.011915504424367443,-0.001129205013846135,0.7247941448965772,-0.033081164987511354,-0.0016465331152758116,0.31466855813374545,-0.003333247537596893,-0.0007013737443971424,1.1333021644979853,-0.029293054352406735,-0.0022513138942723567,-0.49226441335623927,0.0026938130567748988,0.0002487390347578962,-0.7570733494640418,0.004277586621990728,0.0015099182771113422,-0.23154412202797892,0.015297268777163985,0.0004322136623823932,0.46326048368975786,0.006878349380243412,-0.0009729838557240568,3.0376470982376347,0.2616696277699775,0.5610229087396126,2.5725333399288832,3.0170245559935043,0.1559698639868804,0.07485336907261325,0.011501038533526166,0.02379218355817767,0.05461526692612863,0.07402644458819417,0.0022848648917009207,0.002485751108710695,0.00040225809612785417,0.0010167628381898576,0.0044128006978516755,0.0023835076613219373,0.000370795466079314,0_1_29_p1
3483.333,-0.6664022802162527,1.5792077037601049,-0.956059664575288,0.0036684920961363625,0.0021952322479254186,0.0022891733482502618,0.2217472380184982,-0.031204058026005333,-0.16525791244578072,0.5511746830684983,0.00961981152336274,0.7509389695753664,0.2118990466718535,0.18238374180347527,-0.050061473414498577,-0.18327583742936765,0.49144295811525435,0.00857729793721299,0.749314468968822,0.08607835414603085,6.143259767719696e-05,0.005559304514594431,-0.0025329918554298646,0.00011408519188586132,0.00739387294990873,-0.002691303690561262,0.00010092790265332695,0.013516889391632798,-0.002691303690561262,7.021110514922789e-05,0.013516889391632798,-0.00221636818516707,5.7047333265186075e-05,0.011336530839592874,-0.0020580563500356714,3.510256058161052e-05,0.008611359284229412,-0.0018997435175732733,0.3398411245702876,-0.007866034379123251,0.094729299991023,-0.1768268518272346,-0.4298800945480091,0.4586988519758848,1.2280091492790957,1.1918590440750998,0.12685487590478534,0.1452849728578683,0.156154487997547,-0.3989961772800421,0.8222422209866812,1.3910794944643599,1.2263885392607865,0.0989095196318511,0.21434293797297252,-2.1347565853544905,-0.047296620857232664,0.001747804494771497,0.02781394053148021,0.005351192382715058,-0.00018117837013451686,2.2840042865335857,0.050738836389223184,-0.0019386825659093365,-0.0005814416940506811,1.3115138767835185e-05,1.3218644724432704e-06,0.001148925313312838,1.9749596265832207e-06,-1.328529482785662e-06,0.0001133119041703347,-2.63204769655612e-05,4.0249229230619627e-07,-0.0456497040762772,0.006749023767756824,-0.00019070488509353181,-0.0897477109993831,-0.002401702264134556,0.00015950547622741462,-0.22979610910073642,-0.004010702506947175,0.0003259522661007249,-0.03568727352134467,0.004686172649200086,-8.964487649917422e-05,-0.0006228585709142888,8.178924286362117e-05,-1.5645945938919998e-06,-0.05454232872602427,0.007942852081634276,-5.2421933352210154e-05,0.17813054146930776,0.0009760785613894442,-0.0003003754469385592,-0.03142750982309686,0.00662835168292025,-0.0001958626881880295,0.09983421779445692,0.0005616867244096563,-0.00021980528674442573,0.23809604387244984,1.7076708475392702e-05,-0.0005618583167221021,-0.15509094127048673,0.004752449837170268,0.0001575461991527697,-0.002706845811931312,8.29458618732285e-05,2.749694996022812e-06,-0.021503115192934092,0.004468140037357219,-7.463611729460841e-05,0.07375763442085215,0.0013422471404259846,0.00022518364226078517,0.0005362643094093425,4.8189405679554185e-06,-7.966738327345951e-07,-0.0063211066813600595,-0.00048066372484810357,1.024856941327874e-05,-0.06675439265804911,0.00039121910762485314,0.00016060796928483594,0.0009958942745945463,8.949380803066975e-06,-1.479493193051582e-06,-0.008407072912035055,-0.000639282731821744,1.3630595347507507e-05,-0.07092654054289536,0.00041567021178631096,0.00017064596771405868,0.0008810308083381528,7.916911184776989e-06,-1.308857428962409e-06,-0.015369142286545514,-0.001168685363235858,2.4918381283104672e-05,-0.07092654054289536,0.00041567021178631096,0.00017064596771405868,0.0006128935245026186,5.507611871828056e-06,-9.105152103723305e-07,-0.015369142286545514,-0.001168685363235858,2.4918381283104672e-05,-0.05841008577523982,0.00034231670390647625,0.00014053195313314112,0.0004979710732413004,4.474751462615184e-06,-7.397797644948767e-07,-0.01289000167471183,-0.000980169165374855,2.089888920448587e-05,-0.05423794130981415,0.0003178655508961531,0.00013049397310776266,0.0003064194068867066,2.7534395694238134e-06,-4.552158168290741e-07,-0.009791395412029724,-0.0007445477135521407,1.5875033379579286e-05,-0.050065791715257636,0.0002934141047926376,0.00012045596719385391,0.5339106948719742,-0.008711676386776354,-0.0005495225869149545,0.12633448447444873,-0.000646348500376454,-0.00043561343833179095,-0.007912023733675371,-0.023029835310635294,-0.0006429544720981252,0.8334063777665022,0.004504309031766124,-0.0011624010648450226,0.17343515299316853,0.006629362756735514,-0.00016474653725961986,1.1878652687685691,0.00574079596066466,-0.0018059959567608649,-0.41010429916003976,0.016206088972273505,0.00038250312239029074,-0.9369542718093402,-0.00967121604127361,0.0014128152224446241,0.08533162677982331,-0.0030466915936811774,-9.30029439121694e-05,0.7345913328070615,0.010012412469726312,-0.0012209201368948042,0.6706644145702901,-0.03497828795274731,-0.0015250065621045196,0.3031404706411431,-0.004241862616320809,-0.0006702326157576563,1.0938029568231715,-0.03218096495627675,-0.002186523986702183,-0.48989919245058344,0.002696045010282144,0.00024357663416417716,-0.7559199985656497,0.00633326855894479,0.0015291571296594075,-0.22053739017107718,0.015246097661167165,0.0003999270261329335,0.46660208252707464,0.005294052814650593,-0.0010006485489113866,3.1472568421155582,0.25679257105291986,0.5487108821462002,2.5582229990955816,3.126441514861497,0.1556445506645274,0.07036824604210475,0.011417841055879308,0.024630963973966587,0.05610554724637039,0.06957036719205124,0.0023852892309953453,0.002723335541963435,0.00042675368597754526,0.0009513803626184049,0.00440411446709435,0.002616512931255103,0.0003708775236312359,0_1_29_p1
3500.0,-0.7102038983890158,1.5803403376715142,-0.910189798825654,0.003654738901630648,0.0022166000646248346,0.002289686973715849,0.22103187692599024,-0.03329535442097798,-0.16981091746020774,0.5506388615028155,0.00961045955056505,0.750946470501826,0.2170658076883853,0.18088410454494622,-0.04738868716863546,-0.1775423510500862,0.4868456347031297,0.008497059666178305,0.7494752846034316,0.08558529763501145,7.416651989974758e-05,0.005377805232352037,-0.003829950011910856,0.00013773290725388275,0.007152478954392898,-0.004069321918821877,0.00012184791773323153,0.01307559186624504,-0.004069321918821877,8.476415911785715e-05,0.01307559186624504,-0.003351206696754312,6.887168961469739e-05,0.010966417315745958,-0.0031118352885087905,4.237858890042459e-05,0.00833021716032866,-0.002872462384266767,0.34918393189607333,-0.0036624447796109517,0.09364090917882084,-0.1581971530369076,-0.42626328015502785,0.48361250252226584,1.2238748537388764,1.1719834031023277,0.12731339434456976,0.16231292863910052,0.16579595257427546,-0.3940590696784806,0.8425988193494324,1.379893851327926,1.2112927317773512,0.09830412026620483,0.22140305061269136,-2.2042176160946716,-0.044191495640194686,0.0018937888207064186,0.03354981594593655,0.005114482944538574,-0.00019298805444681276,2.3615174748466043,0.04731336407450425,-0.002105136854254519,-0.0005572099701435618,1.4915561398480324e-05,1.2910467837309814e-06,0.0011515454443286896,3.2692103143476597e-07,-1.3403348236538867e-06,8.43442827663776e-05,-2.5580758597385408e-05,4.807616935737226e-07,-0.03889125863246265,0.006589675202979005,-0.00020342938183172868,-0.09337846287939155,-0.0021433051265345687,0.00017408650553758353,-0.23616002607284434,-0.0033483952043791357,0.0003554654005654401,-0.032250634453702166,0.0046475289712719315,-9.35081440499762e-05,-0.0005628785146023227,8.111483542843397e-05,-1.632023494639552e-06,-0.04403670953501702,0.007639227806823544,-8.467488665333937e-05,0.17906468357287714,0.0002165954049506174,-0.00032049865663587144,-0.023520048451324105,0.006442725139689728,-0.00021748850224285294,0.10158939184323941,0.00021678550031017972,-0.00022829321040555,0.24224251361848548,-0.001082785170834403,-0.0005866341410683632,-0.1509378840107123,0.005043637679348487,0.00014497525788554168,-0.0026343609345753425,8.802802455218669e-05,2.5302895783592735e-06,-0.013789411013787178,0.004272646291992345,-9.691498080867419e-05,0.07579175368705351,0.0018709813728153492,0.00023420284460118148,0.0005507070870644173,3.324678200966348e-06,-8.513377929142521e-07,-0.007126454599249158,-0.0004677877501250802,1.2316625905309708e-05,-0.06599326810646086,0.000619615152800854,0.0001592699026357808,0.0010227170644426244,6.174350035153189e-06,-1.5810129506785227e-06,-0.009478186745590688,-0.0006221575652719142,1.6381111565477798e-05,-0.07011784586711817,0.0006583410189449744,0.00016922427161593975,0.000904759022565552,5.461962607147319e-06,-1.3986708365100503e-06,-0.01732726664017043,-0.001137378589489612,2.9946653852746134e-05,-0.07011784586711817,0.0006583410189449744,0.00016922427161593975,0.0006294016321851959,3.799757841043889e-06,-9.72990658291162e-07,-0.01732726664017043,-0.001137378589489612,2.9946653852746134e-05,-0.057744103181739684,0.0005421631762682869,0.0001393611426934737,0.0005113846053031991,3.087175017576593e-06,-7.905422396871159e-07,-0.014532269020662104,-0.0009539124117541587,2.5116068878356663e-05,-0.05361952798564779,0.0005034373101241669,0.0001294067955789974,0.00031467217844527955,1.8996102517624559e-06,-4.864525863883895e-07,-0.011038880394295758,-0.0007246027462492932,1.9078452167465372e-05,-0.04949494851528022,0.0004647111508868547,0.00011945241624753128,0.5206262801310004,-0.009420535754330318,-0.0005301001675076741,0.12594519113564304,-0.0011890453260743885,-0.00044641000035781307,-0.04657664658982528,-0.023439162423981065,-0.0005494334614143697,0.8419215069332835,0.002802950019393776,-0.0011972430832266421,0.18809586057977112,0.006488816950666212,-0.00020494519271260412,1.1952254817971895,0.0029065814217931734,-0.0018357490526083899,-0.3827754487444945,0.016061394700737808,0.00030339605954121364,-0.9571889614884055,-0.007116559357866088,0.0014725683665271717,0.07562325660907297,-0.002811520699368135,-5.873816346639173e-05,0.7580551052894122,0.00795345968602091,-0.0013063475728644302,0.6136268919076867,-0.03662748328902754,-0.0013936838763152506,0.2910276536816067,-0.00506447064575031,-0.0006357846903932899,1.0476482359575576,-0.03487282926084133,-0.0021049499907126344,-0.4858181721240698,0.002706570670697153,0.00023553491326636238,-0.7498030364217674,0.00840749296342829,0.0015369886981682634,-0.2081924022481719,0.015099031752793686,0.00036483232332575635,0.46823505503304624,0.0035935158065601397,-0.0010240390850125057,3.251465204299852,0.2525223463672979,0.5376646712782885,2.536825559156032,3.230552169043519,0.15467507928904717,0.06572335181049259,0.01127887085735441,0.02528941790203644,0.05779642437343277,0.06494306367665426,0.002577278673947646,0.002949048878190633,0.00045155661386837506,0.0008844010428153636,0.004380962227753404,0.0028381834606246705,0.0003691782416862793,0_1_29_p1
3516.667,-0.7537147372284141,1.5816397228329866,-0.8645413465422591,0.0036415851030566176,0.002237969875986253,0.002288910551531462,0.22066635611140356,-0.035431144743904484,-0.17445742175732618,0.5504693077526394,0.009607499970819168,0.7513247925584777,0.22204150152771537,0.179632031768837,-0.04480752971117105,-0.17216101626332114,0.4824957959869448,0.008421140337044056,0.7498979694390108,0.08532471150037518,8.743949952841418e-05,0.00517786180924007,-0.005067414382180864,0.00016238244161254897,0.006886554106907533,-0.005384127812233762,0.00014365456007314924,0.01258944935239104,-0.005384127812233762,9.993406231069132e-05,0.01258944935239104,-0.00443398802074057,8.119720479228133e-05,0.010558692445184066,-0.0041172750893531725,4.996279249859081e-05,0.008020504993903763,-0.0038005606619692734,0.3582357449636635,0.0005105631607479049,0.0917553671560383,-0.13933239729224595,-0.4222932744519613,0.508441876105723,1.2201774998808983,1.1517583686559227,0.1275594408892059,0.17998152597290085,0.17397556726811156,-0.3897138560848134,0.8616653645768892,1.3682725690235396,1.1970083857083658,0.09765406291165503,0.22816548288718308,-2.269958436928607,-0.04149208529101754,0.0020354021058387496,0.03867692251195948,0.004837123261196893,-0.00020272596989698172,2.434811740165872,0.044385605932294014,-0.0022677068835865403,-0.0005302863073885125,1.6842881648029667e-05,1.2497972864098765e-06,0.0011501904989257119,-1.2937854262675452e-06,-1.3398264157465573e-06,5.795148505564847e-05,-2.470273999207143e-05,5.530889040330789e-07,-0.03298440193097743,0.006395591715497297,-0.00021250835752863637,-0.09617039413349895,-0.0018694133627895244,0.00018640753677929726,-0.24099918152250818,-0.002748879638231137,0.0003813627402064665,-0.029118774325924683,0.004589990946365077,-9.594956786824987e-05,-0.0005082165121401524,8.011062416039037e-05,-1.6746329676336953e-06,-0.034113309956241865,0.007321979410337289,-0.00011605462202613347,0.17826554703246314,-0.0005016282853041122,-0.0003352199903618155,-0.01697914312509182,0.006287970326999652,-0.00023463349803859706,0.10268975454554126,-0.00013345451206679638,-0.00023518860439392805,0.24541686346633185,-0.002008865824454994,-0.0006110345531920925,-0.14731217321148724,0.005372742653039527,0.00013397870121582307,-0.0025710811374081745,9.377196579790441e-05,2.338362468451143e-06,-0.006524400637970489,0.004068280468914399,-0.00011930370207198588,0.07892087400409484,0.002318183469962994,0.00023865706285031583,0.0005628588529340169,1.8072375262734762e-06,-9.047344534335006e-07,-0.007884924825615838,-0.0004487782385939139,1.4317787002828544e-05,-0.06493890857886922,0.0008196346749022174,0.00015703689453010048,0.0010452843853846969,3.3563827907727983e-06,-1.6801784427126084e-06,-0.010486951719230801,-0.000596874934652206,1.9042658263995075e-05,-0.06899758983076407,0.0008708617894184224,0.00016685170143304,0.0009247224547395064,2.9690381074375172e-06,-1.486396252672102e-06,-0.01917140888319224,-0.0010911588691959128,3.48122805675446e-05,-0.06899758983076407,0.0008708617894184224,0.00016685170143304,0.0006432904637070664,2.065555354867091e-06,-1.0340213462842915e-06,-0.01917140888319224,-0.0010911588691959128,3.48122805675446e-05,-0.05682153923623835,0.0007171802784906055,0.00013740726423944,0.0005226695480569511,1.6781249465621907e-06,-8.401305051470339e-07,-0.01607893962558772,-0.0009151482026031024,2.9196840558672226e-05,-0.05276286054890891,0.0006659532118654448,0.00012759247778597647,0.00032161616677864275,1.0325668371102464e-06,-5.169637108418573e-07,-0.012213749706368817,-0.000695157057761904,2.2178252187977915e-05,-0.04870417929701405,0.0006147258016220391,0.00011777766082249691,0.5063283610994689,-0.010095208722131706,-0.0005066331251585602,0.1242101096021613,-0.001877371015843656,-0.0004528418551103028,-0.08593566144047039,-0.023875883774850858,-0.0004495561912050427,0.846896104777081,0.0010946955531487437,-0.0012212139639932878,0.2016526407181218,0.006252933295375022,-0.00024335623394005498,1.199258270341633,0.00032034858613462996,-0.0018573627935019419,-0.3559573178569507,0.015991397224128547,0.00022215291914369712,-0.9755016794927329,-0.0049436490163382776,0.0015332798813020422,0.06510924188569868,-0.0026482604414899327,-1.7007718210286303e-05,0.7777429620849243,0.005890268527160004,-0.001386914338411342,0.5537047409185986,-0.03793039906438247,-0.0012457689322097865,0.2785909782702497,-0.005835848012416117,-0.0005998331993476353,0.9943242048946238,-0.03715024403552157,-0.001991321528756602,-0.4798716262079661,0.0030348147190544864,0.00021846719430946383,-0.7388231854848631,0.010327064490352063,0.0015268907171157673,-0.1940749294598215,0.014883538782206593,0.00032063915597161833,0.4689817120161801,0.0021159836587342487,-0.001050908575839968,3.349924963652864,0.24853378737906565,0.5283762849412019,2.508022640505301,3.3290414577274414,0.15310485787969064,0.06173022253822161,0.01121327273338863,0.025990297941822837,0.05964093858944747,0.06095140533900663,0.0027899854067847283,0.003167890878623089,0.000473494000486192,0.0008147660021739092,0.004334506329226269,0.003053924970300463,0.0003656711309366869,0_1_29_p1
3533.3329999999996,-0.796569481370047,1.583093424022934,-0.8194358442478774,0.0036292346546040054,0.0022593556446436898,0.0022869308494941998,0.22068050225432373,-0.037589544061961314,-0.17920870215876578,0.5506926520516966,0.009611398537702622,0.7519695590720665,0.2267406584190424,0.17871627496360806,-0.042355061363442206,-0.16707490292219992,0.4784893134011772,0.008351214468561153,0.7505318600580321,0.08529948201803936,0.00010075486572462918,0.0049659843233684645,-0.006248928483286941,0.00018711026645480463,0.006604757235204534,-0.006639486295326219,0.0001655305169176462,0.012074290490389885,-0.006639486295326219,0.00011515233605708072,0.012074290490389885,-0.005467812360542886,9.356161587890971e-05,0.010126631700863361,-0.005077255047169109,5.757093204078438e-05,0.007692306798707242,-0.00468669623779883,0.3670307133838682,0.004599551948246755,0.0891617101491366,-0.12033181952652859,-0.41797437992474884,0.533059263992895,1.2168360645346277,1.1313208254131224,0.1276705824586419,0.1982216632848587,0.18074972566184921,-0.38592008176164144,0.8795392819452286,1.3563062964618897,1.1837945473094014,0.09679660658609425,0.23471355232694835,-2.331241276237527,-0.03880105110563287,0.002167145710803572,0.043234716068712126,0.004536089634717229,-0.0002111295932444496,2.5030337857484826,0.04146847969678099,-0.002419490311634572,-0.0005010117929879172,1.8713537213759245e-05,1.2029280760493523e-06,0.0011449220266742637,-2.950371375578241e-06,-1.332250274862285e-06,3.354366098889974e-05,-2.3630400600347693e-05,6.199541135040351e-07,-0.027741624915442076,0.006148089429176867,-0.00022007046709287038,-0.09813493332012319,-0.0015796804981939871,0.0001967930147741151,-0.2442400339714141,-0.002124429266456852,0.0004036444208188618,-0.026053315071444726,0.004479372791803062,-9.804167903304963e-05,-0.00045471454810815386,7.818001858519016e-05,-1.7111488935943914e-06,-0.024680063800417616,0.006953979094392308,-0.0001459980779372808,0.1757181376888429,-0.0012203939292956094,-0.00034561897968939163,-0.011683284734255266,0.006080001099123534,-0.00024899880567603533,0.10308018227712282,-0.00047903619894512444,-0.00024060051835558404,0.24724216726654902,-0.002904750234434474,-0.0006332875573312153,-0.1440355493490878,0.005643513997001202,0.00012423444103693357,-0.002513893892851112,9.849784784061377e-05,2.1682945279515397e-06,0.0003641554684461791,0.0038362883898508796,-0.0001410037017868779,0.08324087079577741,0.002774040120586815,0.00024049913687308549,0.0005727674789061965,2.660074541493386e-07,-9.529426666103766e-07,-0.0085951991738283,-0.00042684844419368006,1.624199369137899e-05,-0.06360681430874222,0.0010083894532556554,0.00015406141018887412,0.001063685997210867,4.941340499418193e-07,-1.7697060536107817e-06,-0.011431617944475956,-0.0005677083307475695,2.1601851934919493e-05,-0.06758223865361365,0.0010714137574474843,0.000163690251383864,0.0009410014612435364,4.368879688420803e-07,-1.5655954483056943e-06,-0.020898372712228153,-0.001037838795350827,3.9490791703574115e-05,-0.06758223865361365,0.0010714137574474843,0.000163690251383864,0.0006546147297974349,3.0407077738563045e-07,-1.089119688499681e-06,-0.020898372712228153,-0.001037838795350827,3.9490791703574115e-05,-0.0556559570704479,0.0008823407055090571,0.0001348037168113204,0.00053187120882518,2.4692191510615737e-07,-8.848987832775954e-07,-0.01752733351861275,-0.0008704289748223686,3.312067897844417e-05,-0.051680533580431606,0.0008193164726748841,0.00012517489604528176,0.00032727872725139904,1.5191901345474326e-07,-5.445118026906568e-07,-0.01331396622844113,-0.0006611878666442686,2.5158845624506784e-05,-0.047705109235560164,0.0007562918945462799,0.00011554604856972345,0.4912126183940793,-0.010740457014120379,-0.0004810558613725165,0.12122411768185216,-0.0025733829768798937,-0.00045679407725565473,-0.12543073503580804,-0.024182740832371284,-0.00034718060648894066,0.8482389043981742,-0.0006908928707701621,-0.0012396586068157411,0.21397968437670323,0.005958682109241865,-0.0002803096215359002,1.1995968630767133,-0.002270801254189084,-0.0018722653171861481,-0.3297923168158183,0.01584588929356488,0.00014169126708128704,-0.990020128070284,-0.0027246270311946227,0.0015895639959130142,0.05529980475585839,-0.002432675965723615,2.7162293115746063e-05,0.7938020562483479,0.003731945741745979,-0.0014603482121776483,0.4912722017976045,-0.0390242014200988,-0.0010899476554902593,0.2659614372801811,-0.006499679204187994,-0.0005616044056016499,0.9339652733634902,-0.03931455382982518,-0.0018624235423366315,-0.47184169486886834,0.003466221831314521,0.00019984719449034555,-0.7232099675222158,0.012153871753284749,0.0015071817615802427,-0.17808962981183418,0.01465610189767201,0.00027317898278264217,0.4695268796419126,0.0007062889072137845,-0.0010733979619749756,3.44146462916156,0.24463582274965903,0.5212657599237974,2.4715633555728225,3.420779856157063,0.15096509946631625,0.057759626544142906,0.011144031522400951,0.0265854221516887,0.06168711878031809,0.05697133842324102,0.0030311736922158244,0.003371359173375251,0.000493501563661447,0.0007487389026214195,0.004279158997128466,0.003255001261345577,0.00036069903270562843,0_1_29_p1
3550.0,-0.838378458631805,1.5846844212891567,-0.7751900662097533,0.0036179004864415544,0.002280762357252151,0.002283842614049171,0.2210936371469013,-0.03974081395935649,-0.1840617701621817,0.5513246612057842,0.009622429517240726,0.7527592263108143,0.23103409058713045,0.17822293022392935,-0.040060037172873764,-0.16217647281419362,0.47491397650853684,0.008288812963816347,0.7513291274576742,0.08549872730945053,0.0001135236945322197,0.004747739876385583,-0.007384364396143866,0.00021082330700340074,0.006314492025970859,-0.007845887295569233,0.0001865083771956169,0.011543650557923543,-0.007845887295569233,0.00012974578193125617,0.011543650557923543,-0.006461319095958633,0.00010541888415145863,0.009681587202904325,-0.005999797193864268,6.486690697962125e-05,0.0073542459972404505,-0.0055382732971079,0.37557458577257796,0.008625843023693465,0.08592919780948992,-0.10129581556631984,-0.41333235115049805,0.5574156099651632,1.2137734220990843,1.1104992249617482,0.12766106542756353,0.2168506883780945,0.18613828810637947,-0.38257322542271416,0.8962069030330801,1.3440856915296466,1.1714252847061177,0.09572990074184987,0.24100962813731766,-2.3874311621531317,-0.03614755424464921,0.0022879029240207545,0.04723760605450064,0.00421307970971753,-0.00021834629035055576,2.5655268708398937,0.03858507231871243,-0.0025591239047388697,-0.00046960270529317,2.0500099457768258e-05,1.151014871419739e-06,0.0011358409004813147,-4.641640019295948e-06,-1.3178136597583975e-06,1.0577122694657706e-05,-2.237617245844876e-05,6.831200681852299e-07,-0.023065003929130433,0.005843863107665171,-0.0002267035284608768,-0.09926866443810954,-0.0012774402479890164,0.0002053132846795222,-0.24592413108926242,-0.0014803661485130511,0.00042209571953867695,-0.022941432053523503,0.004310758089107093,-0.00010048734921340672,-0.0004004021813998088,7.523709354866163e-05,-1.7538330355684632e-06,-0.01567079587600536,0.00655077972710905,-0.0001747987020821491,0.17148060278890004,-0.0019223114042283026,-0.0003516044119236736,-0.007492243695875009,0.0058101536457252165,-0.0002609999992009843,0.1026886124590691,-0.0008161346697425343,-0.0002443957798159276,0.247483941672604,-0.0037763305020639356,-0.0006523415274359692,-0.14088499353931472,0.005846341502979813,0.00011525720434627551,-0.0024589070454342833,0.00010203780155449914,2.011613967924844e-06,0.006934654170047554,0.003580441700120849,-0.00016225031982984565,0.08874844261153578,0.0032358368176630824,0.00023949930114637455,0.0005800910229234221,-1.244789774854302e-06,-9.961020006316299e-07,-0.00925037212403466,-0.00040254459493685587,1.809327600235338e-05,-0.06202592556211923,0.0011861785406149141,0.0001504011987407326,0.0010772841779838338,-2.3115477048000354e-06,-1.8498581715641327e-06,-0.012302997438240221,-0.0005353842338836685,2.406406106855431e-05,-0.06590254574946634,0.0012603146360524744,0.00015980127424762466,0.0009530318376827117,-2.0452165071900536e-06,-1.63650220012363e-06,-0.022491358513991543,-0.0009787463976325171,4.3992006580613436e-05,-0.06590254574946634,0.0012603146360524744,0.00015980127424762466,0.0006629837616555693,-1.4226334079581244e-06,-1.1384461883520902e-06,-0.022491358513991543,-0.0009787463976325171,4.3992006580613436e-05,-0.05427268005829414,0.0010379060918465199,0.00013160103176896825,0.0005386707266392353,-1.1559731988726328e-06,-9.249782681743451e-07,-0.018863361832111666,-0.0008208685313910735,3.6895820056372484e-05,-0.05039606243551245,0.0009637700912332284,0.00012220097318129801,0.00033146238832532234,-7.113141896992316e-07,-5.691750201193672e-07,-0.014328828883822212,-0.0006235412108200226,2.8026485829659206e-05,-0.046519443103020496,0.0008896337192248863,0.00011280089168460458,0.47539224167471605,-0.01135740542427016,-0.0004537765768080542,0.1170086765131016,-0.0032735206153868697,-0.0004583345506663802,-0.16454967151300365,-0.02436705596818681,-0.00024370833822750772,0.8458781620786169,-0.0025414851148614524,-0.001252379044688716,0.22492624810916115,0.005602743525679078,-0.0003155514823641285,1.1960753719423485,-0.004850653646449529,-0.001879758711547493,-0.3042518284903045,0.01563191594125826,6.260372941445968e-05,-1.0004813016326533,-0.0004732384228974154,0.0016376476198124864,0.04627247288740145,-0.002167931896962794,7.032967868886089e-05,0.806498835014899,0.0014830077981724636,-0.0015271508559602763,0.42688171784256573,-0.03990802609762613,-0.0009271087961324965,0.2532770804137253,-0.007058431039917829,-0.0005214486287932735,0.8670552551813608,-0.041371439327153925,-0.0017185758526504966,-0.4615959507867318,0.003987196830909572,0.0001790857930035394,-0.7033013016430508,0.01386009258786626,0.0014784149549404353,-0.16048326664488421,0.014442306889220453,0.00022261752144104495,0.47050485957211285,-0.0006505674188373256,-0.00109291359457505,3.5251528914145043,0.2407418611826105,0.5164933767425258,2.4281282586961908,3.504852148268209,0.1483101284838649,0.05385037765542073,0.011075947609658307,0.0270824668696807,0.06390563412529583,0.053039649950226406,0.0032876384643561792,0.0035575843175541483,0.0005111304953678797,0.0006894762476806592,0.0042155909807963885,0.003439664748224686,0.00035440479398667475,0_1_29_p1
3566.667,-0.8792198677428248,1.5863865242208994,-0.7317046199163094,0.0036076638810458566,0.0023021690698606114,0.0022797435836344865,0.22193109349523074,-0.0418669002516419,-0.1889462665587711,0.5523805963738818,0.009640859196810786,0.753605372902822,0.23482690697387584,0.17819382311866105,-0.0379395055155992,-0.15747598847530406,0.47181159242726034,0.008234665869102476,0.7522674473808074,0.08599375055720417,0.0001249860197283173,0.0045236944536345735,-0.008473499715938384,0.0002321103398917247,0.006016511962777867,-0.009003093946850034,0.0002053399811591352,0.010998906869104581,-0.009003093946850034,0.00014284622329672564,0.010998906869104581,-0.007414312251446086,0.00011606339792662176,0.009224714359271772,-0.006884720015196438,7.141687832960567e-05,0.007007199742118891,-0.006355124786953788,0.3838647416425874,0.012532355643234305,0.0820785456993229,-0.08234245494085496,-0.4083831853184674,0.5814500858074371,1.210942593297461,1.089489121969842,0.12748579397875776,0.23555481399171255,0.19012499760771848,-0.37956153064403325,0.9114823467844481,1.3317578191602417,1.1600168044134407,0.09456175985213805,0.24722778746322294,-2.4379982041659622,-0.033569388049370846,0.002396463173606744,0.0506834784125516,0.003871028203906611,-0.00022445026543315444,2.621785293056945,0.035762428435058564,-0.002685351308463572,-0.0004361582075009541,2.217240420569576e-05,1.0943047082115818e-06,0.001123040299557546,-6.360923487298684e-06,-1.2967482536248935e-06,-1.1298620436053087e-05,-2.0956175691944026e-05,7.441213202899521e-07,-0.01892325896747473,0.005482708709251598,-0.0002327149035783997,-0.09964404500944934,-0.0009670856150610438,0.0002119851351527023,-0.24635549270455132,-0.0008211190202311738,0.0004368636072492851,-0.019732187873561388,0.00408245620347146,-0.00010360057333314058,-0.0003443903626655135,7.12524420338573e-05,-1.80816832977226e-06,-0.007075043610898515,0.006128950257431901,-0.0002026949809020028,0.16582844419353404,-0.0025869707748744255,-0.0003533464430152174,-0.004257608608430497,0.005470810206071393,-0.00027107713919978553,0.10149228628288585,-0.0011413119657392862,-0.00024639203037783524,0.24609205284973115,-0.00463649271378154,-0.0006675761003622814,-0.13761581888463864,0.00597264418389043,0.00010643646616125803,-0.0024018488840039385,0.00010424220286495615,1.857664757312827e-06,0.013152497769453292,0.0033036477864928854,-0.00018318176499349767,0.0952591715511909,0.0037030256234690264,0.00023576425345542924,0.0005850705541362547,-2.666364551274374e-06,-1.0335990533165e-06,-0.009841407857364586,-0.00037645490443569693,1.9855527767000982e-05,-0.06022450897918624,0.001354465888626026,0.0001461417875705154,0.0010865337106401168,-4.951558532666861e-06,-1.9194875460775873e-06,-0.013089074356621872,-0.0005006849586392736,2.640785427198338e-05,-0.06398854217952499,0.001439119992926409,0.00015527565264048695,0.0009612136562643465,-4.380701113838334e-06,-1.6981011495673149e-06,-0.02392840164041675,-0.0009153118975454825,4.827674073239195e-05,-0.06398854217952499,0.001439119992926409,0.00015527565264048695,0.000668675387203216,-3.0473411624261466e-06,-1.1812988178621744e-06,-0.02392840164041675,-0.0009153118975454825,4.827674073239195e-05,-0.05269644086879845,0.0011851575478459768,0.0001278740483654817,0.000543295492967377,-2.4760450616302577e-06,-9.597946367488122e-07,-0.02006860158287972,-0.0007676663806226138,4.04894031607282e-05,-0.048932411942735426,0.0011005036351097717,0.0001187402043812529,0.0003343082010991456,-1.5235736018480222e-06,-5.905988599336465e-07,-0.01524434283895234,-0.0005831282681747628,3.07562131267581e-05,-0.0451683830166724,0.001015849251604599,0.00010960633431008803,0.45892239132439067,-0.01194249795057816,-0.00042500053160605933,0.1115619002854623,-0.003980083882492422,-0.0004573534937981465,-0.20286085878421115,-0.024435807804476333,-0.00014050442679066792,0.8397550808816155,-0.004442917401764552,-0.0012591098168274943,0.23436207763722983,0.005185965902931352,-0.00034873264403728914,1.1885784051718031,-0.007412122574237256,-0.0018795065125797703,-0.27938065669335155,0.015357679526738218,-1.4919479166422651e-05,-1.006834016582956,0.0018282731024437011,0.0016770778486517365,0.03808366842953124,-0.0018577537916220207,0.00011206784695057977,0.816037513875033,-0.0008274813277696499,-0.0015879885989877641,0.3612971123827594,-0.04057487249279611,-0.0007586183875340711,0.240621724508024,-0.007524291287089026,-0.0004798459039310589,0.7945287754449624,-0.04330863523687509,-0.0015608647293632748,-0.44921607195113034,0.004585137565431406,0.00015584446023367282,-0.6793070128972785,0.015475350753460135,0.001441284902241673,-0.14169188276102826,0.014245378685669835,0.00017004557897365557,0.47192181103809255,-0.0019433608027117895,-0.001110621447905356,3.6002807941985,0.23691725862901908,0.5140120104441804,2.3785960055992943,3.5805256084786348,0.14518708889998205,0.050052371971737904,0.011010804106030276,0.027487688663628048,0.06626236301043391,0.04920204195128007,0.0035527146220183216,0.0037248251206957544,0.0005264483135340162,0.000639952470190231,0.004146400153180618,0.0036061792449556223,0.0003469748952379727,0_1_29_p1
3583.333,-0.9213552584759522,1.5882452071224904,-0.6867498756720567,0.0035984335826303097,0.002323566307824561,0.0022747295020262574,0.223235707663142,-0.044052130765622394,-0.19368565628134962,0.5538697751208674,0.009666850141365986,0.7545193155629598,0.2380461882217959,0.1786287536829376,-0.035853411697794,-0.15295017818395057,0.4691311267326885,0.008187882567835519,0.7532548943330603,0.08664604093586553,0.0001359636420578611,0.004277463402763214,-0.009506179618416894,0.0002524967828860195,0.0056890243659196565,-0.010100315626401792,0.00022337521631824337,0.010400221037092485,-0.010100315626401792,0.00015539264729106202,0.010400221037092485,-0.008317906605116094,0.00012625711808926976,0.008722600088100023,-0.007723772093127695,7.768959166127329e-05,0.006625787954025567,-0.007129634589146294,0.3918915896616584,0.016331037832262932,0.07745009458932163,-0.06360082170294602,-0.40306321281754387,0.6050596203527419,1.2082828237171588,1.068587973899151,0.12722975018816615,0.2540265435301072,0.19275065647311923,-0.37687377146785006,0.9253170022890053,1.3195215536379532,1.1485895917512348,0.0934221825222989,0.2533147867918374,-2.4826180668150277,-0.031015623987266445,0.0024919648353606432,0.05357979431856282,0.003514335618471639,-0.00022944392534561883,2.671468894424786,0.032945532914909446,-0.0027973758466634936,-0.0004007800273733881,2.3718043845739758e-05,1.0327606008553964e-06,0.0011066920497868652,-8.096375929736208e-06,-1.269167804533977e-06,-3.225539428714299e-05,-1.9390755853256824e-05,8.038936745103554e-07,-0.01529940405876676,0.005064015965061181,-0.0002381864505826484,-0.09936370637814583,-0.0006495332483685836,0.0002170040433024927,-0.2458296738701446,-0.0001586024862394821,0.0004486823647423068,-0.016403946147866843,0.003793719307616305,-0.00010751237870381013,-0.00028630210078686214,6.621302139372515e-05,-1.876441600945715e-06,0.0010868252162442114,0.0056998706147332896,-0.000229786012694321,0.1590748808274459,-0.0032005110535653267,-0.00035149481590924744,-0.001820893602530143,0.005061086420303566,-0.00027961938643891135,0.09951981489538192,-0.0014548643553037991,-0.000246559576909576,0.24309970251686208,-0.005482882354276831,-0.0006788613039340823,-0.13398387362684933,0.006022061071042446,9.713491766641623e-05,-0.002338459665378364,0.0001051047258439205,1.6953219159497434e-06,0.018955485296686635,0.003006894885937734,-0.00020368261927228062,0.10254373759327816,0.004165153442579146,0.00022983217500891919,0.0005874821004970104,-3.928179113528209e-06,-1.0660346657089396e-06,-0.010359596254757561,-0.00034834475158987036,2.1506714657838855e-05,-0.05821905898994352,0.0015134432046611036,0.00014136284150137744,0.0010910122967386629,-7.294934625623319e-06,-1.9797274708275425e-06,-0.013778265412421959,-0.0004632984828868857,2.86039319957626e-05,-0.0618577507645279,0.0016080334545645518,0.00015019802629362243,0.0009651742001457292,-6.453769615762265e-06,-1.7513909070129338e-06,-0.02518832476502557,-0.0008469649113133242,5.229143486724503e-05,-0.0618577507645279,0.0016080334545645518,0.00015019802629362243,0.0006714305853317925,-4.489500707036606e-06,-1.2183698352362068e-06,-0.02518832476502557,-0.0008469649113133242,5.229143486724503e-05,-0.050941672876209335,0.0013242626739644844,0.00012369247114036856,0.000545534358589078,-3.647860618014387e-06,-9.89915931521063e-07,-0.0211252905907383,-0.0007103442188517969,4.3856503385719855e-05,-0.04730298366619038,0.0012296727612139894,0.00011485731160038731,0.00033568537273586204,-2.2446321823660683e-06,-6.091336382822343e-07,-0.016047015915096382,-0.0005395856519990612,3.331390100062064e-05,-0.04366429445617143,0.0011350822294717445,0.00010602212977396632,0.4418220647889643,-0.012491597558212449,-0.0003948156181342971,0.10479099105365057,-0.0046860395918350345,-0.000453689597927756,-0.23992869087835247,-0.024390742859147576,-3.873428817083955e-05,0.829854763246579,-0.006377498040213624,-0.0012595183092143016,0.24219409376828377,0.00470668718277921,-0.00037955449204574393,1.1769934749412667,-0.009945405071675911,-0.001871220825307925,-0.2553332002319083,0.015028470968309749,-9.054202864062147e-05,-1.0090787661726124,0.0041508321139788265,0.0017079154225056322,0.030865026251570917,-0.0014987860501685618,0.0001519816350045574,0.8224937338312964,-0.0031515697091597686,-0.0016433970481335768,0.29534526457258276,-0.04101386149922844,-0.000586440288067992,0.22805880921815622,-0.007909387433685081,-0.00043720700531087745,0.7174732680274006,-0.045090648681725284,-0.0013914127938474484,-0.4350314255004325,0.00524019664318567,0.00013024806155686325,-0.6513137288857532,0.01698782907449999,0.001396157096975167,-0.12209042190062744,0.01404706981778863,0.00011700174251005087,0.47340354941085794,-0.0031897178689868034,-0.0011264405786981476,3.6664090226522865,0.23325275056368774,0.5135695332153087,2.323790132765007,3.6473292558181707,0.1416142520292105,0.04629917018851617,0.010945075284343353,0.027801210654099996,0.06869062437432687,0.04538423326778208,0.003818744684932608,0.0038720561601523346,0.0005400556955148895,0.000602672355986831,0.0040744090746053195,0.003753378239223262,0.000338568675519969,0_1_29_p1
3600.0,-0.9646852732261962,1.5902338502321778,-0.6404549629083676,0.0035901317993768233,0.002344869298008904,0.0022689888647836973,0.22494728424206473,-0.046260842440693714,-0.19819085174090958,0.5556709992901551,0.009698287510518407,0.7555051059484197,0.24070077018489514,0.17949603920418014,-0.03381204169273838,-0.1486731855214199,0.4668446790900643,0.00814797686115242,0.7542956276833729,0.08750170056962776,0.00014663009711504932,0.0040078958037961885,-0.010470689952305509,0.0002723047738996535,0.0053304998283059835,-0.011125108136657789,0.000240898820673767,0.00974479405243255,-0.011125108136657789,0.00016758252545249095,0.00974479405243255,-0.009161853583600943,0.00013616161226158734,0.008172898168208898,-0.008507436895245163,8.37842814092375e-05,0.006208227903795933,-0.00785301771356188,0.3996314497011655,0.020006793490080593,0.07204997257982258,-0.04519835331192214,-0.39737691266125375,0.6281358805157408,1.2057774674051052,1.0480404060976363,0.1269627023459735,0.27211811891480076,0.19407110327067356,-0.37447751319401096,0.9375860645426004,1.3075655451083017,1.1372402611655734,0.092327452175588,0.25936279546496216,-2.5209206995508118,-0.028203870968681072,0.002574096399370201,0.05594148552732885,0.003138467972700739,-0.00023332286112893712,2.7141935201388834,0.029853293022602586,-0.0028948952453511346,-0.000363543392163121,2.5143832794618104e-05,9.663295134402182e-07,0.0010871278349650806,-9.836175921190928e-06,-1.2353423769270012e-06,-5.236415183554926e-05,-1.7703555793222345e-05,8.628404829061434e-07,-0.01219250741089964,0.0045870567583312484,-0.00024311552954137114,-0.09851787594006534,-0.00031668036679415967,0.00022062687600251225,-0.2445595164197536,0.00048430784733064094,0.0004582301335997655,-0.01300690140592074,0.003447122225234864,-0.00011226416055176635,-0.00022701191257596935,6.016379700883064e-05,-1.959374416614253e-06,0.008782952718778856,0.005263789464162341,-0.00025607365790303175,0.1515186127555733,-0.0037507249821203776,-0.00034674421520496286,-2.045240931623695e-05,0.004586264071988974,-0.00028697490073861646,0.09683654085918669,-0.0017729459383913728,-0.000245008815753345,0.2386055247153476,-0.0063183235474274175,-0.0006863085903269003,-0.12982773034000583,0.00600627336918546,8.67673236345979e-05,-0.002265920932148331,0.0001048292168065479,1.5143732396112436e-06,0.024271475526160182,0.0026990942527190384,-0.00022358639526542522,0.11034449167172182,0.004635288982914751,0.00022226949422083145,0.0005874231154920857,-5.1205305892373685e-06,-1.0928868527905093e-06,-0.010796291311288845,-0.00031631789671932335,2.3025446454565978e-05,-0.0560242115693087,0.0016622721200683728,0.00013611963860720342,0.0010909020204251082,-9.50922759186082e-06,-2.0295953857792903e-06,-0.0143590685296802,-0.00042070271528343476,3.0623847452068936e-05,-0.059525723884106915,0.0017661640909359976,0.00014462712131296928,0.0009650750369490448,-8.41267831933532e-06,-1.7955040561798449e-06,-0.026250102725555394,-0.0007690948387788557,5.598408169174455e-05,-0.059525723884106915,0.0017661640909359976,0.00014462712131296928,0.0006713621969202859,-5.8522564210012156e-06,-1.2490570037483663e-06,-0.026250102725555394,-0.0007690948387788557,5.598408169174455e-05,-0.049021181810581405,0.00145448788236647,0.00011910467024011021,0.0005454787930047289,-4.755049125524673e-06,-1.0148501746328091e-06,-0.02201579746834585,-0.0006450350477744085,4.695350148594292e-05,-0.04551966949578322,0.0013505962232695451,0.00011059720857903765,0.00033565032367496487,-2.9259522109121767e-06,-6.244757943589523e-07,-0.016723454241860756,-0.0004899760555942725,3.5666415963712734e-05,-0.04201815974555044,0.0012467038946558184,0.00010208972564065818,0.424117273600753,-0.01300058167160523,-0.0003632282725796988,0.09667927486808586,-0.005392300289068535,-0.0004469731378565796,-0.2753958605715387,-0.024213584524620826,6.048937026312586e-05,0.8162646206765297,-0.008325478215524656,-0.0012533306883688985,0.24833440286099842,0.004155151904867783,-0.00040779353166500774,1.161315075128757,-0.01243387403524687,-0.001854629968393156,-0.23227740052811255,0.01465045846105114,-0.00016373342591302902,-1.007245332699977,0.0064574161787724444,0.0017304262997194814,0.02459234540439892,-0.0011102450835028157,0.00018965035851581968,0.8256624553128756,-0.005448569001112301,-0.0016937675484063103,0.22987550462707496,-0.04122279550416823,-0.00041275445790490343,0.2155616835801576,-0.008215008650111778,-0.0003938830020518356,0.6371624611090019,-0.0466999039620694,-0.0012127358687409782,-0.4195125219960936,0.005925962410799634,0.00010288755798512479,-0.6195055443734121,0.018517056718919574,0.001343110277231307,-0.10177680601069784,0.013830653774617223,6.483690369522416e-05,0.4742551475565939,-0.004379786436554126,-0.0011396730099407012,3.72303533469938,0.22984700698038504,0.5148448542769882,2.26445794014597,3.7047291945219682,0.1376028831638881,0.04221377457233511,0.010886643717095806,0.02800695809506137,0.07116591883043252,0.04118893620264578,0.004075806259870745,0.0039989990179737245,0.0005525738103895559,0.0005791189237811335,0.004002076097202039,0.0038808289728729157,0.00032928287175862695,0_1_29_p1
3616.667,-1.008880835648413,1.592324155778801,-0.593178372752267,0.0035826612915127874,0.0023659593580245024,0.0022627715033225935,0.2269465369589422,-0.04849194369807512,-0.20243147373649067,0.5576111396999294,0.009732149391334599,0.7565803913326015,0.2428452941353987,0.1807304078590226,-0.03181702912861225,-0.1447916655181021,0.464913390990256,0.008114269566641403,0.7554149661752059,0.08870889893600617,0.00015707963267948965,0.0037117837415683317,-0.011354184595644048,0.00029171034185432765,0.004936671269248468,-0.012063821506870926,0.0002580658791963832,0.009024827784026869,-0.012063821506870926,0.00017952506552563726,0.009024827784026869,-0.00993491127185579,0.00014586464557167462,0.007569067604227421,-0.009225276355290916,8.975480344755981e-05,0.00574955088838232,-0.008515638945398534,0.4070568617479888,0.023391788763822516,0.06568549931072962,-0.02726093488140916,-0.3913123642508059,0.6505387552534078,1.2033884108584252,1.0282553043291438,0.12681341635640245,0.28972463738043513,0.1941849052205551,-0.3723911022249474,0.9483168185267635,1.2960972244568914,1.1255542186686243,0.09086820582527406,0.26545603459498524,-2.552420568587558,-0.025164077915450386,0.0026422003613033305,0.057799897012413066,0.002747993270540586,-0.00023609555155044474,2.749444080651739,0.02651671889714932,-0.0029773010500379615,-0.0003246620156561252,2.6455046729790146e-05,8.949130503943764e-07,0.0010648528744821996,-1.1561687619527405e-05,-1.1959795815107816e-06,-7.17052494647916e-05,-1.5928403351103613e-05,9.210873568453882e-07,-0.009532235816914706,0.0040629645514840855,-0.0002474608268756084,-0.09715685508158128,2.5424441030950915e-05,0.00022302167893233383,-0.2425668995159302,0.001095015860905841,0.0004658909747665911,-0.009540843353357892,0.0030611341749829718,-0.00011772900184854723,-0.00016651808832256296,5.342702484396735e-05,-2.0547553188588987e-06,0.016029938473887936,0.004820970418621007,-0.00028149136343828514,0.14331161014140112,-0.004233964942489697,-0.00033961192107722726,0.0013158520223942646,0.004055658151263503,-0.0002934908956468476,0.09344607166300711,-0.0020941767101311016,-0.00024191745768564738,0.2323020135174131,-0.0071334957099023445,-0.0006902275524839447,-0.12503269139974993,0.005935437954225392,7.49577117951359e-05,-0.002182231468422133,0.00010359285058750575,1.3082555343154654e-06,0.029155563871894514,0.002378792877336585,-0.0002427196850836259,0.11895348478815097,0.005103523691776963,0.00021362310344821196,0.0005851167163140218,-6.278297068270275e-06,-1.1145129091192853e-06,-0.011147196525005527,-0.0002802384667050517,2.4387710450652263e-05,-0.05365587728121877,0.0017996652962745177,0.00013046784775280068,0.0010866166315890687,-1.1659259875714723e-05,-2.069755635501753e-06,-0.014825772421180626,-0.000372717110422544,3.243565557647848e-05,-0.05700936971815184,0.0019121443780549384,0.0001386220908831172,0.000961284609241285,-1.0314751368059779e-05,-1.8310281791342604e-06,-0.027103293466424316,-0.0006813712417923362,5.929628378303219e-05,-0.05700936971815184,0.0019121443780549384,0.0001386220908831172,0.0006687258236567019,-7.175371280724622e-06,-1.2737713517086285e-06,-0.027103293466424316,-0.0006813712417923362,5.929628378303219e-05,-0.046948890697642354,0.0015747069624610132,0.00011415935496188175,0.0005433365260142808,-5.830095079626801e-06,-1.03493093405038e-06,-0.02273136336989865,-0.0005714618943238469,4.973142577603109e-05,-0.043595397405854136,0.0014622281914934707,0.00010600512797084735,0.000334332137043173,-3.587512873419379e-06,-6.368304933983208e-07,-0.017267006191371285,-0.00043408903804841633,3.7776556813697586e-05,-0.04024190838834165,0.001349748822606238,9.785088489868428e-05,0.405888075798833,-0.013464556000813735,-0.00033030453023414144,0.08741903857054652,-0.00609515280096573,-0.0004370625160764335,-0.3087610038704628,-0.023904353048750777,0.00015622178982205927,0.7991331389453862,-0.010265969053769433,-0.0012404882819190984,0.2527794034106537,0.0035303266226014915,-0.0004332347336789601,1.1415371354078974,-0.01485871095248254,-0.0018297099375030248,-0.2104308541199839,0.014223066003566322,-0.00023397402303449537,-1.0011093850782071,0.008717916883443214,0.001744838022495183,0.019196208230914908,-0.0007044206555390376,0.0002251997823774448,0.8250944929747331,-0.007701561082993222,-0.0017388652993605123,0.16561173585000666,-0.04120422788665678,-0.00023977834104336237,0.20310689122373762,-0.008443339775145713,-0.0003500064288019102,0.5547206003350772,-0.048112929393496484,-0.0010277322214271533,-0.4031476880356238,0.006616530485942956,7.458311219810901e-05,-0.5846888681533744,0.020043574277137752,0.0012824779663146095,-0.0808581262145278,0.013598462600987989,1.3982328924068727e-05,0.47415549452791167,-0.005518469441605681,-0.0011490543836594894,3.7694432915409273,0.22698930910891923,0.5174172164620866,2.2012301095742886,3.752017535157995,0.13317155900913216,0.03785958055680485,0.010839113275938726,0.028104505877981384,0.07363131089033194,0.03665951108070567,0.004318841265386193,0.004104923074526284,0.0005644519735706758,0.0005696753226772836,0.003931282047345017,0.0039876419700029435,0.00031920128462303946,0_1_29_p1
3633.333,-1.053553716698451,1.5944624708451567,-0.5452721675351472,0.0035760814002327684,0.002386746728081256,0.0022563092971007084,0.22908423617340487,-0.050692365557864966,-0.2065058571101433,0.5594951852275448,0.009765031893107675,0.7577297290422833,0.24456611597270203,0.18231140538596263,-0.02994283723128818,-0.14134592131708423,0.4633778557996719,0.00808746928797878,0.7566503486170112,0.0903741360259575,0.00016728183015564732,0.003397766097211513,-0.012158817783394976,0.00031065713754847754,0.0045190279418802414,-0.012918744611688819,0.0002748270240015356,0.00826132552409394,-0.012918744611688819,0.00019118536092546114,0.00826132552409394,-0.010638965124138288,0.00015533829275149986,0.00692872325629772,-0.009879040290506447,9.558420314922087e-05,0.00526313759916151,-0.009119113462212605,0.4141178360816926,0.026431183413729024,0.0583711036683017,-0.009881634348440407,-0.38492225708165634,0.6721779776328264,1.2010982331978566,1.0094621993369317,0.126933344910624,0.3069025802749322,0.1931944971925599,-0.3705982147454982,0.9574836512853877,1.285255280532739,1.1137044009573192,0.0891833302905793,0.2715935547227934,-2.576690117270225,-0.021941601609673907,0.002695487069481677,0.05919154476613413,0.002347715602504018,-0.00023782601863093844,2.7766805742272553,0.02298244388804754,-0.00304380101377519,-0.0002844940821576494,2.7657303270772308e-05,8.188461753660945e-07,0.0010404895028829325,-1.3253151658706459e-05,-1.1522517910540078e-06,-9.035733384810488e-05,-1.4104475316921057e-05,9.787208286038705e-07,-0.007151842942165851,0.0035094276407894114,-0.00025136771680867704,-0.09527681148708389,0.00037530620804157697,0.00022427188176694986,-0.23969308168759487,0.0016709760889609636,0.00047157322613829665,-0.0059193478448470276,0.0026597814468644733,-0.00012390563322149526,-0.00010331095384262209,4.642209683269929e-05,-2.1625570918832133e-06,0.022810510988245648,0.004369132968829829,-0.00030604185855597285,0.13446153163216304,-0.004655264370609054,-0.00033026564075276015,0.0023631427528014223,0.0034822741067678117,-0.0002995193907420625,0.08932938934445825,-0.0024175279622673266,-0.00023734431883390167,0.2238709183209812,-0.007909881116122477,-0.000690049039713747,-0.11953856901996958,0.005820894308674181,6.149763357191724e-05,-0.002086341512083131,0.00010159368491140442,1.0733323509567006e-06,0.033655318748367684,0.002043355998539386,-0.0002611684145788951,0.12856201300723236,0.00554848575093014,0.00020320068167910445,0.0005808364566088452,-7.414350226649793e-06,-1.131478783692532e-06,-0.01140926690188527,-0.0002398224542438412,2.5584170232245185e-05,-0.051113031154356274,0.0019240604488675328,0.00012446753699222286,0.0010786690433168442,-1.3768967421212332e-05,-2.1012577727592797e-06,-0.015174325073541477,-0.00031896389560393576,3.402694805934832e-05,-0.054307596616644034,0.002044314260505348,0.00013224676372291163,0.0009542525708281065,-1.2181091471771974e-05,-1.8588976848864591e-06,-0.02774048966781099,-0.0005831038370373356,6.220535712371579e-05,-0.054307596616644034,0.002044314260505348,0.00013224676372291163,0.0006638334876685401,-8.473744190142197e-06,-1.2931597776625715e-06,-0.02774048966781099,-0.0005831038370373356,6.220535712371579e-05,-0.04472390193949107,0.0016835527077799315,0.00010890908598697191,0.000539361449595453,-6.884990876767128e-06,-1.0506843818378167e-06,-0.023265776063066443,-0.0004890457040501111,5.217124752940319e-05,-0.04152933647720331,0.001563299279270472,0.00010112987467719948,0.00033188639647666393,-4.236617075259288e-06,-6.465243249573313e-07,-0.01767295125352372,-0.00037148471532890955,3.962987266051922e-05,-0.038334774434336145,0.0014430452267407022,9.335065108679496e-05,0.3872772604024437,-0.013879638526507651,-0.00029629523071910156,0.07703271356000667,-0.0067743992940722305,-0.00042430873122448984,-0.33989825532316714,-0.02344028571513391,0.0002473025350042868,0.7786936892331393,-0.012177806881727617,-0.0012211239657570951,0.25553638818648117,0.0028312591983211273,-0.00045582398331455495,1.1177671221833856,-0.017196752497434575,-0.0017965704360236778,-0.19003826243759092,0.013747919481490081,-0.00030061878329905415,-0.990572614110904,0.010884229404122064,0.001750749300892998,0.01442153706931587,-0.0003018580128620751,0.0002590101405746836,0.8200913224526081,-0.009905336809498098,-0.0017776946571418078,0.10321513569411446,-0.040967862253978374,-6.9372982253769e-05,0.19074743487752246,-0.008591745681169372,-0.0003057024907857537,0.4711545443522957,-0.04932455258947336,-0.0008388242175925672,-0.38640631261052616,0.007283160101342282,4.6024926562701996e-05,-0.5475293366028098,0.021600209676568154,0.0012159879388231438,-0.059333160924117175,0.013397291946753981,-3.536649492480601e-05,0.47287279806227117,-0.006615917800485876,-0.0011547966132108617,3.8049279740631485,0.22492213369352207,0.5210072354151842,2.134578254010461,3.788507856982823,0.1283044192412637,0.03333054917344789,0.010802385445370283,0.028071049959507263,0.07606371315917182,0.03186125415491073,0.004542912470842971,0.004188677130833291,0.0005756534235399008,0.0005735741512304825,0.0038635226865051716,0.0040727066337298765,0.00030843066057924457,0_1_29_p1
3650.0,-1.098601378282756,1.5965966011106323,-0.49677288647289675,0.00357047241068236,0.0024071511230335713,0.0022497483551097122,0.23124720476344346,-0.05284338512517887,-0.21052264062915615,0.5612176805862682,0.009795095438806026,0.7589652580917455,0.24595049069009842,0.18420484228095022,-0.02824807615171013,-0.13840615055954705,0.46226598332771335,0.008068063221358604,0.7580305041256071,0.0926622761392906,0.00017739376917620193,0.003071391023085076,-0.012898050492080667,0.00032943538430343477,0.004084949098278735,-0.013704179177667806,0.0002914390678220177,0.00746777767042068,-0.013704179177667806,0.00020274193390116643,0.00746777767042068,-0.011285793120906398,0.0001647281641272293,0.006263179345962226,-0.010479666429981263,0.00010136224030432324,0.00475758303470133,-0.009673537744394126,0.4207791379953377,0.029083763234843543,0.05016393271890413,0.006858687681404686,-0.37824994862308253,0.6930200183830688,1.198883963397116,0.9915307609031013,0.12734028787368099,0.3238284168416304,0.19118626500601363,-0.3690947661865482,0.965110545138392,1.275169836108895,1.1018399005390156,0.08715434115257187,0.27765908999226674,-2.5934262703852466,-0.018630559697581876,0.0027331055703900707,0.06019294088843463,0.00194500865596861,-0.00023860816733565373,2.795379887647554,0.01933886585460905,-0.0030933274008551038,-0.0002435294236651293,2.8735532542600555e-05,7.389174486104621e-07,0.0010146728775391471,-1.4896401867773374e-05,-1.1056426153818134e-06,-0.0001083366472332219,-1.2267284815792649e-05,1.0357374089769276e-06,-0.004803513974152124,0.0029468653404571637,-0.00025524116759988267,-0.09289500126250659,0.0007251347297889578,0.00022430069827705703,-0.23571453455688304,0.002227643262245925,0.0004747284021869834,-0.0019832220457930575,0.0022682705438947324,-0.00013100975590754721,-3.461222991869659e-05,3.95889947053421e-05,-2.2865480767294194e-06,0.029061638372676436,0.003910030202868953,-0.0003295929135646054,0.12498699853745704,-0.005025750280850475,-0.00031846960029800585,0.0032716819448131455,0.0028733311901915823,-0.0003054280909733863,0.08448415074559092,-0.0027314667707812857,-0.00023123889924109653,0.21300310042495268,-0.008640389695222591,-0.0006851064366729859,-0.11335124973318475,0.005663675439487627,4.629732010290758e-05,-0.0019783527908934563,9.884969616069681e-05,8.080377344795901e-07,0.03776623250440528,0.0016894888336319966,-0.0002789862246902866,0.13917823335674828,0.005953933327856788,0.00019041988274782397,0.0005750054896727537,-8.524220393195315e-06,-1.1445137202860102e-06,-0.011583660770647973,-0.0001964497176600029,2.6607328196352613e-05,-0.048368594797185166,0.0020355878577713376,0.00011813675598122126,0.0010678388834996118,-1.583014361897285e-05,-2.125468867941069e-06,-0.015406269500297368,-0.00026127815172822996,3.5387745775325994e-05,-0.05139163272000748,0.0021628121515472306,0.00012552031161632536,0.0009446713543760154,-1.4004493422831026e-05,-1.8803135576834116e-06,-0.028164512351690072,-0.00047764736919145105,6.469306015178728e-05,-0.05139163272000748,0.0021628121515472306,0.00012552031161632536,0.0006571681821120668,-9.742246018390958e-06,-1.3080562015260173e-06,-0.028164512351690072,-0.00047764736919145105,6.469306015178728e-05,-0.04232251980639565,0.0017811391315749805,0.00010336965615355195,0.0005339459422592648,-7.915608787822569e-06,-1.062788121541783e-06,-0.023621400932032244,-0.0004006000494758858,5.4257668677109586e-05,-0.03929948188357334,0.001653915219969624,9.598611871020319e-05,0.00032855417112599917,-4.870773524298443e-06,-6.539732022324933e-07,-0.017943087188685532,-0.00030430034741749947,4.121474026558525e-05,-0.036276447380171585,0.0015266907070922036,8.860256650615034e-05,0.3685192757090572,-0.01423686189150145,-0.00026159206377659636,0.06565549175804317,-0.007421722687298215,-0.0004087195272415899,-0.36867729653724995,-0.022822791129651795,0.00033337387998603557,0.7552132325429467,-0.014043780070357682,-0.0011955735869977058,0.2566294923137567,0.002067410875665496,-0.00047553419596947085,1.090081158596069,-0.019430193063283085,-0.0017555685707939816,-0.17137423059878631,0.013223538554382004,-0.0003629321523553819,-0.9756793423275658,0.012928229959129697,0.0017478854430883302,0.010273273837188391,7.497627437081294e-05,0.00029179852956616264,0.8100576687865119,-0.012082805248231045,-0.0018083768469351928,0.043299301229684374,-0.04052764432215857,9.676802620825505e-05,0.17862297992005824,-0.008662803878563574,-0.00026128741392464653,0.38742743537012664,-0.05032818247029433,-0.0006480726171044476,-0.3696955734840758,0.007908439127788306,1.779467941080451e-05,-0.5086888349945116,0.023163456647803116,0.0011451553114023695,-0.03752222179729482,0.01321536405738325,-8.33374185910289e-05,0.4702923853261131,-0.0076654322821012155,-0.001157149614972738,3.8288856499187935,0.2238739637602332,0.5253951362062024,2.064946473150982,3.8136115201900207,0.12294093469404757,0.028799639774276638,0.010774219505812742,0.027904300727890602,0.07842186661519826,0.026923479418147548,0.004749183084125429,0.004248815323836875,0.0005860548605014422,0.0005887445996664694,0.0037993443417534294,0.0041346677214129405,0.00029698793449089707,0_1_29_p1
3666.667,-1.1438841885758477,1.5986706337059748,-0.44772293009569797,0.003566000378473249,0.002427105721704372,0.0022431166026176345,0.23336004101471322,-0.05495534472249863,-0.21464585033663164,0.5627591962722006,0.00982199993855827,0.7603387379652857,0.24713846400543335,0.18635895806235717,-0.026742831399627146,-0.13586120519340303,0.4615621299389621,0.00805577859675207,0.7595582895556467,0.09555553536825859,0.0001874787802597257,0.0027387571982609863,-0.01359700299629234,0.0003481642631738356,0.0036425465301417157,-0.014446816275725895,0.00030800772774395,0.006659012540332029,-0.014446816275725895,0.000214268088281337,0.006659012540332029,-0.011897376437425233,0.0001740926035624298,0.005584872590805147,-0.011047565651319183,0.00010712432016340737,0.004242333415579072,-0.01019775237188563,0.427002878884191,0.03131886777886352,0.04119961151071991,0.02288573453653077,-0.37136962783493216,0.7130656838462498,1.1967836576125448,0.9744027773104446,0.12792232525929106,0.34060625796507293,0.18821873054806676,-0.36784516978331483,0.9711597890059618,1.2659654034728622,1.090190827606282,0.08478990721231358,0.28368251944286854,-2.599192924859157,-0.015266722688964077,0.0027545336724491536,0.060961759991172274,0.0015474737784487728,-0.00023861135319160585,2.801893659871522,0.015614768770928562,-0.00312488954930975,-0.00020239550385412486,2.9674615821445163e-05,6.562971493734061e-07,0.0009878210226161783,-1.647832232637841e-05,-1.0576070528410495e-06,-0.0001253833136564143,-1.044113415823614e-05,1.0918781989781413e-06,-0.002352109992315221,0.002390270881581749,-0.0002596577905581162,-0.0902218598243312,0.0010720707636716624,0.0002230867542926958,-0.2303656520660399,0.002779026771282318,0.00047473186339933677,0.0023180645313570928,0.0018996404738849655,-0.000139436925687494,4.046029395766092e-05,3.315515877902064e-05,-2.4336306180731373e-06,0.03469766927089836,0.0034415300143119166,-0.0003518654723423942,0.11479759026415451,-0.005357474103514114,-0.0003040493387816878,0.004034985522162809,0.002238946758708677,-0.00031150719209743435,0.07916161147086019,-0.003027441213662929,-0.00022356249455552401,0.19957372362296294,-0.009311618075704776,-0.0006747598532325801,-0.10665772027928241,0.005467888339445496,2.941187709527905e-05,-0.0018615282869371076,9.543259446973443e-05,5.133319140090154e-07,0.04132972438169746,0.00131475123524309,-0.00029609403119830067,0.1506165456718556,0.0062954850013019,0.0001751208822388387,0.0005669305279840983,-9.636362031980172e-06,-1.1545528257509335e-06,-0.011700170687911397,-0.00015099323502642067,2.7459402779302918e-05,-0.04539477686897937,0.0021357305745383203,0.00011143382128514162,0.0010528421597113331,-1.7895398696991082e-05,-2.1441084011078623e-06,-0.015561229092220151,-0.0002008210407495128,3.6521006174288685e-05,-0.04823195047671904,0.002269213769030562,0.00011839844329713479,0.0009314057122540005,-1.5831510189926864e-05,-1.8968026734881454e-06,-0.02844779595896406,-0.0003671245168501203,6.676479555175567e-05,-0.04823195047671904,0.002269213769030562,0.00011839844329713479,0.0006479391659792353,-1.1013263563205851e-05,-1.3195262264047901e-06,-0.02844779595896406,-0.0003671245168501203,6.676479555175567e-05,-0.039720428798644916,0.0018687639283789333,9.750458722249247e-05,0.0005264462980824096,-8.948327200088573e-06,-1.0721074759201183e-06,-0.023858988257592573,-0.0003079052030748537,5.5995220300333214e-05,-0.036883255190905254,0.0017352811395238393,9.053998477741177e-05,0.0003239396630595835,-5.506248892702373e-06,-6.597081821743852e-07,-0.01812356164208633,-0.0002338883151517321,4.25346020782218e-05,-0.03404608329287589,0.0016017977232960635,8.357536578939596e-05,0.34984217228024955,-0.01453003135135868,-0.00022676573628337645,0.05347337169199622,-0.00803143834048378,-0.0003906017043115261,-0.3950846259305696,-0.02206358586363253,0.0004140277350655035,0.7290252914640305,-0.01584987539450212,-0.0011642565843298397,0.2562252467036303,0.0012475315610958849,-0.0004923673388573,1.0585821119299703,-0.02155132903741387,-0.001706970978460627,-0.15478463213991384,0.012651605210798715,-0.00042009207777057514,-0.9562681457216723,0.014866737945543246,0.001736333178845949,0.007067908989868526,0.00042629772735360363,0.0003234651259976733,0.794653120109619,-0.014264499431335446,-0.0018291075556468154,-0.013642579384572065,-0.039894711144011254,0.00025710799534047217,0.16681867590765584,-0.008658989685882829,-0.00021730018962058616,0.3043955031394731,-0.0511214276641801,-0.0004573185504464687,-0.35335836331272263,0.008477441525800971,-9.787477981034126e-06,-0.4686021845425381,0.02471176363320693,0.001071421816442983,-0.01614376927513067,0.013082514378797329,-0.00012919889961080452,0.4661858586866726,-0.008642675453599945,-0.0011566361834590404,3.836333623863492,0.22396565489784862,0.530415694180114,1.9925780173406178,3.822319885949192,0.11708528848188561,0.024387701739708192,0.010743602900737321,0.027612092170828783,0.08068660420323323,0.021892687401538814,0.0049408841514148386,0.004284180966867509,0.0005957417314363447,0.0006127082143783299,0.0037387521423257806,0.004172448749519888,0.000284787190481094,0_1_29_p1
3683.333,-1.1892566045714024,1.6006356365802767,-0.39819286007054716,0.0035628228819036185,0.0024465451989130853,0.0022363502104404027,0.2353751832091008,-0.05703122487352117,-0.2189677164115621,0.5641293759774577,0.009845914439969095,0.7619089438721279,0.24822090922887222,0.18869304571357826,-0.02541332783925146,-0.13355884463599021,0.4611949415869416,0.008049370246404246,0.761250469542594,0.09899569351833906,0.00019784553735107145,0.002405454164335132,-0.01427642227418119,0.0003674167408198348,0.0031992533454206795,-0.015168698915650265,0.00032503914925041135,0.005848619766049523,-0.015168698915650265,0.0002261163805748756,0.005848619766049523,-0.01249186799391204,0.00018371884238542937,0.00490520098817301,-0.011599593347104968,0.00011304796764467614,0.0037260470708811292,-0.010707316705635893,0.4327692417812593,0.03312131816661713,0.03158732534842627,0.038087266586069535,-0.36437840184479303,0.7322563658660873,1.1948894019088052,0.9581100634178967,0.12863903075398853,0.3572371692934344,0.18435175661740058,-0.3668056791074295,0.9755864271958895,1.257798372602933,1.0789419641563514,0.08211470493210021,0.2898943018343525,-2.593635318371831,-0.011887092573506015,0.0027518577868948374,0.061498316661041275,0.0011631216709509554,-0.00023815074558890031,2.7958045796830118,0.011837997247419735,-0.003130164392667623,-0.00016148213667023438,3.0450836983173295e-05,5.724500457748207e-07,0.0009600168590629776,-1.798723815569985e-05,-1.0088917932308205e-06,-0.00014087243400754215,-8.635158082074115e-06,1.146155055845326e-06,4.180156167833855e-05,0.001850218749019102,-0.00026483492265946503,-0.08725211955516148,0.0014159492737980646,0.0002210859081232646,-0.22362907210709423,0.0033433137325285,0.00047098859640104187,0.006637429585087947,0.0015572137412616274,-0.0001492885723453761,0.00011584825938208799,2.717869477908299e-05,-2.605575836204227e-06,0.039527546122831804,0.002956791070715851,-0.0003725096186034534,0.10396110109943718,-0.005668542183459449,-0.000286651826151676,0.004558521038480656,0.0015918334852852187,-0.00031762671705325087,0.073413781762072,-0.003302788270592618,-0.00021488328407407285,0.18366559602308533,-0.00993197522337461,-0.0006588505375585122,-0.09963862009870689,0.005242968997323112,1.1321149047005905e-05,-0.0017390224156948364,9.150702493921918e-05,1.9758828290890807e-07,0.04419047147488277,0.0009185319819447754,-0.0003120810381739972,0.16274129384463445,0.006569629319427791,0.00015764165917101923,0.0005561661920129409,-1.0761277649057167e-05,-1.159929655937527e-06,-0.011765038805935797,-0.0001044002835401926,2.820878378828471e-05,-0.042191936408899317,0.002227431767730974,0.00010431745142570741,0.0010328530818830637,-1.9984492021305955e-05,-2.1540919153325213e-06,-0.015647501928191015,-0.00013885244817876625,3.751768584354032e-05,-0.04482893286188308,0.002366646295193654,0.00011083729876481325,0.0009137213238935073,-1.7679654091291724e-05,-1.9056378699315984e-06,-0.02860551502329113,-0.0002538384795907255,6.858684416347213e-05,-0.04482893286188308,0.002366646295193654,0.00011083729876481325,0.0006356369456043208,-1.2298935767629328e-05,-1.325671027118177e-06,-0.02860551502329113,-0.0002538384795907255,6.858684416347213e-05,-0.03691794264807661,0.0019490024592225348,9.127776173842684e-05,0.0005164513317407031,-9.99286703777218e-06,-1.0770981229864524e-06,-0.02399126597798401,-0.0002128928443788882,5.7523359629113894e-05,-0.034280946195092823,0.0018097884097124791,8.475793464354968e-05,0.0003177898351548421,-6.148978317612546e-06,-6.627795032721839e-07,-0.01822404131569257,-0.00016171584305161844,4.369539453921656e-05,-0.031643954016384764,0.0016705736334558237,7.823808712998364e-05,0.3313249105210909,-0.014752612808575268,-0.00019233301899042486,0.04074984878227034,-0.008597516251990917,-0.00037035915183152046,-0.41913152331674897,-0.02118464260078013,0.0004890781423820307,0.7004013543123897,-0.017583388925141705,-0.0011276702308287893,0.2544345371813738,0.0003846560614210946,-0.0005066508563901779,1.02335695600228,-0.023557803559770975,-0.0016510350841699795,-0.1406337661450791,0.012027356832913965,-0.00047119899303432874,-0.9322403928164388,0.016707503211427853,0.0017158602541419703,0.005162135110396864,0.0007696453846479015,0.0003532232712306322,0.7734594462365049,-0.016471065429454226,-0.001838943775470411,-0.06722226086225552,-0.03907500496418782,0.0004104077857450191,0.15550131704684966,-0.008588254990099482,-0.00017413049783369995,0.22290057481178055,-0.051690374206867555,-0.00026816752001750023,-0.33780399956216206,0.008976288453451301,-3.6616861796510825e-05,-0.4277329005287017,0.026215749774399104,0.000995712740778586,0.003996388812418816,0.01300510869973473,-0.0001712375528661076,0.46014411268233163,-0.009544520401412527,-0.001153476332563675,3.8267501530179873,0.22535041966269112,0.5358245798257162,1.9175177519664472,3.81408579124648,0.11076720736369183,0.02028516133987824,0.010714544557655884,0.027209299007982093,0.08282849084871319,0.016816519439605195,0.005124439679049166,0.004283615435849473,0.000604648845857962,0.0006429271505351071,0.003681062657179378,0.004174610022657887,0.0002719034767492208,0_1_29_p1
3700.0,-1.2348433584684084,1.602446826080928,-0.348024205488018,0.0035610815419756282,0.0024653822881971097,0.002229419757313483,0.23723701618065876,-0.05901439512933977,-0.2234859170673769,0.5653078332590454,0.0098664823972056,0.7636845017281012,0.24919882219541964,0.19110805979422474,-0.02425672806388485,-0.13126693660613484,0.4610623898142385,0.008047056937147105,0.7631167017411978,0.10281289764005537,0.00020853842167978988,0.0020815684283875383,-0.014948548569124205,0.0003872736010525246,0.002768485142077455,-0.01588283279236128,0.00034260613750448454,0.005061123716891176,-0.01588283279236128,0.00023833667733183934,0.005061123716891176,-0.013079978127988053,0.0001936477711672748,0.0042447329939678145,-0.012145695899412978,0.00011915811602315796,0.0032243481880713546,-0.011211411177510405,0.43808693937016935,0.03442740289908954,0.02142735736018432,0.05233253124244413,-0.3574058438963332,0.7505518171500306,1.1933200083280635,0.9422681032446242,0.1292943310776113,0.3737197425953415,0.17964689549141252,-0.3659161595875132,0.9783172765566426,1.250806232060266,1.0684447461967466,0.0793073877101624,0.2965796858010167,-2.576491430127984,-0.008524166278709609,0.0027251359426899674,0.06171826319585309,0.0007984727777212567,-0.0002371171261408414,2.77694831913258,0.008035033182123716,-0.0031091726128404727,-0.00012095174459077898,3.104409471968812e-05,4.882868202332616e-07,0.000931097964402221,-1.9412427029791058e-05,-9.59223282905098e-07,-0.00015387136132468085,-6.845595224673624e-06,1.196729168718077e-06,0.0020549136175751614,0.0013336574984714946,-0.00027019255480753096,-0.08397662324669666,0.001755461647913985,0.00021822394508330095,-0.2157053616487475,0.003928384689188983,0.00046352330894819935,0.01050194245903313,0.0012413967685845535,-0.0001596595284995545,0.0001832971850857324,2.1666612517708682e-05,-2.7865846123827465e-06,0.043320628155812724,0.002448779941475029,-0.0003909712959557155,0.0925840528330678,-0.005969953697577875,-0.0002663530782208834,0.004672172320143046,0.0009468627475209697,-0.00032340830625633487,0.0673180157514817,-0.003558426568907919,-0.00020522051913458245,0.16557878545848767,-0.010516088564598222,-0.0006375720623517124,-0.09249656439308256,0.005003643001281603,-7.540844664532681e-06,-0.0016143700031864042,8.732995702538838e-05,-1.3161460628028503e-07,0.046097391715102944,0.0004977298058218009,-0.0003266565774224448,0.1753606500905187,0.00677707864523803,0.0001379312404512013,0.0005413575363563054,-1.1935335224688278e-05,-1.1597349241091236e-06,-0.011779357629595017,-5.7433760356109276e-05,2.8866997462000533e-05,-0.038795826878480696,0.0023131086013295677,9.681623764381508e-05,0.0010053541016162126,-2.2164883874982285e-05,-2.1537334269191215e-06,-0.015666545536230207,-7.638694052512531e-05,3.839310657862213e-05,-0.04122056707352621,0.0024576778858596115,0.00010286726061793393,0.0008893930013551365,-1.960849631823453e-05,-1.9053187890062224e-06,-0.028640330708734056,-0.00013964409767992634,7.018722360258543e-05,-0.04122056707352621,0.0024576778858596115,0.00010286726061793393,0.00061871337832184,-1.3640784167219031e-05,-1.3254501228339702e-06,-0.028640330708734056,-0.00013964409767992634,7.018722360258543e-05,-0.03394634734324478,0.002023969635731632,8.471419729882951e-05,0.00050270013189699,-1.1083056140136504e-05,-1.0769191644156254e-06,-0.024020465265131942,-0.00011711868762760293,5.8865587154736384e-05,-0.03152160714819925,0.001879400779347526,7.866319594409648e-05,0.00030932847894117366,-6.819844688971199e-06,-6.62671461075854e-07,-0.01824622224210963,-8.89647072924273e-05,4.471496493044993e-05,-0.029096872937139726,0.0017348312433894983,7.261217936685281e-05,0.3129671433603932,-0.01490261000541927,-0.00015838488593106797,0.027364214063135602,-0.009116831804146753,-0.000348639605756272,-0.4411632843500507,-0.020203948665693642,0.0005585183286915144,0.6695652965370775,-0.019226960239591032,-0.0010861172038341103,0.2514118155549546,-0.0005057933038311503,-0.0005185168840510679,0.9845226632068919,-0.025440287425198695,-0.001588013476332896,-0.12925038169238395,0.01134103317318417,-0.0005153465800253177,-0.9036064718115748,0.01844704424930043,0.0016864019218988794,0.004702840248427997,0.001109692250836395,0.0003801573002622387,0.7463481838104299,-0.01870672593390473,-0.0018364434299796973,-0.11712332284615147,-0.03807334145038222,0.0005557142841810682,0.14477339448539903,-0.008458713685447896,-0.00013235133226547951,0.14375976367628043,-0.05201907712039404,-8.218186745251042e-05,-0.323500372662836,0.009384908986637118,-6.243973567643439e-05,-0.3865457027257151,0.027650846803214592,0.000919042814213085,0.02241141844492621,0.012985402787524566,-0.00020787999478488146,0.4517539000782985,-0.010395876725150693,-0.0011475003850549693,3.799883561836597,0.22802051616952634,0.5415923526906392,1.8398577429859406,3.78860925748714,0.10408383695079845,0.016801835518662895,0.010695747073540844,0.02670962277541014,0.08481556386156261,0.011741469891031328,0.005304734875577446,0.004247144153230687,0.0006124441810973027,0.0006771839264761448,0.0036247032245034986,0.0041412011982975795,0.0002584783057164656,0_1_29_p1
3716.6670000000004,-1.280481058027614,1.6040805260686268,-0.2974317495578544,0.003560804782622812,0.0024834908271848016,0.0022223840857659443,0.23890927996617864,-0.06087767323351837,-0.22812643388782997,0.5662862089871774,0.00988355819994161,0.765648874787876,0.25007932584308584,0.19350407970595465,-0.0232722342087264,-0.12895042491914682,0.4610576425186732,0.00804697415867401,0.7651829227414745,0.10703191944081378,0.00021992145906129688,0.0017724476792463169,-0.015609304293323228,0.00040841302895267993,0.00235735438614667,-0.016584885998655496,0.00036130758977235406,0.0043095275944498536,-0.016584885998655496,0.00025134636157620507,0.0043095275944498536,-0.013658139386662198,0.00020421848244835364,0.0036143744226870248,-0.012682560174657437,0.0001256627088125906,0.002745520598445215,-0.011706978469325172,0.4429556774382751,0.03519934357662312,0.01085728885893576,0.06548934375075997,-0.3505502673889866,0.7678469808450811,1.1921385156695736,0.927041185630448,0.1299606843220542,0.3899385417940672,0.17417087559539574,-0.3651379162767179,0.9793687416871929,1.2450971448852617,1.0586003521878888,0.0764243670812521,0.3038531983523803,-2.5529416361370747,-0.005199676200710129,0.0026750268095609886,0.06153054384510855,0.0004586765263262945,-0.0002352124714090562,2.750605153456646,0.004225939756597567,-0.003062935285797665,-8.086245776554024e-05,3.143797581222833e-05,4.0406916309886476e-07,0.0009009096098528661,-2.0741530185715304e-05,-9.076329186478566e-07,-0.0001634200932813072,-5.071199939967997e-06,1.2410771447799814e-06,0.003429112068101341,0.0008475494610212286,-0.00027472515683542987,-0.0802470372892339,0.00208112067920872,0.00021447688596263972,-0.2068191107989532,0.0045286307901184816,0.0004529388169746032,0.013520415455387305,0.0009560341569531229,-0.00016931665548635964,0.00023597934303478925,1.6686103609202756e-05,-2.955133438689309e-06,0.0457553607526347,0.0019177783624203782,-0.0004066315711311752,0.0806952027920852,-0.006258601198572684,-0.00024340107346295574,0.004263949923887512,0.0003184386836185107,-0.00032829086349527405,0.060811296082451324,-0.0037938655438784314,-0.00019475337667735937,0.14567946314604507,-0.011090612727004694,-0.0006117740524382155,-0.08537809927000771,0.004765597407274534,-2.665788807190126e-05,-0.0014901287760021487,8.317526189189306e-05,-4.6527041846767804e-07,0.04683351004402399,5.024059084762144e-05,-0.00033926287794428705,0.18830296377090233,0.006932657314875044,0.00011632101608415952,0.000523381642391765,-1.3168084712051767e-05,-1.1509811732283756e-06,-0.011722666201021383,-1.1380564407698073e-05,2.943431526057367e-05,-0.03525009632651253,0.002393971232700144,8.903889448500939e-05,0.0009719711533943526,-2.4454086576252345e-05,-2.1374823090806815e-06,-0.015591146457688913,-1.5136182030872598e-05,3.914763893306997e-05,-0.03745322814834625,0.0025435943897113567,9.460383479000894e-05,0.0008598603207011048,-2.1633741780969115e-05,-1.8909389111068784e-06,-0.028502489591066556,-2.767033633961501e-05,7.1566603796392e-05,-0.03745322814834625,0.0025435943897113567,9.460383479000894e-05,0.0005981694995052227,-1.5049604361219963e-05,-1.315448280022435e-06,-0.028502489591066556,-2.767033633961501e-05,7.1566603796392e-05,-0.030843832682845067,0.0020947243791851066,7.790902288194741e-05,0.00048600737550334424,-1.2227711727379398e-05,-1.068791099768543e-06,-0.023904859784610707,-2.3206991565972354e-05,6.002246324347043e-05,-0.028640701715866485,0.001945101673786445,7.234410487364985e-05,0.00029905739438800856,-7.524270230833503e-06,-6.57670856093059e-07,-0.018158406392604146,-1.7628332371848442e-05,4.559374242409618e-05,-0.026437575023163618,0.0017954781650155124,6.67791740476563e-05,0.2947128837702215,-0.014984699536865063,-0.0001248452954722795,0.01377923396329993,-0.009582403346142729,-0.0003252273397265694,-0.4605977415644072,-0.0191398293438471,0.00062296628238533,0.6366809083836533,-0.02075955535836732,-0.0010396786601528732,0.24726171096484761,-0.001405268571634056,-0.0005281883568960262,0.9420891755091302,-0.027189530319458935,-0.0015181218729344924,-0.12084603320369233,0.010581151377677562,-0.00055189175389866,-0.8701551967277774,0.02013350029705569,0.001648186162562688,0.006035426060262762,0.0014654489609741569,0.00040392907985077565,0.7135193484185276,-0.020971936460356482,-0.001821280866818057,-0.16312663262354474,-0.03689787157311763,0.000692191048735663,0.13476269624448065,-0.00827934966445449,-9.230864267394001e-05,0.06772413092980775,-0.05209160380998421,9.897695056788167e-05,-0.3109152747368403,0.009683748607036401,-8.680201173385041e-05,-0.3451866448446116,0.0289711170024227,0.0008422481436957927,0.038684246910831756,0.012999817148310035,-0.00023834538113920214,0.4404940712589619,-0.011231805502532527,-0.001138244562128925,3.7631490472516513,0.2317998064241511,0.5469879621006369,1.7594500648177602,3.7532821050985983,0.0970965249263271,0.01442780086059758,0.010702538992235892,0.026128466112841028,0.08662146263397509,0.006716176579639076,0.005483638114381751,0.004176034902782054,0.0006185555095940558,0.0007137549714686273,0.0035682916092471093,0.004073409926695655,0.0002448006808090542,0_1_29_p1
3733.333,-1.3263298965490857,1.605567465308849,-0.24636913334312974,0.0035619337613161024,0.0025006937896234595,0.002215481557907056,0.24033846775744921,-0.06263090533636574,-0.23273804007722196,0.5670488350918257,0.00989686857948282,0.767713608268964,0.2507969414023217,0.1957543581424915,-0.022365463355817756,-0.1264201891879386,0.4610530692573675,0.008046894372193915,0.767309962482197,0.11133019614423979,0.00023158674111612638,0.0014762473532248586,-0.01624488887904999,0.00043007655429393404,0.00196340764336552,-0.017260194776823147,0.00038047230229025297,0.0035893454038824248,-0.017260194776823147,0.00026467868239943943,0.0035893454038824248,-0.014214275587507177,0.000215050494451731,0.0030103623444633393,-0.013198972183061522,0.00013232787189320665,0.002286705951353442,-0.012183666783953866,0.4473865742315777,0.035430767254120546,-0.00012768330142090092,0.07748309278149082,-0.343876351232839,0.7841853710014843,1.1913195628033086,0.9119868621300048,0.13020364911389684,0.4056264995994643,0.16792452770607424,-0.3644427496409866,0.9786063180407377,1.2406999449144946,1.0498204499484525,0.07380119107137864,0.31195081348863374,-2.5233522537962076,-0.001939168293288486,0.0026145723227617903,0.06093983039216814,0.00014575010623676607,-0.00023214969242477224,2.717091463689088,0.00044325529775657486,-0.003004851725092071,-4.154681484547526e-05,3.1631356736890315e-05,3.1978451323482367e-07,0.0008694817153449563,-2.195835422460511e-05,-8.533209747490118e-07,-0.0001687509699582543,-3.3208627214532618e-06,1.2767090875794493e-06,0.004098875685902822,0.00039506678428717857,-0.00027762667780287047,-0.07612571823638487,0.0023885275762052923,0.0002094701918558912,-0.19705386369606315,0.0051303552531092944,0.00043991862217848926,0.01560708095757038,0.0007019512079476679,-0.00017720776060918845,0.00027239873672754906,1.2251529619982248e-05,-3.0928586309524916e-06,0.046573700758999616,0.0013669802677646681,-0.00041868119498454474,0.06835193227316379,-0.006531798267517747,-0.0002178909094532982,0.003211481335873961,-0.0002813564036391309,-0.00033191425539507466,0.05401991563451017,-0.00400905783652919,-0.00018331028483259298,0.12418287819155453,-0.011659389869250192,-0.0005825109957134521,-0.07850352346461333,0.004542523648558824,-4.564622379097283e-05,-0.0013701447274341923,7.928188376365174e-05,-7.96679880689365e-07,0.046186786482059095,-0.0004261043327800112,-0.0003494293765259654,0.20144070930513844,0.007027588017663999,9.317102802772586e-05,0.0005019341816881147,-1.4502122321743225e-05,-1.1361743500883487e-06,-0.011599282393546394,3.324766128923992e-05,2.985465938440955e-05,-0.03157455516609804,0.0024693428852375506,8.11092670819606e-05,0.000932143452243129,-2.693155280462732e-05,-2.1099833910721885e-06,-0.015427046754568253,4.421936260950025e-05,3.9706698365726396e-05,-0.033547966039404985,0.002623676800299628,8.617860546966372e-05,0.0008246257562377007,-2.3825464176857195e-05,-1.866610612856109e-06,-0.028202493565730614,8.083872152716969e-05,7.258862662643863e-05,-0.033547966039404985,0.002623676800299628,8.617860546966372e-05,0.0005736582379660713,-1.6574294063859408e-05,-1.2985259486709812e-06,-0.028202493565730614,8.083872152716969e-05,7.258862662643863e-05,-0.02762773427433928,0.002160674568061476,7.097059783229005e-05,0.0004660926700725885,-1.3466547927040114e-05,-1.0550405307183014e-06,-0.023653256254112062,6.77988320418725e-05,6.0879629910140065e-05,-0.025654324255887477,0.002006341176927426,6.590128381428709e-05,0.0002868021910460049,-8.286581678149713e-06,-6.492103557607707e-07,-0.01796728557324204,5.1500708869620194e-05,4.624485419799565e-05,-0.023680919366566536,0.0018520069563204853,6.0831953102834246e-05,0.2765293437815333,-0.015002059363546412,-9.155402333567199e-05,0.00038626715159652335,-0.009988639588000647,-0.0003011268525003965,-0.47709667750614654,-0.01801277800433034,0.0006810555611311176,0.6020033222246488,-0.02216022400451854,-0.0009882930216032458,0.24216467905763953,-0.0023005259108839745,-0.0005357182173253332,0.8961465843828935,-0.028788520014578517,-0.0014412945289847222,-0.1155590977908476,0.009745759567856418,-0.0005806114107207948,-0.8316330619818575,0.021745353380652935,0.0016010103810470255,0.00948616425379296,0.0018257376734447336,0.0004237909934643792,0.6754843939093677,-0.02324720223264979,-0.0017941208087841982,-0.20508477555401208,-0.03556072311347075,0.0008191520801378665,0.1254487835924597,-0.00805556954396201,-5.4399508924473566e-05,-0.004543536282663886,-0.0519054912425732,0.00027368037079330773,-0.30038824142448095,0.009855546739044596,-0.00010918804483520831,-0.3036133833455537,0.030180400356905075,0.00076543588828481,0.052676817668971754,0.013043617740851185,-0.00026200631873542966,0.42582812682974835,-0.012065019675192884,-0.0011247330965344822,3.717068612631482,0.23656079668614102,0.5514434394042256,1.6762468404406163,3.7085855885930714,0.08987844175376444,0.013720581285698369,0.01073476940700455,0.025481265223682107,0.08822742808136799,0.0019948899123338015,0.005658115500778292,0.004088592640759041,0.0006221322124267336,0.0007502640853948466,0.003510016455427001,0.003989864441411338,0.00023103257903093607,0_1_29_p1
3750.0,-1.3723757822444416,1.6069205083741793,-0.19497924744837067,0.003564362262303878,0.0025168440691904132,0.00220898195177263,0.24146993578891812,-0.06426740832284321,-0.23719577055977564,0.5675879313938507,0.009906277898813074,0.7697801509084887,0.2513146090504563,0.19777632706758186,-0.02153262913801311,-0.1238166187108856,0.4610186728071345,0.00804629397893123,0.7694358906975186,0.11577441528505554,0.00024311040216879408,0.0011929190797696089,-0.01683503506436483,0.00045147778158188855,0.0015865810845499333,-0.017887225254553135,0.0003994051353503869,0.0029004619534582616,-0.017887225254553135,0.00027784943560048926,0.0029004619534582616,-0.014730653686657226,0.00022575135742845847,0.00243259951952415,-0.013678465989796426,0.00013891225116273038,0.0018478309429674545,-0.012626276298273625,0.4513663572691137,0.0351450673275446,-0.01147177041934391,0.08827314856564678,-0.33744446736404793,0.7995925317595072,1.1907783222396313,0.8968774675076754,0.12990468219167825,0.420628467710337,0.16096374025808985,-0.3637891776919887,0.9760753926551423,1.2375064277183274,1.0421530380275303,0.07164075271008997,0.3207340153976869,-2.488568192009618,0.0012738304533282464,0.002544500583004683,0.060027632420140836,-0.00014451791420117728,-0.0002279099788856178,2.677075136185812,-0.003316496865844787,-0.0029356204820595072,-3.4595987670939954e-06,3.163381187128521e-05,2.361342007795645e-07,0.0008370425272018878,-2.3042236076412444e-05,-7.961039190430075e-07,-0.00016938698218526738,-1.6264818782104721e-06,1.3016773230704022e-06,0.004135024945370028,-1.892804239922203e-05,-0.0002786126309899171,-0.07167934393451358,0.0026767168899286906,0.0002033539062400602,-0.18635247241885672,0.005710725385758262,0.0004248016896279676,0.0167856629055328,0.0004807565147045911,-0.0001830192132171918,0.0002929691160536231,8.39095422319695e-06,-3.1942877205698867e-06,0.04558836480028651,0.0008105384194494321,-0.00042652149117444765,0.05568988285168621,-0.006771976727503229,-0.0001900322636659082,0.0014512850131214667,-0.0008390937413440407,-0.0003339160247704323,0.04707186075522773,-0.004214631567770288,-0.00017117859286372919,0.10121542263774203,-0.012246828841227651,-0.0005504245890166824,-0.07208389558278153,0.004348186456113917,-6.390078255957871e-05,-0.00125810228315245,7.589006136051452e-05,-1.1152825660950085e-06,0.044008501024981,-0.000910435435283472,-0.00035672316824207455,0.214596680351041,0.007100086222379279,6.868876253536611e-05,0.00047696813721244413,-1.5878047833482556e-05,-1.1148531818318401e-06,-0.011414325934626478,7.675859131318696e-05,3.013245972775554e-05,-0.02776226966716558,0.0025374589181050167,7.309070543463399e-05,0.0008857786738070067,-2.94867864266585e-05,-2.070393681045682e-06,-0.01518105534808888,0.00010208894918999573,4.007617395623124e-05,-0.029497413605072846,0.002696050102776371,7.765888569552615e-05,0.0007836080967262595,-2.608596577517489e-05,-1.8315858087729423e-06,-0.027752790178475612,0.00018663129399117706,7.326406745458319e-05,-0.029497413605072846,0.002696050102776371,7.765888569552615e-05,0.0005451248829751816,-1.8146855654553557e-05,-1.2741604459202337e-06,-0.027752790178475612,0.00018663129399117706,7.326406745458319e-05,-0.024291985210771635,0.002220276040877782,6.395435654011112e-05,0.0004429089985718114,-1.4744194550230885e-05,-1.0352452634999866e-06,-0.023276092454942235,0.00015652636899366902,6.144612140347345e-05,-0.022556842127719516,0.0020616854036010664,5.938620272191713e-05,0.00027253722326084763,-9.072755796195225e-06,-6.37027571887903e-07,-0.017680787710627244,0.00011889915693347877,4.667516630909539e-05,-0.020821706738363692,0.0019030939595997064,5.481803252156513e-05,0.2585396951977287,-0.014960070065860833,-5.8406997711432144e-05,-0.012314916683510698,-0.010335271983083188,-0.0002771171850847045,-0.49011649833785625,-0.016820023084644874,0.0007320986269186811,0.5657847314406117,-0.023415667245420966,-0.0009321770808453846,0.23629119932038992,-0.003182672019275302,-0.000541325673226617,0.8466527138399496,-0.030239878253585897,-0.001357687745500243,-0.11345300741523073,0.00884814930016578,-0.0006015304236361218,-0.787700837116796,0.023333694503949728,0.0015445976970981437,0.015537474377483308,0.0022440122605721737,0.00043916735233987225,0.632758987712524,-0.02547706742983593,-0.0017564640249139753,-0.24296083471816696,-0.03407010314488662,0.0009360304649742436,0.1168212324257132,-0.007792847889584823,-1.8678804343220687e-05,-0.07257940894748435,-0.051440558535262956,0.000440481044609228,-0.2921437106694943,0.009892820102854692,-0.00012940011640658766,-0.2609962582303584,0.03122546413315127,0.0006883493897609608,0.06459542094323556,0.013071049542673767,-0.00027897683408429654,0.4067066483257971,-0.012935147616487914,-0.0011060734448324996,3.6627382756487075,0.24217279073251916,0.5542640283374144,1.5898839747717501,3.6555857228444775,0.08246914615307158,0.014861823085911986,0.010812050701295211,0.02476963301923862,0.0896015628239413,0.003555870526418251,0.005822804667695177,0.003985912657004321,0.0006225698340544437,0.0007849673312865649,0.0034486634557505677,0.003891567315874001,0.00021735097862493166,0_1_29_p1
3766.667,-1.4183816699799972,1.6081384888860113,-0.1436047777975619,0.00356796162988699,0.0025318548980885654,0.002203074261587379,0.24227729218896765,-0.06577986028740593,-0.24142904970586093,0.5679310616287964,0.009912266871474916,0.7717579999047505,0.2516114062790819,0.19952127384313728,-0.02078895780770685,-0.12128720577775334,0.46096818342386736,0.008045412836991723,0.7714918755910649,0.12043096519868296,0.0002543443385656307,0.0009223865630589802,-0.01736409123520136,0.00047234094879472824,0.0012267724832722914,-0.01844934743606695,0.00041786224152297715,0.0022426887476181454,-0.01844934743606695,0.00029068857624366015,0.0022426887476181454,-0.015193577836139194,0.0002361834397003789,0.0018809293669022741,-0.014108324128601111,0.00014533157215156553,0.0014287758935671146,-0.013023068426401024,0.4548892599830347,0.03435054558014872,-0.02317746233167761,0.09784955225451589,-0.3313130249713608,0.8141041451290425,1.1904112994445568,0.8815181641764075,0.1290390417679221,0.4348085398311601,0.1533118403248938,-0.36313626647477915,0.9717908392262918,1.2353489828460382,1.03581153478739,0.0700852599288421,0.3298412521436725,-2.4489451560026554,0.004431493009867473,0.002466704831347227,0.05889783620038153,-0.0004131339437362659,-0.00022266827253527105,2.6307155792049084,-0.007030616690897291,-0.0028567821110431417,3.2970053187388e-05,3.1461143823357455e-05,1.5412381451858406e-07,0.000803937406901774,-2.3975516876308847e-05,-7.363585856340499e-07,-0.00016511783559696,-2.33751398966148e-08,1.3148164568934987e-06,0.003650355418166872,-0.0003888035264436001,-0.0002777628654497299,-0.06695737544738709,0.002942528294185455,0.0001963078766805907,-0.1745748056927361,0.006252074507418598,0.0004076173007286179,0.017076622257143327,0.0002934154773499745,-0.00018670363340017013,0.0002980478104631447,5.121205852964346e-06,-3.25859306819406e-06,0.04270018626039031,0.0002624483349183371,-0.00042980461111768754,0.04286175730199525,-0.006967884413364077,-0.0001603541539601551,-0.001055881169747609,-0.001346408156698438,-0.0003340775799272622,0.0400589095477011,-0.004407939129099107,-0.00015867054341600235,0.07677259396256522,-0.012832099241100658,-0.0005159486249269788,-0.06631994330598097,0.004183427984378671,-8.079944127881004e-05,-0.0011575020749709237,7.301447376652154e-05,-1.4102172783918642e-06,0.04020841345409602,-0.0013931771422546644,-0.0003608681341833159,0.22767758998618406,0.007136196956135312,4.325612561920748e-05,0.0004480500974068289,-1.7243519688034428e-05,-1.0870895460750256e-06,-0.01117169923799324,0.00011908415477026118,3.0273161543417647e-05,-0.023801577895842974,0.0025957961164355696,6.498530446151245e-05,0.0008320758188162137,-3.202267589800636e-05,-2.0188332076417646e-06,-0.014858361208973863,0.00015838193864093435,4.026330859563586e-05,-0.025289178865184808,0.002758033422561659,6.9046899486652e-05,0.0007360995221076874,-2.8329370270615905e-05,-1.7859698728383726e-06,-0.027162867466542957,0.0002895415635789358,7.360616990606628e-05,-0.025289178865184808,0.002758033422561659,6.9046899486652e-05,0.000512075328259417,-1.9707498122099405e-05,-1.2424299299547736e-06,-0.027162867466542957,0.0002895415635789358,7.360616990606628e-05,-0.020826379376579888,0.002271321122012858,5.686213293138451e-05,0.0004160562887936991,-1.6012169098079992e-05,-1.009463218911099e-06,-0.02278132708849031,0.0002428366442674625,6.173303967488552e-05,-0.019338780116948343,0.0021090843867480197,5.280056432841842e-05,0.0002560137281856811,-9.85297035266658e-06,-6.211643749304795e-07,-0.01730495748548179,0.0001844613761483821,4.6893112165079735e-05,-0.017851188551013097,0.001946846843082351,4.873898523731357e-05,0.24093006477441914,-0.014857845842908252,-2.5722224713067295e-05,-0.024384679718582974,-0.010624671630890582,-0.0002542065236289709,-0.4997408071828929,-0.015571154618463012,0.0007748451986218088,0.5283021185015513,-0.024516994587578698,-0.000871619046882766,0.22974497508545277,-0.004043014705281087,-0.0005451893439652793,0.793547950556843,-0.03154344683943061,-0.0012672311466185673,-0.11449224284561892,0.00790929468980399,-0.0006148421755328412,-0.737726879070219,0.024915193610919567,0.0014784878622893253,0.024896578946682808,0.0027303153407663445,0.00044913319623321723,0.5857977110187027,-0.02762791389640631,-0.0017095297521818233,-0.2768333336901013,-0.032443270289015204,0.001042525158853023,0.10894180688323783,-0.007499115290190027,1.47142797171719e-05,-0.1361418844844816,-0.05070149752387374,0.0005984396641620114,-0.2863472337190363,0.009806663790105193,-0.0001475461105628259,-0.21707913352655692,0.03209799078600712,0.000608906910460702,0.07462707937742587,0.013062024312752833,-0.00029019610105397904,0.38257067246906473,-0.013829139425309448,-0.0010804928174976258,3.6005470842446607,0.24860734540932658,0.5553222335554313,1.5002732034521853,3.594644136149732,0.07492395076651782,0.0174081456637436,0.010912335293415388,0.024002085045011383,0.09074279974323521,0.008321054358422463,0.005970912891826948,0.003870432562301936,0.0006196303451899249,0.0008158845943679697,0.0033823685574635434,0.0037809284850790466,0.00020383667850650553,0_1_29_p1
3783.3329999999996,-1.4642586297450424,1.6092138759979548,-0.09243933127129934,0.0035725777764257652,0.0025456739164403564,0.0021978302951833873,0.24276137471563874,-0.06714721056461287,-0.24538774567537436,0.5681306135994904,0.009915749551330896,0.7735908314881264,0.2516540027848061,0.200940955075305,-0.020163691608517876,-0.11894531899810333,0.46090494765174017,0.008044309290238963,0.7734162491950423,0.1253133801654729,0.0002650102949573184,0.000665877517555376,-0.017818070322934115,0.0004921489398083621,0.0008856149690469627,-0.018931700092116616,0.00043538534721300026,0.0016190117953794908,-0.018931700092116616,0.00030287895307058965,0.0016190117953794908,-0.0155908097872381,0.000246088432538197,0.0013578551874105754,-0.014477182012717589,0.0001514262618995297,0.001031442713371595,-0.013363552742200585,0.45797080981969746,0.0330401753163644,-0.035263083998236945,0.10621438926722163,-0.32554964010466164,0.8277348983050788,1.1901327947624885,0.8658910116474882,0.12774422438243505,0.44802892720414367,0.1449551485144744,-0.36243869228201103,0.9657148978051526,1.2340628083310072,1.0309981615551507,0.06925851092614087,0.33887019441674465,-2.405139335148291,0.007500872477504089,0.002381357016493337,0.05766159341811225,-0.0006592051960806406,-0.0002166337553806682,2.5785099611106386,-0.01065453139516614,-0.002768102573639822,6.732326199750041e-05,3.1130987033502974e-05,7.473451880475302e-08,0.0007704672634552438,-2.474713235628994e-05,-6.747207076127873e-07,-0.00015584949612751313,1.4671593881907473e-06,1.3157196477843584e-06,0.0027397098630808554,-0.0007130137722282636,-0.00027526553096134343,-0.06203255239919425,0.0031831835341825598,0.00018838773645240252,-0.1615239331027818,0.006745425295736248,0.00038808811744302934,0.016503077714911298,0.00013484068195183696,-0.00018820723925520335,0.00028803831158398817,2.353526120921946e-06,-3.2848360777691557e-06,0.03787553941222692,-0.0002652040926537796,-0.00042843390105357787,0.029987308861770264,-0.007112147051536361,-0.00012937567489733,-0.0044154695787113766,-0.0018002293763921884,-0.00033224661429041136,0.03311276185024457,-0.00458428883124196,-0.00014590480503803632,0.05086301594471495,-0.013396340888319471,-0.0004790302992165677,-0.06149906123987138,0.004041966000598729,-9.581271383803051e-05,-0.001073362102583924,7.054547970336919e-05,-1.67224879066279e-06,0.03471729503529084,-0.0018652209965604606,-0.0003617914162670024,0.24056609480953897,0.007126006219584735,1.6873223351071883e-05,0.00041454917917512,-1.857738632669713e-05,-1.0522777168874162e-06,-0.010880912567121821,0.00016005237922995586,3.027067756493085e-05,-0.019679913481515862,0.002642659229205688,5.679268314144626e-05,0.0007698603163031222,-3.449987345762184e-05,-1.954186821048318e-06,-0.014471612773931362,0.00021286971827242282,4.0260004537745075e-05,-0.020909909837249337,0.002807825482169701,6.0342239303935926e-05,0.000681060528527082,-3.052089727104253e-05,-1.7287795471767583e-06,-0.026455845842152784,0.0003891517503694378,7.360013137900137e-05,-0.020909909837249337,0.002807825482169701,6.0342239303935926e-05,0.0004737863663670939,-2.1231968004844725e-05,-1.2026456317729974e-06,-0.026455845842152784,0.0003891517503694378,7.360013137900137e-05,-0.017219924189469483,0.002312326320274528,4.9693587157575456e-05,0.00038494725525443777,-1.7250834326711945e-05,-9.771389155683798e-07,-0.022188353398549313,0.0003263790695565506,6.172797362336967e-05,-0.015989927833736012,0.0021471606860628107,4.614406018809823e-05,0.00023687181180495113,-1.0615184102252065e-05,-6.012739379444313e-07,-0.016854527471354533,0.00024792116462254,4.688926114357001e-05,-0.014759940026553975,0.001981994168500778,4.259452025041026e-05,0.22383697116836435,-0.014696615829838909,6.043539228742829e-06,-0.035368892981285704,-0.010855579647313589,-0.0002319900492118503,-0.5055121043750894,-0.01426827933522564,0.0008095283146375968,0.4897604357830566,-0.025459730082731936,-0.0008070315858580366,0.2226451808535742,-0.004871801683722728,-0.0005472775433758831,0.7366738565360722,-0.03270395011685278,-0.0011699275530127494,-0.11867598769534633,0.006952382681145836,-0.0006209887339878096,-0.6814169629438691,0.026499998393881792,0.0014017291102127417,0.03805783299737419,0.003293175730523976,0.0004523737802641073,0.5348223577046816,-0.02966174366315957,-0.0016546160117100707,-0.30676763725867817,-0.03069282721117787,0.0011386590921294468,0.10189511539803907,-0.007182686286726444,4.539445132036777e-05,-0.19508535627186127,-0.049688898205001324,0.0007471534552042452,-0.2832526162104549,0.009614316321138091,-0.00016383180663846208,-0.1726173848848949,0.0327741089740698,0.0005267436728776297,0.08298827648816705,0.012994969366318368,-0.0002964015930583689,0.35285628295080473,-0.01471216630029421,-0.0010475565622107556,3.531342923749177,0.25586491143714873,0.5539823426087515,1.4078322566860355,3.5265754384134698,0.06736102527150997,0.02073833527408459,0.011012385584618126,0.023182276021069797,0.09163652021388918,0.013046772105634756,0.006097703927933179,0.003742085643756028,0.0006132593537672414,0.0008421353807433304,0.0033104052232158245,0.0036578935843071293,0.0001905559345700519,0_1_29_p1
3800.0,-1.5102101684263562,1.6101318753019398,-0.04134660363898837,0.0035780885288725617,0.002558297633587281,0.0021932709965116776,0.242913436277386,-0.06833380706450076,-0.24905506790224635,0.5681378592092137,0.00991587621236804,0.7753084558822401,0.25147507661654667,0.20201516533666744,-0.01966951110546019,-0.1167262645018847,0.46080708404858783,0.008042600862234012,0.7751481842916912,0.13028386743831152,0.0002749093038091296,0.00042797019121952726,-0.01820462434966931,0.0005105327421523686,0.0005691982449669041,-0.01934241396368893,0.0004516483251830834,0.0010405643027080178,-0.01934241396368893,0.00031419267594751744,0.0010405643027080178,-0.015929044622964586,0.00025528083237570085,0.0008727149912127222,-0.014791257003606973,0.00015708262467249302,0.0006629244204610016,-0.01365346838691836,0.4606536506580485,0.031173856848628823,-0.04763911997501464,0.11342300199968268,-0.3202291479942866,0.8405609260402468,1.189874541385064,0.8505203113162052,0.12613859527309432,0.46005672112592944,0.13579029495922204,-0.3616166516789662,0.9575656209230402,1.233605565976239,1.0277986972742235,0.06935029579684127,0.34810906190025354,-2.3745328608993512,0.010636837234518342,0.0023033566881144507,0.05552439392514659,-0.0008633033834089192,-0.00020807124494233063,2.542544466274943,-0.014374145998368086,-0.002687624258938099,0.00010669320498106531,3.0565386255443296e-05,-1.0287498638531656e-08,0.0007390941215812021,-2.5219047954786833e-05,-6.068344228748673e-07,-0.00014655861194888046,2.9011242961814972e-06,1.3009750887034627e-06,0.0017218950827936788,-0.000951034737906534,-0.00026843059330993374,-0.0570107986755722,0.003384556797586314,0.000178979986948969,-0.1515282747725983,0.007186351955749066,0.00036761895681380007,0.01631894032455199,5.569727993231826e-06,-0.0001855421968228714,0.0002848248859555172,9.734345672239437e-08,-3.2383238215982038e-06,0.03397972508690707,-0.0008011748051769056,-0.00042336397407638526,0.019206264059590437,-0.007156763026704125,-9.842253218564962e-05,-0.005411806500651775,-0.002163350351344468,-0.00032798807962323013,0.02596924269966161,-0.004732587165359349,-0.00013261119236814684,0.030718142300192416,-0.01398315758789084,-0.0004448303342418469,-0.05387473191458412,0.0039170338735008406,-0.0001099232093842173,-0.0009402928366148966,6.836499134923821e-05,-1.91852263047199e-06,0.029530744398750156,-0.002354209721162858,-0.00035986920638813935,0.24973439028817118,0.007021095394163585,-9.297571842009569e-06,0.0003810850364764616,-1.9928495896466936e-05,-1.0107576192013643e-06,-0.010439615825351283,0.0001995428639724595,2.9961097959377687e-05,-0.016280447697612284,0.002677590876227786,4.895677311157466e-05,0.0007077149705783543,-3.700905133973234e-05,-1.8770790552632821e-06,-0.013884688156321197,0.00026539209924544615,3.9848260247534056e-05,-0.017297976880853102,0.0028449403743939046,5.2016584751920724e-05,0.00062608322699269,-3.274063269530152e-05,-1.6605652737791902e-06,-0.02538287616836547,0.0004851689785958538,7.284741606551347e-05,-0.017297976880853102,0.0028449403743939046,5.2016584751920724e-05,0.0004355411948485608,-2.2776189231878993e-05,-1.155190552591364e-06,-0.02538287616836547,0.0004851689785958538,7.284741606551347e-05,-0.014245391769982099,0.002342891547172521,4.28371684108974e-05,0.00035387311153835043,-1.850553096275345e-05,-9.385834326018583e-07,-0.02128846032879552,0.0004069081433942059,6.109667751941374e-05,-0.013227860910554721,0.002175542667040332,3.977738408098962e-05,0.0002177503951858075,-1.1387220305058851e-05,-5.775493667431748e-07,-0.016170959384500732,0.0003090919491432628,4.6409719911074936e-05,-0.012210340368055614,0.002008192914453041,3.6717587573643475e-05,0.20740411501800662,-0.014444967701164291,3.826697531620289e-05,-0.05115567189045323,-0.010974850063406113,-0.0002048131411136559,-0.5156413253399932,-0.012838888526154963,0.0008399806332106195,0.45331964602985586,-0.026114744836965374,-0.0007325375170826724,0.21345957657808445,-0.005646249485570423,-0.0005445458952852972,0.6890129398417422,-0.03372417882177007,-0.0010677113371794062,-0.118209116528807,0.005934214816111468,-0.0006245454918054519,-0.6391121003883737,0.028171162716677425,0.0013224925475688952,0.04705293248558545,0.004027410637323921,0.0004530608916175497,0.4855100505832587,-0.03165499896346572,-0.0015906817026542241,-0.3292776275919575,-0.028563404692005582,0.0012235297840239568,0.09409770636777308,-0.006896541318851049,7.197821411254594e-05,-0.24138556228602956,-0.04786919054157554,0.0008910537214931603,-0.27214264540868544,0.00909556195839648,-0.00019352759979083286,-0.1327925187015174,0.03303408224018546,0.00044178448246980925,0.0900193536502597,0.012660510901918904,-0.0003015267712038003,0.3288012967743977,-0.01587994959835242,-0.0010179326082864681,3.4833724342289565,0.2606388165286903,0.5581391816485839,1.330273865287435,3.4793709500310444,0.06080248935684144,0.02463969884751938,0.011047492077551044,0.02222479436100497,0.09186729300283923,0.017902660442726977,0.00620143529810213,0.00362413304740814,0.0006041850098848968,0.0008654364496262024,0.0032409318699741147,0.00354571176123723,0.00017767729519780267,0_1_29_p1
3816.667,-1.5559677202439621,1.6109003063716802,0.009348633234828882,0.0035843747061727453,0.002569738017501354,0.0021893310403916753,0.242771617803686,-0.06933138989171815,-0.2523841857119875,0.5680070363098012,0.009913592823040931,0.776909525692909,0.25105244862883475,0.2027418800452924,-0.019317425835455378,-0.11471628549008994,0.4606869744787896,0.008040504472469616,0.7766835678879633,0.13536527088377986,0.00028403039448005203,0.00020939812100277224,-0.01852320677801835,0.0005274714118757239,0.00027849720208572944,-0.019680907606810214,0.00046663322347520616,0.000509127502771763,-0.019680907606810214,0.0003246167795714288,0.000509127502771763,-0.016207804621769118,0.00026375066590287905,0.0004270022814829216,-0.015050105288973749,0.0001622946764844487,0.0003243559775146309,-0.013892405457512885,0.46298434887986223,0.028810184370589936,-0.060164616474288585,0.11948234683563198,-0.315386023380952,0.8524749145214927,1.1896223737214082,0.8359780908555758,0.1246372386159193,0.47087370434845055,0.12587852924657517,-0.3606507520629931,0.9473715053186502,1.2339377534954394,1.0261804259971121,0.07042246402297889,0.3576195195699999,-2.3444248655076083,0.013666510279925551,0.0022369482131030165,0.05310133514635951,-0.0010500081750676716,-0.0001983472989278446,2.5069585373813728,-0.0179732199446057,-0.0026213663491651954,0.00014503561208174313,2.9922872938871327e-05,-9.893516233622214e-08,0.0007077175602865839,-2.557738994131715e-05,-5.397290563496939e-07,-0.0001350562175131488,4.261522812937165e-06,1.282279094275762e-06,0.00010435411178425392,-0.0011647245966611096,-0.0002606032292955558,-0.051912769646886445,0.0035619637573928945,0.00016912953384139106,-0.14137233195780083,0.007583714000834911,0.000348943845796572,0.015506915250467207,-0.00011499325625494405,-0.00018233731590543376,0.0002706530722382428,-2.0068948117687105e-06,-3.1823885987742116e-06,0.029448217395543323,-0.0013205106716362564,-0.0004179047864798918,0.008752762989756453,-0.007151856754900931,-6.864823136494345e-05,-0.00683253967816911,-0.0024874268678527346,-0.0003246115944000617,0.018982801472047905,-0.004862176603863005,-0.00011916504289032884,0.011176957099983767,-0.014542199433228233,-0.0004155955471439607,-0.04667466206805094,0.0038071687881329353,-0.0001251170515450561,-0.0008146274710466166,6.644750528621583e-05,-2.1837044293314633e-06,0.023895275131976052,-0.0028303786228129624,-0.00035769350857461706,0.2585041651215752,0.00688489882443272,-3.313887745675616e-05,0.0003466967953673186,-2.1214147986651725e-05,-9.685752841523468e-07,-0.009966700556375758,0.00023769398610003697,2.9476274445020445e-05,-0.012982971261498968,0.002704144381078359,4.1931620883835565e-05,0.0006438522208696241,-3.939664439595695e-05,-1.7987445330077716e-06,-0.013255710649620396,0.0003161330842208831,3.920344555532653e-05,-0.013794407927054692,0.0028731535134587684,4.455235981948312e-05,0.0005695859930125613,-3.485280291803352e-05,-1.5912659740364757e-06,-0.024233029371493173,0.0005779295750907523,7.166861656495546e-05,-0.013794407927054692,0.0028731535134587684,4.455235981948312e-05,0.00039623856751710485,-2.424557399717878e-05,-1.1069826603985124e-06,-0.024233029371493173,0.0005779295750907523,7.166861656495546e-05,-0.011360100243524969,0.00236612587829905,3.6690160239633414e-05,0.00032193983840271003,-1.9699410761419337e-05,-8.994144174645997e-07,-0.02032409066467321,0.0004847058817740137,6.010802554316182e-05,-0.010548661080451278,0.002197117387658638,3.406944675921633e-05,0.00019810067808777464,-1.2121862701431076e-05,-5.534472499136079e-07,-0.01543841408189126,0.00036818800022990033,4.565872950187868e-05,-0.009737233147827516,0.0020281080598827674,3.144872333570619e-05,0.19147010616741267,-0.014164362307045165,6.951365712501781e-05,-0.06689002509821486,-0.01105566938822218,-0.00017347540832770902,-0.5244040013724734,-0.011389657945813,0.0008712156442843285,0.4164759014977955,-0.026668601553399274,-0.0006578464353395176,0.20366850148530546,-0.00638915650318235,-0.0005390903086455145,0.6414964979409957,-0.034649338255710864,-0.0009725803128664331,-0.11849128824610969,0.004930638937591433,-0.0006302364437638495,-0.5962082775923648,0.02978741356305197,0.0012541630232644682,0.05641226950833664,0.004784663959913121,0.00045580259258341593,0.4350995008002907,-0.0335403709584336,-0.0015266262971653625,-0.3492815895545643,-0.026351564220648018,0.0012985067741777434,0.08731497277961174,-0.006601143252352205,9.70982436829043e-05,-0.2854742486396934,-0.045844645443940624,0.0010231125726425222,-0.2602858646047113,0.008523506864523722,-0.00023230106117012717,-0.09435872922862615,0.03315511582650048,0.00036124394570655226,0.09712698736475837,0.012275410012792438,-0.0003046968904288426,0.30525661979552277,-0.017022409595758122,-0.0009946802217983106,3.4361609955878483,0.2660054911036979,0.5622585114241145,1.2565165513878933,3.432781576228482,0.05464768547387427,0.028701476071194127,0.01108232175027337,0.02127395810162124,0.09200073103352176,0.022603411762784166,0.006289737951278906,0.0035249703182148335,0.0005977590576720748,0.0008910345474038129,0.003191669881853307,0.0034517882960818603,0.0001661604238170128,0_1_29_p1
3833.333,-1.6013142031401597,1.6115232004190831,0.059402167894558364,0.00359134555120521,0.002580020001457602,0.0021859371229947973,0.24236400513286172,-0.07013110324564047,-0.2553485277133997,0.5677800043793673,0.009909630426973404,0.7783865325136912,0.2503660355673004,0.20312541564975262,-0.01911993634527171,-0.1129744598619026,0.4605637542335988,0.008038353728165658,0.7780254308727707,0.14057021721101784,0.0002922493992604436,1.1357106775477569e-05,-0.018777438916846353,0.0005427345655171647,1.5102583350257531e-05,-0.019951029721813875,0.0004801360878996354,2.7610610101050048e-05,-0.019951029721813875,0.00033401014160566224,2.7610610101050048e-05,-0.016430257805576803,0.0002713827413891,2.3157028515460936e-05,-0.015256668995271283,0.00016699060950331454,1.75904255326001e-05,-0.014083079686300265,0.4649979796191176,0.025994427235054962,-0.07271782531142573,0.12441422792408198,-0.3110547634453218,0.8634236855611699,1.1894075261838153,0.8223825275065835,0.12326065454963835,0.4805202792492289,0.11532303125258776,-0.35953385104812685,0.9352519923500101,1.2350107729435869,1.0260623654438557,0.07245124721213461,0.3674599511827902,-2.3154416038834627,0.016568812424618027,0.002170779057057081,0.05041373460447217,-0.0012204468807472729,-0.00018794695453798756,2.4723033798975385,-0.021427373326938837,-0.002555412208155069,0.0001820008475457041,2.9213192432426628e-05,-1.8596383506763362e-07,0.0006763136436273636,-2.5823916875034046e-05,-4.715985614928527e-07,-0.00012149105761534612,5.565207797007677e-06,1.2580310773792108e-06,-0.0021640445006653975,-0.0013594407501028314,-0.00025124961388578584,-0.046775982340834445,0.003715730943842815,0.0001588264778523705,-0.13103677296416705,0.007935410245899098,0.00032955631176145004,0.01402135066341113,-0.00023365907269461936,-0.00017761585985499152,0.0002447244357278157,-4.077989125112047e-06,-3.0999849671743166e-06,0.02445994777800183,-0.0018258421545827247,-0.0004109955440417205,-0.0012266747406436723,-0.007096999831577561,-3.8858446151758204e-05,-0.008829814520052635,-0.0027759306147782654,-0.00031971469731443495,0.012216970146838008,-0.004971482186060366,-0.00010585198842675785,-0.007858134193406793,-0.015062697105776218,-0.0003872235098643919,-0.04006320273080455,0.0037072776152457616,-0.00013864421857077018,-0.0006992366094520729,6.470409215491077e-05,-2.4197988223906976e-06,0.017897738807872585,-0.0032957916881944964,-0.0003547284891615071,0.2668704714081785,0.006714677212569252,-5.72274560279649e-05,0.0003122358915709497,-2.2435710365481666e-05,-9.257132520338642e-07,-0.009473326894097998,0.000274468083137494,2.890801427726127e-05,-0.009781409572523821,0.0027227626075707785,3.5228318477465776e-05,0.000579855258903312,-4.166521719172721e-05,-1.7191448251393874e-06,-0.012599523958546514,0.00036504267638503565,3.8447660197835324e-05,-0.010392748819518157,0.0028929353627865934,3.743010067117082e-05,0.0005129699341674394,-3.685970383591053e-05,-1.5208459417541713e-06,-0.02303344026351147,0.0006673422169003396,7.028694982007215e-05,-0.010392748819518157,0.0028929353627865934,3.743010067117082e-05,0.00035685301923669684,-2.5641685464435667e-05,-1.0579952798826706e-06,-0.02303344026351147,0.0006673422169003396,7.028694982007215e-05,-0.00855873497566889,0.002382416831703035,3.0824771359908484e-05,0.0002899398865658507,-2.0833768217641703e-05,-8.59612460600437e-07,-0.01931800235982149,0.0005596957140995188,5.894923017749053e-05,-0.007947392409825166,0.002212244693084418,2.8623013464067e-05,0.00017840992794283773,-1.2819892873214531e-05,-5.289564356839471e-07,-0.014674178444244715,0.00042515111445937375,4.477849616038968e-05,-0.007336061987953052,0.0020420717526499874,2.6421246463795868e-05,0.1759764024266221,-0.01386039052224438,9.991963391061222e-05,-0.08248034547250216,-0.01110074841627175,-0.0001419180677912773,-0.5319527660036066,-0.009936539972765538,0.0008987402469766272,0.37939931921535397,-0.027118692606327335,-0.0005809458119485374,0.1932793312654191,-0.007096928192800867,-0.0005319670782673899,0.5943434600910235,-0.035468949237955565,-0.000877308802705883,-0.11938360598348269,0.003945723911826007,-0.0006337699541806925,-0.5529401540025353,0.03129525671151862,0.0011845160234281605,0.06600287220285946,0.005521786494115635,0.00045704931589533605,0.3837091681976239,-0.03532206402105611,-0.0014598528452035545,-0.36687619785985937,-0.024067998374093152,0.0013675090951989987,0.08147756365515652,-0.006300234740747318,0.00011914552539915039,-0.3275184300920127,-0.043619103190071416,0.0011519398529239804,-0.24783767193114323,0.007891926472851139,-0.0002740220386609273,-0.05776009576148524,0.03314376749779428,0.00028335381648589774,0.10459016217241873,0.011836942641962054,-0.00030752575496967104,0.2820794219618933,-0.01815911275438093,-0.0009733660466331656,3.3905380332488466,0.2719231116504102,0.566343046976978,1.1873929251287523,3.3876386869275943,0.04899951756363458,0.032757909824579386,0.01111093813465468,0.020348755919241082,0.09202816135446489,0.027113629685081728,0.006363153826930633,0.003426085656311975,0.0005918780931526204,0.0009153462201495395,0.003153347100400111,0.0033582345310439,0.00015554221420250534,0_1_29_p1
3850.0,-1.6460382761931553,1.612004791114248,0.10859048549754172,0.003598939229447887,0.002589177993375567,0.0021830368844434835,0.24171090392409642,-0.07074339865649412,-0.2579929463749319,0.5674896005411243,0.009904561990825613,0.7797204871623251,0.24945519211324862,0.20317930992105768,-0.01908276332553173,-0.11152692317487306,0.46046294202134164,0.008036594436279649,0.7791636867390332,0.14587866256023016,0.0002995927474218346,-0.00016478999864929988,-0.018971608292127223,0.0005563725682922483,-0.00021917296214494136,-0.02015733511938211,0.0004922008010204214,-0.0004006732417183358,-0.02015733511938211,0.0003424031806457527,-0.0004006732417183358,-0.01660015613361394,0.00027820199210939215,-0.00033604220352048426,-0.015414431799686554,0.0001711868796906095,-0.00025526138442117855,-0.014228707465759168,0.4667159101938486,0.022771625907366373,-0.08519473782831016,0.12825147490826266,-0.3072635078815933,0.8733667275740121,1.189243661708335,0.8098143008592313,0.12201991294969858,0.48904052686118377,0.10426763256358562,-0.35828115144948336,0.9214319651979119,1.2367357302138866,1.0273844363949454,0.07535645945315132,0.37754119335246067,-2.28825108548196,0.01932560161521579,0.0021056823959940325,0.047490769360399324,-0.001375031198685042,-0.00017691871590470097,2.4391220354244325,-0.024717842123809123,-0.002490421463071928,0.00021722388822653223,2.844252411757757e-05,-2.7058984146417193e-07,0.0006448738230521024,-2.5961510838993767e-05,-4.024771325100968e-07,-0.00010602555473279953,6.827713187577998e-06,1.2285862390490827e-06,-0.00511642382681351,-0.0015379810169953046,-0.00024027531175626541,-0.041651416898773816,0.0038457607569030803,0.0001481660679887946,-0.12052672093857389,0.008242627767218784,0.000309608413550056,0.011835217753445726,-0.0003536512823754734,-0.00017123735957215057,0.00020656880609513426,-6.172237800636713e-06,-2.9886579223936123e-06,0.019223276917330737,-0.002319059973774565,-0.0004030806144224556,-0.010510584374062762,-0.006993853606644972,-9.550037197395936e-06,-0.011551224331450803,-0.0030328681516336164,-0.00031304985092817393,0.005721043091045932,-0.005058444981125293,-9.278131156549884e-05,-0.026571482801457574,-0.015537951081348141,-0.00035954587665196653,-0.03419085029606191,0.0036109883867193413,-0.00015023013308268238,-0.0005967446571228384,6.302354751332666e-05,-2.622009548912103e-06,0.01162012800270462,-0.0037521173991527357,-0.00035108190944363953,0.2748519637969297,0.0065105248857321866,-8.148575021210072e-05,0.00027871190901222276,-2.3583413259884346e-05,-8.837207297188242e-07,-0.00896903844134376,0.00030966785451763375,2.8271923970742376e-05,-0.00665883906340436,0.0027342724204490266,2.883832152807255e-05,0.0005175979271547021,-4.37965491002631e-05,-1.6411613168735497e-06,-0.011928820117420042,0.0004118583619354484,3.7601660755793696e-05,-0.007075016825437809,0.0029051645913430804,3.0640729792117733e-05,0.0004578934694363623,-3.874521532336312e-05,-1.451855785545104e-06,-0.021807312177589442,0.000752926915073569,6.874035953595386e-05,-0.007075016825437809,0.0029051645913430804,3.0640729792117733e-05,0.00031853860445151287,-2.6953361667914422e-05,-1.0100016248564774e-06,-0.021807312177589442,0.000752926915073569,6.874035953595386e-05,-0.005826485601046919,0.002392487932353781,2.5233526499640384e-05,0.00025880932241027045,-2.1899493018030543e-05,-8.206193013784814e-07,-0.018289656191589784,0.0006314751012957068,5.765211436466036e-05,-0.005410302843977528,0.0022215964506118583,2.3431141376091806e-05,0.00015925431711794082,-1.3475668776459896e-05,-5.049631820400442e-07,-0.013893035481563426,0.0004796755467833835,4.379319239871179e-05,-0.004994133999256563,0.0020507041291004716,2.1628748684617954e-05,0.1609131490255374,-0.013536286337044347,0.00012951704264366697,-0.0979631840547001,-0.011110700322937275,-0.00011024285075568166,-0.5384063500643198,-0.008494168774522134,0.0009227636519059287,0.34226200631378434,-0.027462968175236815,-0.0005021879365526325,0.18233621662203847,-0.0077652575988158565,-0.0005230813508198472,0.5476379226666015,-0.036178272109644694,-0.0007823600767757127,-0.12075385442496003,0.0029786521065068277,-0.0006353473096905942,-0.5090136466265793,0.03268717771669437,0.0011139442629303227,0.07580031821254979,0.006236563163707193,0.00045689147940741325,0.33165217082705223,-0.037007690929482265,-0.0013904903887229044,-0.3820954988236562,-0.021728491246565566,0.0014305120539862828,0.07640629964654931,-0.005997760061245652,0.0001381905397999095,-0.36749467506349565,-0.04120638703188804,0.0012776978675775857,-0.23495348090798623,0.007197037145663158,-0.00031830209864701353,-0.02260930651551099,0.033009692085759,0.0002089090137895625,0.11241205044067958,0.01135215917058989,-0.00031074438739858587,0.25933421320722827,-0.019308181978845675,-0.0009535615407671445,3.347360914954533,0.27833095683960374,0.570413205272312,1.1234787754423945,3.3447967324438,0.04398576704175497,0.03671039484962487,0.011132190400838253,0.01946354573644378,0.09196929051130213,0.03140609554592598,0.006422975709960954,0.0033284867418152536,0.0005868311109419906,0.0009383074697329586,0.0031262468830752055,0.003266098497167027,0.00014586195816458086,0_1_29_p1
3866.667,-1.689957399405807,1.6123548014371047,0.15670530393616638,0.003607086426396196,0.0025972673451258106,0.0021806014021387003,0.2408346179892341,-0.07118609294394894,-0.26036394773983274,0.5671628933557745,0.009898859750826597,0.7808869879412054,0.2483748168503026,0.20292597488146522,-0.01920541210005888,-0.11039854387751473,0.4604152321995746,0.008035761664893695,0.7800848949555143,0.1512640879000964,0.000305985140473639,-0.00031792568588478293,-0.01910631429979264,0.0005682437991988131,-0.0004228434112081691,-0.020300460096693656,0.0005027021977969209,-0.0007730068243737893,-0.020300460096693656,0.0003497086302291003,-0.0007730068243737893,-0.016718024201987126,0.0002841376075626745,-0.000648316014621809,-0.015523880399748117,0.00017483910581678278,-0.000492468085728727,-0.01432973659750911,0.4681487975844681,0.019170264160916717,-0.0974783930291143,0.13103725127657237,-0.30402886175226956,0.8822549893280567,1.1891064768344664,0.7983674337949858,0.12096136028638846,0.4964334777785819,0.09286386815054742,-0.35691179155030917,0.9061599472785331,1.2389663791816588,1.030109839331101,0.0790697805804579,0.3876986370959387,-2.2627192553388658,0.02192173812287714,0.0020427380396654204,0.04437733726114842,-0.001513700727258881,-0.00016534643210537955,2.4072441167993484,-0.027830177695697702,-0.002427166817829207,0.00025056539273578276,2.7613701228515136e-05,-3.519513479726669e-07,0.0006134340024768408,-2.5992834096358637e-05,-3.3255527997633997e-07,-8.882726047370251e-05,8.059053002047428e-06,1.1944051543016456e-06,-0.008796211362821904,-0.001701239111754751,-0.00022767449314383417,-0.03657002335118706,0.0039541234114877305,0.0001372738186188473,-0.10996279166754049,0.008514052845608201,0.00028922668647186005,0.00892235453374893,-0.0004764252395432104,-0.00016315351120531926,0.0001557296906933876,-8.315042248331384e-06,-2.847567263947885e-06,0.013889784308213872,-0.002800463059843393,-0.00039463339616336527,-0.018936295525180086,-0.006850289561843151,1.869385449163575e-05,-0.0150684700875526,-0.0032624798041765166,-0.00030439940493461276,-0.0004757539076708938,-0.005122414737386517,-8.005123969854436e-05,-0.0449454958053082,-0.015966528964664987,-0.0003321944736084513,-0.02912927410937166,0.0035113100483385494,-0.00015962962402122337,-0.0005084031219894903,6.128382247135639e-05,-2.786061635335556e-06,0.00510071287155218,-0.004198367250048242,-0.0003468368376144026,0.2823264082605224,0.006277710926783784,-0.00010589810464565586,0.0002474276469303409,-2.46641443598758e-05,-8.442774203347439e-07,-0.008454805458701307,0.0003430351339870182,2.7584809628671054e-05,-0.003615640999534741,0.0027394814380041314,2.2719802845769216e-05,0.0004594994656808443,-4.5803633919750875e-05,-1.5679112636612847e-06,-0.011244890812363312,0.0004562368310463578,3.6687799074309396e-05,-0.00384161800100697,0.0029106992294483077,2.413980239109477e-05,0.0004064963012443469,-4.052076801488597e-05,-1.3870547684612906e-06,-0.02055700622363435,0.0008340561082371362,6.706970918415769e-05,-0.00384161800100697,0.0029106992294483077,2.413980239109477e-05,0.00028278362596696776,-2.818854054823639e-05,-9.649221535695905e-07,-0.02055700622363435,0.0008340561082371362,6.706970918415769e-05,-0.003163688077730601,0.0023970458279376147,1.9879822506172438e-05,0.00022975776596449444,-2.290308206167899e-05,-7.839925207628447e-07,-0.01724103285934633,0.0006995176724138699,5.6250949770768324e-05,-0.002937703550180729,0.002225828798200504,1.8459842850453795e-05,0.00014137756958821957,-1.409322044255955e-05,-4.824263224248608e-07,-0.013096488884045387,0.0005313614448145087,4.272885187071923e-05,-0.00271173555821124,0.0020546109640135713,1.7039859256837002e-05,0.14628483822793886,-0.013193625762388252,0.0001582042832669565,-0.1132406881410594,-0.01108547122792027,-7.838404433155523e-05,-0.5438002659469982,-0.007074876125021245,0.0009434852482773443,0.30526636770034704,-0.027699748347647886,-0.0004219774885049613,0.1708665813081782,-0.008390423170419724,-0.0005124573651098778,0.5014841626078833,-0.03677400996315724,-0.0006879365926876197,-0.1225214976674425,0.0020307036305751004,-0.0006352028634229695,-0.4647639920382827,0.03396171419009679,0.0010419404190883733,0.08588191465262988,0.006927381907281991,0.0004554355275886346,0.2794664297072538,-0.03860308641201078,-0.0013193693270317226,-0.3949116233134107,-0.01935486636175891,0.001487315633277642,0.07190959831265008,-0.005696113980622686,0.00015458150881327902,-0.40508433031529245,-0.038633200543582685,0.0014000361797281168,-0.22188540284969477,0.00644117253980475,-0.00036478117963100777,0.010894427340851623,0.03275888459182066,0.000137063144492874,0.12040782735831312,0.010833517964448976,-0.00031444492853895616,0.2367225755687874,-0.020469793247189828,-0.0009355874046775993,3.306425017991882,0.2849809348280455,0.5744052894864922,1.0655845916348583,3.304041837111526,0.03976248663764152,0.040499451139570555,0.01115191044567899,0.018628293139399506,0.09184935099345369,0.03545947244229776,0.006470342154193769,0.003233420910307767,0.0005828479509440072,0.0009598630461512437,0.003110204064498839,0.003176674135624191,0.00013714366651627343,0_1_29_p1
3883.333,-1.732884951203851,1.612585100125233,0.2035301475299801,0.0036157218168695647,0.00260437332850893,0.002178618209442934,0.23975344635748377,-0.0714790434669032,-0.26250212068652085,0.5668067180313342,0.009892643386696494,0.7818620515330825,0.24719555422393158,0.20239008300394684,-0.019481466339857315,-0.10961375508335898,0.46043388927061296,0.008036087293465569,0.7807728284481598,0.1566903175418778,0.0003114350557293664,-0.0004471608343434558,-0.01918047832636489,0.0005783647141983779,-0.0005947259292720734,-0.020379258720428197,0.0005116552381941514,-0.0010872289215858402,-0.020379258720428197,0.00035593696233121727,-0.0010872289215858402,-0.016782917538238275,0.000289198065062457,-0.000911852254359443,-0.015584138141505973,0.0001779527732023407,-0.0006926528629429713,-0.014385359742104665,0.4693003757982438,0.015229559045332809,-0.10946963177771529,0.13283592028383517,-0.30136595506730385,0.8900589573056515,1.188953329677924,0.7881209433530709,0.12012596641856944,0.5026180415110482,0.0812765669080315,-0.3554672478536141,0.8897392967624903,1.2415131401888906,1.0341869224797737,0.08354658701307038,0.39763504685762374,-2.2349691709864445,0.024347955220145205,0.001980490887141779,0.04099548235644347,-0.0016366686429172986,-0.0001533558317453709,2.372847401687165,-0.03075466124332314,-0.002364076411543763,0.00028218179956477463,2.6729630272728408e-05,-4.2969385139877625e-07,0.000582010424149313,-2.5922795958097457e-05,-2.6217145674444636e-07,-7.006030702567001e-05,9.264136551384832e-06,1.15606912463471e-06,-0.013276840875256313,-0.0018497003478585472,-0.00021342972179492172,-0.031387239709265914,0.004043751231711143,0.00012617591971277172,-0.09964761669481151,0.00875812991114917,0.00026875154780195496,0.005266788035958287,-0.0006025991265890166,-0.0001533429482607873,9.192840674568182e-05,-1.051717364300766e-05,-2.6763403447785058e-06,0.008440069868016802,-0.0032694694762561032,-0.0003859790301036618,-0.02637880358116828,-0.006675256809306411,4.5477200696232553e-05,-0.019381208991445492,-0.00346929374010387,-0.0002937380919092229,-0.006613514610154555,-0.005164208916181436,-6.76533080153681e-05,-0.06302006758481127,-0.016349379376267653,-0.0003052365725998594,-0.024790986585603563,0.0034012668355830945,-0.0001668323779952329,-0.0004326852327651406,5.9363210080950995e-05,-2.911774340859218e-06,-0.0015029200238051584,-0.004632764070310252,-0.00034202150901581726,0.28953125192827334,0.0060227873363373225,-0.0001301658594593303,0.00021697430404826553,-2.567150446409362e-05,-8.093986884982699e-07,-0.007902539970709681,0.0003743210610010613,2.68399677910378e-05,-0.0006692236510639929,0.0027388609296646734,1.6867285077066865e-05,0.00040294487259675085,-4.7674405980446165e-05,-1.5031364885893154e-06,-0.010510377163880492,0.0004978471326549369,3.5697160235453867e-05,-0.0007110505566830635,0.0029100399291233712,1.7921500568237312e-05,0.0003564643367170343,-4.21757128578302e-05,-1.3297513543696008e-06,-0.019214228024205318,0.0009101247299202349,6.525870208535804e-05,-0.0007110505566830635,0.0029100399291233712,1.7921500568237312e-05,0.00024797839154722226,-2.9339821502299205e-05,-9.250583454214917e-07,-0.019214228024205318,0.0009101247299202349,6.525870208535804e-05,-0.0005855742146727589,0.002396502900575923,1.475887079501733e-05,0.00020147899856874424,-2.3838502513714838e-05,-7.516016346150223e-07,-0.016114852794178534,0.0007633159365917626,5.4732070576808954e-05,-0.0005437398164997809,0.0022253246376814913,1.3704670546882232e-05,0.00012397612151846994,-1.4668810933313295e-05,-4.6249520085627024e-07,-0.012241029944290037,0.0005798233177317459,4.1575092098999746e-05,-0.00050192286742886,0.0020541455568080184,1.2650471386557972e-05,0.13210791231766333,-0.01283295158244356,0.00018586315478528282,-0.12833334006082633,-0.011022409761355479,-4.654259670065564e-05,-0.5478608121156748,-0.0056911079091508205,0.0009609549366025235,0.26863369032272,-0.027828607478972252,-0.00034081994469883393,0.1587612774190729,-0.008969765502108889,-0.0005000476337597821,0.45605887334396955,-0.03725294886067003,-0.000594318435180929,-0.12458238528933255,0.0011062898785150778,-0.0006334877844722467,-0.4207011173149264,0.03511888022462359,0.000969335218498023,0.09610197796434283,0.00759048172857365,0.0004525855861666364,0.22767908185926683,-0.040110411640143,-0.0012478597151848831,-0.4053945181415569,-0.016970748838370252,0.001537609001462212,0.06796821515446133,-0.005397109060452106,0.00016866493209593018,-0.4402040628582709,-0.03593061326438696,0.001517940707168049,-0.2089743651007459,0.00563374314494359,-0.00041289221327878584,0.04443027383069266,0.03239382009028936,6.815384218344323e-05,0.1283546381733078,0.010291731701835357,-0.000318106022127024,0.21433578363998784,-0.02163325557001358,-0.0009189400205194669,3.262308234883265,0.29195925813193185,0.5779908443220756,1.0147637855273464,3.2599345146487453,0.036381672131869644,0.04408897460641146,0.011176776402528621,0.017848441738655067,0.09168887963260998,0.03926005945142185,0.0065055866103384255,0.0031388611692697165,0.0005799418888280788,0.0009798702545720723,0.0031048229922820466,0.0030878343599788642,0.00012936388611827217,0_1_29_p1
3900.0,-1.774602694121621,1.6127095500795483,0.2488117829671524,0.0036247521504193824,0.0026106091405935553,0.002177068855732664,0.23849876207014806,-0.07163472932950861,-0.26440684537377934,0.5664363746226915,0.009886179684478105,0.782638203939434,0.245957151863855,0.20159889982207732,-0.019922112608101332,-0.10931565932976985,0.46052460350648355,0.008037670556429878,0.7812480885847949,0.16226410280394324,0.0003159734104500522,-0.0005525413212513703,-0.01919220544294179,0.0005867926598235083,-0.000734881852193225,-0.020391718875290937,0.0005191112847586711,-0.001343450735761116,-0.020391718875290937,0.00036112408086814437,-0.001343450735761116,-0.016793179076909005,0.0002934122872077723,-0.0011267441731819929,-0.01559366614322536,0.00018054583380530372,-0.0008558870252304934,-0.014394154705538223,0.4701777263839499,0.011041521825452276,-0.12101310880004464,0.13371317313110306,-0.2992643462697794,0.8967261310055658,1.1887170280545003,0.7792199077835639,0.11956667715576433,0.5074507195808114,0.0696533208589035,-0.35398752579918114,0.8724508665476938,1.2441677510745885,1.039399823519077,0.08871066570787473,0.4071264819345197,-2.205171159747537,0.02659368003417666,0.0019108726215758243,0.037390838523574006,-0.0017443615672258542,-0.0001408173725186214,2.336153254827375,-0.03348031691512732,-0.00229311902319667,0.0003122064661159493,2.579246060029308e-05,-5.040120493630097e-07,0.0005507484134439671,-2.5760873104090444e-05,-1.9166341782634733e-07,-5.0047829633070797e-05,1.0444991063502702e-05,1.1142536600721377e-06,-0.018455120235138983,-0.0019833913479383202,-0.00019752019437345168,-0.0261642026483319,0.004117222143169499,0.00011464086323864008,-0.08973391760154287,0.008980940159090591,0.0002488365862869519,0.0010762865285070579,-0.000730738814099153,-0.00014187923712979,1.8790394917031285e-05,-1.275364579003369e-05,-2.476261890044488e-06,0.0028671878986963346,-0.0037251689976800124,-0.0003771246209618914,-0.032853255720320856,-0.006477289636604402,7.045122261123363e-05,-0.024435127821565823,-0.0036579284242401824,-0.0002812168199539254,-0.01267460591935319,-0.00518569444787089,-5.512597080296157e-05,-0.08066809485776093,-0.016689320431623304,-0.0002785914843725447,-0.021128158579460102,0.0032762465362832336,-0.00017217214371184234,-0.00036875750568454496,5.7181182987561044e-05,-3.0049718459161105e-06,-0.008197901030122518,-0.00505324668206484,-0.00033689053091255937,0.29638746258728,0.005753115516280679,-0.0001546624063080186,0.00018705439077594256,-2.6608277957863442e-05,-7.765046162773581e-07,-0.007310268971696913,0.0004032786068476274,2.5983220181269693e-05,0.0021603315798240747,0.002732829066142584,1.130472161201619e-05,0.00034738191147950457,-4.9414067686509993e-05,-1.4420498028521737e-06,-0.009722657331245454,0.0005363606360194633,3.455768448656795e-05,0.002295352597419541,0.0029036310440720375,1.2011279467285474e-05,0.00030730945356729523,-4.371466606997252e-05,-1.2757096488022217e-06,-0.017774179277379995,0.0009805320612010766,6.317560680649235e-05,0.002295352597419541,0.0029036310440720375,1.2011279467285474e-05,0.00021378437855531796,-3.041042855521679e-05,-8.87463218148988e-07,-0.017774179277379995,0.0009805320612010766,6.317560680649235e-05,0.0018902870052105215,0.002391225028270264,9.891631018620002e-06,0.0001736960471564177,-2.470836778843498e-05,-7.210572355778809e-07,-0.014907093902634675,0.0008223661399053399,5.298499111694753e-05,0.0017552743015003874,0.002220423737337846,9.185088644701003e-06,0.0001068798567350691,-1.520405226127808e-05,-4.436994664868778e-07,-0.011323602555158158,0.0006246784835238496,4.0247990035020656e-05,0.0016202440900216569,0.002049621688170464,8.478549592938126e-06,0.11842296580092602,-0.012455006983847867,0.00021237586932528046,-0.14321526078423158,-0.010921039524683459,-1.4692435130016443e-05,-0.5505984938852126,-0.004353072904736254,0.0009746505280934742,0.23258243839689582,-0.027852043040724812,-0.0002592795569823647,0.14602798326362487,-0.009500773346988355,-0.00048557342933084973,0.4115477687354374,-0.03761493148441217,-0.0005019806643561722,-0.12690798137107756,0.0002102091766735568,-0.0006303783069835202,-0.37724438019587253,0.03615952674308492,0.0008971864449574308,0.10634090536451478,0.008226554083271352,0.00044889069545285846,0.17654342684619614,-0.041523808340427085,-0.0011771240773219749,-0.4136399065676805,-0.014600405253972127,0.0015813293696041375,0.06452654782886241,-0.005099983844620645,0.00018047764308802826,-0.47263992125674287,-0.033135017428024466,0.0016309092870506648,-0.19654376791060316,0.0047881921199784,-0.00046188058092255546,0.07783260818931442,0.03191975843159191,-1.2340122225511186e-06,0.13622456844579695,0.009729598152663771,-0.00032124976784965746,0.1920158328348851,-0.02277871388635077,-0.0009039008791815542,3.215296681100501,0.2990785591628467,0.5811138539212839,0.97182816376887,3.2127543248636066,0.03398646058110288,0.04745047526669861,0.011213251455100597,0.017127333329545098,0.09150292988237176,0.04279251889929111,0.006528876475370665,0.003033722380870245,0.0005782647931304532,0.0009976287031930298,0.0031098311163306096,0.0029882536865470095,0.00012229159648408374,0_1_29_p1
3916.667,-1.814911329011832,1.612740522692454,0.292299647788274,0.0036340612379840214,0.0026161054317408363,0.0021759264130708582,0.23711819067452453,-0.07165445105139064,-0.2660419461128692,0.5660799489681695,0.009879958832358498,0.7832079128178735,0.24467332157534205,0.20058078294687745,-0.020538424769562073,-0.10963825003141248,0.4606808438851256,0.008040397259386994,0.7815307316918526,0.16804390772824515,0.00031965455917525856,-0.0006341948049766731,-0.019135204984233656,0.0005936293638363204,-0.0008434807262418171,-0.02033115595024673,0.0005251590999495817,-0.0015419824368409717,-0.02033115595024673,0.0003653313216964518,-0.0015419824368409717,-0.016743304049538513,0.00029683063921417843,-0.001293251575815255,-0.015547353582190941,0.0001826492048867071,-0.0009823675454640186,-0.01435140461083987,0.4708015115466022,0.006648746015006301,-0.13205333409519543,0.13374415870931194,-0.2977104053355692,0.902220427490844,1.1883205625522755,0.7717595248238512,0.11928555697314562,0.5107442351671394,0.05814066784716089,-0.3524992900286572,0.8545705253703761,1.2467075232848301,1.0455933013960312,0.09451256849516886,0.4159320998551546,-2.173889352499535,0.02864504017109274,0.0018347389264485748,0.03361191622738512,-0.0018376750708577858,-0.00012786156882360755,2.297776232437738,-0.03599242786689603,-0.0022151806567596807,0.00034080608914235076,2.4808298319379786e-05,-5.750566755070629e-07,0.000519851425885042,-2.5521500374052114e-05,-1.2156361585448358e-07,-2.921811072296725e-05,1.160391243507303e-05,1.0699252703071578e-06,-0.024126558688658317,-0.0021043216321928876,-0.00018026400980577503,-0.020902783446294888,0.00417597332833061,0.0001028414660144888,-0.08027377301795229,0.009183108708362512,0.00022984169105751804,-0.0033523571054925616,-0.0008608503104840536,-0.0001292900697739227,-5.85039226209473e-05,-1.5024507538274395e-05,-2.256539213025648e-06,-0.0028591140684333096,-0.004168035897748905,-0.00036807770053525293,-0.038453322695023634,-0.006260730048408119,9.351170257807094e-05,-0.03011833202357178,-0.003833302058047826,-0.0002671017316440314,-0.018656227329815582,-0.00518697440356079,-4.250865677192202e-05,-0.09763816900063138,-0.016977566247081244,-0.00025252551130739174,-0.01807417550385819,0.003132972075457304,-0.00017593911762550662,-0.0003154556280418043,5.4680563594280665e-05,-3.070716288639587e-06,-0.015027633707617451,-0.005461389239998305,-0.0003314023887474799,0.30264103541894455,0.0054603511522815906,-0.0001791046436860385,0.00015750633949118746,-2.748083961811499e-05,-7.445986868186251e-07,-0.006672493178522721,0.00042978501432806203,2.5010684710252295e-05,0.004851002769769162,0.0027218404349789193,6.068893552711918e-06,0.00029250881846333224,-5.103444046335998e-05,-1.3827991366117062e-06,-0.008874416318992396,0.000571614161505195,3.3264213387469484e-05,0.00515419151144867,0.0028919556651483013,6.4482112021194945e-06,0.0002587657918453975,-4.514815458179839e-05,-1.2232918190876595e-06,-0.0162234917584191,0.001044979757634464,6.081098225756805e-05,0.00515419151144867,0.0028919556651483013,6.4482112021194945e-06,0.00018001437371475536,-3.140766461236074e-05,-8.510006867119476e-07,-0.0162234917584191,0.001044979757634464,6.081098225756805e-05,0.00424462372755666,0.0023816100117557176,5.310280622435315e-06,0.00014625845722220017,-2.5518613022980863e-05,-6.914311952095442e-07,-0.013606543049793068,0.0008764180296173532,5.100179787499546e-05,0.003941444975949039,0.002211495467865003,4.930977994852067e-06,8.99964508824829e-05,-1.5702632515788725e-05,-4.254682854328828e-07,-0.010335688939996599,0.0006657368956801292,3.8741533081296764e-05,0.0036382478030511493,0.002041380201058973,4.551677434565551e-06,0.10527707298593218,-0.012062079339146213,0.00023760259003144152,-0.15759873513493558,-0.010786854427669308,1.7060349716728354e-05,-0.551683002066875,-0.003075095797300609,0.0009845726012603306,0.19732841497480466,-0.02777429748358897,-0.00017795315032493139,0.1326462635296207,-0.009983343804923269,-0.0004690052247774927,0.36819103914175966,-0.037859784396487156,-0.0004114609519981383,-0.12943294847917738,-0.0006513214310060465,-0.0006258579737740446,-0.3350947277048564,0.03707724428585669,0.0008263543388489195,0.11637795530304973,0.008837582333006544,0.00044470199155913697,0.12623929798008385,-0.04283044264586199,-0.001107645788318256,-0.41981676096922244,-0.012264518560100848,0.0016185496913903132,0.0616160473114502,-0.0048040681511200035,0.00019008206575461882,-0.5024386797647601,-0.030278534338646936,0.0017382712998213652,-0.18494920708315946,0.003918471653409468,-0.000511006157352878,0.11181216296728634,0.03135973986696028,-7.054443559421968e-05,0.1447193832958913,0.009150177063313884,-0.0003239427955592101,0.16961834410367072,-0.023896993597704586,-0.0008903298967726636,3.166220452849018,0.30601025425157624,0.5833307451027561,0.9378322120500091,3.1633369531915316,0.03263949722795424,0.05055101100273288,0.011259274581582665,0.016471375188191265,0.09130172422733548,0.046036633687452796,0.00654058574002525,0.002919325346620042,0.0005777686953518168,0.0010129803815842832,0.0031243052935135624,0.0028791738991068134,0.00011588205712001115,0_1_29_p1
3933.333,-1.853627005384406,1.6127018063029899,0.33373312893077167,0.003643504965233812,0.0026209928523119206,0.002175167444178991,0.2356776467738094,-0.07154310602643042,-0.26734283175883267,0.5657765364430133,0.009874663503407946,0.7835602429326389,0.24335109504061614,0.19935929631791122,-0.021332334654388743,-0.11071669795219875,0.4608776751368486,0.008043832566020419,0.7816297242736979,0.17404058227874483,0.00032258920564611187,-0.0006933674506052877,-0.01899608628555369,0.0005990792790920477,-0.000922180614207245,-0.020183342519898825,0.0005299801980090906,-0.001685855911068871,-0.020183342519898825,0.0003686853458532844,-0.001685855911068871,-0.016621575312859918,0.0002995558461747924,-0.0014139171576466355,-0.015434319577180281,0.0001843262169651234,-0.001074026253792754,-0.014247065836162642,0.4712173063209598,0.0021188686078301615,-0.14254068645653697,0.1330016876668656,-0.29668250913123767,0.9064879081089514,1.187678266427577,0.7658154116117736,0.11932129533224048,0.5123454296441834,0.046886944403261646,-0.35101421130941707,0.8363877181350224,1.2489031993450503,1.0525970428929037,0.1008449037700811,0.4238248696864256,-2.1417892847466944,0.03048981972646371,0.0017533857098200167,0.029750691897369685,-0.0019176524678793418,-0.00011462568038926756,2.2583198699434957,-0.038275565477597896,-0.002131593693647018,0.0003678789408818669,2.3787377267281344e-05,-6.429882332456912e-07,0.0004894733353984216,-2.5222458754974177e-05,-5.243660414426064e-08,-7.968657937239472e-06,1.2743147713902531e-05,1.0242032921974975e-06,-0.03003533399518081,-0.002217255381612138,-0.00016216654798531237,-0.015693957497271968,0.004219895292462768,9.081986995646563e-05,-0.07109860892909622,0.009360100088362664,0.00021183958970008636,-0.007684838084362915,-0.0009954028770388975,-0.00011626191162186665,-0.00013411930465643496,-1.7372892435844654e-05,-2.0291549403952425e-06,-0.008712362879277156,-0.004597576705224901,-0.0003587731114157618,-0.043327043189954555,-0.006025796863209954,0.00011480245305205214,-0.03639575714917345,-0.004000418157532517,-0.0002517644112264169,-0.02443072759718874,-0.005167505412897283,-2.983075758669687e-05,-0.11386119891098766,-0.0172050239482964,-0.00022756773127808997,-0.015698625986926378,0.0029697238020735327,-0.0001784572849508525,-0.0002739943489963135,5.1831358697777324e-05,-3.1146664611613727e-06,-0.022056298870779433,-0.005858550841667169,-0.0003254818036276933,0.3081093990101983,0.00513902864249244,-0.0002028819482152289,0.00012838229635777395,-2.8297005263306176e-05,-7.133131379499888e-07,-0.00600402210169888,0.00045375328361315574,2.391424688360807e-05,0.007406482892992625,0.0027058657512788963,1.2044375966399299e-06,0.00023842219217948724,-5.2550178970604683e-05,-1.3247006057528469e-06,-0.007985349989635262,0.0006034919373012244,3.180595343243623e-05,0.007869389970514524,0.0028749826023516303,1.2797259274829798e-06,0.0002109179822105805,-4.6489025644898025e-05,-1.1718949306591623e-06,-0.014598171111125779,0.001103256181511216,5.8145106058115726e-05,0.007869389970514524,0.0028749826023516303,1.2797259274829798e-06,0.00014672821688560263,-3.234044459165961e-05,-8.15245068140788e-07,-0.014598171111125779,0.001103256181511216,5.8145106058115726e-05,0.006480668159664483,0.0023676322053779626,1.0538826484113323e-06,0.00011921410065414625,-2.627649227385876e-05,-6.623808736115446e-07,-0.012243397138754507,0.0009252941133755085,4.876594643809554e-05,0.0060177718935458865,0.002198516088714397,9.786067863438294e-07,7.335496903560166e-05,-1.616899694359317e-05,-4.075930032550959e-07,-0.009300227426879847,0.0007028636824833205,3.7043153122611424e-05,0.005554857147470497,0.002029399211181861,9.033345280774138e-07,0.09275593053628615,-0.011658248334602578,0.00026143240206575723,-0.17138975127335032,-0.01062049536742657,4.813867688373898e-05,-0.5511390718942489,-0.0018607727426140962,0.0009900707927772779,0.1630311650913608,-0.02760203855556445,-9.744540110425781e-05,0.11870644306641365,-0.01041768524074882,-0.00045031581616659087,0.32614342787650796,-0.03799057806560066,-0.0003234211074196366,-0.1321274222491828,-0.0014713104750932043,-0.0006199732387190998,-0.2946456411160354,0.03786922401875609,0.0007582133237116063,0.125953494595083,0.009430854410973596,0.0004406064815307529,0.07666987009306422,-0.04401035671746883,-0.0010395736808967093,-0.42410068398011835,-0.009981979541120312,0.0016495472127431477,0.059208729919090985,-0.004510876343625214,0.0001974029107352015,-0.5295564304575678,-0.027389931386159222,0.001839878963007774,-0.17442843493101567,0.003037992859279742,-0.000559447777790515,0.14607247525558315,0.030732782578599294,-0.00014071536871480895,0.1536009910334956,0.008553433531271411,-0.00032752212382291206,0.14714494509053916,-0.02498147206800246,-0.000877937047111526,3.115966105700913,0.31253258497631664,0.5845788108199332,0.9131596795879693,3.1125801923626475,0.03240927177436105,0.05336085918563301,0.011313410069700904,0.015879929196329832,0.09108756707341267,0.04897271459669414,0.006540086129835656,0.0027976200866063738,0.0005782515813804535,0.0010251362874138326,0.003147528914859725,0.0027624615171939195,0.00011003656769488465,0_1_29_p1
3950.0,-1.8898889472975453,1.6126409880612091,0.37216778186183413,0.0036528988259335454,0.0026253701380759224,0.002174822866318097,0.23422929427002093,-0.07134519466523327,-0.2682138148847619,0.5655435773744398,0.0098705978835818,0.7836827271475508,0.24196127738928108,0.1979280475421267,-0.02225080619460275,-0.11265946383583368,0.4610468718425264,0.008046785663114791,0.781515506436789,0.18022712122525902,0.0003246422115119578,-0.0007378459199286119,-0.01875995171507237,0.0006028915768439041,-0.0009813373025398414,-0.019932449445262648,0.0005333531714549449,-0.0017940009995119452,-0.019932449445262648,0.00037103156703346534,-0.0017940009995119452,-0.01641495775068832,0.0003014617457179703,-0.0015046174308832759,-0.01524246051916355,0.00018549907822246358,-0.0011429233753479802,-0.014069964783635279,0.4714746042552853,-0.00246442135977751,-0.15245236988937622,0.13157593219023542,-0.29612495123505056,0.9094775997710849,1.1866770019529684,0.761543548222582,0.11980039918255389,0.5121304295149472,0.03601951617870279,-0.3495513890287987,0.8181713173008912,1.250527185827464,1.0602911269354551,0.10752083204152345,0.4305547665303324,-2.1090467360779677,0.03211935940847338,0.0016695020472967286,0.025896641511719658,-0.0019864798182888817,-0.0001013203839978179,2.217846806000458,-0.04031478365529354,-0.0020448837869818785,0.00039328738965633577,2.2743692643924504e-05,-7.073761547227789e-07,0.00045975177366226554,-2.4881895600338568e-05,1.5312869562758328e-08,1.3450056166965091e-05,1.386316096421214e-05,9.781023864608126e-07,-0.03598742823126209,-0.002329273019410385,-0.00014381121788949045,-0.010569821192493549,0.004249481067164073,7.879979519167806e-05,-0.062022187448194016,0.009505527774009205,0.00019438871847894497,-0.011740375916561135,-0.0011389448804664019,-0.00010351494847406082,-0.00020490219056382944,-1.987817988895734e-05,-1.8066799787337196e-06,-0.014713368272601468,-0.0050119905089886976,-0.0003492609418342793,-0.04762399719361645,-0.00577302211842699,0.00013464138872952092,-0.043208792619999555,-0.004163569927348766,-0.0002354111230350726,-0.02989763217699726,-0.005127220528510391,-1.7421785362107875e-05,-0.1292168457753771,-0.017362861000951656,-0.00020392071773793166,-0.014049355416209676,0.002786669902775348,-0.0001797561601723315,-0.00024520886202358615,4.863647480554048e-05,-3.137335974408694e-06,-0.02933314643415352,-0.006244602697037871,-0.00031903463890475836,0.3125099288470835,0.004788914928976588,-0.00022553026753794697,9.941298200539427e-05,-2.9068864987614088e-05,-6.82775674562324e-07,-0.005314366859555693,0.000475216509809191,2.273333122488877e-05,0.009849847909247115,0.002684131346712913,-3.2923685397403444e-06,0.0001846245069342583,-5.398355829084915e-05,-1.2679886848293331e-06,-0.00706810848959251,0.0006320380495085408,3.0235335504343038e-05,0.01046546522014225,0.0028518898025512813,-3.4981310211956208e-06,0.00016332577426376985,-4.7757063049743e-05,-1.1217248465921833e-06,-0.012921343731706184,0.0011554419334591794,5.527382805606672e-05,0.01046546522014225,0.0028518898025512813,-3.4981310211956208e-06,0.0001136198699263675,-3.3222568297578146e-05,-7.803429090315947e-07,-0.012921343731706184,0.0011554419334591794,5.527382805606672e-05,0.008618611125176211,0.0023486145882875187,-2.880820424930665e-06,9.231335975025648e-05,-2.69932163556692e-05,-6.340242059016845e-07,-0.010837051977877436,0.000969061973585036,4.6357824592610214e-05,0.008003005447015793,0.002180856890564386,-2.67504593422586e-06,5.680153726853538e-05,-1.6610033234707455e-05,-3.9014479972875937e-07,-0.008231952299067029,0.0007361102085153509,3.521391472987172e-05,0.007387380375376907,0.0020130984184430624,-2.469267698897507e-06,0.08091994080674071,-0.01125021249300188,0.00028360909522292675,-0.18451765627669311,-0.010425824970286015,7.830491548273492e-05,-0.5490646697668177,-0.0007138271233167713,0.0009911853485266465,0.12982930692755743,-0.027342893713884354,-1.8248070150102018e-05,0.10428284896419368,-0.010804487229472881,-0.000429775524744967,0.28546241368984393,-0.03800948743863402,-0.0002383698622440927,-0.13495202377889307,-0.0022419120950778353,-0.0006126818063775313,-0.2556736971987259,0.038536732299768756,0.0006935669361648992,0.1350370091862556,0.010006229119527171,0.0004372460673721996,0.027532624482271246,-0.045046542699247905,-0.0009722532102686469,-0.4266397655763553,-0.0077703195418958385,0.0016747203826919421,0.05729759353330196,-0.004224398861523306,0.00020251382118351407,-0.5540342858835985,-0.024496726919403286,0.001935543960046871,-0.16520451906511413,0.00215838938796851,-0.0006067079528294862,0.18035795789873443,0.030057797574303064,-0.00021107520388695704,0.16307250780535015,0.007948519318188603,-0.0003316512453684219,0.12479494869169591,-0.02602887293057125,-0.0008669137368008129,3.0646867737772037,0.3183437455784648,0.5848647825644444,0.8977972602014753,3.0606524781681306,0.03326256616437586,0.05585529310684587,0.011377261863882687,0.015354955441508701,0.09086053884534019,0.051583742212288126,0.0065253572321095675,0.002672272008659327,0.0005794818721011551,0.0010339314163985032,0.003178198324626168,0.0026417899359530025,0.00010484178976124998,0_1_29_p1
3966.6670000000004,-1.923355253228098,1.6125815586028478,0.4072055583149382,0.003662107183067067,0.0026292911449069026,0.0021750103645463113,0.23277469647950336,-0.07106693831858431,-0.2686013178719447,0.5653193604107565,0.00986668485539883,0.7835345546780428,0.24049837532218246,0.1962654842965895,-0.02326746197988595,-0.11552021456215407,0.46111256703290227,0.008047932095100603,0.7811391590955193,0.18655278734776662,0.00032569738771116353,-0.000771182207307204,-0.01841764328087173,0.0006048513322611434,-0.0010256741508610035,-0.01956874676509105,0.0005350865327349254,-0.0018750545886400622,-0.01956874676509105,0.0003722373402138431,-0.0018750545886400622,-0.01611543780842957,0.00030244162342658995,-0.0015725965092519536,-0.014964334822875744,0.0001861019648126525,-0.001194561185262985,-0.013813233831983919,0.47160469411641187,-0.007009713514907264,-0.16175424625220966,0.12954892823958575,-0.29598321753448564,0.9111259754844657,1.1851940495434232,0.7590982890819948,0.12086536717752878,0.5100151059201606,0.025647558006186105,-0.34810556675376003,0.8001842801570753,1.2513337259120891,1.0685430930067688,0.11429157756857516,0.4358231685411835,-2.075901075337036,0.03343548484359416,0.001584109953444133,0.02214561570344133,-0.0020486621109966265,-8.816286100681309e-05,2.176429727231795,-0.04200584351309403,-0.0019558733360241103,0.000416746768702866,2.1695171982896682e-05,-7.677884764003342e-07,0.00043080129126585076,-2.45117544577263e-05,8.131006468515238e-08,3.499015970159456e-05,1.4956527158466758e-05,9.323169048261826e-07,-0.041853581315168226,-0.00244423565760358,-0.00012562639754957808,-0.005512644836276483,0.004270743092905431,6.686236293730979e-05,-0.05276332107278445,0.009611803020794845,0.00017708880909347705,-0.015485662881117713,-0.001292920048982368,-9.142172341082566e-05,-0.0002702695691350343,-2.2565575912139502e-05,-1.5956126228160744e-06,-0.020950860792916963,-0.005408830127432243,-0.0003394802744643351,-0.051584263079458806,-0.005499822368541269,0.00015337283619048167,-0.050468706181830345,-0.0043225721081746726,-0.00021833093441782337,-0.03503965162395711,-0.005073298481955972,-5.5260807270136215e-06,-0.1438956491116639,-0.017447510656293727,-0.0001819674241582856,-0.01309954613099132,0.002589152855845235,-0.00017995308594079398,-0.00022863156135995846,4.518913997711295e-05,-3.1407736893630216e-06,-0.03686307386286001,-0.0066150139273015605,-0.00031199117608235157,0.3158731116285944,0.004415312873586697,-0.00024635298961833544,7.048982983078182e-05,-2.977661057613445e-05,-6.52173311967821e-07,-0.004613982330502243,0.0004950259088195327,2.1492879964748214e-05,0.012224161146403286,0.0026558431829745094,-7.463897757925694e-06,0.0001309114523482687,-5.5297892926206604e-05,-1.2111602244698846e-06,-0.006136597747488876,0.0006583845950063397,2.8585535659020966e-05,0.012988173381905586,0.0028218336214180205,-7.930380153915615e-06,0.00011580793871447304,-4.891983114973302e-05,-1.0714514820670105e-06,-0.011218429592717337,0.0012036065689327116,5.225779621129069e-05,0.012988173381905586,0.0028218336214180205,-7.930380153915615e-06,8.05636691309062e-05,-3.403144312988645e-05,-7.45368872306226e-07,-0.011218429592717337,0.0012036065689327116,5.225779621129069e-05,0.010696134638832046,0.0023238624319212096,-6.5309055842413455e-06,6.545621645870207e-05,-2.765039367060346e-05,-6.056075238715228e-07,-0.009408827654449087,0.0010094573325544073,4.382829726635897e-05,0.009932135712251022,0.0021578727752990003,-6.0644123363687894e-06,4.027546086607175e-05,-1.7014432876800282e-05,-3.7265891279200045e-07,-0.007147057077547795,0.0007667949779256384,3.329245735557893e-05,0.009168115623814713,0.0019918822819005168,-5.5979138073683755e-06,0.0698340556911242,-0.010844487544674864,0.0003039556768047657,-0.19692988937644523,-0.010208157479885932,0.00010739664722343315,-0.5456922957671808,0.00036535530110160615,0.00098825102768924,0.09785020620612957,-0.027006392175383583,5.923846467589315e-05,0.08950266229698518,-0.011148507797128317,-0.0004076343478400864,0.24614661428099952,-0.037919451580845046,-0.00015652731968905529,-0.13797199219346468,-0.00295324418992155,-0.0006040317335652425,-0.21807910443771406,0.039075157014422705,0.0006319346220065945,0.14382036191019432,0.0105546638742291,0.0004346145913350776,-0.021350914654369172,-0.04592927453786137,-0.0009048120040871137,-0.4275343289930484,-0.005643629652676325,0.0016943874027456644,0.055821632271598615,-0.0039470685492803085,0.000205485520486828,-0.5758075984774554,-0.021623384645547788,0.0020251979660306767,-0.15749090912117492,0.0012894581725171978,-0.0006523602241989329,0.21427413628090833,0.029347208317330405,-0.0002810081823210723,0.17311907280963484,0.007355961865238887,-0.0003371826015077835,0.10251713369663225,-0.027032670538760538,-0.0008579553210648599,3.012598434216886,0.32349051425304665,0.5843271843100801,0.8913816720022553,3.0077736651800357,0.03513163445233261,0.057896975349900806,0.011451410065601523,0.014897747270537328,0.09061349484366371,0.05372728215368883,0.006495746798584444,0.0025446105985295273,0.000580992106804097,0.0010395014127097262,0.003214788443756482,0.0025184556788947162,0.0001003319399562689,0_1_29_p1
3983.333,-1.9536279706533157,1.612528543977486,0.438425398605371,0.00367103628752027,0.0026327773154213867,0.002175929405063862,0.23128462811326472,-0.07070541081732619,-0.2684930650717535,0.5650114608934261,0.00986131123596469,0.783057900272668,0.23895548381813392,0.19433757714887503,-0.02436468814742721,-0.11932600622522432,0.46099865188595224,0.00804594391574983,0.7804316105954091,0.19298864558059717,0.0003254191323618456,-0.0007953121322142766,-0.017968594498943113,0.0006043352134680535,-0.0010577667664811749,-0.01909163259012487,0.0005346297551364034,-0.0019337240807786016,-0.01909163259012487,0.00037191969028998014,-0.0019337240807786016,-0.0157225203112416,0.00030218331469729473,-0.001621802327520679,-0.014599482718725342,0.00018594289051797073,-0.001231938657858195,-0.013476447619536584,0.4716225343733602,-0.011523019270168468,-0.1705097951645943,0.12700403174266073,-0.2961925977035304,0.9113817135931054,1.1830919909496171,0.7586187234674275,0.12263351286950168,0.5059391382862126,0.015862077835562066,-0.3466700553852768,0.7826686499615713,1.2510679965414797,1.0771929911555442,0.12093872037399711,0.439354386003661,-2.042601804820454,0.03442805996553676,0.00149826662796753,0.018581497988374773,-0.0021042083341938377,-7.538198858786596e-05,2.134189596495214,-0.04333682187339513,-0.0018653579010712478,0.0004379869437960019,2.0652952825500684e-05,-8.235475947317043e-07,0.00040273387423301395,-2.41144044971074e-05,1.4522141325658636e-07,5.676107412506016e-05,1.600539203637667e-05,8.871078398028231e-07,-0.047552258872990597,-0.0025575556550012507,-0.00010791421510431618,-0.0005173189594260875,0.004283530866332666,5.5012288504550234e-05,-0.04316390092459495,0.009678429768491847,0.00015942022964487228,-0.018937231021659465,-0.0014474117454006405,-8.00771651300599e-05,-0.0003305112362638107,-2.5261984550980796e-05,-1.3976130362236811e-06,-0.027525597941750003,-0.005782636773124687,-0.0003292356426647042,-0.055363623664907796,-0.0052081345931865525,0.00017151411957377655,-0.05803714294905674,-0.004474723772971097,-0.00020088706460227255,-0.039880400456561604,-0.005007225280142771,5.7802700237390665e-06,-0.15815859277584016,-0.01746133886026758,-0.0001614675943732781,-0.012726876908739764,0.0023823337881530306,-0.0001793176619355349,-0.00022212787371126753,4.157948036908763e-05,-3.1296837517586954e-06,-0.044674820531979416,-0.006965346735162199,-0.00030433395169110456,0.3182987534024839,0.004022098365120475,-0.000265249787261032,4.108368449990311e-05,-3.040751689944048e-05,-6.212059785649708e-07,-0.003912450585845769,0.0005133598278516164,2.021995816596063e-05,0.01456498885272033,0.0026210115183254133,-1.1394240588273075e-05,7.630079986125348e-05,-5.646958887470716e-05,-1.1536506713591034e-06,-0.005203560234098355,0.0006827686617626552,2.6892550625355186e-05,0.015475302472582539,0.0027848250010976874,-1.2106369534628772e-05,6.749679759169796e-05,-4.995634935719508e-05,-1.0205744851341515e-06,-0.009512725206539032,0.001248183646036332,4.9162816225998534e-05,0.015475302472582539,0.0027848250010976874,-1.2106369534628772e-05,4.695523191252828e-05,-3.4752512126706665e-05,-7.09976131020612e-07,-0.009512725206539032,0.001248183646036332,4.9162816225998534e-05,0.012744357992432972,0.0022933847000458254,-9.969954573256276e-06,3.815027421663493e-05,-2.8236276066541953e-05,-5.768530868294297e-07,-0.007978263592492056,0.0010468438456618099,4.123255530310962e-05,0.011834057647968306,0.00212957202280092,-9.2578173280667e-06,2.3472411397005944e-05,-1.7374966237798085e-05,-3.549657670979206e-07,-0.006060384612184529,0.0007951941821989384,3.1320701700304834e-05,0.01092373608298182,0.0019657585685238163,-8.545671171722109e-06,0.05953224713285333,-0.010443329501194962,0.0003222854583111578,-0.20860042963688352,-0.009975021336809307,0.00013524158634474766,-0.5412091247033562,0.0013770968110302616,0.000981895621228029,0.06728627372285131,-0.026600290749090674,0.00013465123397317803,0.07453235242636738,-0.011452915110151469,-0.00038426470850362935,0.20829650077502962,-0.03772295545843916,-7.796081861326587e-05,-0.14134518931803378,-0.0035948982143641853,-0.0005938869454871974,-0.1819164025911745,0.03948168012052408,0.0005730949570062593,0.15237285501855463,0.01106596745842108,0.00043221093803191255,-0.06998257414229928,-0.04664660279943994,-0.0008366601746194559,-0.4268869961707941,-0.0036130025959303256,0.0017087180513229265,0.054705852256777626,-0.003683650955654347,0.000206545205415782,-0.594799301338212,-0.01879395676891975,0.0021084434391231022,-0.15155570220484188,0.00044289399765995923,-0.0006960080535580272,0.24750424126399162,0.028614258101447368,-0.0003496748509205693,0.18369838353955673,0.00679878425327816,-0.00034429807191924,0.07991642794577081,-0.027981176165095534,-0.0008511511402913686,2.9599713681415207,0.3281058915465977,0.5830656432645921,0.8933239572844799,2.954205984043873,0.03790337561849842,0.05946726782903911,0.011533853061762593,0.014507259471288147,0.09033178366252888,0.055387727882737735,0.006451501149246768,0.002415904461203024,0.0005825536283535048,0.0010422462349668883,0.0032553687135982636,0.002393751640846185,9.660199231843564e-05,0_1_29_p1
4000.0,-1.9815202818822923,1.612482741052593,0.46662030504674834,0.003679612835464571,0.002635834134939879,0.002177808376670008,0.22973510934471358,-0.07022971135638514,-0.26788223723346805,0.5645384547248536,0.009853055828602757,0.7821684380992843,0.23730778928182722,0.192116398337624,-0.025554348448150594,-0.12409376702279226,0.46064331431955263,0.008039742511584744,0.7793258821810831,0.19952394070623433,0.00032390917322612023,-0.0008079283693786926,-0.01741454770654552,0.0006015312173583494,-0.001074546361909848,-0.01850295796670221,0.0005321493929365692,-0.0019643984917151525,-0.01850295796670221,0.0003701943076580088,-0.0019643984917151525,-0.015237729180894144,0.00030078106730969245,-0.001647528979360576,-0.014149319918068455,0.00018508019920198494,-0.0012514808601600254,-0.01306091264990477,0.47152831202569323,-0.01584867570156875,-0.17852834588840133,0.12400859545396047,-0.29669094306084876,0.9101648062094309,1.1802367419997646,0.7603226250856312,0.1252808028469862,0.4998963506408789,0.0067256711524552,-0.34522614748709485,0.7658345354337205,1.2494809402287081,1.0861556617809218,0.1272644204057588,0.44087867080188675,-2.008935097901383,0.03508959846586447,0.0014129005545098314,0.01528106034242376,-0.002150708553532273,-6.316406514800797e-05,2.0908547493745564,-0.04430302365192706,-0.0017740941077816074,0.0004567651360748967,1.962167581394568e-05,-8.740791866284084e-07,0.0003756991222139284,-2.3685205076272622e-05,2.0674056310715654e-07,7.881323589084801e-05,1.6983108541886894e-05,8.42367723886936e-07,-0.05298812062024793,-0.0026599956667390148,-9.087320071662687e-05,0.004319075668503255,0.004287582752922899,4.3286960814947236e-05,-0.033227907209175137,0.009711138501920246,0.00014115782175585888,-0.02206013215019637,-0.001588907665253608,-6.949288570490169e-05,-0.00038501597052231865,-2.7731563483514012e-05,-1.2128814993045257e-06,-0.03445236700337916,-0.006126820709704203,-0.0003183260912752233,-0.05896378609568576,-0.004901002272070349,0.0001893795010763026,-0.06574431073815525,-0.004615164459634509,-0.00018350441009127062,-0.04442474280057909,-0.0049312110411352215,1.652351338550926e-05,-0.17240361782134647,-0.017412918979535143,-0.00014200330191530556,-0.012756441822461145,0.002172001705459431,-0.0001782706192468723,-0.00022264425650374284,3.790849101060056e-05,-3.1114081460596393e-06,-0.05278494242108149,-0.007288427347223833,-0.0002959743580762957,0.32007803065356927,0.0036147521974226695,-0.00028224101369470983,1.1118463904956925e-05,-3.092287123173285e-05,-5.888345892034321e-07,-0.0032270627805806,0.0005302494813304091,1.8936362890091477e-05,0.0168933143025588,0.0025806578802380718,-1.515245885879017e-05,2.0654062939911525e-05,-5.742671618210538e-05,-1.093532588837995e-06,-0.004291994117355512,0.0007052318934352088,2.5185368017892423e-05,0.017949147969179458,0.0027419492901053296,-1.6099475043995232e-05,1.8267542044445447e-05,-5.080304087386063e-05,-9.673918217562079e-07,-0.007846272349144999,0.001289249198028977,4.6041883536380535e-05,0.017949147969179458,0.0027419492901053296,-1.6099475043995232e-05,1.270907275685006e-05,-3.534154264045357e-05,-6.729783555873915e-07,-0.007846272349144999,0.001289249198028977,4.6041883536380535e-05,0.01478164176475825,0.0022580752780486275,-1.3258393438428222e-05,1.0325434902260655e-05,-2.871483750528026e-05,-5.467943850821728e-07,-0.0065806200021240775,0.0010812852606765407,3.8615047681136866e-05,0.013725822194866542,0.002096784697414806,-1.2311368018233388e-05,6.349646104146244e-06,-1.7669455932826547e-05,-3.3646870864816964e-07,-0.004998719224343835,0.0008213562794096902,2.9332412797628524e-05,0.012669979636076209,0.0019354933750684324,-1.136433424390197e-05,0.04999957910285363,-0.010046728446242518,0.0003385414038069045,-0.21942005734541128,-0.00972296771346386,0.00016175045805602508,-0.5357870705093346,0.0023312629965909844,0.0009726330527029875,0.03836165677071165,-0.026130985876407154,0.00020749422566502715,0.05959404491291417,-0.011722122077341395,-0.000360107244436388,0.17198106853059275,-0.03742334113981334,-2.9369077354589364e-06,-0.14527529293917063,-0.004157481337602832,-0.0005819685779278655,-0.14652642140625005,0.03975659842377888,0.000517147412806268,0.16103061413447156,0.011535943070684411,0.0004299015930460563,-0.11835993987059332,-0.04719485710236249,-0.0007676770735423199,-0.4248032852994166,-0.001687478953292541,0.0017178499189292695,0.05384716565218919,-0.003437074399152828,0.00020592470151992916,-0.6108839376346692,-0.016031789383497218,0.0021848248085252144,-0.1476345929923869,-0.00036793483859057956,-0.0007370779859324208,0.2794458111208018,0.027872224634445757,-0.0004163732591664468,0.1945041770267206,0.006290896025747209,-0.000353062107097909,0.056503833780314594,-0.028862582745725042,-0.000845789491634289,2.9064887830726844,0.33248979467429357,0.5811307119752842,0.9025311174797666,2.8996081937674116,0.04144161530441912,0.060557873917677904,0.011618510532540545,0.014174189246262858,0.09000192772290781,0.056556737944352134,0.006394824454368014,0.0022873255471544556,0.0005840186067729386,0.0010424915097895118,0.0032979612160169013,0.002268851933393869,9.376534853187078e-05,0_1_29_p1
4016.667,-2.0070012003394875,1.6124596433652718,0.4917124863196468,0.00368771664851433,0.0026384860380719096,0.0021808507348889854,0.22813344761809545,-0.06964829480932327,-0.2667388765284761,0.5638781368289644,0.009841531170219088,0.7807857952471712,0.23553598787306962,0.18957167886695173,-0.026812716377538997,-0.12985722220132698,0.45998063025586294,0.008028176463964528,0.777748381296633,0.20614912726966622,0.0003210468332528495,-0.0008110465247537556,-0.01675233986840884,0.000596215941787776,-0.0010786937628780872,-0.017799361889349233,0.0005274469772661959,-0.0019719802019858156,-0.017799361889349233,0.00036692306197427067,-0.0019719802019858156,-0.014658297322524546,0.0002981231801916554,-0.0016538879618238423,-0.013611275800249649,0.00018344457636011594,-0.0012563114328640451,-0.012564256771302256,0.4713266152946811,-0.019845620810972426,-0.18565719059139474,0.12063750197704343,-0.2973990450796649,0.9073986104406666,1.1764965472899664,0.7644487395196473,0.12899315307256315,0.4919385772682813,-0.0017186117518047995,-0.3437832623518546,0.7498689027256482,1.2463524405365012,1.0953956921523778,0.13312874514308326,0.44011946205191377,-1.9751810555613987,0.035568111087704676,0.0013286326586749017,0.012284890432963099,-0.002185561176140526,-5.165621718914245e-05,2.0467933856579537,-0.04505531385544462,-0.0016826551899139634,0.0004730326187963504,1.8603001809654024e-05,-9.18914302982981e-07,0.00034991331355998503,-2.321973537290646e-05,2.6551440672438506e-07,0.00010104577209198137,1.786224803709677e-05,7.980609671909024e-07,-0.05809900662001142,-0.002744181004037617,-7.470227813171872e-05,0.008949940893621174,0.004278660649541761,3.195744292023526e-05,-0.02308222864008969,0.009716346081307285,0.0001224618383163022,-0.02484003632995219,-0.0017062310171754038,-5.977873088104757e-05,-0.0004335341542085588,-2.9779234765916167e-05,-1.0433377724673244e-06,-0.041702819271525436,-0.006432194662393466,-0.0003067596698910614,-0.06239696112266733,-0.004579247043108053,0.0002068801964895825,-0.07341891709482541,-0.004740694469785979,-0.0001665945176906055,-0.04867404642423974,-0.004843455269029385,2.6689633223142617e-05,-0.18669082056479439,-0.01731271304886427,-0.0001228129859949656,-0.01300510012556158,0.001962343639410103,-0.0001772601594734794,-0.00022698440635458538,3.4249249804232845e-05,-3.093771762655883e-06,-0.061237902255908416,-0.007578056476105491,-0.0002868522776371668,0.32116847759772527,0.0031981786744534548,-0.0002977502213805812,-2.0029876209055338e-05,-3.1347733040942207e-05,-5.547862880781107e-07,-0.0025669863812692105,0.000545110270459692,1.7678862678098667e-05,0.01920214734540757,0.002536029355820743,-1.877312849422105e-05,-3.71913614113714e-05,-5.8215730119360496e-05,-1.030305624957066e-06,-0.003414092196176851,0.0007249967626340343,2.3512892529269324e-05,0.020402283745061867,0.0026945314894894538,-1.9946435215812765e-05,-3.29065089550295e-05,-5.1501036444364454e-05,-9.114547802127851e-07,-0.006241362223265863,0.001325381698504181,4.29843971487765e-05,0.020402283745061867,0.0026945314894894538,-1.9946435215812765e-05,-2.2890322091517207e-05,-3.582713568179656e-05,-6.340671003138505e-07,-0.006241362223265863,0.001325381698504181,4.29843971487765e-05,0.0168018703221089,0.0022190253030352036,-1.6426477073439525e-05,-1.8599602982228048e-05,-2.9109354471163355e-05,-5.151794980526715e-07,-0.005234592565340789,0.0011115893966150102,3.6050753221725675e-05,0.01560174969537012,0.00206052404673043,-1.5253162274224988e-05,-1.1449309607486196e-05,-1.7912239103869388e-05,-3.1701281675545736e-07,-0.0039762617676750885,0.0008443756115940837,2.738454563319827e-05,0.014401605166211038,0.0019020219863350178,-1.4079834793005825e-05,0.04123655596566151,-0.009653084750447957,0.00035285713029127385,-0.22932400953118667,-0.00946521850781267,0.00018672378661987787,-0.5296619868644448,0.003211220501610415,0.0009609869016990869,0.011302957786672715,-0.02560315727863472,0.00027716646890907506,0.04485627701279797,-0.011959118102711672,-0.00033569189743912767,0.137380415009972,-0.03702089268111969,6.828011825184864e-05,-0.14987036956988203,-0.004634949147584236,-0.0005679485493463387,-0.11219079889406189,0.03989387803906414,0.00046271658260962835,0.16966942538612534,0.011954722092267635,0.00042714339537593517,-0.16628512142200486,-0.04757975217768998,-0.0006978496861222913,-0.4213975879651327,0.0001266803405880245,0.0017220158904367843,0.05317923826323671,-0.0032109899660950894,0.00020388069144288136,-0.6240896295364928,-0.013358341380618317,0.002253886857243431,-0.1459130038387822,-0.0011296628470316794,-0.000775011320798628,0.310268254204903,0.027125280879497952,-0.0004797909008521133,0.20543974778298016,0.005844213545833451,-0.0003628010072193103,0.03208301918394509,-0.029662000291631577,-0.0008408686300159616,2.8526226509514436,0.3366276534624194,0.5786465028189146,0.9182500792186035,2.8444427645435537,0.04553814480800017,0.06136577090302151,0.011694528425830183,0.013895479254417007,0.08960278456972263,0.05744431838661039,0.00632724908073463,0.002159724717679074,0.0005855302341201481,0.0010406102786943193,0.0033401689836606427,0.002144589272196177,9.198985827425609e-05,0_1_29_p1
4033.3329999999996,-2.0301343522521154,1.6124887016013212,0.5136924747608727,0.0036951991243503804,0.0026407873793570387,0.0021852075753674635,0.2265105990903546,-0.06897123122725912,-0.2650013892901437,0.5630336183798157,0.009826791615353245,0.778837512128438,0.23362943258475857,0.1866836790630182,-0.02811637809434414,-0.13666662876597235,0.458954593575183,0.008010268388508065,0.7756341836885466,0.21284982774718036,0.00031676578993045774,-0.000806996862223628,-0.01597221858333842,0.000588265219046691,-0.0010733081754719335,-0.016970483086295104,0.0005204133003806588,-0.0019621340516770653,-0.016970483086295104,0.00036203015608267977,-0.0019621340516770653,-0.013975691073421557,0.00029414781882111283,-0.0016456300611344063,-0.012977427069130371,0.00018099862207982106,-0.0012500387195323774,-0.011979166056832191,0.47104597831893247,-0.023339719608249515,-0.19169790927356675,0.11695341312004574,-0.29823486580515257,0.9029586713458423,1.1717476614802609,0.7712644043363248,0.13399811658211466,0.4821505379463082,-0.009452777529960871,-0.34235625472615244,0.7349199337815069,1.2414896874517332,1.1050502691384438,0.13845643648729003,0.4366584262733209,-1.9410650607146733,0.035874064042403245,0.0012461928248564819,0.009540310376319,-0.002208899681543183,-4.0916078696146434e-05,2.0019260328821034,-0.045602731942058654,-0.0015919708139516095,0.0004868902648673361,1.7606431916938752e-05,-9.580208431124613e-07,0.00032567992184724366,-2.2718850242153015e-05,3.2108027556920096e-07,0.00012305006196971434,1.8620877381458666e-05,7.544415838146083e-07,-0.06279319091534748,-0.0028082396318298,-5.9492080138702456e-05,0.013392155830742712,0.00425854617200673,2.1149414576899347e-05,-0.012986111152823361,0.009696439482034446,0.00010372361596070799,-0.027250084012307194,-0.0017969312978351676,-5.0958280703649895e-05,-0.0004755973267037079,-3.136225564099553e-05,-8.893921861811354e-07,-0.049125317976208296,-0.006691385969641095,-0.0002946276337754407,-0.06555089942662555,-0.004244508371918936,0.00022393945098715532,-0.08084368092259307,-0.004847817445887222,-0.0001505025960512209,-0.05279011061547215,-0.004747566331811813,3.6277276423068725e-05,-0.2013444073840485,-0.01716687104270633,-0.00010378687065065338,-0.013254056773106884,0.0017596538395802167,-0.00017667746642269677,-0.00023132968533628307,3.0711642272616525e-05,-3.0836015794022393e-06,-0.06979512278864246,-0.007828175836676124,-0.0002769057483793678,0.3221230589944511,0.002776021384231312,-0.000311526630013651,-5.166206433447765e-05,-3.167340722903415e-05,-5.178440406005623e-07,-0.001929059278734559,0.0005580655630489359,1.646207590186223e-05,0.021467829865161037,0.0024876919568763783,-2.2236913020132804e-05,-9.593523851882365e-05,-5.882060825863379e-05,-9.616997031588535e-07,-0.0025656485832547074,0.0007422273282734491,2.1894566007899937e-05,0.022809571929870164,0.002643173026480399,-2.3626707008673907e-05,-8.487472038312615e-05,-5.203612104888621e-05,-8.50761254864977e-07,-0.004690304552027688,0.0013568812016174295,4.002590228898749e-05,0.022809571929870164,0.002643173026480399,-2.3626707008673907e-05,-5.9042808217945066e-05,-3.619937493106715e-05,-5.918452876506375e-07,-0.004690304552027688,0.0013568812016174295,4.002590228898749e-05,0.01878434163746669,0.0021767300780758925,-1.9457287720533535e-05,-4.797258496208561e-05,-2.9411815750271877e-05,-4.808737363826608e-07,-0.003933730545226824,0.001138007873982696,3.3569483689565515e-05,0.017442616167004488,0.002021249909541875,-1.8067488207418362e-05,-2.952352867543313e-05,-1.8098333166659705e-05,-2.959030418497764e-07,-0.002988112212493828,0.0008644433732111453,2.5499745145314027e-05,0.016100866735455455,0.0018657689478124328,-1.667767447579421e-05,0.03322411787098894,-0.009261461614695784,0.00036532343663951624,-0.23830136114547157,-0.009212955396108119,0.0002100018208940719,-0.5228256398039407,0.004007305970269355,0.0009475426930474658,-0.013761918092934778,-0.02502409445213142,0.00034306938436383535,0.030429926857594228,-0.01216905906187906,-0.0003113970626862384,0.10441994469846089,-0.03651818412446963,0.00013520419569228019,-0.15508694298726472,-0.005023348012541442,-0.0005517710917843969,-0.07815105200541608,0.03988627594971735,0.0004104172656746467,0.17903404541366533,0.012312982474373851,0.0004242557119248765,-0.21330028915628166,-0.04781590099252437,-0.0006277350059639325,-0.4166713283566121,0.0018252634388421355,0.0017215624738762337,0.052653728031536964,-0.003004813692720133,0.0002005676499515744,-0.6341857978205931,-0.01079254953585374,0.002315559212904472,-0.1464403641781559,-0.0018325890093688823,-0.0008093148988536613,0.33926585425571054,0.026372217021180016,-0.0005400374898313305,0.21592987062089078,0.0054626812861415675,-0.0003733795139623025,0.0062494572991931615,-0.0303641002486845,-0.0008360253285325338,2.798157577318692,0.34097413155368617,0.5755328230157597,0.9388921914947481,2.7884642344579698,0.049964844074136004,0.061904948005701954,0.011751782830275925,0.013664249687067255,0.08911509038401513,0.05806408564827748,0.0062500101781602395,0.0020343370726942987,0.0005869428661434775,0.0010370145289650364,0.0033809294038228068,0.0020221383100005744,9.125973198630988e-05,0_1_29_p1
4050.0,-2.050923038287124,1.6126041262087416,0.5324911618146984,0.00370192911394607,0.0026428209372683625,0.002190982121864062,0.2249031314013133,-0.06821342422600819,-0.2626109499440307,0.5620076290723584,0.009808885035893286,0.7762687190820603,0.23158836526966178,0.18343893495730804,-0.029437168472428363,-0.14456276708269952,0.4575097008126375,0.00798505037547875,0.7729225429228757,0.21959998487171006,0.0003108994889817544,-0.0007981285949614947,-0.015063359817978897,0.0005773708738557423,-0.0010615132403869556,-0.016004820835100173,0.0005107755922511461,-0.0019405717554324261,-0.016004820835100173,0.00035532559842751867,-0.0019405717554324261,-0.013180439778398346,0.0002887003968928882,-0.0016275454580907415,-0.012238979259942571,0.0001776465925849908,-0.0012363014823226803,-0.0112975222321453,0.47072882307124614,-0.026285997950569125,-0.19660053016643989,0.11301782331516667,-0.2991277772478038,0.896698846522702,1.165880549202788,0.7811432456592968,0.14060065874516567,0.4705764992114455,-0.016480507829403725,-0.3409482686959696,0.7210831569539101,1.2347168530148995,1.1152134285858897,0.14320570826409337,0.4301319221217933,-1.9066112707127174,0.03603159758436688,0.0011651103956324882,0.007025266619489781,-0.0022230529149719286,-3.0823323050338595e-05,1.9564976463690513,-0.04596436037908073,-0.0015019416464246737,0.0004985201584334893,1.6644959933985872e-05,-9.91672360662882e-07,0.00030325112934313656,-2.218907100753789e-05,3.728477962116605e-07,0.00014436362889122753,1.924536774153673e-05,7.124209540175129e-07,-0.06697699847959503,-0.0028541949922410033,-4.538153500419045e-05,0.017634263711230107,0.004229144401642491,1.0890460041368426e-05,-0.003153780591565408,0.009649785906352569,8.559551732916647e-05,-0.029276937747308166,-0.0018616863340886272,-4.307749497660588e-05,-0.0005109729674086455,-3.2492447534169594e-05,-7.518465596788092e-07,-0.056550918095354494,-0.006899043677886495,-0.0002823343475552622,-0.06836206988298148,-0.003900661732085356,0.00024005531665731157,-0.0878770570164525,-0.004934719629567351,-0.00013561232439905727,-0.05677942628938343,-0.004647200982270203,4.559010358271885e-05,-0.216123710910465,-0.016979004162282037,-8.422756017114237e-05,-0.013451887953919762,0.0015699625518521187,-0.00017691581812250847,-0.0002347824955478268,2.7400937720606312e-05,-3.087761559723e-06,-0.07835043784926102,-0.008034536285957806,-0.0002667310425822594,0.3228274533556515,0.002353343365104413,-0.00032466211013033,-8.305147359905116e-05,-3.189855045221122e-05,-4.797049959216457e-07,-0.0013131985520276922,0.0005692616370254678,1.5277211859139826e-05,0.023655617984208347,0.0024354475768314987,-2.5493394126903393e-05,-0.00015422946182061943,-5.9238712761195684e-05,-8.908718558276064e-07,-0.0017465538571306719,0.0007571181309597579,2.0318695431098478e-05,0.025134097313928183,0.0025876634113173183,-2.7086718569777094e-05,-0.0001364454241693399,-5.240597436632118e-05,-7.88102609447751e-07,-0.003192901863892253,0.0013841033515329907,3.714502129784927e-05,0.025134097313928183,0.0025876634113173183,-2.7086718569777094e-05,-9.491832127777079e-05,-3.645669722457378e-05,-5.482557067572902e-07,-0.003192901863892253,0.0013841033515329907,3.714502129784927e-05,0.020698656207061742,0.0021310162629719566,-2.230670648019716e-05,-7.712074003911485e-05,-2.962087799880836e-05,-4.454591054689343e-07,-0.0026778672450291367,0.001160838915102634,3.115330806186386e-05,0.01922019429292026,0.0019788013532622073,-2.0713377670116304e-05,-4.7459261210078924e-05,-1.8227005388217057e-05,-2.7411147635182955e-07,-0.0020341448950939125,0.0008817860764495585,2.3664390176790066e-05,0.01774170750417027,0.0018265857101011113,-1.912003450070397e-05,0.02598501764334477,-0.008875378233368852,0.00037609405372013207,-0.24639221515277346,-0.008980457512306311,0.00023157688811754082,-0.5153736671018945,0.004703988150070307,0.0009322212392481675,-0.03676331983555676,-0.02440100292205576,0.0004048230025257729,0.01641848919500169,-0.01235681579733098,-0.00028747683452930894,0.07305586764131594,-0.035914010441627925,0.000197910231529506,-0.16077959463765484,-0.0053208655907207095,-0.0005338159639976122,-0.04401689747925115,0.039724099856966504,0.0003587897190339637,0.18932769123673895,0.012596940801332631,0.0004197112891979074,-0.2591394745570882,-0.04791803690199639,-0.0005589174850943497,-0.41072031521895513,0.0034072155723444612,0.0017167241570603335,0.052199522977094404,-0.0028182477474958754,0.00019614199320641863,-0.6412502488375956,-0.008347666106736333,0.0023692652788541058,-0.14903118070255755,-0.0024703008129240084,-0.0008397749121030346,0.36635632804620755,0.0255893284881153,-0.0005955920908609423,0.22562672891837038,0.0051404052402747175,-0.0003834903409704784,-0.02075939619607287,-0.030938899232173488,-0.000830127347945258,2.74327575432789,0.3453493061770323,0.5718342081161898,0.9633937668205609,2.731867363828619,0.05451781172576356,0.062203910891464265,0.011782887122147926,0.013473992000580167,0.08850335260593752,0.05844605678398045,0.006162822858664596,0.0019108455643732337,0.0005891138688881042,0.0010315575753486739,0.0034180533191382114,0.0019011214191873133,9.136739831286391e-05,0_1_29_p1
4066.667,-2.0694002257194226,1.6128436332540037,0.5480711460725846,0.0037077639989682378,0.0026446714849409775,0.002198261142175879,0.22334540210529535,-0.06738971359220199,-0.2594802067557368,0.5608014784021965,0.009787833871786732,0.7730330342324988,0.22939164350788616,0.17980805121589363,-0.030745695668522578,-0.1536057447949506,0.45556850572532936,0.007951170044039035,0.769566224406075,0.22640857611826198,0.000303252952196017,-0.0007878944828933006,-0.014012941386314119,0.000563170376396016,-0.0010479011682179016,-0.014888751095623376,0.0004982132109607915,-0.001915687349622992,-0.014888751095623376,0.00034658648553003276,-0.001915687349622992,-0.012261323962357604,0.0002815998988302748,-0.0016066753095608935,-0.011385514253048346,0.0001732777841344987,-0.001220448407394066,-0.010509708533063093,0.4704126910851668,-0.028497888618206586,-0.20015276089444584,0.10886673571288187,-0.30000373905009076,0.8884252682885937,1.1587814897901436,0.7943658156911761,0.14905527848658695,0.45726468151893257,-0.02279330040334864,-0.3395573599645193,0.7084424298280955,1.2258488016749278,1.1256950647445978,0.14731934758328188,0.42017576969427534,-1.8722260486418474,0.03605087472003413,0.0010856090004107088,0.004741758668657782,-0.0022309890556083314,-2.1349195716040873e-05,1.9110956877027707,-0.04614475368817061,-0.0014132162599991343,0.0005081428521219232,1.5730846926001542e-05,-1.0203203587183696e-06,0.00028277568084269,-2.1640265139864338e-05,4.2031242965666495e-07,0.00016466248275701087,1.9729710706891352e-05,6.730081557898153e-07,-0.07060518610426643,-0.0028852698158901963,-3.253154251659339e-05,0.021663712697006506,0.004191868511699533,1.2708743477413226e-06,0.006293776250032335,0.009572381603558855,6.858230472587159e-05,-0.03096784965303037,-0.0019010807247320334,-3.6163956560660724e-05,-0.0005404851566820207,-3.318001985829931e-05,-6.311817053637025e-07,-0.06382447196890656,-0.007052334455240951,-0.00027027968315748767,-0.07079460533446495,-0.0035520700600171072,0.000254906303066764,-0.09443553799682347,-0.00500027981724415,-0.00012216270767119396,-0.06061589129901174,-0.0045449814519216165,5.455246874487524e-05,-0.23077588721873168,-0.01674898376410448,-6.473020889461569e-05,-0.0136221312495312,0.0013990048528391994,-0.0001779992761283105,-0.00023775402231338992,2.441715420003085e-05,-3.10667110601931e-06,-0.08678585007255021,-0.008194559531987866,-0.0002566017480860731,0.32316785210631793,0.0019328099577135007,-0.0003367579482196019,-0.0001139442120250571,-3.201077952310416e-05,-4.418646271623705e-07,-0.0007192734083116041,0.0005788099899244762,1.4126215432613787e-05,0.025738680364149988,0.0023789630175754723,-2.8470479961190743e-05,-0.00021160129642221838,-5.944715793362417e-05,-8.205966985158832e-07,-0.0009566327725002557,0.000769817426999334,1.8787870486570065e-05,0.02734735133304419,0.0025276485874240685,-3.0249873482552985e-05,-0.00018720059614833612,-5.2590372966409557e-05,-7.259324526841446e-07,-0.0017488310236151874,0.00140731923502919,3.4346491817461e-05,0.02734735133304419,0.0025276485874240685,-3.0249873482552985e-05,-0.00013022535566694696,-3.6584985240226853e-05,-5.050066722396085e-07,-0.0017488310236151874,0.00140731923502919,3.4346491817461e-05,0.02252133543436866,0.0020815922544216176,-2.4911656906111368e-05,-0.00010580812819361772,-2.9725110582278117e-05,-4.103208195649697e-07,-0.0014667342402325577,0.001180309911443084,2.880619705353372e-05,0.02091268270238423,0.0019329076574795914,-2.3132260174908888e-05,-6.511203669211569e-05,-1.8291148258631285e-05,-2.524901840417158e-07,-0.0011141546502408234,0.0008965764264728099,2.1881498889664835e-05,0.01930400418226961,0.0017842223135569972,-2.1352848245711557e-05,0.01952914082761224,-0.008500152513770355,0.0003851436729359765,-0.25361080318152696,-0.008766000222791217,0.00025151673399029126,-0.5073018004665728,0.005303655701680598,0.0009152965412632578,-0.057684175129115556,-0.023741796473265155,0.00046217330929500494,0.0029220940628730124,-0.012525351261420398,-0.0002641795612976806,0.043227014678721434,-0.03520666839478158,0.00025639370584779855,-0.16677090531993546,-0.005528516717299835,-0.0005146824264202234,-0.009454328023477381,0.03938930281617235,0.00030735765857405056,0.2005927773481625,0.01278639071556258,0.0004132231952404603,-0.30356969540352374,-0.047899147940126174,-0.0004923576422423603,-0.4035845378209354,0.004874780271783343,0.0017079940434647956,0.05174645060571747,-0.0026530568201079373,0.00019083030946075982,-0.6453084803518752,-0.0060305940241281615,0.0024151391075443404,-0.15339812121075017,-0.00303806822206403,-0.0008667083631649908,0.39117381552679337,0.02476929710966183,-0.0006462170597936873,0.23428653765006574,0.004872041904124253,-0.0003925595385002683,-0.04832373798322279,-0.03137042686272587,-0.0008235475425715107,2.6886583721138466,0.34957059744419355,0.5674988489754585,0.9905821677262802,2.6753579114446424,0.05904657067204209,0.06227116044432754,0.0117818590573445,0.013312554843654213,0.08773669316189926,0.05860019008680672,0.006065120271936347,0.0017899825993426416,0.0005918448505586676,0.0010243847298394486,0.0034509910341438813,0.0017821853321449348,9.205808454136213e-05,0_1_29_p1
4083.3329999999996,-2.0953480672469706,1.612729567461183,0.57296113983473,0.0037169766045362694,0.002647738302213869,0.002204194450079002,0.22203631572428656,-0.0665516536483951,-0.25820241107755676,0.5601582433588042,0.009776607400705769,0.7707679768025217,0.22826946172314638,0.177727217419566,-0.032239962260499515,-0.15962343470830728,0.4554187077529556,0.007948555511486282,0.7667015521693692,0.231263691969778,0.0002964661245110169,-0.0007119706657695451,-0.013326877835518024,0.0005505666400912561,-0.0009469224701278009,-0.014159808432652854,0.00048706313347896744,-0.0017310858986348185,-0.014159808432652854,0.000338829856112851,-0.0017310858986348185,-0.011661018562577204,0.00027529767134540183,-0.0014518512093847655,-0.01082808748633238,0.00016939965275881232,-0.001102842480630103,-0.00999516093229921,0.47016966565657725,-0.03350325338237534,-0.20714986393617524,0.106239307147175,-0.3017451938178119,0.8855367174299488,1.154919535763739,0.7991680112091097,0.1547609382944946,0.44552712481266815,-0.026282663521033138,-0.3391687409639463,0.7017905746825818,1.221143974839526,1.133830429201466,0.150815409895523,0.41320380706442333,-1.8319283128865296,0.036425988443811085,0.00099891001951467,0.003334197526624373,-0.0021680106284429996,-1.257103095061364e-05,1.8584223649037213,-0.04675348498832923,-0.001315343215688685,0.0005125785487969537,1.4555498946131717e-05,-1.0372848162298184e-06,0.0002688787659111506,-2.091228376918559e-05,4.5528938745068055e-07,0.00018588363313273002,1.99533695072358e-05,6.290719566205207e-07,-0.07217747445919134,-0.002805395562868677,-2.1441660419992673e-05,0.02508102503612946,0.004120994416679348,-6.818931180695907e-06,0.015362292378373027,0.009518268284103869,5.400151963807934e-05,-0.03205569397393905,-0.0018464479175285696,-2.820658256194475e-05,-0.0005594714936170389,-3.222649832750318e-05,-4.922993386118151e-07,-0.07207782771620871,-0.0071785112858499395,-0.00025554523641401844,-0.07142202236176722,-0.00322819322154712,0.00026415182210003915,-0.09923731074838049,-0.00503685764712333,-0.00011261168730030208,-0.06405115894433784,-0.00442460623257496,6.236630599018509e-05,-0.24716800195769395,-0.016651846869299047,-4.4122466423490605e-05,-0.013841698438182837,0.001196325350900881,-0.00018093758433759173,-0.00024158623735200487,2.0879732485667025e-05,-3.1579541979144316e-06,-0.09618675125448721,-0.008322775931592533,-0.0002435611107584558,0.32153009248277903,0.0015455663583450142,-0.0003440441499979302,-0.00014679026931192546,-3.205183847108141e-05,-3.9868966184628054e-07,-0.00014245436021307484,0.0005808506784531391,1.2855842466479473e-05,0.027722412561511665,0.002333102211705967,-3.0713978356431624e-05,-0.00027259973244800773,-5.9523416899061686e-05,-7.404163741626678e-07,-0.0001894632720000726,0.0007725315433917783,1.7098274045330128e-05,0.029455067236668506,0.0024789214852622,-3.263359109711121e-05,-0.0002411631217700015,-5.2657821975124346e-05,-6.550002390792965e-07,-0.00034635238931554624,0.0014122809728033597,3.125770654789346e-05,0.029455067236668506,0.0024789214852622,-3.263359109711121e-05,-0.0001677649909305691,-3.663191149965386e-05,-4.5566219984743246e-07,-0.00034635238931554624,0.0014122809728033597,3.125770654789346e-05,0.02425710096929854,0.002041464070649696,-2.687471745764973e-05,-0.0001363089783931718,-2.976324512348846e-05,-3.7022854861454324e-07,-0.0002904840018648977,0.001184471301425323,2.621565229712682e-05,0.022524465360763832,0.0018956457529588034,-2.495510306757976e-05,-8.388053223178028e-05,-1.8314617584248662e-05,-2.278199585568312e-07,-0.00022066217428156135,0.00089973745063833,1.9913691545987152e-05,0.020791803490576213,0.0017498267159643767,-2.3035472344668233e-05,0.015052410590250129,-0.008081191618263216,0.00038928845023752923,-0.25817456108357106,-0.008357505265052346,0.000268156714907038,-0.49593774500524906,0.0059601597383906225,0.0008871272265654177,-0.07209456236050463,-0.02283586307849976,0.0005113355475972497,-0.009522871415193729,-0.012570289384319193,-0.00024035949773689553,0.014879223035236921,-0.03446331537948605,0.00031192302776575516,-0.17507793018059303,-0.0057976975124530115,-0.00048800627420083985,0.028801733595304357,0.03917067980704524,0.0002471691293641624,0.21658262891541025,0.013045610507246105,0.00039674478784020235,-0.34986985843188795,-0.04772039990687694,-0.0004195089435446405,-0.38609227231250876,0.006196059151810953,0.0016711739172526943,0.049648707521819976,-0.0025452331518112017,0.00018293810288609746,-0.6277734329975868,-0.0036859490085807134,0.0024162161847395107,-0.16747350358019292,-0.004066895321981999,-0.0008820947600798031,0.4063898419847237,0.023869949849871615,-0.0006773639378288899,0.2349254793189898,0.004545594760660676,-0.0003876329031150993,-0.0875631809092885,-0.03203412548346625,-0.0008058805701496633,2.6250378622126176,0.35234832413320194,0.5593164810517954,1.0039908198739433,2.6095414379518975,0.06350140684096393,0.06288977388951798,0.011766548733593823,0.01306434293539472,0.08702991583346534,0.05930802905231925,0.00597512217514637,0.0016583271266472014,0.0005884829483965192,0.0010052105437925538,0.003427852780057179,0.001651698735225027,9.190186083394781e-05,0_1_29_p1
4100.0,-2.121295908774519,1.612615501668363,0.5978511335968753,0.003726189210104301,0.0026508051194867603,0.002210127757982125,0.2207272293432777,-0.06571359370458825,-0.25692461539937667,0.5595150083154119,0.00976538092962481,0.7685029193725447,0.22714727993840664,0.17564638362323834,-0.03373422885247644,-0.16564112462166394,0.45526890978058177,0.00794594097893353,0.7638368799326635,0.23611880782129407,0.0002896792968260167,-0.0006360468486457895,-0.012640814284721929,0.0005379629037864964,-0.0008459437720377005,-0.013430865769682332,0.00047591305599714335,-0.0015464844476466451,-0.013430865769682332,0.00033107322669566916,-0.0015464844476466451,-0.011060713162796804,0.0002689954438605289,-0.0012970271092086379,-0.01027066071961642,0.00016552152138312603,-0.00098523655386614,-0.009480613331535326,0.4699266402279876,-0.0385086181465441,-0.2141469669779046,0.10361187858146813,-0.3034866485855331,0.8826481665713038,1.1510575817373343,0.8039702067270432,0.16046659810240227,0.43378956810640384,-0.02977202663871764,-0.3387801219633732,0.6951387195370681,1.2164391480041246,1.1419657936583338,0.1543114722077641,0.4062318444345714,-1.7916305771312127,0.036801102167588036,0.0009122110386186309,0.0019266363845909691,-0.002105032201277668,-3.792866185186423e-06,1.8057490421046722,-0.047362216288487836,-0.0012174701713782363,0.0005170142454719842,1.3380150966261892e-05,-1.0542492737412672e-06,0.0002549818509796113,-2.0184302398506838e-05,4.90266345244696e-07,0.00020710478350844926,2.0177028307580245e-05,5.851357574512258e-07,-0.07374976281411627,-0.0027255213098471578,-1.0351778323391953e-05,0.028498337375252404,0.0040501203216591645,-1.4908736709133151e-05,0.024430808506713725,0.009464154964648884,3.9420734550287104e-05,-0.03314353829484772,-0.0017918151103251058,-2.024920856322877e-05,-0.0005784578305520572,-3.127297679670706e-05,-3.534169718599279e-07,-0.08033118346351084,-0.007304688116458926,-0.0002408107896705492,-0.07204943938906948,-0.002904316383077133,0.00027339734113331424,-0.10403908349993754,-0.0050734354770025115,-0.0001030606669294103,-0.06748642658966394,-0.004304231013228306,7.018014323549491e-05,-0.26356011669665635,-0.01655470997449362,-2.351472395236559e-05,-0.01406126562683447,0.0009936458489625635,-0.00018387589254687296,-0.0002454184523906198,1.734231077130318e-05,-3.209237289809553e-06,-0.10558765243642419,-0.0084509923311972,-0.0002305204734308385,0.3198923328592401,0.0011583227589765282,-0.00035133035177625847,-0.00017963632659879364,-3.209289741905866e-05,-3.555146965301906e-07,0.00043436468788545825,0.0005828913669818019,1.1585469500345158e-05,0.029706144758873343,0.0022872414058364627,-3.2957476751672486e-05,-0.0003335981684737966,-5.959967586449922e-05,-6.602360498094521e-07,0.0005777062285001085,0.0007752456597842226,1.54086776040902e-05,0.03156278314029283,0.0024301943831003315,-3.5017308711669435e-05,-0.0002951256473916669,-5.2725270983839135e-05,-5.840680254744486e-07,0.001056126244984093,0.001417242710577529,2.8168921278325938e-05,0.03156278314029283,0.0024301943831003315,-3.5017308711669435e-05,-0.00020530462619419124,-3.6678837759080854e-05,-4.0631772745525656e-07,0.001056126244984093,0.001417242710577529,2.8168921278325938e-05,0.025992866504228426,0.002001335886877775,-2.88377780091881e-05,-0.0001668098285927257,-2.98013796646988e-05,-3.3013627766411704e-07,0.0008857662365027615,0.0011886326914075616,2.362510754071994e-05,0.024136248019143425,0.0018583838484380164,-2.677794596025064e-05,-0.00010264902777144493,-1.8338086909866032e-05,-2.0314973307194666e-07,0.000672830301677696,0.0009028984748038501,1.794588420230946e-05,0.022279602798882813,0.001715431118371756,-2.47180964436249e-05,0.010575680352888042,-0.007662230722756083,0.0003934332275390821,-0.26273831898561506,-0.007949010307313473,0.00028479669582378474,-0.4845736895439255,0.006616663775100647,0.0008589579118675776,-0.08650494959189367,-0.021929929683734372,0.0005604977858994943,-0.021967836893260456,-0.012615227507217988,-0.0002165394341761104,-0.013468568608247411,-0.03371996236419053,0.00036745234968371156,-0.18338495504125052,-0.006066878307606187,-0.00046133012198145654,0.06705779521408617,0.03895205679791812,0.00018698060015427415,0.23257248048265794,0.013304830298929628,0.0003802663804399446,-0.396170021460252,-0.04754165187362769,-0.0003466602448469209,-0.3686000068040822,0.007517338031838558,0.0016343537910405931,0.04755096443792248,-0.002437409483514466,0.0001750458963114351,-0.6102383856432981,-0.0013413039930332826,0.0024172932619346806,-0.1815488859496357,-0.005095722421899965,-0.0008974811569946154,0.4216058684426539,0.022970602590081393,-0.0007085108158640925,0.23556442098791386,0.0042191476171970985,-0.00038270626772993037,-0.12680262383535423,-0.03269782410420663,-0.0007882135977278158,2.5617112144127754,0.3555568673046527,0.5513210769384079,1.0247504493326036,2.543751916974823,0.06807160602856689,0.06351109785967744,0.011779376780850247,0.012871549402742943,0.08644774645283541,0.060016104560543966,0.005885637569150623,0.0015272071886505956,0.0005861223811845196,0.0009867662118475042,0.0034101167511142436,0.0015213082124256765,9.240305824814879e-05,0_1_29_p1
4116.6669999999995,-2.147243750302067,1.6125014358755427,0.6227411273590205,0.003735401815672333,0.002653871936759652,0.002216061065885248,0.21941814296226891,-0.06487553376078141,-0.25564681972119657,0.5588717732720198,0.009754154458543848,0.7662378619425676,0.22602509815366692,0.1735655498269107,-0.03522849544445337,-0.17165881453502055,0.45511911180820785,0.007943326446380777,0.7609722076959577,0.24097392367281015,0.00028289246914101654,-0.000560123031522034,-0.011954750733925837,0.0005253591674817367,-0.0007449650739475998,-0.012701923106711812,0.0004647629785153192,-0.001361882996658472,-0.012701923106711812,0.0003233165972784873,-0.001361882996658472,-0.010460407763016405,0.000262693216375656,-0.0011422030090325098,-0.009713233952900456,0.00016164339000743972,-0.0008676306271021775,-0.008966065730771444,0.4696836147993978,-0.043513982910712845,-0.221144070019634,0.10098445001576127,-0.30522810335325434,0.8797596157126588,1.1471956277109294,0.8087724022449768,0.16617225791030993,0.42205201140013937,-0.033261389756402145,-0.33839150296280013,0.6884868643915545,1.2117343211687228,1.1501011581152016,0.15780753452000518,0.39925988180471944,-1.751332841375896,0.03717621589136499,0.0008255120577225915,0.0005190752425575686,-0.002042053774112337,4.9852985802407936e-06,1.7530757193056232,-0.04797094758864645,-0.0011195971270677872,0.0005214499421470148,1.2204802986392067e-05,-1.071213731252716e-06,0.00024108493604807203,-1.9456321027828088e-05,5.252433030387116e-07,0.0002283259338841685,2.040068710792469e-05,5.41199558281931e-07,-0.07532205116904118,-0.0026456470568256385,7.38103773208768e-07,0.03191564971437535,0.003979246226638981,-2.2998542237570368e-05,0.033499324635054395,0.0094100416451939,2.483994946249487e-05,-0.0342313826157564,-0.0017371823031216422,-1.2291834564512815e-05,-0.0005974441674870756,-3.031945526591094e-05,-2.1453460510804062e-07,-0.088584539210813,-0.007430864947067913,-0.00022607634292707998,-0.07267685641637175,-0.002580439544607147,0.0002826428601665893,-0.10884085625149456,-0.005110013306881692,-9.350964655851853e-05,-0.07092169423499005,-0.00418385579388165,7.799398048080477e-05,-0.2799522314356187,-0.016457573079688193,-2.9069814812405213e-06,-0.014280832815486106,0.0007909663470242459,-0.0001868142007561542,-0.0002492506674292347,1.3804889056939348e-05,-3.260520381704675e-06,-0.1149885536183612,-0.00857920873080187,-0.00021747983610322124,0.3182545732357012,0.000771079159608043,-0.0003586165535545868,-0.00021248238388566192,-3.213395636703591e-05,-3.123397312141008e-07,0.0010111837359839896,0.0005849320555104646,1.0315096534210847e-05,0.03168987695623503,0.002241380599966958,-3.5200975146913354e-05,-0.0003945966044995857,-5.9675934829936755e-05,-5.800557254562365e-07,0.0013448757290002913,0.0007779597761766669,1.3719081162850273e-05,0.03367049904391715,0.002381467280938463,-3.740102632622766e-05,-0.0003490881730133323,-5.2792719992553925e-05,-5.131358118696007e-07,0.0024586048792837358,0.0014222044483516987,2.5080136008758425e-05,0.03367049904391715,0.002381467280938463,-3.740102632622766e-05,-0.0002428442614578134,-3.672576401850784e-05,-3.5697325506308045e-07,0.0024586048792837358,0.0014222044483516987,2.5080136008758425e-05,0.02772863203915832,0.0019612077031058543,-3.080083856072646e-05,-0.00019731067879227973,-2.9839514205909142e-05,-2.9004400671369074e-07,0.002062016474870417,0.0011927940813898003,2.1034562784313057e-05,0.025748030677523025,0.0018211219439172293,-2.8600788852921513e-05,-0.00012141752331110953,-1.8361556235483406e-05,-1.7847950758706218e-07,0.0015663227776369533,0.0009060594989693701,1.5978076858631772e-05,0.023767402107189414,0.0016810355207791355,-2.640072054258157e-05,0.006098950115525956,-0.00724326982724895,0.0003975780048406349,-0.2673020768876591,-0.0075405153495745995,0.00030143667674053143,-0.4732096340826019,0.007273167811810671,0.0008307885971697374,-0.10091533682328271,-0.02102399628896898,0.000609660024201739,-0.034412802371327156,-0.012660165630116783,-0.00019271937061532526,-0.04181636025173174,-0.032976609348895,0.00042298167160166817,-0.191691979901908,-0.006336059102759363,-0.0004346539697620732,0.10531385683286798,0.038733433788791,0.00012679207094438592,0.24856233204990563,0.013564050090613148,0.0003637879730396869,-0.44247018448861614,-0.04736290384037844,-0.00027381154614920106,-0.3511077412956557,0.008838616911866166,0.0015975336648284917,0.04545322135402498,-0.0023295858152177305,0.0001671536897367727,-0.5927033382890095,0.0010033410225141481,0.0024183703391298505,-0.19562426831907848,-0.006124549521817934,-0.0009128675539094278,0.4368218949005842,0.02207125533029117,-0.0007396576938992951,0.23620336265683792,0.003892700473733522,-0.00037777963234476137,-0.16604206676142008,-0.03336152272494701,-0.0007705466253059682,2.4987007715877136,0.3591846818860149,0.5435208876294982,1.0524261409077391,2.4779914952445914,0.07273542560340779,0.0641350535782396,0.011820251587115953,0.012736691075246507,0.08599271583899552,0.06072440833687956,0.0057966902345620765,0.0013967736109426307,0.0005847752753397367,0.0009690934078842431,0.0033978675432091475,0.0013910407808048302,9.35511110357861e-05,0_1_29_p1
4133.3330000000005,-2.173191591829615,1.612387370082723,0.6476311211211658,0.003744614421240365,0.002656938754032544,0.002221994373788371,0.2181090565812601,-0.06403747381697455,-0.2543690240430165,0.5582285382286275,0.009742927987462888,0.7639728045125905,0.22490291636892717,0.17148471603058305,-0.0367227620364303,-0.1776765044483772,0.45496931383583405,0.007940711913828025,0.7581075354592519,0.24582903952432622,0.00027610564145601636,-0.0004841992143982784,-0.011268687183129743,0.000512755431176977,-0.0006439863758574991,-0.01197298044374129,0.000453612901033495,-0.001177281545670299,-0.01197298044374129,0.0003155599678613054,-0.001177281545670299,-0.009860102363236003,0.00025639098889078307,-0.0009873789088563818,-0.009155807186184493,0.00015776525863175342,-0.0007500247003382148,-0.008451518130007562,0.4694405893708081,-0.0485193476748816,-0.22814117306136333,0.09835702145005441,-0.3069695581209756,0.876871064854014,1.1433336736845243,0.8135745977629102,0.1718779177182176,0.410314454693875,-0.03675075287408664,-0.33800288396222705,0.681835009246041,1.2070294943333213,1.1582365225720697,0.1613035968322463,0.3922879191748675,-1.711035105620579,0.03755132961514194,0.0007388130768265521,-0.0008884858994758355,-0.0019790753469470053,1.376346334566801e-05,1.7004023965065742,-0.04857967888880506,-0.0010217240827573386,0.0005258856388220453,1.1029455006522239e-05,-1.0881781887641648e-06,0.00022718802111653275,-1.8728339657149338e-05,5.60220260832727e-07,0.00024954708425988767,2.0624345908269138e-05,4.972633591126362e-07,-0.0768943395239661,-0.0025657728038041196,1.1827985869809489e-05,0.03533296205349829,0.003908372131618796,-3.1088347766007585e-05,0.042567840763395065,0.009355928325738913,1.0259164374702636e-05,-0.035319226936665074,-0.0016825494959181785,-4.334460565796834e-06,-0.0006164305044220938,-2.9365933735114823e-05,-7.565223835615293e-08,-0.09683789495811515,-0.007557041777676901,-0.00021134189618361076,-0.07330427344367402,-0.00225656270613716,0.00029188837919986446,-0.11364262900305158,-0.005146591136760873,-8.395862618762676e-05,-0.07435696188031615,-0.004063480574534995,8.580781772611459e-05,-0.29634434617458105,-0.016360436184882764,1.7700760989884548e-05,-0.01450040000413774,0.0005882868450859287,-0.00018975250896543543,-0.0002530828824678496,1.0267467342575516e-05,-3.311803473599797e-06,-0.12438945480029821,-0.008707425130406538,-0.00020443919877560394,0.3166168136121623,0.0003838355602395569,-0.000365902755332915,-0.0002453284411725301,-3.2175015315013156e-05,-2.6916476589801087e-07,0.001588002784082521,0.0005869727440391275,9.044723568076532e-06,0.03367360915359671,0.0021955197940974535,-3.744447354215422e-05,-0.00045559504052537477,-5.975219379537429e-05,-4.998754011030207e-07,0.0021120452295004723,0.0007806738925691111,1.2029484721610346e-05,0.035778214947541465,0.002332740178776595,-3.97847439407859e-05,-0.00040305069863499747,-5.2860169001268714e-05,-4.4220359826475296e-07,0.003861083513583375,0.001427166186125868,2.1991350739190905e-05,0.035778214947541465,0.002332740178776595,-3.97847439407859e-05,-0.00028038389672143554,-3.6772690277934834e-05,-3.0762878267090455e-07,0.003861083513583375,0.001427166186125868,2.1991350739190905e-05,0.029464397574088204,0.001921079519333933,-3.276389911226482e-05,-0.00022781152899183365,-2.9877648747119483e-05,-2.4995173576326454e-07,0.0032382667132380763,0.001196955471372039,1.8444018027906176e-05,0.02735981333590262,0.001783860039396442,-3.0423631745592393e-05,-0.00014018601885077412,-1.838502556110078e-05,-1.538092821021776e-07,0.0024598152535962106,0.0009092205231348903,1.4010269514954086e-05,0.025255201415496014,0.0016466399231865147,-2.8083344641538244e-05,0.0016222198781638553,-0.006824308931741815,0.00040172278214218774,-0.27186583478970316,-0.007132020391835728,0.00031807665765727817,-0.4618455786212784,0.007929671848520697,0.0008026192824718973,-0.1153257240546717,-0.020118062894203592,0.0006588222625039838,-0.04685776784939388,-0.012705103753015578,-0.00016889930705454013,-0.07016415189521608,-0.032233256333599476,0.00047851099351962456,-0.19999900476256555,-0.006605239897912539,-0.0004079778175426898,0.1435699184516498,0.038514810779663886,6.660354173449769e-05,0.26455218361715327,0.01382326988229667,0.0003473095656394291,-0.4887703475169803,-0.04718415580712919,-0.00020096284745148144,-0.33361547578722917,0.010159895791893771,0.0015607135386163905,0.043355478270127486,-0.0022217621469209953,0.00015926148316211032,-0.5751682909347207,0.003347986038061579,0.002419447416325021,-0.20969965068852126,-0.0071533766217359036,-0.0009282539508242401,0.4520379213585144,0.02117190807050095,-0.0007708045719344977,0.23684230432576198,0.0035662533302699443,-0.0003728529969595925,-0.20528150968748582,-0.03402522134568739,-0.0007528796528841207,2.4360310707592303,0.36321920511125766,0.5359244370387105,1.0864895132337464,2.412262552576392,0.07747596041342732,0.06476156497723876,0.011888883875809718,0.012661619283908097,0.08566684995818163,0.06143293248573252,0.005708305286872465,0.0012672383471363804,0.0005844486387384446,0.0009522350898985965,0.0033911646136155567,0.0012609345906702968,9.532265015199648e-05,0_1_29_p1
4150.0,-2.199139433357163,1.6122733042899027,0.6725211148833111,0.0037538270268083966,0.0026600055713054353,0.0022279276816914934,0.2167999702002513,-0.06319941387316769,-0.2530912283648364,0.5575853031852354,0.009731701516381929,0.7617077470826135,0.22378073458418746,0.16940388223425537,-0.03821702862840722,-0.18369419436173384,0.4548195158634602,0.007938097381275273,0.7552428632225462,0.25068415537584227,0.0002693188137710162,-0.0004082753972745228,-0.01058262363233365,0.0005001516948722173,-0.0005430076777673989,-0.011244037780770768,0.0004424628235516709,-0.0009926800946821255,-0.011244037780770768,0.0003078033384441235,-0.0009926800946821255,-0.009259796963455604,0.0002500887614059102,-0.0008325548086802537,-0.00859838041946853,0.0001538871272560671,-0.0006324187735742517,-0.007936970529243678,0.4691975639422184,-0.053524712439050354,-0.2351382761030927,0.09572959288434753,-0.3087110128886968,0.8739825139953691,1.1394717196581194,0.8183767932808437,0.1775835775261252,0.39857689798761065,-0.040240115991771144,-0.33761426496165403,0.6751831541005274,1.2023246674979198,1.1663718870289375,0.16479965914448738,0.3853159565450156,-1.6707373698652623,0.03792644333891888,0.000652114095930513,-0.0022960470415092395,-0.001916096919781674,2.2541628111095226e-05,1.6477290737075252,-0.049188410188963666,-0.0009238510384468896,0.0005303213354970758,9.854107026652414e-06,-1.1051426462756136e-06,0.00021329110618499347,-1.8000358286470585e-05,5.951972186267426e-07,0.0002707682346356069,2.0848004708613583e-05,4.5332715994334135e-07,-0.07846662787889103,-0.0024858985507826004,2.291786796641021e-05,0.038750274392621235,0.003837498036598612,-3.917815329444483e-05,0.05163635689173576,0.009301815006283928,-4.321620713089599e-06,-0.03640707125757375,-0.001627916688714715,3.622913432919147e-06,-0.000635416841357112,-2.84124122043187e-05,6.323012839573433e-08,-0.10509125070541728,-0.007683218608285887,-0.00019660744944014153,-0.0739316904709763,-0.0019326858676671742,0.00030113389823313954,-0.1184444017546086,-0.005183168966640055,-7.440760581673499e-05,-0.07779222952564226,-0.003943105355188339,9.362165497142442e-05,-0.31273646091354346,-0.016263299290077336,3.830850346100956e-05,-0.014719967192789375,0.00038560734314761064,-0.00019269081717471665,-0.0002569150975064646,6.73004562821167e-06,-3.363086565494919e-06,-0.1337903559822352,-0.008835641530011207,-0.0001913985614479867,0.3149790539886234,-3.4080391289291467e-06,-0.00037318895711124333,-0.0002781744984593984,-3.221607426299041e-05,-2.2598980058192105e-07,0.002164821832181054,0.0005890134325677903,7.774350601942217e-06,0.03565734135095839,0.0021496589882279487,-3.968797193739509e-05,-0.0005165934765511639,-5.982845276081183e-05,-4.196950767498049e-07,0.0028792147300006534,0.0007833880089615554,1.0339888280370419e-05,0.03788593085116579,0.0022840130766147264,-4.216846155534412e-05,-0.00045701322425666286,-5.2927618009983504e-05,-3.7127138465990506e-07,0.005263562147883018,0.0014321279239000375,1.8902565469623386e-05,0.03788593085116579,0.0022840130766147264,-4.216846155534412e-05,-0.0003179235319850577,-3.681961653736182e-05,-2.5828431027872866e-07,0.005263562147883018,0.0014321279239000375,1.8902565469623386e-05,0.03120016310901809,0.0018809513355620123,-3.472695966380318e-05,-0.00025831237919138767,-2.9915783288329825e-05,-2.0985946481283824e-07,0.0044145169516057355,0.001201116861354278,1.5853473271499294e-05,0.02897159599428221,0.0017465981348756547,-3.2246474638263265e-05,-0.00015895451439043877,-1.8408494886718154e-05,-1.2913905661729312e-07,0.003353307729555468,0.0009123815473004104,1.2042462171276392e-05,0.026743000723802614,0.0016122443255938942,-2.976596874049491e-05,-0.0028545103591982313,-0.006405348036234682,0.00040586755944374054,-0.2764295926917472,-0.006723525434096855,0.00033471663857402486,-0.45048152315995477,0.008586175885230722,0.0007744499677740572,-0.12973611128606075,-0.0192121294994382,0.0007079845008062285,-0.05930273332746061,-0.012750041875914372,-0.000145079243493755,-0.09851194353870041,-0.03148990331830395,0.0005340403154375812,-0.20830602962322303,-0.006874420693065715,-0.00038130166532330644,0.1818259800704316,0.03829618777053677,6.415012524609454e-06,0.28054203518440096,0.014082489673980191,0.00033083115823917135,-0.5350705105453444,-0.04700540777387994,-0.00012811414875376183,-0.31612321027880264,0.011481174671921376,0.0015238934124042892,0.04125773518622999,-0.0021139384786242597,0.00015136927658744793,-0.557633243580432,0.00569263105360901,0.0024205244935201907,-0.22377503305796403,-0.00818220372165387,-0.0009436403477390523,0.4672539478164447,0.020272560810710726,-0.0008019514499697004,0.23748124599468604,0.003239806186806367,-0.0003679263615744235,-0.24452095261355156,-0.03468891996642777,-0.0007352126804622732,2.373729100247576,0.3676470476799548,0.5285405099456699,1.1263611873241257,2.346567734220903,0.08227995175090154,0.0653905585982708,0.011984796787369701,0.012647398707258357,0.08547162616885112,0.062141669469202306,0.005620509257478687,0.0011389079513936774,0.0005851441803086479,0.0009362352570440566,0.003390040861488619,0.0011310452870924653,9.768375986580664e-05,0_1_29_p1
4166.667,-2.2250872748847117,1.6121592384970824,0.6974111086454564,0.0037630396323764283,0.002663072388578327,0.0022338609895946166,0.21549088381924247,-0.06236135392936085,-0.25181343268665635,0.5569420681418431,0.009720475045300967,0.7594426896526363,0.22265855279944774,0.16732304843792772,-0.039711295220384156,-0.18971188427509048,0.4546697178910864,0.00793548284872252,0.7523781909858406,0.25553927122735837,0.000262531986086016,-0.00033235158015076737,-0.009896560081537557,0.0004875479585674576,-0.0004420289796772982,-0.010515095117800246,0.00043131274606984674,-0.0008080786436939522,-0.010515095117800246,0.0003000467090269417,-0.0008080786436939522,-0.008659491563675204,0.00024378653392103725,-0.0006777307085041257,-0.008040953652752567,0.00015000899588038077,-0.000514812846810289,-0.007422422928479796,0.46895453851362867,-0.0585300772032191,-0.24213537914482205,0.09310216431864067,-0.310452467656418,0.8710939631367242,1.1356097656317148,0.8231789887987773,0.18328923733403282,0.38683934128134617,-0.04372947910945565,-0.33722564596108096,0.6685312989550138,1.197619840662518,1.1745072514858055,0.16829572145672847,0.37834399391516366,-1.6304396341099454,0.038301557062695835,0.0005654151150344738,-0.00370360818354264,-0.0018531184926163424,3.131979287652244e-05,1.5950557509084762,-0.049797141489122274,-0.000825977994136441,0.0005347570321721063,8.678759046782589e-06,-1.1221071037870624e-06,0.0001993941912534542,-1.7272376915791835e-05,6.30174176420758e-07,0.00029198938501132614,2.1071663508958028e-05,4.0939096077404653e-07,-0.08003891623381593,-0.002406024297761081,3.400775006301093e-05,0.04216758673174419,0.0037666239415784274,-4.726795882288207e-05,0.06070487302007643,0.009247701686828941,-1.8902405800881833e-05,-0.037494915578482425,-0.0015732838815112513,1.15802874316351e-05,-0.0006544031782921303,-2.745889067352258e-05,2.021124951476216e-07,-0.11334460645271943,-0.007809395438894875,-0.00018187300269667235,-0.07455910749827856,-0.0016088090291971873,0.0003103794172664147,-0.12324617450616562,-0.005219746796519235,-6.485658544584322e-05,-0.08122749717096836,-0.0038227301358416833,0.00010143549221673427,-0.3291285756525058,-0.01616616239527191,5.891624593213463e-05,-0.01493953438144101,0.00018292784120929346,-0.0001956291253839979,-0.00026074731254507953,3.192623913847838e-06,-3.4143696573900407e-06,-0.1431912571641722,-0.008963857929615874,-0.0001783579241203694,0.3133412943650845,-0.0003906516384974152,-0.00038047515888957155,-0.00031102055574626657,-3.225713321096766e-05,-1.8281483526583123e-07,0.0027416408802795854,0.000591054121096453,6.503977635807905e-06,0.03764107354832007,0.002103798182358444,-4.193147033263596e-05,-0.0005775919125769529,-5.990471172624937e-05,-3.3951475239658933e-07,0.0036463842305008345,0.0007861021253539996,8.650291839130492e-06,0.039993646754790106,0.002235285974452858,-4.455217916990235e-05,-0.0005109757498783283,-5.299506701869829e-05,-3.0033917105505715e-07,0.006666040782182657,0.0014370896616742069,1.5813780200055866e-05,0.039993646754790106,0.002235285974452858,-4.455217916990235e-05,-0.00035546316724867984,-3.6866542796788815e-05,-2.0893983788655255e-07,0.006666040782182657,0.0014370896616742069,1.5813780200055866e-05,0.032935928643947975,0.001840823151790091,-3.6690020215341556e-05,-0.0002888132293909416,-2.995391782954017e-05,-1.6976719386241205e-07,0.005590767189973391,0.0012052782513365167,1.3262928515092412e-05,0.03058337865266181,0.0017093362303548677,-3.4069317530934145e-05,-0.00017772300993010336,-1.8431964212335528e-05,-1.0446883113240854e-07,0.004246800205514729,0.0009155425714659304,1.0074654827598706e-05,0.028230800032109215,0.0015778487280012736,-3.144859283945158e-05,-0.007331240596560318,-0.005986387140727549,0.0004100123367452934,-0.28099335059379127,-0.006315030476357982,0.0003513566194907716,-0.4391174676986312,0.009242679921940746,0.0007462806530762171,-0.1441464985174498,-0.018306196104672812,0.0007571467391084731,-0.07174769880552734,-0.012794979998813167,-0.00012125917993296986,-0.12685973518218474,-0.03074655030300843,0.0005895696373555378,-0.21661305448388057,-0.007143601488218891,-0.0003546255131039231,0.22008204168921341,0.038077564761409645,-5.3773516685278995e-05,0.29653188675164865,0.014341709465663714,0.0003143527508389136,-0.5813706735737085,-0.04682665974063069,-5.5265450056042e-05,-0.2986309447703761,0.012802453551948985,0.0014870732861921878,0.03915999210233249,-0.002006114810327524,0.00014347707001278554,-0.5400981962261433,0.00803727606915644,0.0024216015707153606,-0.2378504154274068,-0.009211030821571839,-0.0009590267446538647,0.4824699742743749,0.019373213550920504,-0.000833098328004903,0.2381201876636101,0.00291335904334279,-0.00036299972618925453,-0.2837603955396174,-0.03535261858716815,-0.0007175457080404256,2.3118245904277512,0.37245418217541454,0.521378135909695,1.1714482352609048,2.2809099887275868,0.08713690488049283,0.06602196349671802,0.01210734199768445,0.012694233850667983,0.08540794033306813,0.06285061208717979,0.0055333301791299075,0.0010122407816869018,0.0005868582656197665,0.000921138645101368,0.0033945018278042824,0.0010014572643791335,0.00010059293367126726,0_1_29_p1
4183.3330000000005,-2.2510351164122597,1.6120451727042626,0.7223011024076017,0.0037722522379444604,0.002666139205851218,0.0022397942974977394,0.21418179743823365,-0.06152329398555399,-0.25053563700847625,0.5562988330984509,0.009709248574220009,0.7571776322226592,0.22153637101470797,0.16524221464160008,-0.041205561812361076,-0.1957295741884471,0.45451991991871254,0.007932868316169768,0.7495135187491347,0.2603943870788744,0.0002557451584010158,-0.00025642776302701174,-0.009210496530741465,0.00047494422226269787,-0.0003410502815871975,-0.009786152454829724,0.00042016266858802253,-0.0006234771927057793,-0.009786152454829724,0.00029229007960975977,-0.0006234771927057793,-0.008059186163894805,0.00023748430643616436,-0.0005229066083279976,-0.007483526886036603,0.0001461308645046945,-0.00039720692004632644,-0.006907875327715913,0.468711513085039,-0.06353544196738785,-0.24913248218655146,0.0904747357529338,-0.31219392242413924,0.8682054122780792,1.13174781160531,0.8279811843167106,0.18899489714194048,0.37510178457508186,-0.047218842227140165,-0.3368370269605079,0.6618794438095004,1.1929150138271165,1.1826426159426735,0.17179178376896956,0.3713720312853118,-1.5901418983546285,0.038676670786472786,0.0004787161341384344,-0.0051111693255760475,-0.0017901400654510109,4.009795764194963e-05,1.542382428109427,-0.05040587278928089,-0.000728104949825992,0.0005391927288471369,7.503411066912764e-06,-1.1390715612985112e-06,0.00018549727632191486,-1.6544395545113085e-05,6.651511342147737e-07,0.0003132105353870453,2.1295322309302472e-05,3.654547616047517e-07,-0.08161120458874085,-0.002326150044739562,4.509763215961165e-05,0.04558489907086714,0.0036957498465582436,-5.535776435131929e-05,0.0697733891484171,0.009193588367373957,-3.348319088867407e-05,-0.0385827598993911,-0.0015186510743077876,1.9537661430351082e-05,-0.0006733895152271486,-2.6505369142726458e-05,3.409948618995093e-07,-0.12159796220002159,-0.007935572269503862,-0.00016713855595320312,-0.07518652452558083,-0.0012849321907272004,0.00031962493629968976,-0.12804794725772264,-0.005256324626398416,-5.530556507495147e-05,-0.08466276481629446,-0.003702354916495028,0.0001092493294620441,-0.34552069039146815,-0.01606902550046648,7.95239884032597e-05,-0.015159101570092644,-1.975166072902372e-05,-0.0001985674335932791,-0.0002645795275836944,-3.4479780051599397e-07,-3.4656527492851627e-06,-0.15259215834610923,-0.009092074329220542,-0.0001653172867927521,0.3117035347415456,-0.0007778952378659013,-0.00038776136066789987,-0.00034386661303313474,-3.2298192158944906e-05,-1.396398699497412e-07,0.0033184599283781167,0.0005930948096251158,5.23360466967359e-06,0.03962480574568175,0.0020579373764889396,-4.417496872787683e-05,-0.000638590348602742,-5.998097069168691e-05,-2.5933442804337333e-07,0.0044135537310010155,0.000788816241746444,6.9606953978905715e-06,0.042101362658414423,0.0021865588722909893,-4.693589678446057e-05,-0.0005649382754999937,-5.306251602741308e-05,-2.2940695745020946e-07,0.008068519416482296,0.0014420513994483765,1.2724994930488347e-05,0.042101362658414423,0.0021865588722909893,-4.693589678446057e-05,-0.000393002802512302,-3.69134690562158e-05,-1.5959536549437665e-07,0.008068519416482296,0.0014420513994483765,1.2724994930488347e-05,0.03467169417887787,0.0018006949680181702,-3.8653080766879916e-05,-0.0003193140795904956,-2.999205237075051e-05,-1.2967492291198585e-07,0.00676701742834105,0.0012094396413187553,1.0672383758685523e-05,0.0321951613110414,0.0016720743258340804,-3.589216042360502e-05,-0.00019649150546976796,-1.84554335379529e-05,-7.979860564752406e-08,0.005140292681473986,0.0009187035956314505,8.10684748392102e-06,0.029718599340415815,0.0015434531304086528,-3.3131216938408255e-05,-0.011807970833922418,-0.005567426245220414,0.00041415711404684625,-0.28555710849583527,-0.00590653551861911,0.00036799660040751835,-0.4277534122373077,0.009899183958650772,0.000718111338378377,-0.15855688574883883,-0.01740026270990742,0.0008063089774107177,-0.08419266428359407,-0.012839918121711962,-9.743911637218473e-05,-0.15520752682566896,-0.030003197287712904,0.0006450989592734942,-0.22492007934453806,-0.007412782283372067,-0.0003279493608845397,0.25833810330799534,0.03785894175228253,-0.00011396204589516723,0.31252173831889635,0.014600929257347236,0.0002978743434386559,-0.6276708366020727,-0.04664791170738143,1.758324864167761e-05,-0.2811386792619496,0.014123732431976586,0.0014502531599800866,0.037062249018434995,-0.0018982911420307885,0.00013558486343812315,-0.5225631488718545,0.010381921084703878,0.002422678647910531,-0.2519257977968496,-0.010239857921489808,-0.000974413141568677,0.49768600073230507,0.018473866291130285,-0.0008642452060401055,0.23875912933253415,0.002586911899879212,-0.0003580730908040856,-0.32299983846568314,-0.03601631720790853,-0.0006998787356185781,2.250350342577169,0.37762612385554545,0.5144465687205787,1.2211731216841966,2.215292612440701,0.09203843565623586,0.06665571114919833,0.012255720642031948,0.01280145460000101,0.08547608646706326,0.06355975345875133,0.00544679767585824,0.0008879489081811206,0.0005895820111356042,0.0009069903568035809,0.0034045255595825247,0.0008723048060854929,0.00010400419088293557,0_1_29_p1
4200.0,-2.276982957939808,1.6119311069114424,0.747191096169747,0.003781464843512492,0.00266920602312411,0.0022457276054008626,0.21287271105722486,-0.06068523404174714,-0.2492578413302962,0.5556555980550587,0.009698022103139047,0.754912574792682,0.22041418922996825,0.1631613808452724,-0.04269982840433801,-0.20174726410180374,0.45437012194633875,0.007930253783617017,0.746648846512429,0.2652495029303905,0.0002489583307160157,-0.00018050394590325608,-0.00852443297994537,0.00046234048595793816,-0.00024007158349709676,-0.009057209791859202,0.00040901259110619843,-0.00043887574171760593,-0.009057209791859202,0.0002845334501925779,-0.00043887574171760593,-0.007458880764114406,0.0002311820789512914,-0.00036808250815187013,-0.006926100119320642,0.00014225273312900818,-0.00027960099328236377,-0.0063933277269520306,0.4684684876564492,-0.0685408067315566,-0.25612958522828083,0.08784730718722693,-0.3139353771918605,0.8653168614194343,1.127885857578905,0.8327833798346442,0.19470055694984814,0.3633642278688174,-0.05070820534482466,-0.3364484079599348,0.6552275886639868,1.188210186991715,1.1907779803995413,0.17528784608121065,0.3644000686554598,-1.5498441625993118,0.03905178451024974,0.00039201715324239505,-0.006518730467609448,-0.0017271616382856796,4.887612240737685e-05,1.489709105310378,-0.0510146040894395,-0.0006302319055155434,0.0005436284255221674,6.328063087042939e-06,-1.15603601880996e-06,0.00017160036139037558,-1.581641417443433e-05,7.001280920087892e-07,0.00033443168576276455,2.1518981109646917e-05,3.215185624354569e-07,-0.08318349294366577,-0.0022462757917180425,5.618751425621237e-05,0.04900221140999008,0.0036248757515380593,-6.344756987975651e-05,0.07884190527675777,0.009139475047918972,-4.80639759764663e-05,-0.03967060422029978,-0.001464018267104324,2.7495035429067063e-05,-0.0006923758521621669,-2.5551847611930337e-05,4.798772286513965e-07,-0.12985131794732374,-0.008061749100112849,-0.0001524041092097339,-0.0758139415528831,-0.0009610553522572136,0.00032887045533296484,-0.13284972000927966,-0.005292902456277598,-4.57545447040597e-05,-0.08809803246162057,-0.0035819796971483723,0.00011706316670735392,-0.3619128051304305,-0.015971888605661056,0.00010013173087438472,-0.01537866875874428,-0.00022243116266734177,-0.00020150574180256034,-0.0002684117426223094,-3.882219514879826e-06,-3.5169358411802842e-06,-0.1619930595280462,-0.009220290728825211,-0.00015227664946513485,0.3100657751180067,-0.0011651388372343856,-0.00039504756244622814,-0.00037671267032000303,-3.233925110692216e-05,-9.646490463365138e-08,0.003895278976476648,0.0005951354981537786,3.963231703539279e-06,0.041608537943043436,0.0020120765706194347,-4.641846712311769e-05,-0.0006995887846285309,-6.005722965712444e-05,-1.7915410369015775e-07,0.0051807232315012,0.0007915303581388883,5.271098956650644e-06,0.04420907856203874,0.002137831770129121,-4.9319614399018796e-05,-0.0006189008011216591,-5.312996503612787e-05,-1.5847474384536155e-07,0.009470998050781936,0.0014470131372225459,9.636209660920827e-06,0.04420907856203874,0.002137831770129121,-4.9319614399018796e-05,-0.00043054243777592414,-3.6960395315642795e-05,-1.1025089310220075e-07,0.009470998050781936,0.0014470131372225459,9.636209660920827e-06,0.03640745971380775,0.0017605667842462492,-4.061614131841828e-05,-0.00034981492979004953,-3.0030186911960853e-05,-8.958265196155966e-08,0.00794326766670871,0.001213601031300994,8.081839002278642e-06,0.033806943969420994,0.001634812421313293,-3.77150033162759e-05,-0.00021526000100943255,-1.8478902863570275e-05,-5.5128380162639476e-08,0.006033785157433243,0.0009218646197969706,6.139040140243333e-06,0.031206398648722416,0.0015090575328160322,-3.481384103736492e-05,-0.016284701071284505,-0.0051484653497132805,0.00041830189134839905,-0.2901208663978793,-0.005498040560880237,0.00038463658132426503,-0.4163893567759841,0.010555687995360795,0.0006899420236805368,-0.17296727298022788,-0.016494329315142033,0.0008554712157129624,-0.09663762976166074,-0.012884856244610757,-7.36190528113996e-05,-0.1835553184691533,-0.02925984427241738,0.0007006282811914508,-0.23322710420519555,-0.007681963078525243,-0.00030127320866515635,0.29659416492677715,0.037640318743155404,-0.00017415057510505546,0.32851158988614404,0.014860149049030758,0.00028139593603839814,-0.6739709996304368,-0.04646916367413218,9.043194733939722e-05,-0.26364641375352305,0.015445011312004195,0.0014134330337679853,0.034964505934537496,-0.0017904674737340529,0.00012769265686346078,-0.5050281015175657,0.012726566100251309,0.002423755725105701,-0.2660011801662924,-0.011268685021407777,-0.0009897995384834893,0.5129020271902354,0.017574519031340063,-0.0008953920840753081,0.2393980710014582,0.002260464756415635,-0.0003531464554189166,-0.3622392813917489,-0.03668001582864891,-0.0006822117631967305,2.189342600794676,0.3831480999070822,0.507755260972011,1.2749933333136791,2.149719302015456,0.09697778507377719,0.06729173536418918,0.012429007549054351,0.012967563168216555,0.08567574999561825,0.06426908700481043,0.005360943057410546,0.0007671876641588731,0.0005933015114884417,0.0008938354255895546,0.003420063146085867,0.0007438148348079737,0.00010786990864641982,0_1_29_p1
4216.667,-2.3029307994673562,1.6118170411186223,0.7720810899318923,0.003790677449080524,0.002672272840397002,0.0022516609133039853,0.21156362467621606,-0.059847174097940284,-0.2479800456521161,0.5550123630116665,0.009686795632058088,0.752647517362705,0.21929200744522853,0.16108054704894478,-0.044194094996314943,-0.20776495401516037,0.45422032397396483,0.007927639251064263,0.7437841742757232,0.27010461878190656,0.00024217150303101548,-0.00010458012877950066,-0.007838369429149278,0.00044973674965317846,-0.00013909288540699604,-0.00832826712888868,0.0003978625136243743,-0.0002542742907294326,-0.00832826712888868,0.000276776820775396,-0.0002542742907294326,-0.006858575364334006,0.00022487985146641852,-0.00021325840797574208,-0.006368673352604679,0.00013837460175332184,-0.00016199506651840115,-0.005878780126188148,0.46822546222785955,-0.07354617149572537,-0.2631266882700102,0.08521987862152006,-0.3156768319595817,0.8624283105607894,1.1240239035525,0.8375855753525777,0.20040621675775577,0.35162667116255303,-0.054197568462509164,-0.3360597889593618,0.6485757335184731,1.1835053601563132,1.1989133448564093,0.17878390839345173,0.35742810602560793,-1.5095464268439949,0.03942689823402669,0.00030531817234635567,-0.007926291609642849,-0.001664183211120348,5.7654287172804065e-05,1.437035782511329,-0.05162333538959811,-0.0005323588612050944,0.0005480641221971979,5.15271510717311e-06,-1.1730004763214088e-06,0.0001577034464588363,-1.5088432803755581e-05,7.351050498028047e-07,0.0003556528361384838,2.1742639909991362e-05,2.775823632661621e-07,-0.08475578129859068,-0.0021664015386965232,6.727739635281309e-05,0.052419523749113024,0.003554001656517875,-7.153737540819375e-05,0.08791042140509844,0.009085361728463987,-6.264476106425854e-05,-0.04075844854120845,-0.0014093854599008602,3.545240942778302e-05,-0.0007113621890971851,-2.4598326081134215e-05,6.187595954032838e-07,-0.1381046736946259,-0.008187925930721837,-0.00013766966246626466,-0.07644135858018536,-0.0006371785137872284,0.00033811597436624,-0.13765149276083669,-0.005329480286156778,-3.620352433316793e-05,-0.09153330010694667,-0.003461604477801717,0.0001248770039526638,-0.37830491986939285,-0.015874751710855627,0.00012073947334550984,-0.015598235947395914,-0.00042511066460565895,-0.00020444405001184156,-0.0002722439576609243,-7.419641229243658e-06,-3.5682189330754062e-06,-0.17139396070998325,-0.009348507128429879,-0.00013923601213751755,0.3084280154944678,-0.0015523824366028716,-0.0004023337642245564,-0.0004095587276068712,-3.23803100548994e-05,-5.328993931756156e-08,0.0044720980245751794,0.0005971761866824414,2.6928587374049637e-06,0.043592270140405114,0.0019662157647499304,-4.8661965518358556e-05,-0.00076058722065432,-6.0133488622561976e-05,-9.897377933694218e-08,0.005947892732001381,0.0007942444745313326,3.5815025154107172e-06,0.04631679446566306,0.0020891046679672523,-5.170333201357702e-05,-0.0006728633267433245,-5.319741404484266e-05,-8.754253024051365e-08,0.010873476685081582,0.0014519748749967152,6.547424391353308e-06,0.04631679446566306,0.0020891046679672523,-5.170333201357702e-05,-0.0004680820730395463,-3.700732157506978e-05,-6.090642071002464e-08,0.010873476685081582,0.0014519748749967152,6.547424391353308e-06,0.03814322524873764,0.0017204386004743282,-4.257920186995665e-05,-0.00038031577998960355,-3.0068321453171194e-05,-4.949038101113325e-08,0.009119517905076365,0.0012177624212832327,5.49129424587176e-06,0.035418726627800594,0.001597550516792506,-3.953784620894677e-05,-0.00023402849654909714,-1.8502372189187646e-05,-3.0458154677755e-08,0.006927277633392501,0.0009250256439624906,4.171232796565646e-06,0.03269419795702901,0.0014746619352234117,-3.6496465136321594e-05,-0.02076143130864659,-0.004729504454206146,0.00042244666864995185,-0.29468462429992337,-0.005089545603141366,0.0004012765622410118,-0.4050253013146605,0.011212192032070821,0.0006617727089826967,-0.18737766021161686,-0.015588395920376641,0.0009046334540152072,-0.10908259523972746,-0.012929794367509552,-4.979898925061446e-05,-0.21190311011263763,-0.028516491257121857,0.0007561576031094072,-0.2415341290658531,-0.007951143873678419,-0.000274597056445773,0.33485022654555896,0.03742169573402829,-0.0002343391043149437,0.34450144145339173,0.015119368840714279,0.0002649175286381404,-0.720271162658801,-0.04629041564088293,0.00016328064603711705,-0.24615414824509652,0.016766290192031803,0.0013766129075558839,0.03286676285064,-0.0016826438054373177,0.00011980045028879839,-0.48749305416327704,0.01507121111579874,0.0024248328023008707,-0.28007656253573515,-0.012297512121325746,-0.0010051859353983016,0.5281180536481656,0.01667517177154984,-0.0009265389621105107,0.24003701267038227,0.0019340176129520586,-0.0003482198200337477,-0.40147872431781473,-0.03734371444938929,-0.0006645447907748831,2.12884147245822,0.38900520427455476,0.5013138333756632,1.3324126945158887,2.0841942166812815,0.10194945645494154,0.06792997219577006,0.0126261772063305,0.013190334984102709,0.08600601496812502,0.064978606431787,0.005275799418141353,0.0006519220395128695,0.0005979981864232849,0.0008817183142090811,0.0034410398967548734,0.0006164017794096867,0.00011214309927548172,0_1_29_p1
4233.333,-2.328878640994904,1.611702975325802,0.7969710836940376,0.003799890054648556,0.002675339657669893,0.0022575942212071085,0.21025453829520724,-0.05900911415413344,-0.246702249973936,0.5543691279682742,0.009675569160977126,0.750382459932728,0.21816982566048881,0.15899971325261714,-0.04568836158829187,-0.21378264392851704,0.45407052600159103,0.007925024718511512,0.7409195020390176,0.27495973463342266,0.00023538467534601527,-2.8656311655745015e-05,-0.007152305878353182,0.0004371330133484188,-3.8114187316895835e-05,-0.007599324465918158,0.00038671243614255013,-6.967283974125921e-05,-0.007599324465918158,0.00026902019135821413,-6.967283974125921e-05,-0.006258269964553607,0.0002185776239815456,-5.843430779961402e-05,-0.005811246585888715,0.00013449647037763556,-4.4389139754438035e-05,-0.005364232525424263,0.4679824367992698,-0.07855153625989413,-0.2701237913117396,0.0825924500558132,-0.3174182867273029,0.8595397597021445,1.120161949526095,0.8423877708705112,0.20611187656566343,0.3398891144562886,-0.05768693158019367,-0.3356711699587887,0.6419238783729595,1.1788005333209117,1.2070487093132773,0.18227997070569282,0.35045614339575604,-1.4692486910886782,0.03980201195780364,0.00021861919145031673,-0.00933385275167625,-0.0016012047839550167,6.643245193823128e-05,1.38436245971228,-0.05223206668975672,-0.00043448581689464576,0.0005524998188722284,3.977367127303289e-06,-1.1899649338328578e-06,0.00014380653152729701,-1.4360451433076831e-05,7.700820075968202e-07,0.000376873986514203,2.1966298710335807e-05,2.3364616409686704e-07,-0.08632806965351561,-0.002086527285675004,7.836727844941381e-05,0.05583683608823597,0.0034831275614976907,-7.9627180936631e-05,0.09697893753343914,0.009031248409009,-7.722554615205077e-05,-0.04184629286211713,-0.0013547526526973966,4.3409783426499e-05,-0.0007303485260322035,-2.3644804550338094e-05,7.576419621551711e-07,-0.14635802944192802,-0.008314102761330823,-0.00012293521572279544,-0.07706877560748764,-0.00031330167531724157,0.00034736149339951506,-0.1424532655123937,-0.005366058116035959,-2.6652503962276155e-05,-0.09496856775227278,-0.0033412292584550614,0.00013269084119797361,-0.39469703460835526,-0.0157776148160502,0.00014134721581663485,-0.01581780313604755,-0.0006277901665439761,-0.00020738235822112278,-0.00027607617269953923,-1.0957062943607503e-05,-3.619502024970528e-06,-0.18079486189192023,-0.009476723528034546,-0.0001261953748099003,0.3067902558709289,-0.0019396260359713577,-0.0004096199660028847,-0.0004424047848937395,-3.2421369002876656e-05,-1.0114974001471528e-08,0.0050489170726737125,0.0005992168752111042,1.4224857712706487e-06,0.04557600233776679,0.0019203549588804256,-5.0905463913599425e-05,-0.0008215856566801091,-6.0209747587999514e-05,-1.8793454983726602e-08,0.006715062232501562,0.0007969585909237768,1.89190607417079e-06,0.04842451036928738,0.002040377565805384,-5.4087049628135246e-05,-0.0007268258523649898,-5.326486305355745e-05,-1.6610316635665745e-08,0.012275955319381221,0.0014569366127708846,3.4586391217857884e-06,0.04842451036928738,0.002040377565805384,-5.4087049628135246e-05,-0.0005056217083031684,-3.7054247834496775e-05,-1.1561948317848747e-08,0.012275955319381221,0.0014569366127708846,3.4586391217857884e-06,0.03987899078366753,0.0016803104167024071,-4.454226242149501e-05,-0.00041081663018915747,-3.0106455994381536e-05,-9.398110060707054e-09,0.01029576814344402,0.0012219238112654717,2.9007494894648782e-06,0.03703050928618019,0.001560288612271719,-4.136068910161765e-05,-0.00025279699208876174,-1.852584151480502e-05,-5.787929192870414e-09,0.007820770109351758,0.0009281866681280107,2.2034254528879526e-06,0.03418199726533561,0.0014402663376307909,-3.8179089235278267e-05,-0.025238161546008678,-0.004310543558699012,0.0004265914459515047,-0.2992483822019674,-0.004681050645402493,0.00041791654315775846,-0.39366124585333695,0.011868696068780847,0.0006336033942848566,-0.2017880474430059,-0.014682462525611253,0.0009537956923174519,-0.12152756071779419,-0.012974732490408347,-2.597892568982933e-05,-0.24025090175612196,-0.027773138241826333,0.0008116869250273638,-0.24984115392651057,-0.008220324668831594,-0.0002479209042263896,0.37310628816434066,0.03720307272490117,-0.0002945276335248319,0.3604912930206394,0.0153785886323978,0.0002484391212378827,-0.7665713256871649,-0.04611166760763368,0.00023612934473483688,-0.22866188273666999,0.018087569072059412,0.0013397927813437827,0.030769019766742498,-0.001574820137140582,0.000111908243714136,-0.46995800680898836,0.01741585613134617,0.002425909879496041,-0.29415194490517793,-0.013326339221243712,-0.0010205723323131138,0.5433340801060959,0.015775824511759618,-0.0009576858401457133,0.24067595433930633,0.001607570469488482,-0.0003432931846485787,-0.4407181672438806,-0.03800741307012967,-0.0006468778183530354,2.06889140313073,0.39518253616399285,0.49513203848621895,1.3929862018922583,2.018722052414345,0.10694894229946343,0.06857035986041948,0.012846129963111748,0.013466958353294131,0.0864653848536041,0.06568830571641189,0.005191401740254906,0.0005456460063404297,0.0006036492277373578,0.0008706823531307026,0.0034673570957406146,0.0004909048892167356,0.00011677904046696424,0_1_29_p1
4250.0,-2.3548264825224523,1.6115889095329823,0.8218610774561829,0.0038091026602165875,0.002678406474942785,0.0022635275291102313,0.20894545191419842,-0.058171054210326575,-0.2454244542957559,0.553725892924882,0.009664342689896167,0.7481174025027508,0.21704764387574904,0.15691887945628946,-0.0471826281802688,-0.21980033384187364,0.4539207280292172,0.00792241018595876,0.7380548298023117,0.2798148504849387,0.00022859784766101512,4.7267505468010635e-05,-0.006466242327557089,0.00042452927704365905,6.286451077320487e-05,-0.006870381802947636,0.000375562358660726,0.00011492861124691415,-0.006870381802947636,0.0002612635619410323,0.00011492861124691415,-0.005657964564773205,0.0002122753964966727,9.638979237651403e-05,-0.005253819819172752,0.00013061833900194922,7.321678700952459e-05,-0.00484968492466038,0.4677394113706801,-0.08355690102406287,-0.2771208943534689,0.07996502149010634,-0.31915974149502413,0.8566512088434995,1.1162999954996904,0.8471899663884447,0.2118175363735711,0.32815155775002425,-0.06117629469787817,-0.33528255095821563,0.635272023227446,1.1740957064855102,1.2151840737701451,0.1857760330179339,0.34348418076590403,-1.4289509553333613,0.04017712568158059,0.00013192021055427735,-0.010741413893709657,-0.0015382263567896852,7.52106167036585e-05,1.3316891369132309,-0.052840797989915325,-0.0003366127725841967,0.000556935515547259,2.8020191474334603e-06,-1.2069293913443066e-06,0.00012990961659575773,-1.3632470062398078e-05,8.050589653908357e-07,0.00039809513688992225,2.2189957510680252e-05,1.8970996492757223e-07,-0.08790035800844052,-0.0020066530326534847,8.945716054601453e-05,0.05925414842735891,0.0034122534664775064,-8.771698646506821e-05,0.10604745366177984,0.008977135089554016,-9.1806331239843e-05,-0.0429341371830258,-0.001300119845493933,5.136715742521498e-05,-0.0007493348629672217,-2.2691283019541976e-05,8.965243289070583e-07,-0.15461138518923018,-0.008440279591939812,-0.00010820076897932621,-0.07769619263478991,1.0575163152745301e-05,0.00035660701243279014,-0.14725503826395075,-0.005402635945915141,-1.7101483591384383e-05,-0.09840383539759888,-0.0032208540391084057,0.00014050467844328344,-0.4110891493473176,-0.015680477921244773,0.00016195495828775987,-0.016037370324699186,-0.0008304696684822942,-0.00021032066643040403,-0.00027990838773815413,-1.4494484657971335e-05,-3.67078511686565e-06,-0.19019576307385722,-0.009604939927639215,-0.000113154737482283,0.30515249624739,-0.0023268696353398437,-0.00041690616778121295,-0.0004752508421806077,-3.246242795085391e-05,3.305999131461829e-08,0.005625736120772246,0.000601257563739767,1.5211280513633373e-07,0.047559734535128476,0.001874494153010921,-5.3148962308840286e-05,-0.0008825840927058981,-6.028600655343705e-05,6.13868693694894e-08,0.007482231733001743,0.0007996727073162211,2.023096329308629e-07,0.0505322262729117,0.0019916504636435153,-5.647076724269347e-05,-0.000780788377986655,-5.333231206227224e-05,5.432189696918216e-08,0.01367843395368086,0.0014618983505450542,3.698538522182689e-07,0.0505322262729117,0.0019916504636435153,-5.647076724269347e-05,-0.0005431613435667906,-3.710117409392376e-05,3.778252407432715e-08,0.01367843395368086,0.0014618983505450542,3.698538522182689e-07,0.041614756318597415,0.0016401822329304861,-4.650532297303337e-05,-0.0004413174803887115,-3.0144590535591877e-05,3.069416088971914e-08,0.011472018381811683,0.0012260852012477104,3.102047330579965e-07,0.03864229194455978,0.0015230267077509317,-4.318353199428852e-05,-0.00027156548762842644,-1.8549310840422393e-05,1.8882296292014064e-08,0.008714262585311015,0.0009313476922935309,2.3561810921026604e-07,0.035669796573642214,0.0014058707400381703,-3.986171333423493e-05,-0.029714891783370764,-0.0038915826631918792,0.00043073622325305757,-0.3038121401040115,-0.0042725556876636196,0.0004345565240745052,-0.3822971903920134,0.01252520010549087,0.0006054340795870164,-0.21619843467439495,-0.013776529130845861,0.0010029579306196964,-0.13397252619586092,-0.013019670613307142,-2.1588621290441956e-06,-0.2685986933996063,-0.02702978522653081,0.0008672162469453204,-0.2581481787871681,-0.00848950546398477,-0.00022124475200700625,0.4113623497831226,0.036984449715774054,-0.00035471616273472016,0.37648114458788706,0.01563780842408132,0.00023196071383762488,-0.8128714887155291,-0.04593291957438443,0.0003089780434325563,-0.21116961722824346,0.019408847952087013,0.0013029726551316814,0.028671276682845005,-0.0014669964688438465,0.00010401603713947361,-0.4524229594546996,0.0197605011468936,0.002426986956691211,-0.3082273272746207,-0.014355166321161681,-0.0010359587292279263,0.558550106564026,0.014876477251969396,-0.0009888327181809158,0.2413148960082304,0.0012811233260249036,-0.00033836654926340976,-0.4799576101699462,-0.03867111169087005,-0.0006292108459311879,2.0095417121634647,0.40166532122073956,0.48921971858246294,1.4563203323650025,1.9533081307429923,0.1119725169868193,0.06921283865679892,0.01308771718845356,0.013794193902190546,0.08705181582750156,0.06639817909144083,0.005107787001195468,0.0004547071232512956,0.0006102281221654583,0.0008607691277940919,0.0034988942393543074,0.0003692829244262641,0.00012173629665473614,0_1_29_p1
4266.667,-2.380774324050001,1.611474843740162,0.8467510712183282,0.0038183152657846197,0.0026814732922156768,0.0022694608370133545,0.20763636553318962,-0.05733299426651972,-0.2441466586175758,0.5530826578814897,0.009653116218815205,0.7458523450727738,0.21592546209100932,0.15483804565996181,-0.04867689477224573,-0.2258180237552303,0.4537709300568434,0.007919795653406007,0.735190157565606,0.2846699663364547,0.00022181101997601494,0.00012319132259176605,-0.005780178776760996,0.00041192554073889935,0.00016384320886330558,-0.006141439139977115,0.0003644122811789018,0.00029953006223508655,-0.006141439139977115,0.0002535069325238504,0.00029953006223508655,-0.005057659164992806,0.00020597316901179976,0.00025121389255264206,-0.004696393052456789,0.00012674020762626294,0.00019082271377348723,-0.004335137323896498,0.4674963859420904,-0.08856226578823162,-0.2841179973951983,0.07733759292439947,-0.3209011962627454,0.8537626579848546,1.1124380414732855,0.8519921619063783,0.21752319618147872,0.31641400104375983,-0.06466565781556267,-0.33489393195764255,0.6286201680819324,1.1693908796501085,1.2233194382270132,0.189272095330175,0.33651221813605214,-1.3886532195780446,0.04055223940535754,4.5221229658237976e-05,-0.012148975035743057,-0.001475247929624354,8.398878146908574e-05,1.2790158141141819,-0.05344952929007394,-0.00023873972827374813,0.0005613712122222895,1.6266711675636387e-06,-1.2238938488557554e-06,0.00011601270166421845,-1.2904488691719328e-05,8.400359231848512e-07,0.0004193162872656414,2.2413616311024697e-05,1.457737657582774e-07,-0.08947264636336544,-0.0019267787796319654,0.00010054704264261525,0.06267146076648186,0.0033413793714573226,-9.580679199350543e-05,0.11511596979012048,0.008923021770099031,-0.00010638711632763524,-0.04402198150393448,-0.0012454870382904693,5.932453142393093e-05,-0.0007683211999022399,-2.1737761488745855e-05,1.035406695658946e-06,-0.16286474093653233,-0.008566456422548798,-9.346632223585703e-05,-0.07832360966209218,0.00033445200162273217,0.0003658525314660653,-0.15205681101550778,-0.005439213775794321,-7.550463220492611e-06,-0.10183910304292498,-0.0031004788197617505,0.00014831851568859327,-0.42748126408627996,-0.015583341026439344,0.000182562700758885,-0.01625693751335082,-0.0010331491704206113,-0.00021325897463968525,-0.0002837406027767691,-1.8031906372335167e-05,-3.7220682087607717e-06,-0.19959666425579425,-0.009733156327243883,-0.00010011410015466575,0.3035147366238511,-0.00271411323470833,-0.0004241923695595412,-0.000508096899467476,-3.250348689883115e-05,7.623495663070811e-08,0.006202555168870777,0.0006032982522684297,-1.1182601609979813e-06,0.04954346673249016,0.0018286333471414164,-5.539246070408116e-05,-0.0009435825287316872,-6.036226551887459e-05,1.4156719372270497e-07,0.008249401233501924,0.0008023868237086653,-1.4872868083090643e-06,0.05263994217653602,0.0019429233614816467,-5.8854484857251695e-05,-0.0008347509036083204,-5.339976107098703e-05,1.2525411057402964e-07,0.0150809125879805,0.0014668600883192236,-2.7189314173492506e-06,0.05263994217653602,0.0019429233614816467,-5.8854484857251695e-05,-0.0005807009788304127,-3.7148100353350756e-05,8.712699646650326e-08,0.0150809125879805,0.0014668600883192236,-2.7189314173492506e-06,0.0433505218535273,0.001600054049158565,-4.846838352457173e-05,-0.0004718183305882654,-3.018272507680222e-05,7.078643184014534e-08,0.01264826862017934,0.001230246591229949,-2.2803400233488853e-06,0.04025407460293938,0.0014857648032301446,-4.50063748869594e-05,-0.00029033398316809103,-1.8572780166039767e-05,4.355252177689865e-08,0.009607755061270276,0.000934508716459051,-1.7321892344674205e-06,0.037157595881948814,0.0013714751424455498,-4.1544337433191605e-05,-0.03419162202073288,-0.0034726217676847443,0.00043488100055461037,-0.30837589800605547,-0.003864060729924748,0.0004511965049912519,-0.3709331349306898,0.013181704142200896,0.0005772647648891764,-0.230608821905784,-0.012870595736080473,0.0010521201689219412,-0.14641749167392765,-0.013064608736205937,2.1661201431740938e-05,-0.2969464850430906,-0.02628643221123528,0.0009227455688632768,-0.2664552036478256,-0.008758686259137945,-0.00019456859978762289,0.4496184114019043,0.03676582670664693,-0.0004149046919446086,0.39247099615513475,0.015897028215764844,0.00021548230643736715,-0.8591716517438932,-0.04575417154113518,0.0003818267421302761,-0.19367735171981693,0.020730126832114622,0.00126615252891958,0.026573533598947506,-0.0013591728005471109,9.612383056481122e-05,-0.4348879121004109,0.022105146162441032,0.002428064033886381,-0.3223027096440635,-0.01538399342107965,-0.0010513451261427386,0.5737661330219562,0.013977129992179173,-0.0010199795962161184,0.24195383767715445,0.000954676182561327,-0.0003334399138782408,-0.519197053096012,-0.03933481031161043,-0.0006115438735093404,1.9508471953969049,0.4084390151537328,0.48358675754921077,1.5220705121312765,1.8879585056393016,0.11701707813659833,0.0698573508884501,0.013349764393914068,0.014168535258044875,0.08776276085930462,0.06710822103226884,0.005024994284876335,0.00038998635450903475,0.000617705224007825,0.0008520178281833402,0.003535511642955047,0.00025709523081376734,0.00012697724051020207,0_1_29_p1
4283.333,-2.406722165577549,1.6113607779473418,0.8716410649804734,0.0038275278713526513,0.002684540109488568,0.0022753941449164777,0.2063272791521808,-0.056494934322712874,-0.24286886293939572,0.5524394228380975,0.009641889747734247,0.7435872876427967,0.2148032803062696,0.15275721186363417,-0.05017116136422266,-0.23183571366858696,0.4536211320844695,0.007917181120853255,0.7323254853289003,0.2895250821879708,0.00021502419229101476,0.00019911513971552144,-0.005094115225964903,0.00039932180443413964,0.0002648219069534058,-0.005412496477006593,0.0003532622036970777,0.0004841315132232599,-0.005412496477006593,0.00024575030310666855,0.0004841315132232599,-0.004457353765212406,0.00019967094152692686,0.0004060379927287696,-0.004138966285740828,0.0001228620762505766,0.00030842864053745036,-0.0038205897231326155,0.46725336051350064,-0.09356763055240037,-0.2911151004369276,0.0747101643586926,-0.3226426510304666,0.8508741071262097,1.1085760874468806,0.8567943574243116,0.22322885598938638,0.3046764443374954,-0.06815502093324717,-0.33450531295706953,0.6219683129364189,1.164686052814707,1.231454802683881,0.1927681576424161,0.3295402555062002,-1.3483554838227276,0.04092735312913449,-4.147775123780097e-05,-0.013556536177776458,-0.0014122695024590224,9.276694623451293e-05,1.2263424913151328,-0.05405826059023255,-0.0001408666839632991,0.00056580690889732,4.5132318769381037e-07,-1.2408583063672042e-06,0.00010211578673267917,-1.2176507321040578e-05,8.750128809788667e-07,0.0004405374376413606,2.263727511136914e-05,1.0183756658898259e-07,-0.09104493471829037,-0.0018469045266104461,0.00011163692473921597,0.06608877310560482,0.0032705052764371383,-0.00010389659752194267,0.12418448591846118,0.008868908450644045,-0.00012096790141542747,-0.04510982582484315,-0.0011908542310870057,6.728190542264691e-05,-0.0007873075368372581,-2.0784239957949733e-05,1.1742890624108337e-06,-0.17111809668383446,-0.008692633253157785,-7.87318754923878e-05,-0.07895102668939444,0.0006583288400927173,0.00037509805049934037,-0.1568585837670648,-0.0054757916056735025,2.0005571503991615e-06,-0.10527437068825109,-0.002980103600415095,0.0001561323529339031,-0.44387337882524236,-0.015486204131633917,0.00020317044323001,-0.016476504702002452,-0.0012358286723589285,-0.00021619728284896647,-0.00028757281781538403,-2.1569328086699013e-05,-3.7733513006558933e-06,-0.20899756543773124,-0.00986137272684855,-8.707346282704845e-05,0.3018769770003122,-0.003101356834076814,-0.0004314785713378695,-0.0005409429567543442,-3.2544545846808405e-05,1.1940992194679793e-07,0.006779374216969308,0.0006053389407970925,-2.3886331271322895e-06,0.05152719892985184,0.0017827725412719116,-5.763595909932202e-05,-0.001004580964757476,-6.043852448431212e-05,2.2174751807592055e-07,0.009016570734002109,0.0008051009401011096,-3.1768832495489914e-06,0.05474765808016034,0.0018941962593197782,-6.123820247180992e-05,-0.0008887134292299858,-5.346721007970181e-05,1.9618632417887755e-07,0.016483391222280146,0.001471821826093393,-5.80771668691677e-06,0.05474765808016034,0.0018941962593197782,-6.123820247180992e-05,-0.0006182406140940349,-3.719502661277774e-05,1.3647146885867916e-07,0.016483391222280146,0.001471821826093393,-5.80771668691677e-06,0.045086287388457186,0.001559925865386644,-5.0431444076110105e-05,-0.0005023191807878194,-3.022085961801256e-05,1.1087870279057174e-07,0.013824518858546995,0.0012344079812121878,-4.870884779755767e-06,0.04186585726131897,0.0014485028987093573,-4.6829217779630275e-05,-0.00030910247870775563,-1.859624949165714e-05,6.822274726178313e-08,0.010501247537229533,0.000937669740624571,-3.699996578145114e-06,0.038645395190255415,0.0013370795448529292,-4.322696153214828e-05,-0.038668352258094965,-0.003053660872177611,0.00043902577785616317,-0.3129396559080996,-0.003455565772185875,0.0004678364859079986,-0.3595690794693662,0.013838208178910922,0.0005490954501913362,-0.24501920913717298,-0.011964662341315081,0.001101282407224186,-0.15886245715199432,-0.013109546859104731,4.548126499252607e-05,-0.32529427668657496,-0.025543079195939757,0.0009782748907812334,-0.2747622285084831,-0.009027867054291122,-0.00016789244756823952,0.4878744730206862,0.03654720369751981,-0.00047509322115449684,0.40846084772238245,0.016156248007448366,0.0001990038990371094,-0.9054718147722574,-0.04557542350788593,0.00045467544082799594,-0.1761850862113904,0.02205140571214223,0.0012293324027074788,0.024475790515050014,-0.0012513491322503757,8.823162399014886e-05,-0.4173528647461222,0.024449791177988463,0.002429141111081551,-0.33637809201350627,-0.016412820520997615,-0.0010667315230575508,0.5889821594798865,0.013077782732388951,-0.001051126474251321,0.2425927793460785,0.0006282290390977503,-0.00032851327849307187,-0.5584364960220779,-0.03999850893235081,-0.0005938769010874928,1.8928688011950385,0.4154893902065121,0.47824302673084873,1.5899370298794178,1.822680092904757,0.12208002418399015,0.07050384078933088,0.01363109164863096,0.014586356129309617,0.08859522245713132,0.067818426244371,0.004943064896306437,0.00036568009316695425,0.0006260483513298594,0.0008444645786471925,0.0035770532938767642,0.0001737004564185317,0.0001324682050361981,0_1_29_p1
4300.0,-2.432670007105097,1.611246712154522,0.8965310587426187,0.003836740476920683,0.0026876069267614596,0.0022813274528196,0.20501819277117198,-0.05565687437890602,-0.24159106726121563,0.5517961877947053,0.009630663276653285,0.7413222302128195,0.2136810985215299,0.1506763780673065,-0.051665427956199585,-0.23785340358194357,0.4534713341120956,0.007914566588300502,0.7294608130921946,0.29438019803948684,0.0002082373646060146,0.0002750389568392773,-0.00440805167516881,0.00038671806812937994,0.0003658006050435065,-0.004683553814036072,0.0003421121262152535,0.0006687329642114333,-0.004683553814036072,0.0002379936736894867,0.0006687329642114333,-0.0038570483654320068,0.00019336871404205394,0.0005608620929048982,-0.0035815395190248642,0.00011898394487489031,0.000426034567301413,-0.0033060421223687327,0.46701033508491097,-0.09857299531656913,-0.298112203478657,0.07208273579298573,-0.32438410579818777,0.8479855562675648,1.1047141334204758,0.8615965529422452,0.22893451579729399,0.292938887631231,-0.07164438405093168,-0.33411669395649646,0.6153164577909054,1.1599812259793054,1.239590167140749,0.1962642199546572,0.32256829287634825,-1.308057748067411,0.04130246685291144,-0.00012817673213384034,-0.014964097319809865,-0.001349291075293691,0.00010154511099994017,1.1736691685160838,-0.05466699189039116,-4.29936396528505e-05,0.0005702426055723506,-7.240247921760112e-07,-1.257822763878653e-06,8.821887180113989e-05,-1.1448525950361825e-05,9.099898387728822e-07,0.00046175858801707984,2.2860933911713586e-05,5.790136741968777e-08,-0.09261722307321527,-0.0017670302735889269,0.0001227268068358167,0.06950608544472775,0.003199631181416954,-0.00011198640305037992,0.13325300204680182,0.00881479513118906,-0.0001355486865032197,-0.04619767014575183,-0.001136221423883542,7.52392794213629e-05,-0.0008062938737722766,-1.9830718427153612e-05,1.3131714291627205e-06,-0.17937145243113664,-0.008818810083766771,-6.399742874891857e-05,-0.07957844371669671,0.0009822056785627042,0.0003843435695326155,-0.16166035651862182,-0.005512369435552684,1.1551577521290934e-05,-0.10870963833357719,-0.0028597283810684396,0.00016394619017921297,-0.46026549356420465,-0.01538906723682849,0.00022377818570113513,-0.01669607189065409,-0.0014385081742972466,-0.00021913559105824772,-0.00029140503285399893,-2.5106749801062845e-05,-3.824634392551015e-06,-0.21839846661966827,-0.00998958912645322,-7.403282549943121e-05,0.3002392173767733,-0.0034886004334453,-0.0004387647731161978,-0.0005737890140412124,-3.258560479478565e-05,1.6258488726288796e-07,0.00735619326506784,0.0006073796293257554,-3.6590060932666045e-06,0.053510931127213515,0.001736911735402407,-5.98794574945629e-05,-0.0010655794007832652,-6.051478344974966e-05,3.0192784242913655e-07,0.00978374023450229,0.0008078150564935539,-4.866479690788919e-06,0.05685537398378465,0.0018454691571579097,-6.362192008636814e-05,-0.0009426759548516512,-5.35346590884166e-05,2.6711853778372545e-07,0.017885869856579785,0.0014767835638675626,-8.89650195648429e-06,0.05685537398378465,0.0018454691571579097,-6.362192008636814e-05,-0.000655780249357657,-3.7241952872204736e-05,1.8581594125085526e-07,0.017885869856579785,0.0014767835638675626,-8.89650195648429e-06,0.04682205292338708,0.001519797681614723,-5.2394504627648465e-05,-0.0005328200309873733,-3.0258994159222902e-05,1.5097097374099794e-07,0.015000769096914657,0.0012385693711944265,-7.461429536162649e-06,0.04347763991969857,0.0014112409941885702,-4.8652060672301155e-05,-0.0003278709742474202,-1.8619718817274515e-05,9.289297274666771e-08,0.01139474001318879,0.0009408307647900911,-5.6678039218228005e-06,0.040133194498562015,0.0013026839472603084,-4.4909585631104943e-05,-0.04314508249545705,-0.002634699976670476,0.000443170555157716,-0.3175034138101436,-0.0030470708144470036,0.0004844764668247453,-0.34820502400804265,0.014494712215620945,0.0005209261354934961,-0.259429596368562,-0.011058728946549693,0.0011504446455264305,-0.17130742263006105,-0.013154484982003526,6.93013285533112e-05,-0.3536420683300593,-0.024799726180644233,0.0010338042126991898,-0.2830692533691406,-0.009297047849444297,-0.00014121629534885616,0.5261305346394679,0.03632858068839269,-0.0005352817503643851,0.42445069928963014,0.01641546779913189,0.00018252549163685168,-0.9517719778006215,-0.04539667547463668,0.0005275241395257153,-0.15869282070296387,0.023372684592169832,0.0011925122764953773,0.022378047431152515,-0.00114352546395364,8.033941741548647e-05,-0.3998178173918334,0.026794436193535894,0.002430218188276721,-0.35045347438294905,-0.017441647620915587,-0.001082117919972363,0.6041981859378167,0.012178435472598729,-0.0010822733522865237,0.24323172101500257,0.00030178189563417196,-0.0003235866431079029,-0.5976759389481435,-0.04066220755309119,-0.0005762099286656453,1.8356743853890825,0.4228026053546079,0.47319832487982944,1.6596602832225535,1.757480827717108,0.1271591591186971,0.07115225445211071,0.013930530919029084,0.015044034257106475,0.08954581165307814,0.06852878965151118,0.004862042479015666,0.00038943072482985577,0.0006352233814890757,0.0008381417699327334,0.003623349826814751,0.00016909036291663681,0.00013817938752574304,0_1_29_p1
4316.6669999999995,-2.4586178486326453,1.6111326463617017,0.921421052504764,0.003845953082488715,0.0026906737440343517,0.002287260760722723,0.20370910639016318,-0.05481881443509916,-0.2403132715830356,0.5511529527513132,0.009619436805572324,0.7390571727828424,0.21255891673679014,0.14859554427097887,-0.05315969454817651,-0.24387109349530023,0.4533215361397218,0.00791195205574775,0.7265961408554888,0.29923531389100294,0.00020145053692101442,0.00035096277396303273,-0.0037219881243727173,0.00037411433182462023,0.0004667793031336072,-0.00395461115106555,0.00033096204873342937,0.0008533344151996067,-0.00395461115106555,0.00023023704427230481,0.0008533344151996067,-0.0032567429656516073,0.00018706648655718105,0.0007156861930810258,-0.003024112752308901,0.00011510581349920398,0.0005436404940653756,-0.00279149452160485,0.46676730965632124,-0.10357836008073788,-0.30510930652038637,0.06945530722727887,-0.326125560565909,0.8450970054089199,1.1008521793940709,0.8663987484601787,0.23464017560520165,0.28120133092496663,-0.07513374716861618,-0.3337280749559234,0.6086646026453917,1.1552763991439037,1.247725531597617,0.1997602822668983,0.3155963302464964,-1.267760012312094,0.04167758057668839,-0.00021487571302987972,-0.016371658461843266,-0.0012863126481283595,0.00011032327576536736,1.1209958457170348,-0.05527572319054977,5.487940465759853e-05,0.0005746783022473811,-1.8993727720458396e-06,-1.2747872213901018e-06,7.432195686960061e-05,-1.0720544579683075e-05,9.449667965668977e-07,0.0004829797383927991,2.308459271205803e-05,1.3965168250392952e-08,-0.0941895114281402,-0.0016871560205674076,0.00013381668893241742,0.07292339778385071,0.0031287570863967698,-0.00012007620857881713,0.14232151817514252,0.008760681811734075,-0.00015012947159101194,-0.0472855144666605,-0.0010815886166800784,8.319665342007885e-05,-0.0008252802107072948,-1.887719689635749e-05,1.4520537959146082e-06,-0.18762480817843877,-0.00894498691437576,-4.9262982005449346e-05,-0.08020586074399899,0.001306082517032691,0.0003935890885658906,-0.16646212927017884,-0.005548947265431864,2.1102597892182706e-05,-0.1121449059789033,-0.002739353161721784,0.0001717600274245228,-0.47665760830316706,-0.015291930342023061,0.00024438592817226015,-0.016915639079305725,-0.0016411876762355638,-0.00022207389926752892,-0.00029523724789261383,-2.8644171515426677e-05,-3.875917484446137e-06,-0.22779936780160526,-0.010117805526057887,-6.099218817181391e-05,0.2986014577532344,-0.0038758440328137862,-0.00044605097489452603,-0.0006066350713280806,-3.26266637427629e-05,2.0575985257897778e-07,0.007933012313166371,0.0006094203178544181,-4.9293790594009195e-06,0.0554946633245752,0.0016910509295329024,-6.212295588980377e-05,-0.0011265778368090543,-6.05910424151872e-05,3.821081667823521e-07,0.010550909735002471,0.0008105291728859981,-6.556076132028846e-06,0.058963089887408976,0.0017967420549960412,-6.600563770092637e-05,-0.0009966384804733167,-5.360210809713139e-05,3.3805075138857336e-07,0.019288348490879424,0.001481745301641732,-1.1985287226051809e-05,0.058963089887408976,0.0017967420549960412,-6.600563770092637e-05,-0.0006933198846212792,-3.728887913163172e-05,2.3516041364303116e-07,0.019288348490879424,0.001481745301641732,-1.1985287226051809e-05,0.04855781845831696,0.001479669497842802,-5.4357565179186825e-05,-0.0005633208811869274,-3.0297128700433247e-05,1.9106324469142413e-07,0.016177019335282313,0.0012427307611766654,-1.005197429256953e-05,0.045089422578078166,0.001373979089667783,-5.047490356497203e-05,-0.0003466394697870848,-1.864318814289189e-05,1.1756319823155219e-07,0.012288232489148048,0.0009439917889556112,-7.635611265500487e-06,0.041620993806868616,0.0012682883496676878,-4.6592209730061616e-05,-0.04762181273281914,-0.002215739081163343,0.0004473153324592689,-0.3220671717121876,-0.0026385758567081304,0.000501116447741492,-0.3368409685467191,0.01515121625233097,0.000492756820795656,-0.2738399835999511,-0.010152795551784301,0.0011996068838286754,-0.18375238810812777,-0.013199423104902321,9.312139211409634e-05,-0.3819898599735436,-0.02405637316534871,0.0010893335346171464,-0.2913762782297981,-0.009566228644597474,-0.00011454014312947279,0.5643865962582498,0.03610995767926557,-0.0005954702795742733,0.44044055085687783,0.01667468759081541,0.00016604708423659394,-0.9980721408289857,-0.04521792744138743,0.0006003728382234352,-0.14120055519453734,0.02469396347219744,0.001155692150283276,0.020280304347255015,-0.0010357017956569045,7.244721084082408e-05,-0.38228277003754474,0.029139081209083324,0.002431295265471891,-0.3645288567523918,-0.018470474720833553,-0.0010975043168871754,0.619414212395747,0.011279088212808507,-0.0011134202303217263,0.24387066268392663,-2.466524782940467e-05,-0.0003186600077227339,-0.6369153818742094,-0.04132590617383157,-0.0005585429562437978,1.779339549298025,0.4303652614479312,0.46846231250137854,1.7310159254245217,1.6923698576793238,0.13225261776107977,0.07180253975914648,0.014246940226973709,0.015538048016153631,0.0906108107280106,0.0692393063846648,0.0047819731344924295,0.0004537537144883663,0.0006451948250949464,0.0008330774185457435,0.003674221506414976,0.000247703581970478,0.00014408460355644335,0_1_29_p1
4333.333,-2.4845656901601934,1.6110185805688817,0.9463110462669093,0.003855165688056747,0.002693740561307243,0.002293194068625846,0.20240002000915436,-0.05398075449129231,-0.23903547590485547,0.5505097177079209,0.009608210334491364,0.7367921153528653,0.2114367349520504,0.14651471047465123,-0.054653961140153445,-0.24988878340865686,0.45317173816734796,0.007909337523194998,0.723731468618783,0.304090429742519,0.00019466370923601424,0.00042688659108678815,-0.0030359245735766243,0.00036151059551986053,0.0005677580012237079,-0.003225668488095029,0.00031981197125160527,0.00103793586618778,-0.003225668488095029,0.00022248041485512296,0.00103793586618778,-0.0026564375658712077,0.00018076425907230813,0.0008705102932571533,-0.00246668598559294,0.00011122768212351767,0.0006612464208293383,-0.0022769469208409675,0.4665242842277315,-0.10858372484490662,-0.3121064095621157,0.066827878661572,-0.3278670153336303,0.8422084545502748,1.096990225367666,0.8712009439781122,0.2403458354131093,0.2694637742187022,-0.07862311028630069,-0.3333394559553503,0.6020127474998781,1.1505715723085022,1.2558608960544848,0.20325634457913938,0.3086243676166444,-1.227462276556777,0.04205269430046534,-0.0003015746939259191,-0.017779219603876666,-0.0012233342209630282,0.00011910144053079455,1.0683225229179858,-0.05588445449070838,0.00015275244896804756,0.0005791139989224116,-3.074720751915668e-06,-1.2917516789015506e-06,6.042504193806133e-05,-9.992563209004325e-06,9.799437543609132e-07,0.0005042008887685183,2.3308251512402476e-05,-2.997103091890187e-08,-0.09576179978306512,-0.0016072817675458883,0.00014490657102901814,0.07634071012297364,0.0030578829913765855,-0.00012816601410725435,0.15139003430348322,0.008706568492279089,-0.00016471025667880417,-0.048373358787569175,-0.0010269558094766148,9.11540274187948e-05,-0.000844266547642313,-1.7923675365561372e-05,1.590936162666496e-06,-0.1958781639257409,-0.009071163744984748,-3.452853526198012e-05,-0.08083327777130125,0.001629959355502678,0.00040283460759916567,-0.17126390202173586,-0.0055855250953110456,3.065361826307448e-05,-0.1155801736242294,-0.002618977942375128,0.00017957386466983262,-0.49304972304212946,-0.015194793447217634,0.00026499367064338516,-0.017135206267957358,-0.001843867178173881,-0.00022501220747681017,-0.0002990694629312288,-3.218159322979051e-05,-3.927200576341259e-06,-0.23720026898354224,-0.010246021925662555,-4.795155084419661e-05,0.2969636981296955,-0.004263087632182272,-0.00045333717667285435,-0.0006394811286149488,-3.2667722690740155e-05,2.489348178950676e-07,0.008509831361264902,0.0006114610063830809,-6.1997520255352345e-06,0.057478395521936884,0.0016451901236633978,-6.436645428504461e-05,-0.0011875762728348431,-6.0667301380624735e-05,4.622884911355677e-07,0.011318079235502652,0.0008132432892784424,-8.245672573268773e-06,0.0610708057910333,0.0017480149528341727,-6.83893553154846e-05,-0.0010506010060949821,-5.366955710584618e-05,4.0898296499342126e-07,0.020690827125179063,0.0014867070394159014,-1.5074072495619329e-05,0.0610708057910333,0.0017480149528341727,-6.83893553154846e-05,-0.0007308595198849013,-3.7335805391058716e-05,2.8450488603520706e-07,0.020690827125179063,0.0014867070394159014,-1.5074072495619329e-05,0.05029358399324685,0.001439541314070881,-5.6320625730725185e-05,-0.0005938217313864813,-3.0335263241643588e-05,2.3115551564185033e-07,0.01735326957364997,0.001246892151158904,-1.2642519048976412e-05,0.04670120523645776,0.0013367171851469957,-5.22977464576429e-05,-0.0003654079653267494,-1.866665746850926e-05,1.4223342371643667e-07,0.013181724965107305,0.0009471528131211312,-9.603418609178174e-06,0.043108793115175216,0.0012338927520750673,-4.827483382901829e-05,-0.052098542970181225,-0.0017967781856562098,0.0004514601097608217,-0.3266309296142317,-0.0022300808989692573,0.0005177564286582388,-0.3254769130853955,0.015807720289040997,0.0004645875060978158,-0.2882503708313401,-0.00924686215701891,0.0012487691221309198,-0.1961973535861945,-0.013244361227801116,0.00011694145567488147,-0.41033765161702795,-0.023313020150053185,0.001144862856535103,-0.2996833030904556,-0.00983540943975065,-8.786399091008942e-05,0.6026426578770318,0.035891334670138456,-0.0006556588087841618,0.45643040242412547,0.016933907382498933,0.0001495686768363362,-1.0443723038573498,-0.045039179408138175,0.000673221536921155,-0.1237082896861108,0.02601524235222505,0.0011188720240711749,0.018182561263357516,-0.0009278781273601689,6.455500426616169e-05,-0.36474772268325606,0.031483726224630755,0.0024323723426670613,-0.3786042391218346,-0.01949930182075152,-0.0011128907138019876,0.6346302388536772,0.010379740953018284,-0.0011445671083569289,0.24450960435285068,-0.0003511123912929813,-0.00031373337233756504,-0.6761548248002752,-0.04198960479457195,-0.0005408759838219502,1.7239485624881865,0.4381644427309055,0.46404444109575443,1.8038102433689145,1.6273577809554556,0.1373588066904196,0.07245464631605779,0.014579214723989278,0.016065045701801034,0.09178623726226624,0.06994997177160575,0.004702905542625814,0.0005444541876503857,0.0006559263617354343,0.0008292945803177391,0.003729481116644265,0.000358424873061542,0.00015016096323810713,0_1_29_p1
4350.0,-2.5105135316877414,1.6109045147760617,0.9712010400290546,0.0038643782936247785,0.0026968073785801345,0.002299127376528969,0.20109093362814556,-0.053142694547485464,-0.2377576802266754,0.5498664826645286,0.009596983863410404,0.7345270579228883,0.21031455316731068,0.14443387667832358,-0.056148227732130365,-0.2559064733220135,0.45302194019497416,0.007906722990642245,0.7208667963820773,0.3089455455940351,0.00018787688155101406,0.000502810408210544,-0.0023498610227805313,0.0003489068592151008,0.0006687366993138086,-0.0024967258251245073,0.00030866189376978106,0.0012225373171759534,-0.0024967258251245073,0.00021472378543794108,0.0012225373171759534,-0.0020561321660908082,0.0001744620315874352,0.0010253343934332818,-0.0019092592188769744,0.00010734955074783137,0.000778852347593301,-0.0017623993200770829,0.46628125879914184,-0.11358908960907538,-0.3191035126038451,0.06420045009586514,-0.3296084701013515,0.83931990369163,1.0931282713412611,0.8760031394960457,0.24605149522101694,0.25772621751243785,-0.08211247340398518,-0.3329508369547773,0.5953608923543645,1.1458667454731006,1.2639962605113528,0.20675240689138047,0.3016524049867925,-1.1871645408014604,0.04242780802424229,-0.00038827367482195847,-0.019186780745910074,-0.0011603557937976965,0.0001278796052962218,1.0156492001189368,-0.05649318579086699,0.00025062549327849615,0.0005835496955974421,-4.25006873178549e-06,-1.3087161364129994e-06,4.652812700652205e-05,-9.264581838325571e-06,1.0149207121549287e-06,0.0005254220391442375,2.353191031274692e-05,-7.390723008819669e-08,-0.09733408813799002,-0.001527407514524369,0.00015599645312561886,0.0797580224620966,0.002987008896356401,-0.00013625581963569157,0.16045855043182386,0.008652455172824104,-0.0001792910417665964,-0.049461203108477854,-0.000972323002273151,9.911140141751081e-05,-0.0008632528845773312,-1.6970153834765247e-05,1.7298185294183827e-06,-0.20413151967304308,-0.009197340575593734,-1.9794088518510942e-05,-0.08146069479860352,0.0019538361939726648,0.0004120801266324408,-0.17606567477329288,-0.005622102925190227,4.020463863396625e-05,-0.1190154412695555,-0.002498602723028473,0.00018738770191514245,-0.5094418377810918,-0.015097656552412207,0.0002856014131145103,-0.017354773456608994,-0.002046546680112199,-0.0002279505156860914,-0.00030290167796984374,-3.571901494415434e-05,-3.978483668236381e-06,-0.24660117016547928,-0.010374238325267224,-3.491091351657936e-05,0.29532593850615657,-0.004650331231550758,-0.00046062337845118257,-0.000672327185901817,-3.27087816387174e-05,2.9210978321115763e-07,0.009086650409363434,0.0006135016949117437,-7.4701249916695495e-06,0.05946212771929857,0.0015993293177938932,-6.660995268028549e-05,-0.0012485747088606324,-6.074356034606227e-05,5.424688154887837e-07,0.012085248736002833,0.0008159574056708866,-9.9352690145087e-06,0.06317852169465761,0.0016992878506723041,-7.077307293004282e-05,-0.0011045635317166475,-5.373700611456097e-05,4.799151785982692e-07,0.022093305759478703,0.0014916687771900708,-1.8162857765186848e-05,0.06317852169465761,0.0016992878506723041,-7.077307293004282e-05,-0.0007683991551485235,-3.73827316504857e-05,3.3384935842738317e-07,0.022093305759478703,0.0014916687771900708,-1.8162857765186848e-05,0.05202934952817674,0.00139941313029896,-5.828368628226356e-05,-0.0006243225815860353,-3.037339778285393e-05,2.712477865922765e-07,0.01852951981201763,0.0012510535411411428,-1.5233063805383294e-05,0.04831298789483736,0.0012994552806262086,-5.412058935031378e-05,-0.000384176460866414,-1.8690126794126633e-05,1.6690364920132125e-07,0.014075217441066563,0.0009503138372866514,-1.157122595285586e-05,0.044596592423481816,0.0011994971544824465,-4.9957457927974955e-05,-0.05657527320754331,-0.0013778172901490748,0.0004556048870623745,-0.3311946875162757,-0.0018215859412303859,0.0005343964095749855,-0.31411285762407193,0.01646422432575102,0.00043641819139997567,-0.3026607580627292,-0.008340928762253522,0.0012979313604331646,-0.20864231906426123,-0.013289299350699911,0.0001407615192356666,-0.4386854432605123,-0.02256966713475766,0.0012003921784530594,-0.30799032795111314,-0.010104590234903826,-6.118783869070606e-05,0.6408987194958135,0.03567271166101134,-0.00071584733799405,0.4724202539913732,0.017193127174182452,0.00013309026943607847,-1.090672466885714,-0.044860431374888925,0.0007460702356188744,-0.10621602417768428,0.02733652123225265,0.0010820518978590734,0.016084818179460017,-0.0008200544590634333,5.66627976914993e-05,-0.34721267532896727,0.033828371240178186,0.002433449419862231,-0.3926796214912774,-0.02052812892066949,-0.0011282771107168,0.6498462653116074,0.009480393693228062,-0.0011757139863921315,0.24514854602177474,-0.0006775595347565597,-0.00030880673695239604,-0.7153942677263408,-0.04265330341531233,-0.0005232090114001027,1.669595367866281,0.44618774628205626,0.45995387801634213,1.8778759372584481,1.5624569421130947,0.14247635719672053,0.07310852538782026,0.014926294921972352,0.016621890339999647,0.09306790732868964,0.07066078132711198,0.004624891081886423,0.0006505920969053201,0.0006673813253762587,0.0008268108450344495,0.003788936675518601,0.0004795055016950392,0.00015638851886479903,0_1_29_p1
