RHip_x,RHip_y,RHip_z,RKnee_x,RKnee_y,RKnee_z,RAnkle_x,RAnkle_y,RAnkle_z,RBigToe_x,RBigToe_y,RBigToe_z,RSmallToe_x,RSmallToe_y,RSmallToe_z,RHeel_x,RHeel_y,RHeel_z,LHip_x,LHip_y,LHip_z,LKnee_x,LKnee_y,LKnee_z,LAnkle_x,LAnkle_y,LAnkle_z,LBigToe_x,LBigToe_y,LBigToe_z,LSmallToe_x,LSmallToe_y,LSmallToe_z,LHeel_x,LHeel_y,LHeel_z,Neck_x,Neck_y,Neck_z,Head_x,Head_y,Head_z,Nose_x,Nose_y,Nose_z,RShoulder_x,RShoulder_y,RShoulder_z,RElbow_x,RElbow_y,RElbow_z,RWrist_x,RWrist_y,RWrist_z,RThumb_x,RThumb_y,RThumb_z,RIndex_x,RIndex_y,RIndex_z,RPinky_x,RPinky_y,RPinky_z,LShoulder_x,LShoulder_y,LShoulder_z,LElbow_x,LElbow_y,LElbow_z,LWrist_x,LWrist_y,LWrist_z,LThumb_x,LThumb_y,LThumb_z,LIndex_x,LIndex_y,LIndex_z,LPinky_x,LPinky_y,LPinky_z,Time
0.2954647531814575,0.836918471319967,0.678211833060418,0.31145228250623597,0.389848352082802,0.6448531672987774,0.29946086102907254,-0.025651732479888,0.6537110594718598,0.2851474628139436,-0.02136925618466464,0.45340885212723714,0.34282763455707993,-0.04943833249226536,0.514158675054621,0.2677393677162217,-0.10303301225193555,0.6877753590379277,0.09471638223225468,0.8405055682156212,0.6610123693499859,0.09020991693793985,0.400693358975013,0.6256258254745263,0.09613722242549871,-0.005550892650075204,0.5954891488509344,0.13377054858360538,-0.032871888794224986,0.447880997579051,0.06576569959495022,-0.004117133995950789,0.464046031086777,0.1134810343019909,-0.07370872906279283,0.6469970259369742,0.1971521813565132,1.347366034937099,0.7003672828446612,0.22569360457955995,1.609557085111091,0.6476250405572601,0.22164124786177497,1.4809500598562115,0.5872122726976856,0.33117844835238813,1.273905658380296,0.6576269309808392,0.36320981640382133,1.0159745327189489,0.6192786876436265,0.26609949224931173,0.8114191788236469,0.5379570452577731,0.18704050858581747,0.7597859664450648,0.4766586134063741,0.17969489904805963,0.7457839107901368,0.48663514786815326,0.1943112385298623,0.7513167757823969,0.4640723586332414,0.06218870729354576,1.2684923897322469,0.6815972714295646,0.03572478051754705,1.0262900393926888,0.6085252716093204,0.12099143144751713,0.8368116200339031,0.5136332628359839,0.19935419608563423,0.785625246802173,0.45648966608468533,0.20099003836385665,0.7702156020605506,0.4524322399089653,0.1757342341098565,0.7329506323992679,0.482191353364092,0.0
0.2968040447224807,0.8376370835679587,0.6780538331903464,0.31128947618831515,0.3920371492450354,0.6455077823661021,0.29894711101115184,-0.026047661491254828,0.6547488325735182,0.28512816478906594,-0.021172508506530283,0.45308502131503436,0.34299167356727156,-0.04867137355491896,0.5140311061844297,0.26799652209493424,-0.10319570771894049,0.6878752468016847,0.09462501619824419,0.8403257364189888,0.6609079350689533,0.09029335583907765,0.4042230749087909,0.6253580240195944,0.09629261742456725,-0.005840317419840993,0.5955974138857549,0.1325655349421102,-0.03480046319542631,0.4492221452867777,0.06501823246851593,-0.007233532414956292,0.46557878396151686,0.11407994578458808,-0.07492530748003864,0.6510557914896815,0.19710449788830794,1.3473324862152254,0.7003985459397114,0.22605971381794754,1.6091116041606595,0.6493711655705465,0.22012795597634854,1.4820863612146058,0.5826466471445583,0.3311451077726423,1.273916304550372,0.657697440666807,0.36082839202413947,1.0166659660905157,0.6174813656232253,0.26557982169886707,0.8118994794789701,0.5414753386967667,0.18484401739401057,0.7599223244649457,0.4795611157162166,0.17909884161687184,0.7434694947694013,0.48738905940307786,0.1958830943864264,0.7468319897519322,0.46624808007589175,0.062303733100964376,1.2700073577855002,0.6815177025754308,0.0354929092955606,1.0265618339892264,0.6076980491852668,0.12149038721262687,0.8313133514533166,0.520043158618699,0.19573103449078585,0.7799390112784704,0.46357728261429176,0.19775643390175818,0.7659564131024409,0.4571895372924885,0.17312102940009927,0.7268724226259436,0.4918038342369882,0.0166666666666666
0.29787240692231404,0.8381628261959052,0.677596846922945,0.3111474771157179,0.3937359049413879,0.6460386559243227,0.29853205030075985,-0.02641433326980379,0.6555530336322211,0.28511694310876645,-0.021046572072873415,0.4528618960436662,0.3430755758720771,-0.048374934252733585,0.5139393067033946,0.2681663944946233,-0.10328697982255201,0.6879227511899919,0.0944504659271838,0.8402074554580313,0.6607427760555925,0.09033748693331234,0.407164484493037,0.62515198019521,0.09640575754502438,-0.005962124010261541,0.5956551508114868,0.1317156863037586,-0.03662909757734003,0.45191566209002665,0.06410097130683318,-0.010311627957541494,0.4676622817706682,0.11459351245749509,-0.07583973789214035,0.6542855883603195,0.1970782205440388,1.347309298591074,0.7004191831366409,0.22606549182519664,1.6090725160782424,0.6493891124931819,0.21865645663145772,1.4828792782430276,0.579187759886433,0.33113002414643505,1.2739272353417934,0.6577366213599818,0.35929474059959443,1.0170389651159013,0.616508691969554,0.265215852883357,0.8129776052378623,0.5420516884856571,0.18311236527829305,0.7607590619163916,0.4803149322035186,0.1782102570311173,0.7428165571415392,0.48751316114856086,0.19641815641150637,0.7446896822989916,0.46695514681266515,0.06229231824621196,1.27113726270072,0.681377808308626,0.035367393439612614,1.0267066007138115,0.6072714912510556,0.12180491363375434,0.8292954843892638,0.5213220995126507,0.1929464717639076,0.7768471142597984,0.46698932124712855,0.19561404348859507,0.7638986366011742,0.4586539521330797,0.17165976292127322,0.7240597685066457,0.49687857000097857,0.0333333333333333
0.2986946949363639,0.8385120917536433,0.6768759311215974,0.31102514765781647,0.3949833804750519,0.6464557316755122,0.2982066054000083,-0.026758805656424536,0.6561473096300884,0.2851124301863735,-0.02097796579024426,0.45272363494420687,0.34309757424236675,-0.04843737955485363,0.513879130990954,0.2682607905190102,-0.10331640097162172,0.6879253693337312,0.09420606752296909,0.8401440173513947,0.6605265591736333,0.09034663132250698,0.40955664797185565,0.6250019013119821,0.0964807497648497,-0.005936954104604569,0.5956684238092864,0.13119277265006027,-0.03824046953246045,0.45533668838350416,0.06314789527014333,-0.013126943555091475,0.46994374911363085,0.11502479511013634,-0.07648332323138671,0.6567612017138663,0.19706893461152816,1.3472940922524572,0.7004303602225148,0.22579523635242163,1.6093406550564096,0.6480849507193138,0.2172927520732197,1.4833539746412494,0.5766885680668655,0.33112893058779475,1.2739380368098971,0.6577511568916179,0.3584366182794955,1.017163478259554,0.6161484727096831,0.26500236854878445,0.8145190379674271,0.5402937197210294,0.18178979488292657,0.762128209164109,0.47940211586197057,0.17711117293244524,0.7434728062880478,0.4871871290786548,0.1961974445850999,0.7444308688351605,0.4664844314712474,0.06220093448466715,1.2719254412807761,0.6812061811971865,0.035347983099818535,1.0267103292402497,0.6072783638866792,0.121976179996316,0.8300036777142632,0.5186607360276472,0.19084856077394735,0.7758243098070956,0.46749953305186753,0.1943584234848374,0.7636083338631734,0.45757505357009737,0.17112635413300162,0.723823049638488,0.4983534389599874,0.05
0.29929576392003676,0.8387012727910089,0.6759261426496866,0.31092135018398315,0.39581833714921993,0.6467689533217422,0.297961702811009,-0.02708813649200785,0.6565553075492393,0.2851132584352155,-0.02095320856519347,0.4526543966477304,0.3430759014490108,-0.04874707443042285,0.5138464334265461,0.26829151577181626,-0.10329354357500121,0.6878905983637845,0.0939051570894957,0.8401287141177252,0.660268951286805,0.09032511010852465,0.4114386255893514,0.6249019946805192,0.09652170106202287,-0.005785449386137578,0.595643297060311,0.13096856396252485,-0.039517256653282234,0.45886036456191615,0.062292983518687804,-0.015455002138992008,0.4720704105898047,0.11537685453193623,-0.0768873664300671,0.6585574167153008,0.1970722253785984,1.3472844873871868,0.7004332429843978,0.22533324515073694,1.6098168552877308,0.6458647496430895,0.21610284454775172,1.4835356141090412,0.575002028829412,0.33113756021074964,1.2739482950100205,0.6577477310929698,0.358081781213152,1.0171094539859225,0.6161885138706837,0.26493415144115257,0.8163892595347679,0.5368090574994676,0.18082054885217272,0.7638617965728037,0.477304719685263,0.17588361696250499,0.7450859505904249,0.48659063916741235,0.19550197888720475,0.7455965647720245,0.4651268066793241,0.0620760535717086,1.2724152303285392,0.681031413809148,0.03543442842629381,1.0265590092423467,0.6077514331721301,0.12204535558572832,0.8326835903008336,0.5132497186734967,0.18928535438985283,0.7763453519813014,0.4658816690971802,0.19378513025095506,0.7646515661948622,0.4547024107429001,0.17129672249490763,0.7254726456185845,0.4971663194179389,0.0666666666666666
0.2997004690287389,0.838746761857839,0.6747825383705964,0.31083494706359016,0.3962795362670847,0.6469882645650855,0.29778826903587347,-0.027409383617443606,0.6568006743717936,0.2851180602686214,-0.020958819304276087,0.45263833978531126,0.34302879026288013,-0.049192383848590655,0.5138370683896095,0.26827037585676294,-0.1032279800415418,0.6878259354110333,0.09356107073065927,0.8401548377756695,0.6599796192588369,0.09027724439322843,0.41284947758962864,0.6248464676114307,0.09653271841452353,-0.005528251538128068,0.5955858347457175,0.13101483022266225,-0.04034213653230537,0.46186183101996886,0.06167021521270809,-0.017071326640632947,0.4736894907985896,0.11565275151231917,-0.07708317042047036,0.6597490185296015,0.19708367813307237,1.3472781041830728,0.7004289972093554,0.2247638159712575,1.6104019509647756,0.643134578658657,0.2151527363011715,1.483449360346174,0.5739810993176295,0.3311516461293287,1.2739575959974985,0.6577330277952929,0.358057985549874,1.0169468407594524,0.616416621479627,0.2650059843064649,0.8184537518069859,0.532205326917557,0.18014886983029355,0.7657918545071791,0.4745047966670862,0.1746096167629462,0.7473036984301656,0.48590336738888634,0.194612779297819,0.7477277855211659,0.46317314506458096,0.06196414726271507,1.2726499666468774,0.6808820987125478,0.03562647956915396,1.0262386303939062,0.6087234651874014,0.12205360968740805,0.8365808810214908,0.5062796979600077,0.18810490548057238,0.7778849948433524,0.4629094804517385,0.19368972014741853,0.7665943949026607,0.4507855927908466,0.17194678746661488,0.7283189360440466,0.49425508967875786,0.0833333333333333
0.29993366541787686,0.83866495150397,0.6734801751477101,0.3107648006660098,0.39640573913183896,0.6471236091076145,0.2976772305767136,-0.02772960487362211,0.6569070570798706,0.2851265645592498,-0.020979845320428056,0.45265734739060515,0.34298822708299387,-0.049631699038952294,0.5138567685348283,0.2682091763775715,-0.10312928278009534,0.6877388776063598,0.0931871445503554,0.8402156803438732,0.6596682299534585,0.0902073552784814,0.4138282642167918,0.6248295274153255,0.09651790880033129,-0.0051860022438435655,0.5955021010466626,0.13131430424525797,-0.04044866387207287,0.46268299162205734,0.06164648444922422,-0.017304026325627095,0.4738459279399594,0.11585554684070956,-0.07710203813488586,0.660410792321747,0.19709716079782566,1.3472686651103039,0.7004184559180111,0.22424559691559398,1.6109848714169341,0.6406589585812335,0.21451158452649283,1.4830631725911985,0.5733166614151786,0.3311647826089484,1.2739637431823376,0.6577237220207629,0.35818546202318424,1.0167219512873156,0.6167036616554754,0.2652782811422944,0.8204503898799826,0.5274889409046212,0.17972214108121465,0.7675767905094723,0.47187865458184786,0.1732734943065597,0.7496005881589362,0.48576159747125597,0.19396411680874018,0.7503580005239378,0.46096714451095155,0.0618799979644474,1.272733901715159,0.6807438092049797,0.035985501338005675,1.0256209812195436,0.6105776648076221,0.12204953582395925,0.8404117447415405,0.4999565677945724,0.1871390233454909,0.7796197754701788,0.45987296164979297,0.1938000447134775,0.7687242913275935,0.4472489065273413,0.17271363549784302,0.7312664356790566,0.4912868484014281,0.1
0.30002020824285697,0.8384722342792384,0.672054109844411,0.31070977336061445,0.396235707046675,0.6471849306514014,0.29761951393564096,-0.028055858101433684,0.6568981026555898,0.28513773919581115,-0.0209954242502891,0.45269158678782456,0.3429704628581052,-0.04990459168891903,0.5138810041422757,0.2681197229379634,-0.10300702419951317,0.6876369220806454,0.09279671465247971,0.8403045338409828,0.6593444502343995,0.09011976386614663,0.41441404571494544,0.6248453814028123,0.09648137919742578,-0.004779343186551557,0.5953981601443031,0.1319103921255578,-0.039611766413130294,0.4616792767775793,0.06219604599868281,-0.016247166952387412,0.47262442600738525,0.11598830130653182,-0.0769752725056026,0.6606175232567159,0.19710779724792366,1.3472562104812653,0.7004046104199384,0.22377102992807235,1.6114807595021359,0.6384035246534052,0.21436733750752052,1.4824388866989877,0.5731748531015695,0.33117289664209504,1.2739691472625945,0.6577180092068711,0.358184075906355,1.0165085066450645,0.6165267606161448,0.26565681404098473,0.8224951486388724,0.5227403700558523,0.1794869659195879,0.7693301297692821,0.4694584416644345,0.17214333386873037,0.7518873469572658,0.48577462887991496,0.19391664151278565,0.7526151509543466,0.45878903767167045,0.06195637054678246,1.2725967343881917,0.6807275612982797,0.036438156713142725,1.0248407183082737,0.6129886895003986,0.12219336497380745,0.8438100073108239,0.49466821349983775,0.18606849776004672,0.7812312003787079,0.4570933868807987,0.19389323960675872,0.7709711169108157,0.444044941816493,0.17364143540116833,0.7339367803493995,0.48838150539889674,0.1166666666666666
0.29998495265908565,0.8381850027334805,0.6705393993240825,0.3106687275167762,0.3958082013147856,0.6471821728985185,0.29760604561476733,-0.028395201141768397,0.6567974580810707,0.2851470059644985,-0.020996283675671308,0.45273224449452576,0.3429695664335307,-0.04995728113389582,0.5139065766770101,0.26801382114165995,-0.10287077670864687,0.6875275659647717,0.09240311714092783,0.840414690285645,0.659017946965389,0.09001879125808719,0.41464588232819394,0.6248882368845003,0.09642723658378663,-0.004328916049519765,0.5952800762197962,0.1326688775305385,-0.03815205936363632,0.45915441057529366,0.06317343566606114,-0.014157671599012767,0.47037217033927986,0.11605407569921032,-0.07673417646490938,0.6604439964994868,0.1971135991411494,1.3472436516780466,0.7003864210424112,0.223408379749084,1.6117157496456143,0.6366946784661291,0.21473828393193187,1.4817041864141443,0.5733715175577746,0.3311739889634121,1.2739744717860653,0.6577105006877269,0.35789336679637873,1.0165217923114478,0.6155567582141335,0.26608540668329067,0.8243602660788194,0.5186070013282067,0.179330973596669,0.7708559148520966,0.4676021805419345,0.17141948816243585,0.7536840474036993,0.4856876879496483,0.19448107556416033,0.7544254800341235,0.45690265328473634,0.062300186433553686,1.2722880713599327,0.6809322345750392,0.036921544242103366,1.02402156143902,0.6156127650414159,0.1223512084921752,0.8464565756600961,0.49069979287795856,0.18492666389639584,0.7823943470818122,0.45507028405739036,0.19385261483533295,0.7729752163743541,0.4417166737424649,0.17433398539736167,0.7358448877958483,0.4862485921438677,0.1333333333333333
0.2998527538219693,0.8378196494165332,0.6689711004501081,0.31064052550386745,0.3951619832393636,0.6471252795510385,0.29762775211620446,-0.028754691835516613,0.656628770338433,0.2851479783683637,-0.02098631072174538,0.4527785123396806,0.3429588942630516,-0.04988370410165557,0.513940616877139,0.26790327659238256,-0.10273011271634785,0.687418306389621,0.09201968811959539,0.8405394416965054,0.6586983870101566,0.08990875855616617,0.4145628343006415,0.6249523011709982,0.09635958793739349,-0.0038553625160154814,0.5951539134542985,0.13333913364768532,-0.03661611993217347,0.4557739528715048,0.06426845152964425,-0.011548897479649059,0.4678367863613514,0.11605593080816949,-0.07641005294509581,0.6599649972150382,0.19711636437421148,1.3472344653439048,0.7003616371196869,0.22320698895799962,1.6115800202021262,0.6357576593121204,0.21547060626853953,1.4809891064150582,0.5737159945286692,0.33117066373300186,1.2739794415850378,0.6576933167174145,0.3573432673986302,1.0168661331239117,0.613786318298627,0.2665088125772688,0.8257354675206027,0.5156748011558329,0.17919430758618282,0.7719266612374946,0.4665465922219034,0.17112204904313758,0.7545723441564558,0.48542262150850723,0.19536127485849464,0.7562158658237151,0.4552378429787752,0.06292739517531826,1.2718261372142967,0.6813876501628441,0.03737961236674149,1.0232277916945345,0.6180466494658076,0.12229920187227894,0.8483656018991891,0.4878307160667867,0.18398476750282347,0.7830652273298393,0.45394809651858936,0.19374013667693774,0.7744656948776485,0.4405476293893734,0.17445460689651807,0.7369204022009624,0.48511529105790896,0.15
0.2996484668869143,0.8373925668782327,0.6673842700858712,0.31062402969126046,0.39433581412360114,0.6470241943110335,0.297675559942064,-0.0291413880235684,0.656415686409796,0.28513506315083703,-0.020971635418301077,0.4528221586833408,0.3429204754772448,-0.04979374402174038,0.513982123703234,0.2677998948938525,-0.10259460463146762,0.6873166404860747,0.09165976369237802,0.8406720800922105,0.6583954372324315,0.08979398686224664,0.41420396187639275,0.6250317815729151,0.096282540236226,-0.0033793242693064274,0.5950257360289669,0.13369372928847423,-0.03542693273856897,0.45238572426840495,0.06514829877712025,-0.009052374767395219,0.46582292706418504,0.11599692742283374,-0.07603420487845045,0.659255310568349,0.19711787732514405,1.3472294844673733,0.7003321561846172,0.22316817858179816,1.6110810238311808,0.6355834249310292,0.21634699546077857,1.4804018236208738,0.5741156817786426,0.331167131666387,1.273983429793839,0.6576638012486778,0.3566408566982703,1.0174827842574807,0.6114383157017794,0.26684384948464734,0.8264272671765185,0.5142497214884215,0.1790820435761228,0.7724260532785578,0.46630099716360707,0.1711395580490944,0.7543853805500846,0.4851297676319022,0.19627279221833732,0.7582077000274552,0.453579178476239,0.06378543485705938,1.2711930684309238,0.6820541040192317,0.037759760368341805,1.0224548556412913,0.6198687440469097,0.12195169655015992,0.8496163101654903,0.4857910955878086,0.18346034686869359,0.7833264992537347,0.4536336555084276,0.19364676805288156,0.775298168367016,0.440411623179948,0.1739607919571157,0.7373110317878956,0.48477516085065336,0.1666666666666666
0.2993969470093271,0.8369201476684157,0.665813965094755,0.31061810244832744,0.3933684552706911,0.646888860880576,0.29774039559445775,-0.029562347546814083,0.6561818532772793,0.2851073648432991,-0.020956376916593786,0.4528514308930357,0.3428595968524544,-0.049721179839048356,0.5140178788593169,0.2677154816497912,-0.10247382486285803,0.6872300653850144,0.09133667996317131,0.8408058974914068,0.6581187644959434,0.08967879727819167,0.41360832529955216,0.6251208854008599,0.09620020045826375,-0.002921442992660103,0.5949016081249584,0.13370751835379333,-0.034736220222707295,0.4497972016852922,0.06561994947442415,-0.007131571163275036,0.46481776719156565,0.11588012633262747,-0.0756379351972627,0.6583897217243972,0.19711840713598056,1.347226975646785,0.700304213987091,0.223230882011561,1.61032114076442,0.6358794992794752,0.21720354422629395,1.4800172154159408,0.5745471432959876,0.33116546304865035,1.2739862110192328,0.6576235853889869,0.3559207557291797,1.0182662109423397,0.608970523964338,0.2670051481441602,0.8265070700945537,0.514121166074144,0.17905662437218445,0.7724061674619737,0.46654988396882424,0.17138090561493474,0.753270192980384,0.48495944457931617,0.19707280664645704,0.7602078525841826,0.45194065614401224,0.06476564382920216,1.2704160186593705,0.6828382835427108,0.038013574534256106,1.0216906864969173,0.6207704923867919,0.12140220665938085,0.8504047155171525,0.48418213725160153,0.18334758207518045,0.7833372322968242,0.4538232812597171,0.1936011194013439,0.7755328292173347,0.4407903462136062,0.1730868551320205,0.7372645483462086,0.48482231647898844,0.1833333333333333
0.29912304934461365,0.8364187843369203,0.6642952423401425,0.3106216061444401,0.39229866798382845,0.6467292229617374,0.29781318557549674,-0.03002462824614073,0.6559509179230016,0.28507042686758116,-0.020941433272072305,0.45286217963914494,0.34279287465235225,-0.04965739645720816,0.5140352817536781,0.26766184246391944,-0.10237734581936717,0.6871660782173218,0.09106377303587077,0.8409341859127422,0.6578780356644214,0.08956751090586419,0.41281498481422707,0.625213819965441,0.09611667558148622,-0.0025023603693407753,0.5947875939234293,0.13352780657539762,-0.03448309382377325,0.4485022663440532,0.06568649555326954,-0.005953507514824083,0.4648272376427986,0.11570858832697486,-0.0752525468338181,0.6574430158481617,0.19711754823229144,1.347225483656999,0.7002831033729734,0.22331068354471995,1.6094570468954208,0.6362564412053742,0.21794594449836768,1.4798475068666894,0.5749860071150774,0.3311646574730351,1.273988149549196,0.6575744521876515,0.35534690500574584,1.0191263497143668,0.6070311447751207,0.2669815282038653,0.8262596009209973,0.5146645506806391,0.17922932375581618,0.7720183505661518,0.46683764398645866,0.17181505787154472,0.7516293715760959,0.48474478541870397,0.19768744667724564,0.7618732036429141,0.4506073253662736,0.06567008460150578,1.2695960498865555,0.6835828855956354,0.03811145833358289,1.0209424210792704,0.6207785040699488,0.12080704127702552,0.8510414121317792,0.48254920524904366,0.1834451025121765,0.783270344744877,0.4541469640594582,0.19356378881133202,0.775339473199093,0.4411380663431135,0.17214110278428302,0.7370908856995708,0.48489948748913997,0.2
0.2989491563265042,0.8359169709685709,0.6628781718481044,0.3106317479893519,0.39129575126600386,0.6466566924079746,0.2979753819403473,-0.03080824702599974,0.6554681461973251,0.2850331334727457,-0.02092369034085429,0.45285836105746613,0.34273510530841356,-0.049597202772261824,0.5140316162376802,0.2677883574557344,-0.10244104896764901,0.6872462989278338,0.09080310293772823,0.8410098644767003,0.6576375640835559,0.08938722218065265,0.41214952011255424,0.6255744612112517,0.09608283123091163,-0.0023735718591232496,0.5947477790853707,0.13331240741830092,-0.034500934223363144,0.44834771214086827,0.06551025877056953,-0.005439661126095133,0.4654265744271277,0.115659750742994,-0.07512882876213073,0.6569093588458961,0.1971150466796518,1.3472286818687789,0.7002693542978728,0.2233586528379663,1.6086886963276865,0.6364921928622016,0.218506566263658,1.479824671881026,0.5753684000110069,0.33116280290729516,1.273989766341388,0.6575196814952042,0.35507208633735543,1.0199812499806604,0.6061957143289549,0.26684339794873124,0.8259472755625523,0.5153258827795248,0.1797027933174367,0.7714089359767576,0.4669033980375423,0.17233146010401845,0.7499121273361699,0.484141590791726,0.19805896623114144,0.7629735530774288,0.4498846173435574,0.06623710894707138,1.2688718809638033,0.6840884571140393,0.0380588658427963,1.0202221742395634,0.6203543256269163,0.12028185936178501,0.8517101148532316,0.48079143038328115,0.18352584624108553,0.7832130547043735,0.45439809702043954,0.19348791340482568,0.7748308008765188,0.44124884786798624,0.17133151975242444,0.7369989316341035,0.4848945261071813,0.2166666666666666
0.29890410874685197,0.8354984426065256,0.661626325024927,0.31063869463942567,0.3902958056818964,0.6465423055329084,0.29805866512088536,-0.031557494624951846,0.6552222544218447,0.2850036406733769,-0.020899253273531135,0.45284671818212857,0.3426965558543313,-0.04954554904256337,0.5140123637944353,0.2679708111500078,-0.10243989583410071,0.6873404541245699,0.09076409330801934,0.8410932738305114,0.6575039634957175,0.08918791890207514,0.411272609294979,0.6259549289259692,0.09605500626624687,-0.0023072854423997896,0.5947308084888951,0.1331579343990677,-0.034596785907388954,0.44866615434475704,0.06530221596972341,-0.005328105485387397,0.4660630510634687,0.11540115008051299,-0.07514997603222467,0.656604392222023,0.19711155990824056,1.3472491282484986,0.7002607729732461,0.22337024841186345,1.6082365996086392,0.63656893227155,0.2188429154883499,1.479849065471142,0.5756271126380386,0.33115938587906985,1.2739910944149373,0.6574675908518675,0.35517918259773473,1.0207184726139704,0.6067310709245177,0.2666769231048369,0.8256796871127475,0.5158833337946891,0.18052870863653017,0.7707060383153689,0.46675414527547116,0.17269582374083203,0.7484060651009488,0.4830949687667082,0.19818702403224986,0.7634937584424337,0.44985013115606015,0.06627224527959746,1.2683612826363426,0.6842008632692728,0.037911788069104745,1.0195721938056033,0.6200418309837952,0.11989049599869536,0.8523465801156518,0.4792244176514314,0.1834962624980267,0.7831458264113623,0.45459640805655666,0.19337735338929127,0.7740953113279616,0.441211517590892,0.17075563839590407,0.7369664923065128,0.48487172197406603,0.2333333333333333
0.29896558073914464,0.8350851539279149,0.6605987748115982,0.31065369509381313,0.3893511991966948,0.6463930710316358,0.2980350351622181,-0.03223666111590827,0.6553218920291136,0.2849879147320347,-0.02086950494099272,0.4528320313557485,0.3426821538799916,-0.04950725779287706,0.5139848592429359,0.2682127088095245,-0.10244163346505888,0.6874654893048003,0.09092158533519498,0.8410917137441981,0.6574910564233548,0.08897005143014869,0.4100857205742419,0.626216158811461,0.09603360301840738,-0.0023027558827912464,0.5947440319572488,0.1331030322866315,-0.03464956648876693,0.4489469898988003,0.06518288382854925,-0.005355861930041755,0.4664323446100981,0.11490304547502081,-0.07536899337326036,0.656573718958025,0.19710924354480042,1.347305671056898,0.7002561767477438,0.22335670461317675,1.6082541894555904,0.6365389450316062,0.21898800098420104,1.4798588502126766,0.575785844711602,0.33115608870925956,1.273991387623884,0.6574286325678466,0.35564602137128054,1.021166551000861,0.6085279964657261,0.2665847909408188,0.8255394379239176,0.5161719582376305,0.1816905440147285,0.7700522823843182,0.46649026469296206,0.17278213492673333,0.7472528664897575,0.4818304783923143,0.19816973065193555,0.7635872710648717,0.4502443310580495,0.0657695074965529,1.2681057934067588,0.6838931488979242,0.037802587205285086,1.0191186458649453,0.6199043725067039,0.11966832490254961,0.8527890102679392,0.47822697325639796,0.1834297855911849,0.7830031413901906,0.4548815387692541,0.19327659999325675,0.7733087001141647,0.44117867674340105,0.1704646521987367,0.7368326752373705,0.48486803010461094,0.25
0.2990836324759512,0.834567878261234,0.659830273111156,0.3107208428190588,0.388530041600607,0.6462461676231344,0.2979164689212395,-0.03282527589430799,0.6557462029671749,0.2849891847350732,-0.020847732330564188,0.4528103296300387,0.34268789873895045,-0.049478562391176865,0.5139528125394304,0.2685229038006198,-0.10254174100363751,0.6876499846970218,0.09118933001606999,0.8409425155643734,0.6576167995288221,0.08878100995411004,0.40868117666091464,0.6262387292470645,0.09601035826020092,-0.0023643271278494804,0.5947905682832438,0.13313922380664178,-0.034643413213904156,0.449143955605292,0.06515299812394489,-0.005500785122292032,0.4665239618519322,0.11421817849571989,-0.07580031675947496,0.6568338200331787,0.19710961178320516,1.3473983941588659,0.7002536363640546,0.22332856772489232,1.6087355065914535,0.6364461779821231,0.21905276984189148,1.4798373694300624,0.57597975306854,0.33115577989666,1.2739895240831665,0.6574076367250216,0.3563274209613224,1.021171354779026,0.611077133616707,0.2667007881470609,0.8256837976151912,0.5158730636885953,0.18300321522082366,0.7695204511049454,0.46618020994147935,0.17273473942445414,0.7465252443361207,0.48047387877525205,0.1981347269009852,0.7633945664911709,0.4506410372315779,0.06491436157215902,1.2680640989872745,0.6832787173253696,0.037911036057395625,1.0190840890657227,0.6195210681397676,0.11961293874882871,0.8529696710411347,0.477925706036457,0.18348478324134762,0.7827706311528626,0.45530847723393253,0.19323676515295843,0.7726858740314184,0.44123291241775664,0.17045320325475655,0.7364830402154399,0.48483343724932226,0.2666666666666666
0.2992315026734527,0.8339675290191705,0.6593582247012827,0.31089532158211275,0.38788304921654293,0.6461773346664871,0.29772633899770484,-0.03334483850500247,0.6564135705225018,0.285006692791501,-0.020860936989155775,0.45276705389351135,0.34270174166425416,-0.04945513772371649,0.5139161563591009,0.2688959419317943,-0.10278134200427153,0.6878965799552337,0.09151327603319963,0.8407069312344249,0.6579400398529267,0.0886954127841895,0.4073548859256175,0.6259967450898192,0.09596100122530658,-0.0024977606796598856,0.5948549355840249,0.13323026052116005,-0.034608756134222964,0.44939336730567125,0.06516788938845039,-0.005874758718432585,0.46643970133659957,0.11347477986851959,-0.07635270746600627,0.6573265624107139,0.19710959773546896,1.3474674653181158,0.7002451668028951,0.22329439573563006,1.6095127054858327,0.6363227910579438,0.2190950434517167,1.4797987524923037,0.5762681739187419,0.33116018236779887,1.2739850701009394,0.6573997589997669,0.3569797915703229,1.0207345038772555,0.6135348631954916,0.2671047640684882,0.8262309138446566,0.5147626529802739,0.18408873049880253,0.7689963267812748,0.46589913234496283,0.1728110900084085,0.7461916196505695,0.4789510938652298,0.19814096938793396,0.7629102472652638,0.4507379842666867,0.06396558507682962,1.2681644693911587,0.6825472324634636,0.03835042750529337,1.0197088332104407,0.6185267704618045,0.11966895994213483,0.8529606802412257,0.4781162096454909,0.18378960810253114,0.7825758225629349,0.4556311382736712,0.19328531834472595,0.7723232512198666,0.4413362693728309,0.1706152307502508,0.7359216303404901,0.48469124564696087,0.2833333333333333
0.2994056037669917,0.8334365453444209,0.6592152325546596,0.3111631954367796,0.3873690419051446,0.6462558088154029,0.2974835717772702,-0.03388775695559089,0.6572305642854974,0.2850332685848301,-0.020924317545617195,0.4526998729130484,0.3427125494432537,-0.04945176552852031,0.513874977786401,0.2693055027954902,-0.10312861020615058,0.688159225593667,0.09192831995083893,0.8404872091634008,0.6585338121697448,0.08876826738304638,0.40637618089908834,0.625544152845553,0.09585620837667062,-0.0026984682539384908,0.5948952401156519,0.13332752720704183,-0.03462460873747872,0.4497275126321734,0.0651922614583332,-0.006421784800004424,0.4662990543348432,0.11279744610565752,-0.07687101594199787,0.6579011283065377,0.19710223116536857,1.3474034825451584,0.7002187585911888,0.22326078749328981,1.6103552730709236,0.6361935682606552,0.21899837956613843,1.4797988589101552,0.5764059231755725,0.33116868013626727,1.2739788501950182,0.6573947545110572,0.35735969669651413,1.0200378592366013,0.6150319476708342,0.26775147989881715,0.8271340825325101,0.512966675703591,0.1846167363623753,0.7682783910595468,0.4657772010966128,0.17315087508508237,0.7461202697263462,0.4772385112392346,0.19821940969838947,0.7620368954893113,0.45041123501284375,0.06312308644511469,1.268333043960137,0.6818710690529377,0.03910201555549203,1.0210651216008269,0.6169046744273848,0.11976610589887356,0.8528526707355139,0.4784673530856952,0.1843856817807331,0.7826388780165815,0.45538857736243576,0.19338316707244868,0.7721260911095218,0.4413562541264019,0.17079309547853466,0.735211105052892,0.4844222967150992,0.3
0.29961497498580064,0.8331254003245,0.6593666956576508,0.3113906968311502,0.3868397450292827,0.6464537116313831,0.2971970332871594,-0.03458478251901022,0.6581342102780191,0.28505333514393305,-0.020990862046037742,0.4526548361607231,0.3427168128225302,-0.04950469447228422,0.5138305939314277,0.26970753361899563,-0.10349134810941499,0.6883420410378209,0.09249596192520447,0.8402888505538674,0.6593626043261823,0.08901657716028186,0.4058110174798837,0.6249483392419969,0.09570182245422874,-0.002934749334768061,0.5948492689143611,0.1333937430928311,-0.034834946768975805,0.45002906793145975,0.06521193800739926,-0.006941877981554809,0.4661964234534029,0.11223492081012061,-0.07727430016594812,0.6584111881268863,0.19708225731113727,1.347124465264594,0.7001689164957361,0.22323146470680832,1.6110786076479002,0.6360749629501732,0.2185669797827849,1.4799092821613253,0.5759497961572371,0.33117962505257925,1.2739718950860304,0.6573853882461465,0.3573403319879392,1.0193433638334193,0.6150745453322236,0.26852551290182797,0.8282118529168893,0.5108331960517725,0.18452369774930544,0.7673233390164076,0.4659230166163608,0.17372204888055298,0.7461784302921035,0.4755773326687428,0.1984380236489826,0.7606849433983919,0.4496677445916377,0.06250110422440591,1.268483252311258,0.6813726592892935,0.04006153841229625,1.0228684117252953,0.6148345274939789,0.11988244884864388,0.8526191313857878,0.4788217084620347,0.18523927595365502,0.7830796850696072,0.4543193278962623,0.19342400034843402,0.7718757330777178,0.4411838027462931,0.17087699998801414,0.7344103137758673,0.484111069303502,0.3166666666666666
0.29988013874996344,0.8331067936889363,0.6596687337688166,0.31141110382542464,0.38616553399465015,0.646637808622939,0.2968654446895481,-0.03552217324468422,0.6591113252891049,0.28504983626377395,-0.020946803210986707,0.4527173592633174,0.34271722239330876,-0.04963026648301952,0.5137935661564742,0.27005994428536884,-0.10373532918489753,0.6883561111140925,0.0932025262069084,0.8400473577617676,0.6602076527517311,0.08943637711560073,0.4055330818894248,0.624240367054462,0.09556178326121523,-0.00315014481401113,0.5946753235131675,0.13344876702595998,-0.03530419484480923,0.450159986022951,0.06522888655524345,-0.007294469629193237,0.4661651647261373,0.11177171659128224,-0.07760422074469445,0.6587958449496397,0.19704907274688027,1.3466221973349788,0.7001011318145482,0.22320684574561178,1.6115663547728611,0.6359775243540159,0.2177231014182628,1.4801486504771673,0.5746463359919695,0.33119177703221486,1.2739641859171325,0.6573699100995728,0.35695926265791555,1.018893405882136,0.6137379393177436,0.26934201203131997,0.8292703900509343,0.5086237611650426,0.18396197562702082,0.7663035641634758,0.4664187975471325,0.17440818560090215,0.7462743453686835,0.4743997487326686,0.1987833979350176,0.7588108138629939,0.4487434759718162,0.06216125361069297,1.2685465991667506,0.6811390036828966,0.041098975951801,1.0245314287227412,0.6125247083745279,0.12003754507173744,0.8521364555700963,0.4792485879257483,0.18626721553480047,0.7838099587210363,0.45261734870395365,0.19330803076985156,0.7713847213828572,0.440857611928395,0.17084272503409542,0.7336149099794107,0.4838850544705344,0.3333333333333333
0.30021088839574445,0.8333982525308676,0.6599342842395107,0.3111795711539268,0.3853881614647821,0.6466814266768285,0.29648292533048626,-0.036684705941568196,0.660171909434872,0.28501784877731484,-0.020681706205559147,0.45294855530123584,0.3427178323341832,-0.049760418708950864,0.5138064263855335,0.2703563171741321,-0.10375733362320876,0.68822691574011,0.09395862292596235,0.8397672539188918,0.6607753311651535,0.09003102548579009,0.40534580936499426,0.6234295564281106,0.0955117132134993,-0.003313719395340281,0.5944272458002003,0.1335800105833783,-0.035886936287124444,0.45010737876093937,0.06524801225919002,-0.0074259519621525105,0.46618378110959363,0.11138252948812286,-0.07793190556344429,0.65905388084148,0.19700541206713873,1.3459414023081513,0.700023337429035,0.22318486381792668,1.6117658764588387,0.6359086287390058,0.21656596018637206,1.4804765974777319,0.5726372119716208,0.3312035162054233,1.27395507290843,0.6573476904659942,0.3563772327169698,1.0188190585731451,0.6115579698227926,0.270159511670801,0.8302087985526629,0.5063965818899799,0.18315630333577304,0.7654694845748012,0.4673223822416728,0.17509601316846649,0.7463603105608978,0.4740431706714711,0.19902572241631644,0.7564472543705274,0.4481189829203032,0.06209615127932536,1.2685139977827475,0.6811849479709404,0.04207213507711939,1.0255002504230348,0.6102207851185775,0.12021335283719561,0.851307589986997,0.4798627752771643,0.18732807538539706,0.7846498607722094,0.4507218238788672,0.19298295172120156,0.7706868579737798,0.44054451405071604,0.17075648453572745,0.733022588249231,0.4838401973683514,0.35
0.30058720650847787,0.8340140696115423,0.6600613912848463,0.310823296907162,0.38467721871247457,0.6465554723820809,0.29605050537468397,-0.03797339675583866,0.6613138698295503,0.28496113783460986,-0.0201714388671436,0.4533417513204964,0.3427161943301128,-0.049737525548741765,0.5139422715670924,0.27063181253751856,-0.10357567865875215,0.6881177656505603,0.09468372724703769,0.8395971478429357,0.6608844376448146,0.09080574625189672,0.40511651962598094,0.6225304051660521,0.09558072506215338,-0.003491683696286191,0.5942641575931029,0.13384844913372967,-0.03629665248289709,0.4499763694964725,0.06526431794159064,-0.007290416618362772,0.4661874794783939,0.11107855077563511,-0.07829544674995706,0.6592706856333711,0.19695707115025907,1.3451702746475518,0.6999367759675897,0.22316160429111892,1.61174349248747,0.6358686864933736,0.21527918889174702,1.4808771249104813,0.570296151018296,0.33121114512852046,1.2739447184887855,0.657317392639872,0.3557724440266168,1.019087760587358,0.6091727590242237,0.27093662154293363,0.8310828138863318,0.5040168254202861,0.1823022247270487,0.7650983628002394,0.46844473775405854,0.1756685464241177,0.7464469327023724,0.47444293045866887,0.19879404390837047,0.7536679975141136,0.4482938612778181,0.06219941543701335,1.2684252758247945,0.6814010694331123,0.042823962664976095,1.0255429229323767,0.608252150391771,0.12031091531365332,0.8502118580970399,0.48057837671411874,0.18819096876990077,0.7855766522511558,0.4487946658249737,0.19242130010737646,0.7701404446509704,0.4403420094377981,0.1708053863533568,0.7328702525622689,0.4840399000437876,0.3666666666666666
0.3009731530089233,0.8349946489262214,0.6600959946040705,0.3105339069513209,0.38414717968835416,0.6463211194262575,0.29558218765284466,-0.03929841689768038,0.662515512482627,0.28487087540909467,-0.019528518947513403,0.45384215004031725,0.34269933410674797,-0.04941434634184116,0.5142568222101229,0.2709298110098623,-0.10332068729744714,0.6882180680233388,0.09535150298682955,0.8397825596824084,0.6605648514069118,0.09172037724120566,0.40482396531861414,0.6215478948435719,0.09575661783100628,-0.0038156862753988136,0.5943390814201444,0.13418360935117876,-0.03617790067148551,0.4498851301384587,0.06525987575442704,-0.006826820516977722,0.46608317771967545,0.11091059265376021,-0.07871432120419325,0.6596271732120649,0.19691453804553632,1.3444674724558232,0.6998377683327979,0.22313269368724392,1.6116981882841297,0.635849825357735,0.21401739755010146,1.4814093700058317,0.5679186224835306,0.331210360629813,1.27393479862122,0.6572814386922698,0.35523944475475,1.0196410780527454,0.6069588216732692,0.2716863228791177,0.8321533444489453,0.5010185216128634,0.18151258453447028,0.7655180879875361,0.46914120388917974,0.17594430390011717,0.7465680936670668,0.4749259394726368,0.19775142810070268,0.7504738897374107,0.44951258686548096,0.06232557831432142,1.2683330042105618,0.6816082042770264,0.04321907897281067,1.0247679721241265,0.6069611767463291,0.12020077438185904,0.8492422921653534,0.4808940606587836,0.1886356990382034,0.786813128930957,0.44643278097086736,0.19170772293233496,0.7702694866165665,0.4401586444240929,0.17137655051030054,0.7333440810012081,0.4843632388601319,0.3833333333333333
0.30133212395742615,0.836342262274325,0.6601788218838485,0.31040534291898997,0.3837997027686398,0.6460520865849038,0.29509691694610307,-0.04064713008311116,0.6637437370355866,0.284726698022052,-0.018985498052728422,0.4543842504272421,0.3426558749505353,-0.0488125982647702,0.5147387063059204,0.2712778202426105,-0.1031413241814935,0.6886468250917568,0.09596201793572683,0.8405129513925096,0.6599929568187247,0.09267524052889639,0.4044846659722139,0.6204660797982396,0.09601823018150077,-0.00434674427554442,0.5947020331935763,0.1344357241593076,-0.03521989292567718,0.44990558106586764,0.06522601822758459,-0.0060670840588139124,0.46584872830621443,0.1109190005281316,-0.0791962339141252,0.6602029865811515,0.19689048824223448,1.3440379842571255,0.6997305059228738,0.22310203833604647,1.6118280176123767,0.6358544579068564,0.21286413366426832,1.4821501013254565,0.5655667548934955,0.33120237075026826,1.2739255313022135,0.6572583046424856,0.3547664913794981,1.0205926112752772,0.6050104752238208,0.2726120218127267,0.8338146574309653,0.4966049207389136,0.18088024858824148,0.7669581808121074,0.4683408365594192,0.17576130391012984,0.7467085289939718,0.4743400483832718,0.1957992738995053,0.7467553242385359,0.4516004816090298,0.062395896660061644,1.2682736252275184,0.681679729535267,0.04326133715750867,1.0234463154795297,0.6064704342109555,0.11981952830685212,0.8489953766814125,0.4800449105437958,0.18876747822636214,0.7885321829026231,0.44316420247916644,0.19123635793838667,0.7713320820036984,0.43976891706775867,0.17297158969422505,0.7344730270138595,0.48427028226731705,0.4
0.30162498313062297,0.8379138185995427,0.6604480659312921,0.31036374734342287,0.3835833135101975,0.6457501348477429,0.29460903915841846,-0.04204607558349002,0.6649661032148368,0.2845282629184781,-0.018804356199894963,0.45488577459552165,0.34259236281842764,-0.04820008819884953,0.5152938897298788,0.27168492780569176,-0.10313047102860219,0.6894353527115775,0.0964953037594517,0.841737991623533,0.6593364199529296,0.09356841032899352,0.4040702936397622,0.6192720173690389,0.09635021507062842,-0.00503887044876157,0.595321143777385,0.13451351284104918,-0.03346789989599937,0.45004501341131353,0.06520086260477381,-0.005307285636879863,0.4656851038524321,0.11110727112452828,-0.07977656753622098,0.6608878710836229,0.19689134193771046,1.3440223987676374,0.6996516795449907,0.22309734754267424,1.6121888641405548,0.6359262886265308,0.21184764285789082,1.4831202744967185,0.5631422293338582,0.33119998194785694,1.2739080200929067,0.6573022148951997,0.3542838227507422,1.0221737375344004,0.6034274841244319,0.27412796298541586,0.8362689201855658,0.4902600406758249,0.1805929083301713,0.769159888283947,0.46498580433792425,0.17532361292616797,0.7466644489127386,0.4716088601812724,0.1933588204500634,0.7423428113115478,0.453919713620693,0.062416342111235826,1.2682593209712216,0.6815867474472103,0.043193844489836083,1.0218181875007828,0.6065079730025961,0.11922558230317765,0.849867123589398,0.4775619594804993,0.189070390211099,0.7905734350787268,0.43907942064720784,0.19155015580737633,0.7729734060833855,0.4385698224057717,0.17557075175140285,0.7359026566792927,0.4828215282350747,0.4166666666666667
0.3018139394024755,0.8394774720996699,0.6610126306717982,0.31023315031772425,0.3834265379068605,0.6453680898524898,0.2941272225078873,-0.04349282259506468,0.6661587090345544,0.28430845773389724,-0.01917182266802099,0.45522656370499637,0.342531611120196,-0.047909471411464545,0.5157759370421146,0.2721293231765511,-0.10329467776605014,0.690499921163182,0.09690897329925799,0.8431530735716698,0.6587097061940576,0.09435311774313618,0.4035195141744844,0.6179843537639993,0.09674814457527517,-0.005833722626526719,0.5961470972464902,0.1344159132154483,-0.03142916137018898,0.4502422178084448,0.06526273484073672,-0.005029581200470659,0.46597094423275004,0.11146160127247276,-0.08053259537666492,0.6615495226514024,0.19691355441682593,1.344397215985868,0.699696878923876,0.22316908419119505,1.612710665710762,0.6361462439364014,0.21094884613811465,1.484278518936888,0.5605213203649453,0.3312247036151038,1.2738627332535262,0.6574979655254773,0.353780710510156,1.0244629306733493,0.6025262726679405,0.2766397998930213,0.839196116691388,0.48255476743773706,0.18099721823673798,0.7712413456222771,0.45862726678616095,0.17557068521654653,0.7460409036597704,0.46587557214197917,0.19161210960313094,0.737210398284534,0.45532117699281505,0.06241788093469554,1.2682879482858131,0.6813549295204129,0.043350697022319744,1.0201222920195074,0.6066297906881618,0.11850303197827394,0.8517682357610753,0.47360140055327604,0.18969708367194482,0.7926217107681327,0.43445528531374117,0.19249770278611655,0.7743378008977218,0.4351759504103242,0.17785788880291184,0.7369819452659218,0.47871111708096636,0.4333333333333333
0.3018880053690451,0.8408934033350844,0.6619478070292155,0.30984836591456005,0.38330514170945496,0.6449001999193481,0.2936575269591115,-0.04493652037826644,0.6673019703984958,0.2841093449324029,-0.020125838207463477,0.4552906655254856,0.3424975676329367,-0.04806004287338536,0.5160524264593161,0.2725614320480902,-0.10357426280742979,0.6916465037704377,0.09717799538077178,0.8444070789764334,0.6582498537036837,0.09503544333686971,0.40280626687249954,0.6166568418551296,0.09721306612189475,-0.006710921399807876,0.5971404016872329,0.1341740432688143,-0.029741117756368722,0.4504094870248528,0.06547102305377299,-0.005531374030062652,0.4669797397360706,0.11195815012146287,-0.08148532260947226,0.6621178746286837,0.19695704399652555,1.3449886828959294,0.699986760338634,0.22332814842240128,1.6133038464449434,0.6365178013716961,0.21009945387742085,1.485549693784878,0.5576168388584639,0.33127902515320984,1.2737865569797777,0.6578574177046749,0.3535313007679754,1.0271786785430475,0.6028589724910641,0.2802889948381603,0.8419588555956459,0.4750884954887938,0.18272851667928966,0.7724041370526585,0.449361501274237,0.17809046934597406,0.7448088644499803,0.4559851642743219,0.19257661385621627,0.7318402787512227,0.4541889991072014,0.06241684130818625,1.2683554423638095,0.6810246804999939,0.04380957470898603,1.0187862195099902,0.6066332685183511,0.11736576736797363,0.8541945641765055,0.4687735710437817,0.18966131303290903,0.7944713277154458,0.4289797817202974,0.19244529202683064,0.7746578045790979,0.4278269113365728,0.1773164859621567,0.7373949846898877,0.4705087535711535,0.45
0.3018769106666491,0.8421562426271199,0.6632177040194778,0.3091290842915508,0.38333482528561136,0.6443345037628121,0.29320815639810527,-0.04630226390097847,0.6683730686032261,0.2839558860433275,-0.021529707911031114,0.4550502407544724,0.34250791853794216,-0.04855113080338047,0.5160499727616974,0.27294507651914107,-0.10391242709977934,0.692686915848697,0.09730378643186223,0.8452985735168153,0.658082598840788,0.09563578533326621,0.40197529705287505,0.6153537997949194,0.09774083138390902,-0.007666668920849579,0.5982691153629482,0.13382550887431655,-0.02887019540267869,0.45048671833112447,0.06583249016021364,-0.006773661991009358,0.46869486897944157,0.1125786936555359,-0.08255858990929449,0.6625253734347957,0.19705219663799828,1.345627591853881,0.7004540801268382,0.2234490833812517,1.6139072603271407,0.6367927171904342,0.20921116686830676,1.4868426396210577,0.5543910989486258,0.3313057179620956,1.2737367562279576,0.6581607602263683,0.3542589424797594,1.0297386142177378,0.605236633001562,0.285190210770356,0.8443513638664957,0.46939252922217933,0.1869071405242708,0.7728714089729573,0.4372148588437355,0.18463189018367226,0.7438397253433728,0.4406689803840324,0.19884328536197693,0.7272832463189035,0.44893116541201394,0.06241448409445606,1.2684614162693748,0.6806611617371737,0.04426440353448899,1.018374339991971,0.6066316245539294,0.11470401935993609,0.8565459417175796,0.46376562285662715,0.18695634112596246,0.7960717933345928,0.42169882099933936,0.18858674356873678,0.7740763160322426,0.4152887215752227,0.1711777490509913,0.7376864905314015,0.4576711068641198,0.4666666666666667
0.3018167488910416,0.8432888640088418,0.6646556579584493,0.3081011272416902,0.38372475403138717,0.6435150779486654,0.2927962842277639,-0.0475467779707565,0.6693368820088327,0.28385284280604806,-0.02310876527413063,0.45459563453639473,0.3425807240111788,-0.04923690176134637,0.5157601590100129,0.27326773612463723,-0.10430819218650049,0.6935345660473017,0.09729024761164204,0.8458257897938636,0.6581384117091928,0.09616229047622407,0.4010997446989887,0.6141214018463801,0.09832329077044197,-0.00871234341737602,0.5995072083327447,0.13343641177872892,-0.029040692261486638,0.45044990890504655,0.06631687434540279,-0.008590188514916247,0.4708753535319225,0.11333170560352601,-0.0836903435767589,0.6627013866749533,0.1972444690794203,1.346305576853273,0.700618118713493,0.22329550649904212,1.6144455694737014,0.6365219963599369,0.2082348019867601,1.4880407582752146,0.5509470880803757,0.33120239421798287,1.2738201704062904,0.6580016270388325,0.35687391912252203,1.0315501560422462,0.6105806721597089,0.2920862667944909,0.8470571019892157,0.4658811046454838,0.19515215454705964,0.7739711596786107,0.42189923312720445,0.19680917827161215,0.7444126580675393,0.41972678047279827,0.21272974209850495,0.7247266949382001,0.438955186672365,0.0624054720052428,1.2685997432235425,0.6803973829606419,0.04425060954444482,1.0192572523455528,0.606832799933281,0.10882715835860161,0.8585598057362225,0.4588879095637098,0.17931344438760144,0.7976064635858849,0.4114840778618846,0.17804031618039456,0.7739288196337948,0.3973475136366216,0.15721882108455737,0.7389857352625507,0.441368748500482,0.4833333333333333
0.30171248695407576,0.8442668191548031,0.6660718933825265,0.30687676186966495,0.38461301152379845,0.6421775431802866,0.2924502509338464,-0.048713747026931375,0.6701407407438938,0.283802641360305,-0.024549306177587375,0.45407179581551177,0.34273706914117325,-0.04997198138319133,0.51525216971836,0.27351651373320507,-0.10479876409116612,0.6941827058515434,0.09714308862181578,0.8461398756708286,0.6581156637079069,0.09661229760369665,0.4001993274080964,0.6129834873663931,0.098954421505221,-0.009886074358012586,0.600835955368784,0.13311308030274793,-0.030164013441102193,0.4502996661566096,0.06687771949297075,-0.010834307462787948,0.4732038396620962,0.11421504992988021,-0.0849144441547223,0.6626612796026322,0.19748263651091902,1.3470908316404178,0.6998636669138046,0.2226964304520207,1.6148035604730404,0.6353850806623809,0.2071924833389339,1.48900887169022,0.5475949752559388,0.3309011306413882,1.2741134952875877,0.6570832706456204,0.36187978337097876,1.0323307187873505,0.6193514070589923,0.3022578342981385,0.8512055009198285,0.46392679879547394,0.20925105488781476,0.777516973178438,0.40316761271719137,0.21600937324714953,0.7475802643260805,0.39460646326245463,0.23529515935393674,0.7252180804369468,0.4254537887268085,0.06238178182672326,1.268726715090013,0.6804236289983686,0.04336571945490354,1.021443768163248,0.6073713241060047,0.09838226175238568,0.860612609739013,0.45391273232508766,0.1647144219315882,0.799650180672665,0.39767069522365034,0.15867426714377864,0.7758964851626691,0.3753708330419205,0.13406269405147592,0.7422452357536682,0.42411567523569493,0.5
0.3015523457215272,0.8450349655139778,0.6673082629012765,0.3055907979005676,0.38597898278432186,0.6401306816780458,0.2921997525156296,-0.04989719201099327,0.6707372298985909,0.2838228611150393,-0.025613295577697565,0.4535893868823422,0.3429614745178968,-0.05055331959720201,0.5146792358332741,0.2736942639127678,-0.10538980419211492,0.6946477848904115,0.09687905760068369,0.8464264712795815,0.6577125277063537,0.0969831637220226,0.3992058419256457,0.61195867120124,0.09962720634679129,-0.011219143764101505,0.6022365383148823,0.1329578791466508,-0.03185552521117891,0.45005866003408024,0.06746613164214305,-0.013371664596783087,0.47537851001476616,0.11518064106157927,-0.08630289669891514,0.6625358710395006,0.19755651384372513,1.3479031211010504,0.6980490990895611,0.22166020942673043,1.6149052562830881,0.6334026843732603,0.20612425120807687,1.4896754542893627,0.5446513912080484,0.33041538876143717,1.274607378902693,0.6554147075111271,0.3690547959688815,1.0322765600511967,0.6310711771262103,0.3165463894885718,0.857647867933704,0.4627627138952589,0.23059355443865548,0.7852438347293775,0.38123439627464206,0.2430770507170472,0.7544816412602473,0.36779292673840114,0.266143983783232,0.7298154553791739,0.41089271231854674,0.06234812987298273,1.2687479142923805,0.6808251649616383,0.04131214807168342,1.024815955150248,0.6082253957697425,0.082881712793969,0.8636498421406544,0.4487044233261689,0.1416612121029939,0.8031922118753884,0.3807789939426044,0.12944605939673307,0.7810510500427051,0.352605464036826,0.10147985508410302,0.7479994561335168,0.40888864143677306,0.5166666666666667
0.3013437462881119,0.8455498568309306,0.6682123063429977,0.3043190071969726,0.387711764550855,0.6373484645371438,0.2920640639072047,-0.05111601085954033,0.6711095218007681,0.2839333924871675,-0.02620977591786061,0.45320436547237297,0.34314059226557325,-0.050770296196272775,0.5142156411658343,0.2738409199518124,-0.10602971084217423,0.6949222856070238,0.09652328966519833,0.8467905370099453,0.6568188212011439,0.09727289264936524,0.39802187087173485,0.6110759394951838,0.10032718041363557,-0.012690612336917984,0.6036804159582598,0.13298378785216108,-0.03359862570665982,0.44976876982694597,0.0680370504442316,-0.016050663047528432,0.4771394536250872,0.11617460753706473,-0.08788906049792838,0.6624610704388683,0.1972645327730544,1.3485211310666496,0.6956064284747698,0.22032838645380334,1.6147932255278747,0.630852517420053,0.2049922469780109,1.4901103458931004,0.5421671222558642,0.3298122627676119,1.2752159670406786,0.6532495606391522,0.3775872137265708,1.0319932077842582,0.6444357223220651,0.3350595112329845,0.8668195886206056,0.46188570810553575,0.2596626805495933,0.7983402661877979,0.35708901278482863,0.27794061757938154,0.7664067022182097,0.3420164315980331,0.3038966751152603,0.7393327358907774,0.39758478538341857,0.06235245906282956,1.2685866081470678,0.681394116066446,0.03796456376980579,1.0294294258565415,0.6091093495146118,0.06250659129741869,0.8688163167704082,0.4438294478184699,0.10958222288831168,0.8094217049858373,0.3628354947406215,0.09061781767916835,0.7899677638740821,0.3330393429426475,0.060791802419763966,0.7567741466701827,0.39828589405735504,0.5333333333333333
0.3011068878694134,0.8458089807147726,0.6686592781038816,0.3030514642386982,0.3897101257159202,0.6339750078130191,0.2920497218035778,-0.0522957312812823,0.6712445790321081,0.2841053915827046,-0.026408303266284266,0.4529488099790417,0.3431010949051547,-0.050598480530692026,0.5139588134582654,0.27400926050249197,-0.10669479122287845,0.6949699573244251,0.09611300746464803,0.8472417430560687,0.6554781553026171,0.09747152196352164,0.3966371920956451,0.6103737108296026,0.10103427703140143,-0.014238501173635829,0.6051319051865798,0.13309487932035885,-0.034872675373124336,0.44949001738852,0.0685349089118741,-0.018621961980060386,0.47824613782603637,0.1171754868293139,-0.0896762122655021,0.6625118718164357,0.19661406523193614,1.3488138596060117,0.6930695849476207,0.21889237401872724,1.6145770701406552,0.6281169836891791,0.2036821471266549,1.4904695015594638,0.5399299752526971,0.3291656462585991,1.2758095849614368,0.6509636220184393,0.38632534089631754,1.032289542244849,0.6577162332479174,0.3576624995461625,0.8789325879569037,0.460820129207552,0.29583154389746397,0.8170165298137289,0.33259937107463383,0.3195899554680086,0.7840331043377528,0.3195560633122123,0.3465787956845857,0.7537260056367643,0.3870873258615709,0.06248061855881797,1.2682641230625262,0.6817128627647191,0.033478048055616966,1.035394445830958,0.6094750776316956,0.03794104419931786,0.8771457467102053,0.43985307678069785,0.06925432164389642,0.8194856474217813,0.3467578159619469,0.04397897074961876,0.8032097399510034,0.3199788645587356,0.014905727259726215,0.7695483893402919,0.3934672116461656,0.55
0.30082673326487114,0.8458813836139275,0.6685871253062614,0.30172345649224414,0.39191070590439464,0.6302891895003156,0.29214462881048675,-0.053389354485275015,0.6711147274821548,0.28422013434501664,-0.02638032694888049,0.4528301244534623,0.3427475888717941,-0.05031387200737038,0.5138965327952212,0.2742259110967428,-0.1074468266975346,0.6948048788454173,0.09570158275768915,0.8477432975079918,0.6537848128254179,0.09755778780877375,0.3951668692497823,0.609881669760715,0.10172886239910392,-0.01580228392450761,0.6065564834851654,0.13319036798124115,-0.03535763516963715,0.4492803724007266,0.0688830867694388,-0.020706818181432135,0.47847526008478464,0.11815454743832596,-0.09169945749027515,0.6627757024024241,0.19578225018996004,1.3488514509496004,0.6906457719191328,0.21755953656153745,1.6143253798197632,0.6256216867827994,0.20211969796495535,1.4908682676965548,0.5376692522121285,0.3285345180756494,1.2762683780169959,0.6489758676114519,0.3940584582384318,1.0339392624671804,0.6691289150497696,0.38389268774157315,0.8939549632530394,0.4591568201372728,0.3376232492281569,0.8403965388779044,0.3099795852345374,0.36631044618576003,0.8070245798888492,0.30184600979048526,0.3918755776013272,0.7723113404505736,0.38047862677207644,0.06277779498935901,1.2678757931344289,0.6814511845182669,0.028187122491821565,1.0424084155258957,0.6088823083550291,0.010511421315670736,0.8894777628578932,0.4363677919327688,0.022955446039335192,0.8343621129171241,0.33521892363798633,-0.007120060852578183,0.8213178127604646,0.3153415786192963,-0.032321431651517005,0.7876736885922834,0.39351170717923223,0.5666666666666667
0.30044805972146477,0.8458847669518351,0.6679921442320083,0.30026203211517777,0.3942993264007575,0.6265100562183338,0.29229991371885006,-0.054416764394978175,0.6707646188063003,0.28411724588916765,-0.026293645079777876,0.45279721273822393,0.3421240844561312,-0.050329530295527725,0.5139429901190204,0.2744684896658794,-0.10834976811510127,0.6945412265495922,0.0953390049038328,0.848247205119765,0.6518417064771396,0.0975069110092134,0.3937433030283366,0.6096133516825617,0.10239359874548318,-0.01733897618201362,0.607922612557178,0.13325412590036587,-0.03517964120156944,0.44914554504894333,0.06901748670253201,-0.021956523824138457,0.4777437690737741,0.11901854685608247,-0.09404082359567154,0.6633952516687106,0.19495739502330967,1.3487887948708062,0.6882370783214976,0.21653997672103342,1.6140452365116227,0.623800648567386,0.20035418351830614,1.4913352511581854,0.5352185338987371,0.3279864289613196,1.276576195342853,0.6476001072169377,0.39996371562207467,1.0375602861418503,0.6770525173839275,0.41260873112844343,0.9114776244378369,0.456875633888259,0.38326205283507997,0.8667722117313827,0.29141511932314645,0.41601326840206254,0.8341622436789402,0.29007983777649426,0.43746223219010694,0.7946482087176513,0.3781224359770062,0.06316249628685164,1.2675147122449348,0.6805057978933406,0.0223674833875759,1.0495543819819133,0.6074480048951891,-0.01797878327403222,0.9063355799317254,0.43258591501173305,-0.026028335913520592,0.8547673809807255,0.3298744364935945,-0.05856429307704996,0.8446955666949717,0.3187083371585733,-0.07726024793531408,0.8121644828962774,0.39579475387315527,0.5833333333333334
0.299937761566,0.8459020701075346,0.6669336744774188,0.29863939748773727,0.39691731399457525,0.6226167137646321,0.2924341909403326,-0.05540539832144116,0.6703803868271909,0.2837070626878454,-0.026235457151347903,0.4527541549800743,0.3413524484879681,-0.050883778682121614,0.5139848578514291,0.27469208576152826,-0.10941085660930101,0.6943336245968433,0.09503990469311871,0.8487058874252102,0.6497407994143167,0.09730143133389005,0.392406964384394,0.6095793362395033,0.10301239746585616,-0.01881404614093224,0.6092000051704924,0.13331744397412815,-0.03475549591133938,0.4490298267234944,0.06892711949931937,-0.022224336894921932,0.47620041553276476,0.11964475870147966,-0.0967335486920365,0.6644840093462996,0.19427364379543255,1.3487195728572634,0.6858032243793266,0.21598469738028225,1.6137497942793935,0.6229290297287844,0.19855051491026604,1.4918405816365734,0.5326044443195087,0.32764269005332547,1.276876270778864,0.6468000151273366,0.40405180546596453,1.043686708326618,0.6800814530551172,0.44227023444693975,0.9306965002143769,0.4545431613824756,0.4310528988524617,0.8942740949638446,0.27939192949775543,0.46664778324320266,0.8637481077321241,0.2856260753814611,0.4814380183235101,0.8209939945534156,0.37890136157104864,0.0634515281124166,1.2672356796402862,0.6789377896709322,0.016194818101553522,1.0558020389473763,0.6057651415110494,-0.04597943209902673,0.9275821230374767,0.42846247052809255,-0.07460619748818217,0.8809505008356145,0.3312448379955022,-0.10713367547632058,0.8734938358058361,0.3271994691771043,-0.11768156523506981,0.8432460757830136,0.396799956189191,0.6
0.2993230038760077,0.8459258740466281,0.6655341277725011,0.29689817264078855,0.3998145720981387,0.6184873570551672,0.2924856637293361,-0.056370524970589725,0.6701562544259307,0.2830209268508814,-0.026194577729336678,0.45263122871909084,0.3405645540284291,-0.05193893993860237,0.5139262337134193,0.2748836325984716,-0.11064164014982879,0.6943164534293594,0.09477807699741901,0.8490712126996571,0.6475502337583141,0.09694779071222547,0.3911144116126086,0.6097652887607278,0.1035690939587163,-0.020191937003740598,0.6103597861998683,0.13338939493074722,-0.03436221051196033,0.44888348499722425,0.06864825533162212,-0.02155987098184437,0.47410223269913165,0.11997358828548997,-0.09967787245552913,0.6660463395109246,0.19383268654105834,1.3486717681539875,0.6835078111654194,0.21586330461737424,1.6135169859003775,0.6228214616295396,0.19693989035627452,1.4923188941975485,0.5300841762563742,0.3276392740470419,1.2773937081843352,0.6461183026329969,0.4072736255441084,1.0525790446505714,0.677340624499269,0.47146648720142686,0.9507272420377875,0.4532459469826998,0.47945976327481865,0.9216107842391714,0.27635436797259505,0.516494090747286,0.8944081361675449,0.2889863439629482,0.522684965883686,0.8517917217843287,0.3804622846687204,0.06348764222498386,1.2670487271684912,0.6769199333359739,0.009801627641074095,1.0606908806196196,0.604392323664074,-0.07285257432926355,0.9522068183338462,0.42458323462759967,-0.12065710669380321,0.9122825738218924,0.3391729118734761,-0.15125456747521324,0.9074486342789124,0.33736840913354194,-0.15310816899237945,0.8804954317995481,0.39353889808249903,0.6166666666666667
0.29866069792268835,0.8458643767950994,0.6639118347713402,0.2951346771132783,0.402983626514089,0.6141508020931306,0.2924535839660882,-0.05732565051805953,0.6701171102235429,0.28216956178708597,-0.026104528502465085,0.45242177059292543,0.3398790079629822,-0.053308583516663496,0.5137667084421782,0.2750658121686463,-0.11209751490155816,0.6945665471606517,0.09451301922199898,0.8492973444839366,0.6453294929929675,0.09649737927723963,0.38985420527391895,0.6100768418944581,0.10404572357879252,-0.021435701864198575,0.6113740401058232,0.13345187030424704,-0.03403618077449089,0.44870804201023134,0.06824223386637215,-0.020148666129247678,0.47168785558218373,0.12002733047057293,-0.10271446077060208,0.6680074949204374,0.19371417788888012,1.348708550849554,0.6814216181572694,0.21592601027789507,1.6134562586652978,0.6227919026153699,0.19572926243908167,1.4926923471765499,0.5280392189628136,0.32800193109421016,1.2782880928007012,0.6449665277053072,0.41113176170023985,1.0637254732301848,0.6691036735977984,0.49940187341800135,0.9711820915883373,0.4539524016595968,0.5270922724908627,0.9482319189918315,0.28344781488676746,0.5641521855935077,0.9255504879728551,0.2987965693419744,0.5607981128614836,0.8865809922334155,0.3809231972833565,0.06321966716631497,1.2669273037574251,0.6747327158736912,0.003157770217718301,1.0643323157987592,0.603562943397397,-0.0987990359979289,0.9787458317593203,0.4214179619902319,-0.16257986193606144,0.9471063802242167,0.3531309155748605,-0.1901829726436084,0.945945207068852,0.34704490519318015,-0.18413328045214944,0.9229326504083066,0.3854724432802494,0.6333333333333333
0.2979946440788495,0.8456360407528839,0.662094894720083,0.29347756727405605,0.4063239871568566,0.6097966140699614,0.29237582083451874,-0.05827543279493992,0.6701517658292498,0.2812779543850875,-0.025937155141578058,0.4521609472735482,0.3393906009666029,-0.054718000533902904,0.5136541779377592,0.2752648489288711,-0.11381033831427641,0.6950328259753382,0.09421979735922395,0.8493808649366204,0.6431515681161504,0.09603996647922104,0.3887763521965856,0.6103541146859709,0.10442172989263182,-0.022511905266127105,0.6122113566455718,0.13349501741186381,-0.03380296282168933,0.44851978745646676,0.06777782967818623,-0.018293042344889557,0.46920311837937806,0.11987220412974454,-0.10572244958363726,0.6702563030345923,0.1939040825391903,1.3489510281493828,0.6793454584687515,0.21588051028264285,1.613604615746813,0.6221404289479455,0.19500186890938281,1.4929068943230361,0.5267643182458397,0.3286144752316123,1.2795580983461694,0.6430525149430752,0.4169077821744329,1.0758092064522893,0.656905765797454,0.5260478554643043,0.9922326705072787,0.45655126987085015,0.5726952710010652,0.9742277448690795,0.29969331057793885,0.6083558249745824,0.9570187283306012,0.3125074775885296,0.5955985452498106,0.9237065613903274,0.3805228247331177,0.06267500775559834,1.2668465729116243,0.672749311608222,-0.0041505508386839585,1.066923111605732,0.603450340901296,-0.12423436154789022,1.005917502601134,0.4193293394772693,-0.1989093510117318,0.9833055238125096,0.3718845109409311,-0.22356065780054332,0.9878333911586887,0.3559603496117076,-0.21173657434468057,0.9685209074115634,0.37539305422291447,0.65
0.29735321469058534,0.8452953533711781,0.6600523402837465,0.29203766900817596,0.4096759040030953,0.6055830138654787,0.2922887388034887,-0.059188610523848086,0.6701573392619502,0.2804387217996522,-0.025784256099950525,0.45190090468348426,0.3391516283578022,-0.055812800672004864,0.513672667443738,0.27549506005618335,-0.11567700438804504,0.6955277616913114,0.09391180786287623,0.8494081725571123,0.6410983894977088,0.0956586112840334,0.3881228787009463,0.6104670579840685,0.10467725304518026,-0.023392251585264562,0.6128318988364223,0.1335411020620068,-0.033803305988776726,0.4483230516845374,0.06730951822754959,-0.016419393605676944,0.46693847513697706,0.11959436169774587,-0.10857237887370277,0.672611772407658,0.1941997836634713,1.3494262224753915,0.6772026168840619,0.21560100486237788,1.61389590506595,0.6206555836411123,0.19469330275309152,1.4929633369331656,0.5263021393757015,0.32932017231993366,1.2810386109174785,0.6405702199795621,0.4250192803904933,1.0873711476232264,0.6428998708255078,0.5513512663137872,1.013843556115924,0.45985666437639017,0.6150014340403198,1.0001036013892204,0.3221056020537228,0.6480142001829532,0.9886077860447792,0.32786239223043984,0.6267026260940085,0.961157315441209,0.38147924014539236,0.06191711313142936,1.266844254371668,0.6713451868166215,-0.012979132101499584,1.068546749864876,0.6045743709181064,-0.14930404462538405,1.0327113423714949,0.4193582280472462,-0.22899141482648275,1.0192339956226517,0.3933356877709725,-0.2517967165384919,1.030919635724358,0.3656926041461913,-0.23713871243287749,1.0137408511270463,0.36867318078735406,0.6666666666666666
0.29675213692716573,0.845016637693344,0.6577855443649235,0.2908003413325698,0.41289530621395243,0.6015049376863937,0.29221374795263466,-0.06000290676819865,0.6700948126214759,0.2797054712953357,-0.025825538075416835,0.4516942697746987,0.3391539323594892,-0.05621588452069367,0.5134888163453395,0.27574806643696964,-0.11744810892873293,0.6958478733530946,0.09365412051755727,0.849498949750181,0.6392062123202977,0.09538911818454138,0.38798836709975126,0.6103809696110347,0.10480425494149358,-0.02404793368932609,0.613191654371466,0.13363509879137264,-0.03419708978541068,0.44813240719527947,0.0668778912569495,-0.015057519420977522,0.4651973678835819,0.11925923567287065,-0.11108653904294194,0.6748166055583144,0.19433520375476632,1.3499652095029164,0.6753427063626473,0.215118604466213,1.6142414680772086,0.6185876458511534,0.19464133083049823,1.4929282450409884,0.5264017855486294,0.33001979737652276,1.2824923521414608,0.6379557105422057,0.43501638074087395,1.0974520373464183,0.6292242049843082,0.5745103857495647,1.0352267453754211,0.4628861689197702,0.6525938994802509,1.0260535773848036,0.346718309822391,0.6824744335684527,1.0197868804451375,0.34346113586514915,0.6535299291274056,0.9971852034375581,0.38587187920171473,0.061055263386048525,1.2670745331320996,0.6706856086870004,-0.024230137724685644,1.0694558901078355,0.6075872393319596,-0.173784902946304,1.0582528171787484,0.4235249172526299,-0.2534777417179259,1.0540281424637725,0.41525878116649795,-0.27588839293199285,1.0722051709557254,0.37837201644485724,-0.2613377524812669,1.054730820043223,0.3708827693661989,0.6833333333333333
0.2961561135338246,0.8449544165049504,0.6552890770527489,0.2895883275839794,0.41586834806065043,0.5974395346260551,0.2921571075867292,-0.06068834731094387,0.6699697204921353,0.2791340912400888,-0.026192863630883093,0.45157981839211586,0.3393339126932081,-0.055690892137515824,0.5124789473126441,0.2759879003428177,-0.11887439670940238,0.6958979991341069,0.09353686742081514,0.8496826357277091,0.6373775703428922,0.0952200323953083,0.38824242431687156,0.6101306283970789,0.10482503592497323,-0.02444402821432279,0.6132636005340298,0.1337967806719686,-0.034977178366141566,0.4479357104558188,0.06652096846458791,-0.014656981377324407,0.46420695626231817,0.11887517606018809,-0.1131375782095012,0.6766617512710743,0.19432106764862908,1.3503722002826426,0.6741161282775412,0.21448893355161752,1.6145905651868233,0.6163332664263093,0.19467198314310696,1.4928943346779981,0.5267085657188693,0.330708426765077,1.283740315017085,0.6354635224484565,0.4460217925074139,1.1056092864807163,0.6177345145823606,0.5946776837337797,1.055243591469735,0.46583935203898974,0.6842839291987695,1.0513805250195025,0.37012785749358096,0.7115939480560748,1.0494872653260152,0.35833834475484083,0.675769115198698,1.0300876851092984,0.3938367535101919,0.06025677462814469,1.267796996039041,0.6705881058145334,-0.03817055577972131,1.0703644866495512,0.6125235688400261,-0.19712704299178732,1.08191554567646,0.4337758972170441,-0.2737265530289922,1.0871329207189284,0.4362486670928094,-0.29672037567387893,1.1091881697634818,0.39478100487638995,-0.28438051139436427,1.0892726706235036,0.38470262131387956,0.7
0.2954698461095987,0.845169332438376,0.6524731073185327,0.2882182136160391,0.4185069825625422,0.5932581109042648,0.29211486567265177,-0.06126488839166077,0.6698185016985375,0.27881117663288124,-0.026889700301240042,0.45157698157235554,0.33962399107123575,-0.054348962552447,0.5102342078249422,0.27617452033790924,-0.11986699340994535,0.6957150433689732,0.09359461183879192,0.8499127068591199,0.6353909735216448,0.09512181606496077,0.38866806949513716,0.6097472501123282,0.1047968757571935,-0.02455287814411497,0.6130713353617347,0.13396034044606006,-0.03583341611416389,0.4475923657739645,0.06624966059425344,-0.015318418322309249,0.4639722006827697,0.11842485558125389,-0.11469531312443339,0.6781222293369622,0.1944998223756346,1.350630884250109,0.6733978196258149,0.2137799844655246,1.6149212565988098,0.6142579476054832,0.19470667154069882,1.4928953743977138,0.5270611433429742,0.33143104377751126,1.2847327827242687,0.6330731363497191,0.45711910919502496,1.1115359234478244,0.6097640707099844,0.6119297323124844,1.0730792011798818,0.46974537736977884,0.7098968256651402,1.074828074638324,0.39033434090345487,0.7357633121098281,1.0762071053415754,0.37171256740466174,0.694057981902783,1.0581067587719106,0.40409205581387164,0.05968585678429087,1.2692495422182961,0.6707061651591452,-0.054139728271306975,1.0722242098789079,0.6185027853718685,-0.2184939034011073,1.1035271507461935,0.4502661563010949,-0.2909330129674001,1.1182463835744676,0.45543523558799737,-0.3147070223945406,1.1410093144449278,0.4140106998733471,-0.30553186925098386,1.1175826088801912,0.40868657039976264,0.7166666666666667
0.29460687457368107,0.8456623770807463,0.6492308948481579,0.28670399523810025,0.4208240368850601,0.5889124909758279,0.29207864512886816,-0.06176027973611462,0.6696960884169569,0.27880072324685795,-0.02782247352973931,0.45167912950899775,0.34002628905812815,-0.052495709530895406,0.5067404802909667,0.2763019410827772,-0.12054189662832122,0.6954339794379923,0.09375075547112542,0.850204944714319,0.6331057679779345,0.0950754445705539,0.3890995984362672,0.609229673278932,0.10477251335981477,-0.02439351566108834,0.6127192764831321,0.13398926486112162,-0.03625636666178001,0.44686422125268965,0.06602560338830109,-0.016702261380193373,0.4641979148705329,0.11791284556949014,-0.11574695503163687,0.6793295788346486,0.19517441632651297,1.3508702137734023,0.6727223122140936,0.213193866515825,1.6152179285149488,0.6126749650984353,0.19483671383631498,1.492869114112497,0.5274726804301928,0.3321817896935655,1.2855440670088911,0.6307203828098663,0.46761357289402494,1.114938996408967,0.6059235546607235,0.6270588595647303,1.0886529188751062,0.47513789785317095,0.7305640159925044,1.0953510321783788,0.4063464887457672,0.7560537046454089,1.098538501692406,0.383489723884859,0.7101347166467599,1.080034589029861,0.41549566861734266,0.05939730082806502,1.271513219065026,0.6708136878111619,-0.07085571734992796,1.075653489010643,0.6243945244174045,-0.23695129087149563,1.123427651179778,0.4708484542522675,-0.3057412283339834,1.1476928568408433,0.47146174275978603,-0.3298826692038819,1.1684235788032902,0.4342618855131333,-0.3241407605773412,1.1415686622503962,0.4385305241463025,0.7333333333333333
0.2935558042373854,0.8464229683928964,0.6455563389740098,0.28526881380292207,0.4229636498684343,0.5844887374418334,0.29203763871198385,-0.06218335985079062,0.6696362386345676,0.2790860456107117,-0.028855154356342512,0.45185128355526855,0.34060815830315055,-0.05029382911473721,0.5022844436469946,0.27640922827701286,-0.1211188422108839,0.6952390845602777,0.09386783524667001,0.8506720222856784,0.6306469717313352,0.09507799469948275,0.3894781879263884,0.608576852614093,0.10475180789007679,-0.024073025661761713,0.6123776856266555,0.13378011975590987,-0.03585761088280264,0.4456134296759415,0.06580894190065133,-0.01820317357989909,0.4644862979161248,0.11736774852734469,-0.11627694272910293,0.6804550112097391,0.19636263302009424,1.3512105717186715,0.6716715668765252,0.2130832208095354,1.6154471328077336,0.6118065941758284,0.1953093781855127,1.4927332329177903,0.5278173270557769,0.3328893233949411,1.2863192173203495,0.6283606042265335,0.47720565115337227,1.1160763019317559,0.6059350249340234,0.6409282145853874,1.102624400157982,0.4810178800392326,0.7479619326987819,1.1126147714675343,0.41776222969359955,0.7739410624438701,1.1155785608068591,0.3948207196936927,0.7258891386670379,1.0958086093396289,0.42731504611314786,0.059301185651708915,1.2745058767811805,0.6708446699225274,-0.0868474948642644,1.0806720338085867,0.6296347772108989,-0.2519032865051115,1.1422121881889706,0.4925081821249203,-0.31834628376299623,1.1760383941852568,0.48287586253955483,-0.34224694282735085,1.1929376405532868,0.4531877223096351,-0.34008575549086584,1.1633986494866968,0.4689616382905658,0.75
0.2923754474795409,0.8474380334858335,0.6415898008795461,0.2841461868947416,0.4250415594885096,0.5802115856906956,0.29198571788500727,-0.0625078927987031,0.6696167717170352,0.27960335833970873,-0.029838900612828408,0.4520507688500153,0.3414003531667865,-0.04780839217330941,0.4973993785133475,0.27654279698379375,-0.12171551912851632,0.6952689145681696,0.09384131819295073,0.8514131604337091,0.6283357015176254,0.09511931779714472,0.38983956650493223,0.6078013450055686,0.10470548729814141,-0.023767218459223763,0.6121848901806617,0.1333270905089368,-0.03455973727909902,0.4439177273183316,0.06561789809789334,-0.01925703922356655,0.4646470403974004,0.11682301461055464,-0.11635071279103272,0.6816695375319362,0.19791952655219142,1.3517035654279617,0.6700256436690382,0.21371771647580212,1.615538586052024,0.6116535741103255,0.1964010643771398,1.4924776529276687,0.5277679573151456,0.3335076513255478,1.2871778756966874,0.6258528841118336,0.4859073480716978,1.1163162495253551,0.6084255118891968,0.6542040129107851,1.1157429695061214,0.4855935405209194,0.7632612638317146,1.1270057165027252,0.4251005609719127,0.7905587077269378,1.1271175373391993,0.40756856531457997,0.7421886455293576,1.1064778560191049,0.4383779384802011,0.05925855103720967,1.2780263250098154,0.6707979249808811,-0.10074461832480708,1.0870393577694388,0.6341204517055397,-0.2634610752842679,1.1603390463971694,0.5127675381160621,-0.32880206529283795,1.2032621664314698,0.48964109762172425,-0.3520969037663805,1.2158469364993083,0.46853312654116275,-0.3537758741143822,1.1844533268008355,0.4950714065598585,0.7666666666666667
0.2911295812925765,0.8486659233250938,0.6375935922110123,0.2833648098420454,0.4270052235079003,0.5763714459798341,0.29192663370540617,-0.06270233375251762,0.6695758085802692,0.28029104280267336,-0.03062837043622088,0.45224606725545785,0.34233277185531186,-0.04522138603925287,0.49277198181813686,0.2767152990238055,-0.12225057926383075,0.6955333775129274,0.09363122797527745,0.8523945750680991,0.6264980276785003,0.09515827676640796,0.39024432149671373,0.6069093150763624,0.10463870082980646,-0.023605616559774903,0.6121554595442369,0.13269527892744726,-0.03253532739030734,0.4419996368593501,0.0655112759482767,-0.019555948447380615,0.4647261776529948,0.11630377684204722,-0.11613362080460345,0.6830701355948617,0.1997108368192389,1.3523694135245379,0.6676670267518655,0.21506221951881227,1.6154202124101957,0.6119334109959544,0.198218380159483,1.492153211042908,0.5271109326676124,0.3340644392914322,1.2881254674534985,0.6231075697612598,0.49380776902973267,1.1174741404456954,0.6113145725568192,0.6672467265244604,1.1281503040645955,0.48803917202467845,0.7769516237287143,1.1390537264506835,0.4299312051070401,0.8064037485165014,1.1337822633651278,0.422797063463949,0.7586860963531443,1.113496126026366,0.44719884654929276,0.059205809054282854,1.2817637179395953,0.6707086007519276,-0.11163678376137134,1.0947552913331935,0.6375558016426119,-0.27229337824913974,1.1780288656305593,0.5296328109417934,-0.33702861380093635,1.2285537518872862,0.49353662466419584,-0.3598388442213731,1.2377655274908013,0.47935908488909945,-0.36590781578489767,1.2052180690041245,0.5134645563150861,0.7833333333333333
0.289837301806692,0.8499946633036197,0.6338460067335818,0.2827254132928493,0.42872279625896403,0.5731795047840366,0.2918695878845329,-0.06278103274145316,0.6694688789587778,0.28108201650029857,-0.03111051494203057,0.4524120242819189,0.3432698206218906,-0.042775798072330375,0.48910328860881286,0.27690961109250334,-0.12258123988007139,0.6959444550505635,0.09323064470439935,0.853395082692012,0.6253372328714775,0.09513520547290033,0.3907080423162774,0.6059017781383973,0.10458756906008021,-0.02358100980045104,0.6122142170136977,0.13198153267526513,-0.03011184561689175,0.4401069758035141,0.06552927988213054,-0.019050219543187676,0.4648260508310626,0.11584354155215733,-0.11577005659564314,0.6845176399249178,0.2016580743310399,1.3532234806016457,0.6645206315159663,0.21688660871456097,1.615084344763614,0.6122929194801154,0.20059025293084204,1.4918119613814877,0.5259682767137066,0.33463015347130076,1.2890505977942752,0.6203807766278328,0.5009933602279965,1.1204127362424783,0.6128909364264559,0.6801278396280239,1.1394530619564713,0.48891404576085296,0.789390847097741,1.1488657078688278,0.434312676290858,0.821558602169747,1.1368355318010943,0.439846934773326,0.7745820394149945,1.1177844550788645,0.4534930768107874,0.05916153580116258,1.2853267438789588,0.670645824941519,-0.11943202794305725,1.1040607382407064,0.6393722969785272,-0.27909245901201063,1.1954454229570863,0.541454446367372,-0.34259988901113797,1.250806999757501,0.4968492718822993,-0.3656007726195645,1.2586854482128667,0.48637017679914807,-0.37693472022966,1.2257096203519016,0.5232468084874097,0.8
0.28849117476428054,0.8512529064804352,0.6305295374760496,0.2819767757231636,0.43009571235028554,0.5706852066501449,0.29182478354981617,-0.06277351098524805,0.6693080865642378,0.2818802109628688,-0.03126557762664429,0.45252854966951694,0.34407469922301853,-0.04060348504274185,0.4869333412449328,0.2771001893658536,-0.12265029365180641,0.696373707368926,0.09263744647517028,0.8540755905522619,0.6249155724183452,0.09500825121698532,0.3911964359229404,0.6047939967532431,0.10456922919570241,-0.023607761905201974,0.6122898591228854,0.13130081293021117,-0.027731429430697993,0.43845316850935107,0.065658364828945,-0.01786013976602205,0.46501628756166824,0.11551303192881575,-0.11527122693190456,0.6857107745233336,0.2037166029898625,1.3542465269652741,0.6606687923347889,0.21903449371376033,1.6145974509948753,0.6125958237205431,0.20317178858579815,1.491496565549697,0.5246779730564377,0.33526546393452705,1.2898033225571734,0.6182193053829624,0.5075330865686545,1.1246380079840894,0.6125607597478147,0.6926640489371191,1.1491777898100997,0.4890324241958473,0.8009891000908682,1.156199327926571,0.4399634535007183,0.8357641220757374,1.1375662189720075,0.45704195048399054,0.7893865307834071,1.1195207551675053,0.4589873832471275,0.059142319410388916,1.2883602756177648,0.6707075993287028,-0.124868094508823,1.1150415633772648,0.6392181209820385,-0.28438492065232646,1.2126607689089546,0.5476867411712383,-0.3451403493011971,1.2693567891220052,0.5007100835510877,-0.3694837569923492,1.278127911515869,0.4910454188080548,-0.3868763156646291,1.2456653118813485,0.526141034803,0.8166666666666667
0.2870986657642823,0.8523232531184691,0.6277159646306123,0.28099055976520015,0.4310696012761519,0.5688454552879687,0.2917994608323133,-0.06267011235896286,0.6691424299593208,0.2825632934222849,-0.0312056192961737,0.45259349145514743,0.34466575824469614,-0.038728358181938025,0.48634208971476306,0.2772605692699801,-0.12246483284181343,0.6966620198074575,0.09186616004004304,0.8542071391161732,0.6252245030528795,0.09477252941542263,0.39168335390112935,0.6036205357474678,0.10457247955153964,-0.023628153124704676,0.6123517603666209,0.13077008485434402,-0.02585865619737107,0.4372210216064123,0.06583577674403404,-0.01624319757146822,0.4653308300301172,0.11539290680976381,-0.11454884140961655,0.6864953542019588,0.20584450256003028,1.3553687874913694,0.656393239227286,0.22145164123073566,1.6140467504336793,0.6128760858676383,0.20568548713194784,1.491265763822086,0.5234623973505242,0.3359771925519256,1.2902425599323255,0.6170915114790958,0.513378746544862,1.1289366572988848,0.6108514371205993,0.7043105683578879,1.156892101593475,0.48883644740917953,0.8117393164432478,1.1605925927076832,0.44747226480800195,0.8485247833798386,1.13662169450995,0.47302830753072633,0.8028017232582902,1.1187274711170179,0.4660536310763481,0.05912098668850478,1.2907346172972476,0.6710129970796583,-0.12910622002419658,1.1274476397099313,0.6372308901358986,-0.2886755787621337,1.2294702146440206,0.5492462003109839,-0.3451155688830528,1.2845081342185176,0.5045640443400312,-0.3719197026182649,1.2954553112487084,0.4943740530641914,-0.39551378712407204,1.2644459186855612,0.5253575215100788,0.8333333333333334
0.2856991286847725,0.8532296348861275,0.6253720031089653,0.27979638166257803,0.4316767996968535,0.5675809326679224,0.2917954975227317,-0.06243621022524012,0.6690097498014044,0.28302766173151367,-0.03109639392963666,0.45262498029096815,0.34505711414828594,-0.037167749611568233,0.48681563389650667,0.27737967547817527,-0.12203697931698615,0.6966847189884195,0.09095902640241209,0.8538488234200367,0.626199128276225,0.0944495282730201,0.3922037142121829,0.6024218251648872,0.10458160149872686,-0.02363213806005414,0.6123969284526792,0.1304708247820614,-0.024799266723523818,0.43653900571562654,0.06599099118711516,-0.014537681234085664,0.46576253785405775,0.11552377873156396,-0.1135435277211447,0.6869409359460824,0.20803301154099585,1.356541287692612,0.6518885741016494,0.22405483235143733,1.6134793568941377,0.6130489247296094,0.20814539608256633,1.4912085190024988,0.5221123179043465,0.3367393659748218,1.2902180503343326,0.6170615550581682,0.5183090588531873,1.1319995892751693,0.60908999912476,0.7143039091969922,1.162044266867701,0.48907406818383026,0.821055082470072,1.1613481307433087,0.4562281116832101,0.8593562350497542,1.133895540047937,0.4870516419439685,0.814246303188655,1.1157825079937922,0.4755267362059632,0.059075970645552735,1.2926412985293487,0.6715851485984838,-0.13306084263830723,1.1408313500198997,0.6339585071480505,-0.29223254546953226,1.2456490589048952,0.5475941255699709,-0.3437585340265883,1.2973079144658388,0.5069573117831373,-0.3733711224996635,1.3103809953034793,0.49614566345279676,-0.4023704930007058,1.2813724194803167,0.5236114038429676,0.85
0.28433965687279267,0.8540662625615779,0.623358913648499,0.27852185565136584,0.43205276153297123,0.5667168493109302,0.291814452076093,-0.062062633104472985,0.6689064900536261,0.28323998932339134,-0.031022120625909907,0.45264308171335005,0.3453100166943352,-0.03601812911448341,0.4876164217690304,0.2774727455624519,-0.12137950812561211,0.6964365343885935,0.08996036458512528,0.8532653953512442,0.6276219029121065,0.09406418640565961,0.39281534786102934,0.6012291597165328,0.10458953438729565,-0.023623891924027432,0.6124300956921227,0.13039683256831375,-0.02451885711799917,0.4363566345001705,0.06608696018321235,-0.01305269013080089,0.4662551628945516,0.11590146695530464,-0.11231653663264321,0.6871266108700959,0.21034072070474302,1.357791046157979,0.6470581557603277,0.2267797962287824,1.6129034497534531,0.6128679295583916,0.2108856211873529,1.4913974756837203,0.5200820196379143,0.33755329294359276,1.289622588178096,0.6177262221225395,0.5220385381451003,1.1328056045240906,0.6088289972714733,0.7221386523516669,1.1639352478598024,0.49126605108325994,0.8285124026121911,1.1579429555792211,0.46524905311572784,0.8679177905889877,1.1291897647530083,0.4984173611850914,0.8232636104720941,1.1114392384692073,0.4861728622614926,0.05906817508843737,1.2944910247068993,0.6721777374961757,-0.1369722997595207,1.1547254155092168,0.630161898838794,-0.29480050164034444,1.2613188626862017,0.5438356270029392,-0.34215357251331424,1.3088163035917424,0.5066688980726453,-0.37390249279616916,1.32331421256867,0.495487232671062,-0.40676765188358477,1.2963353239704825,0.5218529757924103,0.8666666666666667
0.28302574959848403,0.8548742457048818,0.621532942507292,0.2773146118028311,0.43233429638434606,0.5659971239190493,0.29186261673450303,-0.06158561743832184,0.6687918435403998,0.28322216560965285,-0.030958470098245837,0.4526350124292974,0.3454032130355543,-0.03540227799031093,0.48819703528023967,0.27755048052152553,-0.12049933831781034,0.6959846230195227,0.08890490206212784,0.8527305681247983,0.6291221568684289,0.09363181148840734,0.3935214585146749,0.6000611656669592,0.10459715667754506,-0.023605614180530726,0.6124524641065026,0.1304367067278162,-0.02462103180009556,0.43637165222098473,0.06612223168918333,-0.01202935516160654,0.46669649155282994,0.11647718106102341,-0.11102679069598834,0.6870438719928297,0.2127974294658419,1.3591330558934451,0.6418674965359855,0.22973994248336504,1.612381614920485,0.612135028497931,0.21433103764789418,1.4917796739548637,0.517017815163498,0.3384327446038794,1.2885129290436683,0.6185174076388384,0.5243996337234312,1.1308470915278972,0.6110777229413724,0.7278656411801055,1.1619674009800955,0.49700534240754135,0.8344838544714424,1.150592994387222,0.4738581952492901,0.8742116557575826,1.1227755589834107,0.5066126847476392,0.8303502822408535,1.1064640542347541,0.49603192423435827,0.05924141609059406,1.2967136523945262,0.6723654540962745,-0.14059355956340056,1.1687226603852048,0.6264718627353425,-0.2958174878287976,1.276753273703221,0.5387353859235451,-0.3407395748975145,1.319788098494001,0.5033618618698514,-0.37328448969106276,1.335190298941364,0.49201167052409644,-0.4082468069119789,1.3099280833729565,0.5195880062982396,0.8833333333333333
0.281718154606509,0.8556146945786562,0.6198569281562814,0.2762676440136074,0.4325911248694641,0.5652429784184965,0.2919493321498395,-0.06105368552065086,0.6686269731723952,0.2829935727916925,-0.030874596046490406,0.4525351951075052,0.34523402979500606,-0.03525387169041323,0.48824349320828,0.2776039488831341,-0.11939072264774332,0.6953688002395884,0.08783809387217097,0.8524005629705679,0.6304124505695601,0.09316101866594885,0.3942919520465007,0.5989291316418143,0.10460807004611666,-0.023578882643034482,0.6124611016485029,0.13046382562460537,-0.02466181236923131,0.43626919016639404,0.06611903960434508,-0.011615103525453321,0.4669452318393359,0.11715413735139911,-0.10980652953483361,0.6867162606510321,0.21534134843739236,1.3604740658539671,0.6367375360558375,0.2332632609729747,1.612067028409828,0.6106930866067598,0.21877226196068678,1.4921619070496717,0.5130289589994281,0.3393439102785314,1.2870988000035428,0.6191025450507128,0.525378294981461,1.1261604909366265,0.615965189234294,0.7318923168092487,1.1560035961452015,0.5067944821730952,0.8396014964198828,1.1403603154304198,0.48158905700428595,0.8786751944031672,1.1152952833170364,0.5118709742290866,0.8366748873069303,1.101171958477551,0.5042069521593101,0.0597359271555344,1.2995795069188116,0.6718876180711031,-0.14357534703376276,1.1823901818342935,0.6232271802128206,-0.2948385011527113,1.291892949686777,0.5329594661162326,-0.3394865984341674,1.3307282652979868,0.4974649243216072,-0.37147609887333294,1.346769926526482,0.48641489276198024,-0.4069050560069164,1.3230445363988508,0.5157749652191451,0.9
0.2803787452276707,0.8562313080622633,0.6183577340043205,0.27536685749267953,0.4328758155929926,0.5644467558388282,0.2920845815471935,-0.060499854790188046,0.6684117575625987,0.2825661070505925,-0.030843768853938233,0.45228135302003364,0.34476739987371213,-0.03533685192990011,0.4876864544589048,0.277632422628211,-0.11806806104309604,0.6945903273173183,0.08681575268422823,0.8522778894366916,0.6315016574024079,0.09266109015241704,0.3951317436520171,0.5978460592215892,0.10462424419266807,-0.023546123843017172,0.6124531261931894,0.1304679936902135,-0.024586337960574696,0.4361085496367197,0.06612031105887273,-0.01177476180797303,0.46690608855878235,0.11783802472434071,-0.10867078258068756,0.686226953753774,0.21791989771762668,1.3616743886561922,0.6323200558239359,0.2377524261361484,1.6120206951618237,0.6083076171557443,0.22434116270349452,1.4923808763126207,0.5084449965066318,0.3401917961904596,1.2855964894045098,0.61945113881464,0.5250037955713751,1.1194398901587352,0.622930420316822,0.734541441703733,1.146495022702569,0.519491564595211,0.8437785850938229,1.1288609396408396,0.48785719048403586,0.8817179019789785,1.1075079553368081,0.5149414552166727,0.8427777288299638,1.095387941734329,0.5116369844488052,0.06060028652114037,1.3031187996266862,0.6707964398367843,-0.14567928593757895,1.195122532562307,0.6207100466374034,-0.291805063128766,1.3062488758342492,0.5271138293815036,-0.3379548437510409,1.3418851298729886,0.48947179128688845,-0.36872656984374674,1.3582263557920016,0.48003237663290144,-0.4033505681365741,1.3363116251807623,0.5096544594675715,0.9166666666666666
0.27898667904413843,0.8567186124003919,0.6170240245467417,0.27451544023698615,0.4332472973840111,0.5637395155666199,0.2922688512750336,-0.05998780497671612,0.6681702903922264,0.28197952587205805,-0.031018680234990506,0.45191418618893786,0.34407207209670443,-0.03545411003128922,0.48673496387046145,0.2776421123069552,-0.11662192209023071,0.6936583569006566,0.08587926881544644,0.8522887876937005,0.6325806960586986,0.09214572254208427,0.39608002169160744,0.5968312696147284,0.10464530668139284,-0.023511288819272017,0.6124285775703308,0.13054956344388793,-0.024736643063340606,0.4363110391946515,0.06616735085328887,-0.01229914485555636,0.4665870286483074,0.11849485265925505,-0.10756802929774789,0.6856063042008698,0.22055067229725206,1.36264831703771,0.6289941348794656,0.24342147371609602,1.6119923289737252,0.6048750760687172,0.23097235801714627,1.4924206663359663,0.5036930950856819,0.34086997794632024,1.28415164641793,0.6196591202976486,0.5233177227077088,1.1120822752080155,0.6308638303686251,0.7358767540567802,1.13427093025431,0.5329183892174443,0.8462489403056319,1.11781788099191,0.49206834872438016,0.8832925591844654,1.1002672572398438,0.5164064208812147,0.8479711918020926,1.0890008028856375,0.5197881999601596,0.06179257650576205,1.3071559002995596,0.669308947885874,-0.14695457991984964,1.2062740463142103,0.6192298678329711,-0.2871282242393778,1.3193174564425512,0.5217417697887595,-0.3353010113619669,1.3533187772233268,0.4795774261081278,-0.3651233123988945,1.3695947324495938,0.47375711345590626,-0.39841798242243837,1.3498578060934756,0.501406764268199,0.9333333333333332
0.2775212573620479,0.8571459579168529,0.6157956461994906,0.27363043055301,0.433685294069986,0.5633475968797522,0.2924647759526625,-0.059666413000911765,0.6679092554239412,0.28128452394804593,-0.03143291155670902,0.45153608739654916,0.3432243099651401,-0.03542358986443118,0.48571551932442825,0.27762890737400353,-0.11523606034729134,0.6926523443403532,0.08503410225071131,0.852398782869885,0.6337439755240617,0.0916321258766866,0.39716105441698135,0.5959098971555066,0.104669148459957,-0.023479183384706268,0.6123901955197001,0.1307866720345414,-0.02546029944722608,0.43724618887426103,0.06626730119981328,-0.012940864248961431,0.46609449403660463,0.11913491763066517,-0.10646528997767558,0.6848208182986228,0.22328085062133884,1.3633417915255532,0.626730641405344,0.25013066515527294,1.6115263244790392,0.6006213565965417,0.23824855872425998,1.4923018248694508,0.49949823155438644,0.3414136884587117,1.2828708923125647,0.6198562010904201,0.5205201891221315,1.105559905188266,0.6382650474548163,0.7359507188403526,1.1202967325804183,0.5450500816113251,0.8466503206807754,1.1085184554756937,0.4941250474174961,0.883249277526351,1.0943562399907725,0.5166604521955787,0.8511742662058692,1.082129199934323,0.5291043527954636,0.06329042439570018,1.3113943077249466,0.6676635398263797,-0.14781889944707371,1.2155419767409508,0.6188913156429996,-0.2815779341364688,1.3308961023290633,0.5172765143540133,-0.3307622822593913,1.3650537034604386,0.46808695705515957,-0.36030840940386477,1.3812432358204363,0.46746454930983605,-0.3928202889841492,1.3635211037927686,0.49216445355653293,0.95
0.2759637178118898,0.8576359475218718,0.614616434199016,0.27271075481074925,0.4340371057321605,0.5634975391622272,0.29259882359051714,-0.05969205132092212,0.6676159362127229,0.2804880332236183,-0.03185041055186199,0.45107219893488737,0.3422540192001544,-0.03499758015808784,0.4848622744761457,0.27759057715144486,-0.11410165706078895,0.6917510491671642,0.08424265911577036,0.8526350384057249,0.634898669668214,0.09113437624278127,0.39833717691838666,0.595119207148221,0.10469218668756151,-0.023452803636181144,0.6123416281255053,0.13115401134505572,-0.02687587848775188,0.43899308042465457,0.06639242640575793,-0.013489383769954441,0.4655949338117861,0.11976438038466615,-0.10535370193921392,0.683859511612987,0.22614916136235752,1.3636792704267937,0.6253248490392265,0.25746828130296834,1.6103338716345292,0.5959499730070091,0.245421458539342,1.4919500210861592,0.496838980994818,0.342136340666058,1.2818286932465524,0.620173038939952,0.5170935131100736,1.100576130722922,0.6437811779761732,0.7351332859615938,1.1056144681548523,0.5547707514105764,0.845724270871161,1.1013821851603367,0.4945688584716623,0.8818849137693497,1.0898197393260527,0.5162970769309826,0.8519647027111181,1.0744004753242953,0.5394810556756058,0.06514715756954756,1.3154990915917788,0.6661095696769042,-0.14880193116480778,1.223106745278953,0.6194460315821296,-0.27600387591981557,1.3410059491532993,0.5138737830091136,-0.32420774984263745,1.3770816688412184,0.45571138690944035,-0.3537073998912518,1.3935367739559978,0.460466156684994,-0.38689293444253625,1.3771206776721459,0.48321465556367477,0.9666666666666668
0.2743313509244297,0.8583012095881034,0.6134744671758705,0.27183315491486865,0.4341198023089486,0.5642479506144891,0.29262740328391373,-0.06007127120353457,0.667291117271219,0.2795734515231881,-0.03189214667363993,0.45016335290969567,0.34118030198577465,-0.03398626801275823,0.48417378318225435,0.2775353357280505,-0.11330277247591836,0.6911419923864078,0.08344641419460548,0.8530420523406628,0.635888541614808,0.09066040027223145,0.3995060761389238,0.5945149756170315,0.10471237486189858,-0.02343185410481255,0.6122858309421367,0.13155638121946758,-0.02889722027552253,0.4414274536494949,0.0665037939819371,-0.013775826385992937,0.46525803531790483,0.12037341605153765,-0.10421587950274244,0.6827642447930113,0.2291209153006794,1.3635971246482106,0.6246312589252981,0.2648918601473451,1.6084775596754741,0.5913207465562511,0.2517054872507411,1.4912543935954707,0.4964711066937772,0.3434527163806962,1.2810420375414815,0.6206427014501769,0.5136620011483746,1.0969728533495176,0.6468489773026943,0.7340563508601923,1.0913735049123372,0.5619634666564935,0.8447775970717213,1.0958639886368586,0.4940360956686284,0.8799276845195515,1.0855481787966363,0.5159573621506461,0.8506911881889688,1.0647352073362837,0.5509480451621858,0.06738677124770237,1.3191885807052062,0.6649455067825214,-0.15014450413732566,1.2294199668160177,0.6202997769325231,-0.27104324955215353,1.349827603322875,0.5112833314610177,-0.3162387112667616,1.389258268277956,0.4433628182044618,-0.3450654009768664,1.4062656878421291,0.4522290021662251,-0.38056028942064063,1.3905928500646643,0.4749079982673748,0.9833333333333332
0.27270511912983525,0.8591858297247945,0.6123968401398956,0.2711078712987198,0.4338480149367773,0.565495660785914,0.29258064576226017,-0.060652707066797686,0.6669545918004149,0.27858892931430856,-0.03126573143740139,0.44844976754584215,0.34005738071356106,-0.0324501619896479,0.4834072695525153,0.27748415687250333,-0.1128253234711306,0.6909015001503708,0.08261149015317582,0.8536462944852392,0.6366107926457251,0.09022045834410354,0.40055732320310633,0.594155312672624,0.10473714226902889,-0.023414784677454115,0.6122270993195335,0.1319308415153392,-0.03120315765756871,0.44426119031167566,0.06657228540398333,-0.013703128606529336,0.46519365594574696,0.12095723245319898,-0.10301628491465954,0.6815891723152362,0.23201374754328857,1.363110855330002,0.6245613437633629,0.2718166702691936,1.6062244578827323,0.5872503013198391,0.25659131107212485,1.490218369686811,0.4984176133735554,0.3455104100292487,1.2804616326869267,0.6211044340996021,0.510730451047184,1.0941880004920308,0.6479397157838952,0.7332300048669924,1.0786467400769724,0.567348040442286,0.8447507639354308,1.090611931259792,0.49313208407082404,0.8781840096187603,1.0799314624775473,0.5157694525405059,0.8479500406963545,1.0523829128682622,0.5629161649755846,0.06989410232347865,1.3223123650071564,0.6644703033664494,-0.15161917613185522,1.2349665065143804,0.6207728175879638,-0.2669107394573,1.3577697763161058,0.508865858909049,-0.3079181476011816,1.4012484013115658,0.4320500187197448,-0.3348477311197988,1.4186835847407688,0.4427406653759771,-0.37356567088252585,1.4038730170224818,0.46643841802475694,1.0
0.2711937241794051,0.860259657925436,0.6114199414171203,0.270626183688136,0.4332116547931314,0.5671922941654413,0.2925202788940649,-0.06127738344370615,0.6666224299446392,0.27766927704317085,-0.029873915163763656,0.44598178411661793,0.3389407111887478,-0.030817308544686187,0.48240692143065383,0.27747478003822673,-0.11264244692515735,0.6909882126812584,0.08175450176358606,0.8544440220656073,0.6370285146682778,0.08983097848309815,0.40143353914523117,0.5940562755785246,0.10479006980011103,-0.023405521658429837,0.6121799571562867,0.13233701379253332,-0.03315585792979617,0.44691111326442334,0.06659001310408291,-0.013263920721466288,0.46542222401997024,0.12153401023617277,-0.10172269323660763,0.6803454621424175,0.23454662554211472,1.3623506582818217,0.6248979121459455,0.2778314671139942,1.603840674054767,0.5842178374370335,0.26000064390676314,1.4889723305267315,0.5019056260515771,0.34808641642996113,1.279934145345236,0.6212412077199875,0.5085493183728288,1.0915769009809724,0.648273791402701,0.7328178744889138,1.0679638976170625,0.5721492722197343,0.8459530010259261,1.0838096587676742,0.4932712204267406,0.8771809398168915,1.071826271538455,0.5155227928843013,0.8442882366258879,1.0378301488178714,0.5736582889481339,0.07243717947639881,1.3248541858371872,0.6647920475666386,-0.15262706157668135,1.240156442834916,0.6205228366632741,-0.26324940066897956,1.3654218148905446,0.5056618304621868,-0.3003131591936269,1.4125738111682424,0.4228183085532611,-0.32404379574764786,1.429998194931054,0.43258815569361886,-0.3658060356593722,1.4165751599351195,0.45688993649489534,1.0166666666666666
0.26984977162443535,0.8614358363622256,0.6105905892301211,0.27043677991459425,0.4321819609890209,0.5693988725917748,0.29248370605032015,-0.06185893819887354,0.6663052785916144,0.27695715731358805,-0.02787428296605196,0.4433458246613359,0.3378526350333877,-0.029797723598936475,0.48146347157061364,0.27754693697785016,-0.11271984583565922,0.6912819507685144,0.0809228977417237,0.8554102525156183,0.6371409811522925,0.08949933478725815,0.402154826863656,0.5941434898803001,0.10489731663768052,-0.02342256597002139,0.6121781683148211,0.13291705795776848,-0.03397114683875163,0.44854730866462406,0.06656973762658391,-0.01253619038766747,0.4658688052210711,0.12212682644315878,-0.10034472624390055,0.6789787227201932,0.23650349387325154,1.3615236298235542,0.6252939630270449,0.282942618829891,1.6015346681359033,0.5826816392029497,0.2622268502902982,1.4876239461089185,0.5058921685036608,0.3507810283652767,1.2792048364538235,0.6208739557064696,0.5071139045283514,1.0885777894992277,0.6491840735737044,0.7326301908977644,1.0590982048045214,0.5774889300374594,0.8482499970220578,1.0737695817152875,0.49687489136835394,0.8768668579883745,1.0607531202578542,0.5158179192399038,0.8402277217506653,1.022523401631799,0.5811075034205329,0.07479485707659528,1.3268987151630334,0.6657070111841232,-0.15253053122481827,1.2454191015276894,0.6193815744408635,-0.2592151409599602,1.3733098403267536,0.5006107285610412,-0.29410552654258176,1.4227177600316725,0.4164721314893237,-0.31362462084000386,1.439724212229164,0.42273152847760365,-0.3573554433421299,1.4280107189689308,0.44610528522580273,1.0333333333333334
0.26863352875019886,0.8626063723558286,0.6099715259952867,0.27053518260654513,0.4307652810480952,0.5720576826386564,0.29247953383519415,-0.06233177828422439,0.6660250410569123,0.2765195260010684,-0.02563640654583977,0.4413468332097878,0.3368449680204445,-0.03000316968599801,0.48113499957697514,0.2777202653430116,-0.11294809321280842,0.6916108604849842,0.08016295653335902,0.8565168073797175,0.636955369318666,0.0892109206804243,0.4027995071847571,0.5942618545940944,0.10504495464065158,-0.023500706476328348,0.6122713996977057,0.1337569712525104,-0.03312505227893603,0.4484979575227574,0.06653684757595946,-0.011681956946127448,0.46636222815643186,0.1227162351561251,-0.09895867386681872,0.6774255011322058,0.2378752038761704,1.3608149175133928,0.6255065742066723,0.28745999604673633,1.5995134393722634,0.5831309202239581,0.2637401618397164,1.4861851096362282,0.5096001681858697,0.3532384692118138,1.2780153072490752,0.6203754602158551,0.5062070081453636,1.084880956729515,0.6513916785852738,0.7321175602301803,1.0514165884807556,0.5839635354083921,0.8510656722542678,1.0596693018020555,0.5060066595580228,0.8765915554209658,1.046675401640925,0.518567897848174,0.8362089520665744,1.0080188264444856,0.5839977106755776,0.0768857196786601,1.3285814833741656,0.6668430065469297,-0.15106076004996352,1.2513111001679336,0.6169218366750473,-0.2539159960628482,1.3816413323359271,0.4929987999315957,-0.28949768050846264,1.431239968365193,0.4133593587415573,-0.304270981661318,1.4476896294876493,0.4140883105591683,-0.34821196022770684,1.4376771965335566,0.43446035043922826,1.05
0.26745980343522735,0.8637039462839964,0.6096041607004149,0.2708315827445771,0.42918127195220906,0.5748178469893838,0.2925124349814,-0.06260954119558323,0.6658165874411865,0.2763600369854508,-0.023556188703078983,0.44052762171483595,0.3360750356847707,-0.031644421742320614,0.4818452682308944,0.2779697741129751,-0.1131412376997325,0.6918354344987269,0.07951146845073268,0.857742066712628,0.6364704464271793,0.08894527392372281,0.40343581420127994,0.5942801480536266,0.10515965376470042,-0.02366688433214137,0.6124916628086325,0.13484253456637774,-0.030685068962801293,0.44671530066665305,0.06652727739584804,-0.010890797934256388,0.46669129939906207,0.12322598922955222,-0.0976787594427265,0.6757407676927433,0.23889406897238166,1.3603350098688343,0.6254907776391463,0.29165875829524196,1.5979715282526323,0.5857851846977393,0.26503180062052634,1.4846901627230609,0.5125554314532189,0.35527231858365005,1.2761926503501186,0.6205907851405177,0.5054272079120312,1.0804878240534412,0.6547009138640599,0.7305799616416337,1.044377212307833,0.5915795032294668,0.8533678876719096,1.0419961626118706,0.5209030454085553,0.8754720168719008,1.0300744175378007,0.5258119746504847,0.8324704026071572,0.9953005727337154,0.5828274713227583,0.07877431420250708,1.3299912158453069,0.6678427118335599,-0.14844953640360897,1.2582520665404475,0.6128004745138418,-0.2469320183827294,1.3902743849783108,0.48282114516420493,-0.28615045844331666,1.4379807097429533,0.413006886241418,-0.2963248112330811,1.453935799755996,0.4071446899307564,-0.3383442358469459,1.4455600605535452,0.42253691915596747,1.0666666666666669
0.26625060462757255,0.8647325310769669,0.6094413408842774,0.2711744411209986,0.4277979142853017,0.5772410027212739,0.2925979839799898,-0.062633090365103,0.6657119950750336,0.27651451658628035,-0.021946495394353012,0.4410296395528042,0.3357943837961771,-0.034634484201864185,0.4838710493534076,0.27821723144969596,-0.11316785719740323,0.6919357285927068,0.07900163955977567,0.8590709778002976,0.6356828366665718,0.08870016401024852,0.40406219649770553,0.5941858883866462,0.10516598653019445,-0.023893249021352383,0.6127934410922318,0.13612169932545762,-0.027372740225364726,0.4439346857122088,0.06658430132414751,-0.01029228900227934,0.4667126553925124,0.12357055710811997,-0.09659635632542814,0.6741463852834219,0.23991094976850752,1.3601347699975848,0.6252975772808989,0.2956588859272878,1.5969320281449706,0.5904001774003389,0.2665245687248617,1.4832914924747815,0.5144955157576596,0.35683249800923467,1.2737452971087113,0.6221624056183848,0.5043407259526603,1.0756192321821898,0.6584846557072361,0.727713979267592,1.0377568064581881,0.5998185730677705,0.8541321219549673,1.022311193428262,0.5399215016399834,0.8729045258519528,1.0120939121075507,0.5381199742299615,0.8291107197988221,0.9844564149650252,0.580393945500645,0.08052598138642478,1.3311123769205164,0.6684181730342865,-0.14520514788624939,1.26617114137217,0.6071970525418575,-0.2385198602678564,1.3989349429340554,0.470748617617756,-0.28299737120051827,1.4432369832448408,0.413721146081811,-0.28960720132838447,1.4588598781009117,0.4015200973924633,-0.32802690294099845,1.4520296673860724,0.4112105208683347,1.0833333333333333
0.26496340932286466,0.8657310624667169,0.6093086333801793,0.27147508710159723,0.4267825934682251,0.5791896922693074,0.29275179586962935,-0.062413786200076926,0.6657262816028434,0.27708539959286793,-0.020978566761093144,0.4427756535625822,0.3362168626450154,-0.0387244524172186,0.48741923900839484,0.2783773605730918,-0.11307202173036555,0.6919840172226053,0.07865709873959836,0.8604858862932157,0.6346185803252669,0.08848985420410654,0.4046239977216219,0.5940522814053707,0.1050514949382074,-0.024088917795922413,0.6130478915986103,0.13748914591270672,-0.024279521246712434,0.44134089560188633,0.06673732199743229,-0.009929564261099422,0.4664182714208513,0.12370882638282255,-0.09574983675622628,0.6729095359724667,0.2411855162687545,1.3602048716362067,0.6249778897112789,0.2994972199149522,1.5961619075476083,0.5965312301443245,0.26852355559104263,1.4821550389327394,0.5155338276870569,0.3578968283584189,1.2709250478064407,0.6251638487066846,0.5027354883666217,1.0705639099684099,0.6624185927717623,0.7238686988961542,1.031516399951051,0.6081498996827626,0.8530363349937882,1.0025802269944946,0.5607181058062944,0.868895140937159,0.9943845416938051,0.5541938951830427,0.8262833318635623,0.9748758777814118,0.5807412045250271,0.08212796713194251,1.3319059965327236,0.6683741677827926,-0.14180218292402774,1.2745624677134852,0.6005201316738853,-0.22939790770126767,1.4074366810375212,0.45786233388089603,-0.27853616025206845,1.4476357036465857,0.4131625569171619,-0.2833520152593598,1.463396794731095,0.39580232601114296,-0.3178957053621744,1.4576737193388538,0.4014459552024933,1.1
0.2636353724089935,0.8667029121211111,0.6090260907674636,0.2717808157016651,0.4259912858799939,0.5808686037757057,0.2929595069371797,-0.06198714827439018,0.6658441974719607,0.2781272799841879,-0.020582547126968102,0.4455093851916796,0.33734696145740317,-0.043397050963999005,0.4924085887614869,0.27841283319364263,-0.11302107509353901,0.6920417783747298,0.07846289820180398,0.8619348833592656,0.633375381539457,0.0883308577507767,0.40506572466421287,0.5939489797213543,0.10485259882226614,-0.024158966983659422,0.6131319743310023,0.1386896018461564,-0.022436743150340818,0.44003520150884234,0.0669811595871877,-0.00978531017539111,0.46592573600460707,0.12365086643847192,-0.09515964916870571,0.6722131790090959,0.2427968779944307,1.360450485293539,0.6246065122621238,0.3031872402498053,1.5953734111477316,0.6036010220063472,0.2712082461658812,1.4813023315912863,0.5162280112556679,0.35851328351741435,1.2680826700364618,0.6294069764261219,0.5006407476766551,1.0654844269532535,0.6667426447429587,0.7196550638427001,1.0254576795023118,0.6167500489350652,0.8506156807305905,0.9846544221870415,0.5810960140574002,0.8639746935643742,0.9785943340260261,0.5718067424017828,0.8241691559248735,0.965643337588976,0.587183298204826,0.08366061204070406,1.3324829014628625,0.667498129011327,-0.13852811713802748,1.2827573017314526,0.5931547563969408,-0.2204441917318269,1.4155977527197017,0.4454074053894703,-0.271653566940315,1.4518145006417367,0.4095912810910909,-0.2766276097967469,1.4686527461399772,0.3882469049322941,-0.3085857846035776,1.4630643082158215,0.39372683437671074,1.1166666666666667
0.2623899940317053,0.8675807617000393,0.6086204437245949,0.27219966556360914,0.42521413821716764,0.5825326335064676,0.2931659733938484,-0.061371970938974264,0.6659841689488484,0.27950816372339826,-0.020553971776874548,0.44864209488790974,0.3389439853964205,-0.04783308976990568,0.4982880496803607,0.2783353467757827,-0.11314017264575324,0.6921030805555313,0.07834411042661785,0.8633065406499765,0.6321133312204363,0.08824012904975233,0.4053583980047192,0.5939046497273361,0.1046040637083833,-0.024053679208877632,0.6130045578931614,0.1393612482469948,-0.022547311171901604,0.44075461213054823,0.06726539535707102,-0.00985404263493607,0.46540215032717347,0.12342039826858543,-0.09487926139354898,0.6721288081667899,0.24469416186335813,1.3607108315404643,0.6244126900817308,0.30673575528527686,1.5944777363009506,0.6107462524266097,0.2746129181460163,1.4806143273053352,0.517228321166961,0.35890730969691964,1.265461325821027,0.6346805680658234,0.49813290230325274,1.0602918563763244,0.6721112380787032,0.7155091739421064,1.0191897520479465,0.6262835007924076,0.8476633218262244,0.9700303902524217,0.5988775623114826,0.858825503992696,0.965684700393195,0.5890582984551775,0.8226525844878785,0.9558071971581635,0.6012142896390218,0.08540994285051254,1.3331682346729825,0.6654318920886342,-0.1355253951050267,1.2901284385168499,0.5856145396165813,-0.21257017713118181,1.4230348284549852,0.4346181601674221,-0.2621506988621051,1.45617040881802,0.402612646766754,-0.26901530610205965,1.4751587702069426,0.37811724839008687,-0.300299655739961,1.4685152774459738,0.3876906947499338,1.1333333333333333
0.26135619170910235,0.868267200315357,0.6083228702196621,0.2727973316069526,0.4243407882242435,0.584312317006225,0.29331408562355415,-0.06058641509034835,0.6660040392436462,0.28094943789632937,-0.02085892128044297,0.4513360007946306,0.3406587271076801,-0.05120852186861289,0.5041594187708082,0.2781720103770046,-0.11338109363387772,0.6921251995033286,0.078204013117629,0.8644816706556688,0.6309584175537521,0.08824231258890047,0.4055128067567878,0.5939023283863382,0.10432140478805639,-0.02376620005641382,0.6126893588845551,0.13926346932264128,-0.024811677094059924,0.44376129720777907,0.06748371788611757,-0.010191238849220532,0.46497411558284185,0.12301399627600569,-0.09495205254882175,0.6726009819332321,0.24673096248415965,1.3608222834680366,0.6247702622117843,0.3100975849797718,1.593557387102333,0.617042849658409,0.2785650090658407,1.4799797726000348,0.5188549873339047,0.3593814421905119,1.2632120422505944,0.6405395631751077,0.49524365208371945,1.054808186814676,0.6792714229698434,0.7116250877893184,1.012536843593502,0.637023048916573,0.8446388148015533,0.9595141359164134,0.612240583525132,0.8540543673084015,0.9556782520096767,0.6048451291987037,0.821184141204478,0.944870684246376,0.6220177808509473,0.08763560875365417,1.3343104551175233,0.6619140175737879,-0.1329002050797753,1.2962758659239664,0.5785382554650577,-0.20654684427577036,1.4292807211408467,0.42662953204901277,-0.2507700673303203,1.4607274242371164,0.39330695872947574,-0.2609330244996799,1.4825884044630944,0.36639029449185184,-0.2927175223151842,1.474167076530053,0.38221008593012273,1.15
0.26058614699802385,0.86870220056098,0.6083629827997898,0.2735622033184521,0.42331183814074713,0.586239356528036,0.29339029209385836,-0.059678531174381017,0.6658362102551384,0.28220246061613213,-0.021679629422711948,0.4529443866796289,0.34217379103689916,-0.05311189516978868,0.5091334603123961,0.27793995614377126,-0.11354360276739467,0.6920830862435295,0.07799780579438507,0.8654205527165661,0.629931219947613,0.08836842879013389,0.4055883744389398,0.5938738399390777,0.10401198452919855,-0.023322256467864858,0.6122161648120444,0.13845312925040634,-0.028795038204487047,0.44871435622314604,0.06751329082485381,-0.010828554161546294,0.46470295286137425,0.1224116912530974,-0.09532841603584526,0.6734417233801252,0.24868368505054483,1.3606531926338887,0.6259484739697867,0.31316457231300177,1.5926916838693173,0.6218770955749106,0.28268977683679225,1.4793923435781449,0.5210390865158737,0.3600897853603032,1.2615171453605951,0.6461397280391337,0.4920455925708917,1.049068121506201,0.688591047775809,0.7080755819896472,1.0056079111851681,0.6488572159331447,0.8417207729727934,0.9527089488244936,0.6211867602952521,0.8501633798252752,0.94801130025726,0.618585237318675,0.8191280977429887,0.9332765391753597,0.6464439865704906,0.09031557332862739,1.3360288221051253,0.6570868953868538,-0.13072415886525343,1.3011062345397935,0.5724634497972884,-0.20258764131451173,1.4341300207687449,0.4220823767938161,-0.23894397175179893,1.4651971805404307,0.3836886038002394,-0.25326832277016087,1.4901364235936905,0.3550839887770396,-0.2853794837807405,1.480169165839997,0.3759597577668448,1.1666666666666667
0.2600482186032825,0.8688893302776018,0.6088497719902669,0.27441563475182706,0.42208114233322946,0.5882897648062791,0.2934171617521528,-0.058774389911724324,0.6655976694974451,0.28314525852618405,-0.023176610045231895,0.453392201226977,0.3432333723240236,-0.053684438025621124,0.5127204701233745,0.2776457157740151,-0.11347714145805848,0.6919838907348199,0.07775200067349163,0.8661648051233984,0.6289974254360656,0.08862235212994617,0.40565011478642077,0.5937366825983958,0.1036858422805529,-0.022770660105382923,0.6115903566833685,0.1372206031831645,-0.033543313910753936,0.4546218080142098,0.06731163354049746,-0.011688866556392383,0.46460650783608026,0.12164303293015157,-0.09588616095791355,0.6743985539340767,0.250338970814492,1.3601282042122487,0.6279176896606822,0.31589201075565104,1.5919100066067993,0.6250299762499736,0.28658064886736373,1.4788803994457624,0.5235740700888318,0.3609602018553697,1.2605238872007742,0.6505617207018979,0.4887301971521201,1.0432945150429096,0.6998090551144396,0.7049385918230809,0.9983582738015135,0.6619733952763358,0.8389928196309548,0.9479583710479307,0.6283379061147671,0.8473101908626837,0.9418420936987784,0.6304388593710196,0.8161637626578369,0.9221973102170891,0.6702884168344247,0.09320664670134832,1.3381900270045888,0.6513610745795422,-0.12897053044861143,1.3047451951915559,0.5675459399595838,-0.19999775613673992,1.4378131821360915,0.4203287352125998,-0.2281855729487342,1.4692630081394387,0.3754085749193663,-0.24668969155618004,1.496983581719975,0.34598730844195935,-0.27808002779067753,1.4865129109459971,0.3681579410083748,1.1833333333333331
0.25967840892584304,0.8688723081981975,0.6097931560270046,0.2752508627209325,0.4206461415079334,0.5904349508868265,0.29340618601198265,-0.0580493022535717,0.6654970917699876,0.2837607304199671,-0.02533148452339954,0.4531396044784904,0.3436731127976302,-0.05333432315517106,0.5148003488343024,0.27729834349321575,-0.11323362947440024,0.6918484289780575,0.07751538120482299,0.866768632029258,0.6281414286015606,0.08893288180587998,0.4056667652504032,0.5934943708810657,0.1033554305753877,-0.022158988567404045,0.6108051750229379,0.13584039469542275,-0.03796422684087135,0.46005913982248947,0.06695102867302521,-0.012629771674628379,0.4646638626168502,0.12081967979288169,-0.09651493569910882,0.6752595846751465,0.25159332365425296,1.3592778097649953,0.630366794430548,0.31836150000169516,1.5912241784944772,0.626630338510666,0.2899823317775457,1.4784154863494385,0.5262636760537263,0.3617950140299193,1.260153469980032,0.6534685070866997,0.48552648988149827,1.0376300128287284,0.7122666414215298,0.7022718363946967,0.9905572306353622,0.6767328437237647,0.8362852560196888,0.9431337906809089,0.6375128072113304,0.8450255807141833,0.936050803597206,0.642086958895141,0.8123165060525509,0.9128204286457453,0.6900822927193027,0.09606813784786652,1.340556772037149,0.6451608191061521,-0.12754794515318832,1.307466976036975,0.5633720852161714,-0.19738145491808579,1.440833316656378,0.41934575001508345,-0.21936260074114583,1.4728207382878609,0.368710472351121,-0.24119206402185106,1.5025321544569639,0.3396943642257423,-0.2708959025447113,1.4927964563497276,0.35899910522908307,1.2
0.25943477608686044,0.8686913550819297,0.6111358659190433,0.27599103276646153,0.41903159582717164,0.5926967868052053,0.29333165025661034,-0.057600758441276004,0.6656748124140632,0.2840786106850186,-0.027851645619748816,0.4527519808622457,0.34349541071225176,-0.05231529235402283,0.5152388670208534,0.27691631758065527,-0.11296888919883624,0.6916918272804101,0.07731176152409036,0.8672659055492016,0.627357083772858,0.08917569610216036,0.4054899030335594,0.5932769001714895,0.10303110146527317,-0.02151686863012904,0.6098647222424775,0.134437243386822,-0.04118037640555055,0.4637155307662411,0.0665504319199606,-0.013508953713489882,0.46481149862618976,0.12006371856058082,-0.09717165881732626,0.67595972897503,0.2524471538397734,1.3582342618303944,0.6328251552085725,0.3206300779944994,1.5906207458403776,0.627068069439787,0.2928060974357607,1.4779713804027257,0.5287743905345227,0.36244645325898883,1.2600767019333663,0.6553809527916405,0.4825763813702321,1.0321427300268071,0.7251796946131445,0.6999633969703132,0.9823047804632731,0.692788469273838,0.8331305883598727,0.9367890158067269,0.6511983402760454,0.8425780103103366,0.9295400544760545,0.6560778066261772,0.8078770284072381,0.9058340150429451,0.7040687559516401,0.0987738535990543,1.342889897692889,0.6389089327862032,-0.1263531793224944,1.3095957141800816,0.5593258449025185,-0.19342365301125558,1.4435884450947922,0.4169540945183043,-0.21241001523067687,1.4759069499598438,0.36264954616413086,-0.23607410569874915,1.5065319169744054,0.33536201782046504,-0.2641115310201829,1.498336600541451,0.3496648759626086,1.2166666666666666
0.2593132899117214,0.868363727143143,0.6127593108126933,0.27661645746047486,0.4172500814214123,0.595105221853805,0.29315107602347396,-0.05742361587055374,0.6661519334905722,0.28413906831615543,-0.030186030940921003,0.45247639457760247,0.3428606522403974,-0.05067680984501803,0.5139042364118402,0.2765203862699872,-0.11277027919259126,0.691519851717109,0.07713440041300752,0.8676900225781812,0.6265995218302681,0.08926618300333539,0.40499120661710636,0.5932353343447362,0.10272058182485204,-0.020860611695757703,0.6087912174813203,0.13314861799919123,-0.04271355845286136,0.4649388749148744,0.06620954664605122,-0.014200591228795328,0.4649686970892861,0.1194153411837231,-0.09788037969659377,0.676592126440607,0.25294272227942916,1.3571404746150144,0.634879266654099,0.3225874685352793,1.590038431219592,0.6267910812528199,0.2950167718386873,1.4776074126869017,0.5306029443507794,0.3629827103102427,1.2599038043305923,0.657125245970777,0.4799292112448511,1.0270053513097335,0.7376889488070967,0.6978173575549835,0.9742522320625006,0.7087775936421981,0.8291211394945001,0.9288588954042258,0.6692296988662795,0.8397120316599633,0.9219703328045139,0.6735428386642,0.8033695786143873,0.9012621369321195,0.7125229455306646,0.10125262698245971,1.3449747681481528,0.6330497195762996,-0.12525921179306557,1.3112916183968562,0.5552314044411182,-0.18757372557860896,1.4461145190227664,0.4121014342743225,-0.20662202584100012,1.4784635138383073,0.35625632257656553,-0.23029641146374272,1.5091049602165003,0.33128908521623524,-0.25808359542484977,1.502495932645686,0.34165060816398474,1.2333333333333334
0.2593298631224877,0.8678972800297678,0.6145201007830687,0.27714128653523107,0.4153428390802218,0.5976039250415263,0.2928300927487013,-0.05751567754948798,0.666883438271937,0.2840188566996812,-0.03180753120792991,0.45224656041268,0.341995992494922,-0.04860493923169993,0.5110542450391251,0.2761229359286573,-0.11263353109986785,0.6913346481757422,0.07696969783067553,0.8680685310587565,0.6258058343201123,0.08920179624756146,0.404183319342382,0.593430418975389,0.10243110291507032,-0.020202455817868392,0.6076176569002505,0.13226268959238463,-0.042612741838094506,0.46385946340336115,0.0659962931226191,-0.014611473782652887,0.4650782748280409,0.11883246852982858,-0.09867035696863058,0.6772272344047597,0.2531922174617536,1.3560668048579911,0.6364347832053242,0.32402157296634326,1.5893896486768302,0.626178176633853,0.29657465511769565,1.4774055303846005,0.5314296807279313,0.3636776892654964,1.2594041776593592,0.6591761978764615,0.47760778561277595,1.0224695220244484,0.7489485795002218,0.6958291676818429,0.9672477043282582,0.723182716629742,0.8243221462748002,0.920389097188098,0.6894938327885456,0.8368267815120909,0.9139843788478332,0.6931299664099363,0.7993552717192776,0.8983952434266953,0.7178549699540604,0.10335963704328295,1.346623265307466,0.6280517244741755,-0.1240692904955659,1.3125430112544152,0.5512058034905024,-0.18007000565480158,1.4482076682919358,0.4049567559944277,-0.20114623656135147,1.4802834736182024,0.3494492258239756,-0.22307249785789512,1.510572199313149,0.3259119600027063,-0.2528604413114745,1.5050264398579067,0.33543716030780873,1.25
0.2594895380117846,0.8672943778519563,0.6163387521779616,0.2775818677724535,0.4134785967171819,0.6000126845393048,0.29233854255343095,-0.057938232022258326,0.6678488036000277,0.2838605967791006,-0.03244472076675529,0.45196098796397993,0.3411244531019201,-0.04661736609695109,0.5073859146835459,0.27572805190552524,-0.11253074168538071,0.6911356465798967,0.07682309747559334,0.868372312100852,0.6249979949040034,0.08901968304690265,0.403187788128476,0.5938403058347019,0.10216899904955581,-0.019555735526373436,0.6063758062351979,0.1320419811919387,-0.04140339355664361,0.46112189838282724,0.06595255662922107,-0.014698459564913363,0.4651137689045396,0.11825256250209766,-0.09951110336333438,0.6777594400544006,0.2534190204217585,1.355036864879963,0.6377413247447241,0.3247954409400951,1.588635757762071,0.6255290853376305,0.2975684556231637,1.4773562249169547,0.5314638394471238,0.3647595740401981,1.258594684614409,0.6616596663776658,0.4756075768744367,1.0187268332654054,0.75844868995545,0.6941256718047253,0.961812432656827,0.7355049519998508,0.8192960939150271,0.9126678775708736,0.7095301517482462,0.8344454524825655,0.9066066080760762,0.7123171312541682,0.7960954681321019,0.8958887284049332,0.7240285426723647,0.10489499303678035,1.3477102129512195,0.624358583475963,-0.12245870189385921,1.313393577334831,0.5470358121806661,-0.17157091844161212,1.4497329219563289,0.3962482014918249,-0.19527755915281786,1.4812103225518143,0.34280019657894184,-0.21435499567843752,1.511214505648603,0.31858647151577785,-0.2479777590805327,1.506263461341619,0.3297881107077506,1.2666666666666666
0.25976472711442017,0.8665579659637275,0.6182327471834956,0.2779404771373625,0.41195046840246563,0.6020850126286984,0.2916646375173473,-0.05875226148780982,0.6690746809229339,0.2838047889076081,-0.03210367829252017,0.45161302116149143,0.3404396266675158,-0.04536658190337822,0.5037658627537428,0.27533871275355265,-0.11244677325537812,0.6909208489424059,0.0767175627921287,0.8685117932817097,0.6243182238016147,0.08875221375467711,0.40214773029816747,0.5944173739901594,0.10193685529982383,-0.018939884150143832,0.6050903026362806,0.13250760689107655,-0.03975472697875461,0.45756705884911014,0.06609680056750916,-0.01445933984050328,0.46504452907770644,0.11764296752141044,-0.10030845125455903,0.6780276712316406,0.25386339694671856,1.3541281017252205,0.6391511427316368,0.32497430885957584,1.5878352151609514,0.6249845626447292,0.298322563053211,1.4773461260338314,0.5313675786394605,0.3661650713954788,1.2576545623836064,0.6646695915753188,0.47383765516793425,1.0158081769207667,0.76628147459663,0.6926361873504492,0.957893124358399,0.746378706749207,0.8146497206606035,0.9066177636644541,0.7274140096250509,0.8325945037737905,0.9006209475002508,0.7290156334919229,0.7933093803849551,0.8922494462664271,0.7349334239110225,0.10581030190790841,1.3482543603166368,0.622134602869077,-0.12012241040198898,1.313901285440702,0.5424250884292995,-0.16285090146245595,1.4506663237826918,0.386847069451529,-0.18849092629138947,1.4813224363505695,0.3366366986525343,-0.2048158118661738,1.5111940868906537,0.3096819053271486,-0.2427928409769156,1.5068609522942111,0.3226778630769753,1.2833333333333334
0.26011149621099633,0.8657178815536559,0.6202488529640886,0.27820080698834215,0.4109738747422599,0.6036918131750293,0.29086721432226537,-0.05990472826093066,0.6705318859281447,0.2838877820947192,-0.031085204036361058,0.45123700767397795,0.34009649959745947,-0.04531370252431968,0.5010319496633975,0.2749599474653061,-0.11237801636143331,0.690695969111671,0.07667124922158866,0.8684075660248302,0.6239292379524118,0.0884185345679177,0.4011716399474733,0.595121655296813,0.10173477104012005,-0.01838536697331314,0.6037817332441269,0.13347178857560993,-0.03820802519120333,0.45404810172375776,0.06640705407350078,-0.01397882377251082,0.46480623385791253,0.11701514498467272,-0.10094949462877939,0.6780146137544734,0.25465609128840033,1.353475876588308,0.6409354600031703,0.3248105729509217,1.5870949991891674,0.624483874761314,0.29920555651308217,1.4772456766877509,0.5318115389743665,0.36756666844714014,1.2567532085230761,0.6683581054583474,0.4721342906804057,1.013593330077468,0.7728942974490856,0.6910863944058867,0.9551852472263808,0.7563786173492097,0.8106135630565047,0.9026731151554171,0.7417852486705194,0.830768221594042,0.8963484810976667,0.7420794589726145,0.7903470983817484,0.8865196681940444,0.752410231113124,0.10626772472324658,1.3483913370745566,0.6211541157165493,-0.11713579417497136,1.313939559234117,0.5376503264660971,-0.15460612646984848,1.4509153000936839,0.3777310802021283,-0.18047955599523724,1.4808305627215153,0.33090423073339603,-0.19542805207718505,1.5105890052255553,0.30020757491063077,-0.23694378719736514,1.507255460860373,0.31294477186115033,1.3
0.2605110175775657,0.8648186253562676,0.6224125183489722,0.27834612792759045,0.410475717352084,0.6050094345853905,0.2900614102409734,-0.06123504346908152,0.6720583528298347,0.28404805623734714,-0.029914169486810402,0.45086104503133334,0.3401862443133704,-0.04655698602444398,0.4998436581394543,0.27459704297843296,-0.11232632262419678,0.6904790831270308,0.07669182863950248,0.8680465472988214,0.6239310330775121,0.08802151233538114,0.400288028469507,0.595953379603165,0.10156499340918472,-0.01792707245781884,0.6024757799188636,0.13466681511159423,-0.03722435970490464,0.4513033015270632,0.06677493108443099,-0.013521749453952764,0.46438776302563545,0.11640259039083427,-0.10137917467671645,0.6778478478753944,0.2557849728420564,1.3531550997431052,0.6431969997693764,0.32458208957001977,1.5864800043204281,0.6239364339191291,0.3003585623590444,1.4769971957669428,0.5330721794847397,0.3686244300914491,1.2559594810361507,0.672735514383015,0.47033696131149233,1.0120424282442988,0.7785289924276753,0.6893093826750436,0.9535894633191283,0.7651569976138601,0.807102131752935,0.9007407097865603,0.7523359807765357,0.8284378204171128,0.8936552815288229,0.7514596928583377,0.7867379814645632,0.8787088695412354,0.7752640432589506,0.10648155777300639,1.3482507186142816,0.6210511511790466,-0.11399068800500305,1.3134064684445443,0.5332543410334236,-0.14724638760308362,1.4503989324179163,0.3697543204497027,-0.17141627397517328,1.4798606064501303,0.32581885320290155,-0.18706867272411598,1.509410761356524,0.2914284528697655,-0.23043088741965786,1.507476961056976,0.30100082955837765,1.3166666666666669
0.2609762494878984,0.8638734590292291,0.6247043142896285,0.2784007912714127,0.4101172786313647,0.6064615709417152,0.2893124584450413,-0.06260785834355334,0.6734534819583615,0.28421085977975447,-0.029041792890149326,0.45053809424902397,0.3407104838472258,-0.04882956161799337,0.5005227436004057,0.274255216955278,-0.11229391273286234,0.6902879955688,0.07677479113369115,0.8674735504015573,0.6243535874348444,0.0875406763063595,0.3994289212578952,0.5969711702006115,0.10143289458131723,-0.01757650192643953,0.6012103844929302,0.13580935028518265,-0.037293598420411855,0.4498004685058818,0.0670001453758866,-0.013489148498257802,0.46401602401410447,0.11583579657631232,-0.10166454312199705,0.6776683478804433,0.25712321641462643,1.3531189722855779,0.6457831018457254,0.3244582262787871,1.5859888701449107,0.6234754746600806,0.3016844851353828,1.476627395885173,0.5349979083368503,0.3691679490052641,1.2552882497856823,0.67746948038407,0.4683318619932001,1.0113845245469266,0.782968659226636,0.687394398146449,0.9530470454284156,0.7722337803124808,0.8040075016103702,0.900108867840923,0.7605949126552844,0.8254098512586521,0.8920274068715282,0.758365164282743,0.782517981139232,0.869747990310282,0.800048295035953,0.10667984382932083,1.3479696467159976,0.6213955251861353,-0.11111718090308821,1.312562873556162,0.5292867774892199,-0.14065905721496202,1.4493858346460904,0.3629452430682819,-0.16211265948663078,1.47849556824835,0.3217136780551008,-0.18025691446377,1.507693002613885,0.284385516241106,-0.22345035901166393,1.507363232993188,0.2882380701592221,1.3333333333333333
0.2615151848942428,0.862857777838386,0.6270282112642926,0.27844491534845317,0.40950280476268297,0.6084482125037651,0.2885966063982629,-0.06394554475326766,0.6746135765765601,0.2843321483732752,-0.028593136164080858,0.4503719415237454,0.3415646713513385,-0.05157142919254672,0.502925728438384,0.27394773685448853,-0.1122697063198339,0.6901133005688208,0.07689631399919875,0.8667539796378972,0.6251321906484069,0.08695224990899562,0.39848934235464717,0.5982347849981704,0.10135086664747152,-0.01729603086447873,0.6000179833412244,0.13663753384725436,-0.03873176220926503,0.449664329544619,0.06689396089553706,-0.014217137665898563,0.46412026353283964,0.11533842483133544,-0.10192099464761986,0.6775022206725942,0.258483027338266,1.3532717700799843,0.6483273189901397,0.3245093234627413,1.5856296082937842,0.6234683715367837,0.30302779152372,1.4762015726914677,0.5372350525030001,0.3691601236447125,1.2547643273649758,0.6820422943396565,0.46605087515402277,1.0118784478785314,0.7858525047037838,0.6855812548067026,0.953158430115967,0.7780110107223139,0.8013365722997814,0.8995989700328676,0.7693224596455681,0.8218117005495288,0.8906295031393636,0.7648341083092193,0.7780944521219417,0.8609997452868562,0.8229669022856371,0.10714941460415561,1.3477696213342807,0.6215531874484527,-0.10856632740026835,1.3118523518783065,0.5253494981045275,-0.13424605437299986,1.4485404899300125,0.35624596197719305,-0.15357448586691413,1.4769814480674641,0.31802420003221765,-0.1749124806383309,1.5056217214203478,0.27921640477851284,-0.21634981521709645,1.506776547341069,0.2762386698888368,1.35
0.2621050044346308,0.8617586820312786,0.629235392580744,0.2785420996904605,0.4083826811320125,0.611164112401889,0.28788876177434114,-0.0651285857915061,0.6755415297802979,0.284393166100656,-0.028402062675455572,0.45046058274013034,0.34252836228063105,-0.05413095840784758,0.5064218782465951,0.27369308364590006,-0.1122094628253513,0.6898921910004578,0.07704457650878611,0.8659608479219805,0.6260953443978522,0.08627096382893863,0.3974449804316793,0.5997046517697971,0.1013490954069908,-0.017006343779638278,0.598888021721583,0.1369390642613169,-0.04135298844574792,0.45077486220458757,0.0663937689452195,-0.015785772215997168,0.4650140403941199,0.11492838679113881,-0.1021037006102864,0.6771634537675536,0.25967472122378266,1.3535573400314638,0.6504074591410385,0.3247518688066436,1.5854718874831155,0.6242231660458817,0.30428189826700736,1.4757676298113258,0.5394691149602622,0.36859331999548267,1.2544380887154998,0.6860885655636506,0.46342073825158625,1.013435161477386,0.7872350127809917,0.6840849325525418,0.953398772109989,0.783422772979312,0.7991160604092281,0.8981438308709879,0.7806408553774001,0.8179342334514484,0.8885131662369609,0.7728380607532405,0.7739507855798224,0.8536805904572048,0.8413375492638118,0.10812297467536322,1.3478286377627424,0.6209340925429959,-0.1062393067587209,1.3114055850775606,0.5212037636125253,-0.12741731432395337,1.448492190899445,0.34840121220565134,-0.14635236924510264,1.4757003529606332,0.3132744832880649,-0.170251208704759,1.5034896378869078,0.27479850491756025,-0.20959441196002632,1.5056657776184177,0.26645545406164844,1.3666666666666667
0.2627156144143849,0.8606118715524274,0.6312137082103194,0.2786477719980094,0.40673623783004853,0.6145928890881031,0.28723383101920447,-0.06597236411657947,0.6762709913581708,0.28438984255865574,-0.028207623326837114,0.45081830700940445,0.3433078196322799,-0.056008501361646555,0.5101019626633123,0.27348608029971716,-0.11205031652621407,0.6895377042738453,0.07725201554209388,0.865168384033074,0.6270510268293331,0.08555699522496671,0.3964097060039895,0.6012279359492995,0.10146542314765798,-0.016637857333131653,0.5977893119586138,0.13661753968951823,-0.04453127766861124,0.4528969550067721,0.06555957956379241,-0.017984763866076843,0.4667078608279669,0.11461674291276297,-0.10196315156779734,0.6763404127546093,0.2605530764531642,1.353942363281926,0.6516917783129756,0.32516898270693706,1.5855972828839067,0.6257525203397982,0.3053800910103482,1.47531921453327,0.5415836700039947,0.3674859680336562,1.2543733466045035,0.6894238643327654,0.46035371271589853,1.0155956931762364,0.7878676845043842,0.6829660809206004,0.9535530032420189,0.7891163190530986,0.7971926416109996,0.8956294161126666,0.7948029078069819,0.8140026074296268,0.8853010256767097,0.7835372862025627,0.7703656057466269,0.8487449838756844,0.8538782296362488,0.10965079472483741,1.348070488515701,0.6194172039810326,-0.10410284446846729,1.3109434930647583,0.5169351374485525,-0.12009476124670915,1.44938060343101,0.33899116046955013,-0.14040386887676815,1.4749231172576598,0.30609721292164005,-0.16518880104514055,1.501544506246008,0.26932068171986456,-0.20345351138847528,1.504072612565252,0.25970710614982856,1.3833333333333333
0.2633598571258452,0.8594497814893955,0.6329930394413359,0.278652758704644,0.40470738395773165,0.6185717001660037,0.28670384895760714,-0.06633532687743361,0.6768015328587095,0.28432866018581593,-0.027863230277461924,0.4513587357014746,0.3436699626775036,-0.05688113849821078,0.5130426198564321,0.2733068563449625,-0.11178779109794044,0.6890542344310736,0.07756296207618585,0.8644111464109651,0.6279062842259003,0.08488108936879366,0.39554440903885424,0.602638223647174,0.10169980720536546,-0.016210203807079313,0.596780486630117,0.13579296911171518,-0.047623557354866994,0.4556661349843503,0.06450214339126947,-0.02045571075446677,0.46900273123605246,0.11440547499731381,-0.10133909568814373,0.6749223809123999,0.2610532795609869,1.3543316090667452,0.6520873836838081,0.325730022698154,1.5860476981778724,0.6278121159794403,0.3062756834223563,1.4748286671667958,0.5436260589760968,0.36599101532998485,1.2545894202355468,0.6918780506000615,0.4568682870686731,1.0177701575262743,0.7889771560465072,0.6821141062342322,0.9536924405616174,0.7952229520880135,0.7952192552745873,0.8932889111828188,0.8105823823134264,0.8100473797839984,0.8819447605915633,0.7968929065623731,0.7672072292188035,0.8470849173304814,0.8604577946622023,0.11158690331633536,1.3481624039211804,0.6173143447165383,-0.10209070427545516,1.3101014379527316,0.5126892449307465,-0.11274026106632212,1.4507359960488342,0.32862898901327836,-0.13509615427542707,1.474770074989334,0.2954974276317104,-0.15902046703604356,1.4998757207566187,0.26135484070220505,-0.1976039422829848,1.502123594091108,0.2553302432679212,1.4
0.26407961531210766,0.8582570049719374,0.6347641637548392,0.2785168682074351,0.4024740384766287,0.6229053992328526,0.2863278957635616,-0.06621162797652816,0.6770716553850364,0.2842289068196724,-0.02740970592783145,0.4519450855203525,0.3436273563048755,-0.05654198993536007,0.5144755207464077,0.2731772646109675,-0.1115236136286373,0.6885964847226556,0.07799154708956972,0.8636576902014115,0.6287107135637297,0.08430652475214606,0.3949341856928555,0.6038346479887788,0.101985734521453,-0.01585709151650372,0.5960529924126233,0.13476245866326977,-0.05029090746900377,0.45845463635219597,0.0633364568310544,-0.02285636145847126,0.4716393934371868,0.11428490244850349,-0.10041158981323361,0.6731658011932065,0.2612064084475485,1.3545708859265102,0.651833086907164,0.32637672254774175,1.586807123070573,0.6300721867649628,0.3069530534926137,1.4743367875395235,0.5456249769210375,0.3644428170265578,1.2550023067312956,0.6933215191101207,0.4531401992852685,1.019447345007079,0.7916800583887834,0.6812715367861933,0.9538892510625776,0.8015754673500576,0.7929117246662019,0.8929608004983715,0.8264086331497078,0.8060119804208363,0.8804196490324426,0.8119365644986667,0.7640635912865801,0.8493279399545474,0.8620166510752976,0.11362198788285097,1.347692654923197,0.6150394772781848,-0.09999364460762922,1.3086282993658316,0.5085318093373696,-0.10600968411626001,1.451662310322226,0.3185115810431121,-0.12922834578492481,1.475400664403712,0.2806921529406548,-0.151685320635382,1.4983252600022032,0.2504935539752464,-0.19123779901021093,1.4999602310249454,0.2512375281497298,1.4166666666666667
0.26486060224660557,0.8570329191801449,0.6367338758230986,0.27829904539281375,0.40019814346268884,0.6274241927810699,0.28609766961206845,-0.06569462576034851,0.6770046418986769,0.2841301844686156,-0.02691828805009551,0.45245397260915626,0.34349169951420566,-0.05499715663910658,0.5140381252323707,0.27315740152313617,-0.11140172685226898,0.6883512483146917,0.07852192586082135,0.8628535749789933,0.6295938383710478,0.08389022402022724,0.3945777444794075,0.604761684607133,0.10221075522439368,-0.01574766090472357,0.5958167097685584,0.13384141997158425,-0.05242164328846785,0.46045329509222815,0.062175363509897205,-0.02491235548639232,0.47435480439824096,0.11422494765722138,-0.09956670952411127,0.671465977574269,0.26110098885846883,1.3546167528996793,0.6513572400524177,0.32697786157914305,1.5878010324504117,0.6322503998819079,0.3074617142754751,1.4739710819981025,0.5475655679193315,0.3631607321713044,1.2554807455866914,0.6938125070046891,0.449373207589155,1.0202847521274547,0.7965892771521401,0.6800967760152128,0.9540323460538815,0.8082233373185019,0.7901957658447049,0.8958628558363946,0.8409605566277216,0.8018272899961205,0.8823898527715675,0.8274565270625853,0.760657921035349,0.8552532720069294,0.8606421749180115,0.11541337030960445,1.346382204376535,0.6129386681095427,-0.09752454565056237,1.3063710439400071,0.5044718373866379,-0.10047420580347546,1.4512016953674787,0.3097827169022983,-0.12185615512847844,1.4769351112246238,0.26197467281378006,-0.14350575305518973,1.4966455905839406,0.23722512181089173,-0.18377464120653556,1.497665877448779,0.24523339614491957,1.4333333333333331
0.2656117693242035,0.8558328007295037,0.6389559839772148,0.27809028312371353,0.3980711961144864,0.6319020065154923,0.2860091245478593,-0.06485678140294047,0.6766302247093281,0.2840874315310653,-0.02636036154766775,0.4527991262553043,0.3436501312165615,-0.05257489398678175,0.51195455153969,0.27327817194757476,-0.11152678839550556,0.6883936807273219,0.07912363224334643,0.8619932765628951,0.6306310184017856,0.083657109267709,0.394445383761455,0.6053566386567887,0.1022492942355763,-0.01599257749747693,0.5961857690124597,0.13329988748993532,-0.05379579708514013,0.4610868664420626,0.061171343025489266,-0.026366132270032844,0.4767974983764181,0.11414981339324518,-0.09911969514360583,0.6701184726874682,0.2607661353518005,1.3546766041210374,0.6509835561068169,0.3273354246718929,1.5889676685911631,0.6341380066396742,0.3079061610636779,1.4738683128710945,0.5495101212314226,0.3622042965368215,1.255955831861247,0.6937422170576565,0.44570898856801977,1.0201225891854602,0.8038436260862944,0.6783671174084767,0.9538189678510799,0.8158428647742932,0.7870823731249483,0.9020989343404167,0.853084336493029,0.7973143271617014,0.8883415587540093,0.8421205753702374,0.7570202219411992,0.8636774963787737,0.8590918170929555,0.1167335577969964,1.3442779004085623,0.611287817979024,-0.09461001148336826,1.303218727082384,0.5006771783658149,-0.09650406197254757,1.4486913593183448,0.3030503623548422,-0.11304978457251334,1.4791734896745192,0.2411570646440299,-0.1347871440017373,1.494922879566228,0.22232551538990364,-0.17531227308690017,1.4952617427943777,0.23613933034311343,1.45
0.26625561996571145,0.8547102175144761,0.6413498892721406,0.2779708841905229,0.3962743409359212,0.6360780844095408,0.2860731758349809,-0.0636857087789314,0.6761211553106922,0.2841439020220128,-0.025676546500957735,0.4529352078534547,0.3442346063840621,-0.04986952428874489,0.5088760408399138,0.273504841310777,-0.11193465356835211,0.6886861887483278,0.07976877612883226,0.8611385795930709,0.6317464237445883,0.08356947989154512,0.3945096603278509,0.6055686051082485,0.10201939590262693,-0.016597800241384672,0.5971293083430272,0.13332213585796543,-0.05406384638595259,0.46033195859437476,0.06055619984423728,-0.026945936458021194,0.4784200940082224,0.11394581164443407,-0.09917342980817759,0.6693167062403823,0.2600845973162061,1.3550541861868293,0.6508139481128419,0.3272631858957125,1.5903387939448708,0.6355799971446685,0.30837134210567446,1.47411163732045,0.5515339667871391,0.36140580200530265,1.2564026383526519,0.6938054389780102,0.44225321947285634,1.0190651788586347,0.8131304827910304,0.6761160740188462,0.9530949375639273,0.8253455644176036,0.7836169407613446,0.9108525861823223,0.861829591283203,0.7922888999654676,0.897685240649967,0.8543927589316925,0.7533756490394721,0.8731562335827948,0.8595066747676594,0.11746717030482685,1.3418147051120235,0.6102682547850734,-0.09160188590107646,1.2990748974316677,0.49764630637040075,-0.09410464647827536,1.4439383501318073,0.2981996385189431,-0.1033547018013291,1.481613939829905,0.22022686325428187,-0.12570931380624828,1.493657996175891,0.20646474654671235,-0.16623586301665205,1.4927536055681636,0.22380779109543875,1.4666666666666666
0.2668281365993963,0.8536650854239395,0.6438550240961265,0.2779910844727665,0.394810938659403,0.6398591864715699,0.28629750977009594,-0.06215677753780812,0.6756537036240917,0.28430884056582084,-0.024845691865291168,0.452873521635724,0.34503303897257265,-0.047508572480617316,0.5056353080236449,0.273763443382382,-0.11257102764429658,0.6891818361573261,0.08046755343389941,0.860382573055048,0.6327327308373379,0.08354632925286327,0.3947374557215738,0.6054617438302208,0.10156226494124468,-0.017445892888676304,0.5984281728812468,0.13389007660397906,-0.053164265818238826,0.45860550854781756,0.06053967912648843,-0.026509177050093397,0.4786963079139616,0.11353263471204733,-0.09963507469834779,0.6691712703393872,0.2588990348914255,1.3558646992423968,0.6508520537485954,0.32666259964566613,1.5919727813021567,0.6365321788293412,0.30890241949000086,1.4747118014992981,0.5535324191012736,0.36057237512587037,1.2567650381487203,0.6945463979282867,0.4390649942988922,1.017572776479664,0.8237672823971434,0.6734984528315477,0.9523156901306429,0.8371110036437258,0.7800062212988338,0.9205619715158483,0.8672933967606324,0.786997752312401,0.9089226385518933,0.8635288360895187,0.7500433381632154,0.882664664577843,0.8628298093490909,0.11761347442291144,1.3396277361439468,0.6098437431206286,-0.08896559473833945,1.2939682911737853,0.49575731731905903,-0.092815736511468,1.437242108530024,0.294483051403886,-0.09324616406429978,1.483582211027098,0.20036177145916317,-0.1165903919844752,1.4932454058281728,0.19037300862091233,-0.15671016366668633,1.490166396058553,0.20871803906288028,1.4833333333333334
0.26747884703799896,0.8526516419473004,0.6465119513101039,0.2781647601418859,0.39348384295184435,0.6433468836764458,0.28665749195823226,-0.06034338004811672,0.6752773829969444,0.2845546917736207,-0.023885170231393922,0.4526914439870308,0.3457394714607838,-0.045870556619970075,0.5030946216147433,0.2740012536975641,-0.113314055913982,0.6899064857192276,0.08130255291746365,0.8598223087155767,0.6333570975394457,0.08353765719771664,0.3950897980805582,0.6052272070942855,0.10102393317692568,-0.01834342570249478,0.5997596542864742,0.13480981939027495,-0.05148197905830398,0.4564208886983458,0.06112506686541372,-0.02521114306166356,0.47756519767982697,0.11291553339220498,-0.10036747320686248,0.6696658252243468,0.25721029345824986,1.3569839252713638,0.6511277780181383,0.32554013504789725,1.5938098285147673,0.6371360303331648,0.30953866929945273,1.4756083195815983,0.5552105668605587,0.35958258034947066,1.2570030203511595,0.696020677346336,0.43613910820346385,1.0162500660117628,0.8351162181260251,0.6706417745935138,0.9524579178455014,0.8507278594490282,0.7766922007437587,0.9292835538464637,0.8713160081742024,0.782369515715938,0.9196894872170395,0.8709611032604442,0.7473666379557073,0.8915535665942135,0.8695360031448742,0.11735408738966616,1.3382377644853254,0.609678707376276,-0.08681697768295463,1.2881562488968572,0.49464734274974326,-0.0919107189440663,1.429311858935964,0.290891060259215,-0.08343213750290226,1.4841530433756334,0.18236465319822154,-0.10799183374500579,1.4934089697084303,0.17495719891839406,-0.1468110050778338,1.4874372718580815,0.1919478429831452,1.5
0.2683469544727173,0.8516070866773888,0.6494622952434811,0.27851637773427423,0.3921161302561651,0.6466073921353094,0.2870871504793285,-0.058421685994526046,0.6749330869774975,0.2848210548581291,-0.022907967335764223,0.4524983725927958,0.3461980814620763,-0.04505270152420367,0.5019382817568625,0.2742166169140671,-0.1140555387603713,0.6909250137229218,0.08240015856814815,0.8595385931755413,0.6334859973022231,0.08360221154730957,0.39555385020310974,0.6049986129294513,0.100529964409053,-0.019130011386389922,0.6009156133028289,0.13588984127801873,-0.04947157171775805,0.4542629066057311,0.0621153271842903,-0.02339558039927911,0.47544700669428525,0.11215768556206372,-0.10131960860362643,0.6706737930220702,0.25521717361394386,1.3582123206662529,0.6516345033744597,0.3239832213652619,1.5956709653952221,0.6376134735482422,0.31026107935361896,1.4766856075928467,0.5562610344898828,0.35835980382404115,1.2571558394868623,0.6981538600645429,0.4334766702720467,1.0154350509245587,0.8468153799123037,0.6677140664289112,0.9544614132690341,0.8650973820726634,0.7742458547933462,0.9357234279535176,0.8763693363602989,0.7796654391921882,0.9274235443213896,0.8798176480950667,0.745743881085118,0.8993423121992622,0.8797445271252713,0.11697768518450445,1.337841128207875,0.609371479287098,-0.08497836001880493,1.2819830234221319,0.4934202697015737,-0.09080817721422249,1.4210155787634118,0.28673207717821114,-0.07489887088183717,1.4822544013676346,0.16708885736829904,-0.1003367249102061,1.4931535774130333,0.16084252060382312,-0.1368715494759018,1.484247276337279,0.17498776287528614,1.5166666666666666
0.26944779948567776,0.8504854541098387,0.6528821640364312,0.27912929589721197,0.39071160819613154,0.6495307927460311,0.2875190407988069,-0.056608885554516465,0.6745483505270833,0.2850298913548366,-0.022154562731195163,0.45237053610111166,0.3463563318566324,-0.04510224083210933,0.5024949669610898,0.27443030823456493,-0.11473725598003676,0.6922201334481437,0.08384401027615053,0.8595613980617772,0.6331462771717058,0.08390365115152382,0.39616020977870314,0.6047161900902811,0.10011858304945845,-0.01972939188514941,0.6018798793534629,0.13699851652915696,-0.04735975271150819,0.45263482569012387,0.0632932873189989,-0.021345555342367567,0.4728366605917697,0.11131530641431445,-0.10247579747549063,0.6720065148128157,0.25318674198617325,1.359408920620132,0.6521479529473957,0.32215721279927145,1.5973701063649401,0.6380557824105693,0.31090414093755714,1.4777720582109155,0.5565757198401107,0.3568130050210734,1.257299090772323,0.7011216132758703,0.43107718782946036,1.015108013782479,0.858497101282333,0.6649780335996793,0.9587642947013245,0.8788290209045935,0.7730230105445416,0.9401397986591132,0.883752690164076,0.7796834454532655,0.9306005179455917,0.892777325800598,0.7454943779447191,0.9057979557646751,0.8926959662148789,0.11670623383870454,1.3382724680001616,0.6089204826181989,-0.08335739557745414,1.2757216979527337,0.49137120053979666,-0.08937688436563751,1.4130683649928009,0.28203313095762145,-0.06848578704640762,1.4772093165286173,0.1553528464588799,-0.09364787574475784,1.4912290067003056,0.14801501842724285,-0.1274380421468904,1.4801225898612334,0.15876568636801244,1.5333333333333334
0.27070232262685534,0.8493186437811435,0.6567776553893726,0.2801060832371554,0.38939262430298827,0.6519208296463382,0.2879248287988113,-0.05513596891631871,0.6741414746787266,0.28511611462057107,-0.02187326608728031,0.45232484866597683,0.34613899238424795,-0.046046999869639144,0.5046623653889746,0.2746535811547038,-0.11533521559464271,0.6936427914143393,0.08563149615898802,0.859851583824409,0.6324656397551659,0.08461185837121654,0.39694496123110773,0.6042313728313976,0.09977868129186393,-0.020126756207206234,0.6027126737162591,0.137989518668589,-0.04530232356208182,0.4519002325552136,0.06450493898003001,-0.019235282953366704,0.47010514920125,0.11040814129097723,-0.1037644114454668,0.6734398138781891,0.25131946507060515,1.3604930644687445,0.652234173463303,0.3203207932141247,1.5987745697949785,0.6383838863879174,0.3112317006593335,1.4786374065009031,0.5563711170324637,0.35483903906812153,1.257489401609991,0.7050995871412287,0.42887271884712985,1.0151099533131365,0.8695988859057967,0.6626429200598778,0.965094985021033,0.8909630682927324,0.7728323398578447,0.944087566192318,0.8934211502511437,0.7821739436856785,0.9296717624169535,0.9107919950055983,0.7463496372070787,0.9109222808090738,0.9075367494541501,0.11658369964475908,1.339148930430492,0.6088314635704817,-0.08198844289013277,1.2696926325387792,0.488107124279197,-0.08785281332870794,1.4058720245391596,0.27731124668359763,-0.06453583058703909,1.469225036819704,0.14742200025809066,-0.08791523027808124,1.4867172797356112,0.13636291626366298,-0.11900344158147867,1.4747825956202962,0.1429662586227614,1.55
0.27203045738829557,0.8482468468994112,0.6608596715064468,0.281483110830462,0.38829055280447017,0.6536413455417212,0.2882917928062304,-0.05422604070906341,0.6738689253963198,0.28505327069186137,-0.02217612816484895,0.45234616706381875,0.3455220826976777,-0.047641377884195736,0.5078802851891978,0.27487908611969875,-0.1158537781216207,0.6950027752911877,0.08772394218236235,0.8603322250982184,0.6315388448855391,0.08580976264860947,0.39788042613797614,0.6034856927513549,0.09949738272914761,-0.020347362314522402,0.6034453469639632,0.13867725373761686,-0.04359821057683908,0.4520673971654864,0.06561656905579001,-0.01725512134498154,0.4675775497257906,0.10944769770407073,-0.10511683528868863,0.6747989199330641,0.2496813851703779,1.3613868022448896,0.6515241363184714,0.31875591248550983,1.5997925534331987,0.638511585828232,0.3111339234047598,1.4790891031547462,0.5560721375484763,0.3524037198985559,1.2577108527691905,0.7100250959665004,0.4268327570175552,1.015267886751912,0.8795823506213661,0.660703781879361,0.9726610479816206,0.9010795430999357,0.7730562971368851,0.949451101935505,0.9049579294854582,0.7860668074731167,0.9272587615644969,0.9329477800234668,0.7473131074064758,0.9149544479575106,0.9241846411669203,0.1164581620330832,1.3400784158405104,0.6095198939585283,-0.08070888295464902,1.2643757843350292,0.4831232032990631,-0.08641421634880081,1.3994507901480946,0.27295438947402917,-0.06254174643283013,1.4594265776534077,0.14234521525900212,-0.0834960299583678,1.4793700192119563,0.12640074280809788,-0.11191352657678466,1.4683052283555837,0.12687042371630392,1.5666666666666669
0.2733871454308861,0.8474311706210097,0.6647150818889208,0.28319572123063935,0.38749647708604523,0.654693918416834,0.28858072522059847,-0.05400317790027062,0.6739228160688447,0.28486334352972625,-0.022987442744980574,0.452413367314577,0.34470169634288483,-0.04936609975034787,0.5113182605170292,0.27507901515409006,-0.11630454902913608,0.6961722072093848,0.0901138643877727,0.8609417718175365,0.6303423659591028,0.0874565729854073,0.3988258941426635,0.6025946056297171,0.09927264037779343,-0.020441990713576566,0.6040646747437223,0.13894364306433232,-0.04256110359557159,0.45274509710176963,0.06648539183779238,-0.01566527191155094,0.4655830644670965,0.1084655074734805,-0.10654464591444887,0.6760509415578386,0.2482231663537073,1.3620270470429308,0.649936341547577,0.31758605522801386,1.6003403007716235,0.6385138446058287,0.31066886597589316,1.47916014221355,0.5559772435771085,0.3495660118004704,1.2578178085777012,0.7159249774192122,0.4250535574024237,1.0154462986366704,0.8881060629337516,0.6589672558614939,0.9806713678456394,0.9088367428799902,0.7730687634070168,0.9575927571526108,0.9178059201796931,0.7901973475936035,0.9272613588654227,0.9564146479914102,0.7472942128922766,0.9185524931544355,0.942426662149906,0.11613887522666433,1.3407049244203824,0.6106562718044782,-0.07900131260694492,1.2602288993096455,0.47572792149052945,-0.08487016357140675,1.3934161067323416,0.2688139686341379,-0.06127229166236092,1.4494151519846106,0.1384010452749716,-0.08093397133783639,1.4696467158160933,0.118934488684668,-0.10655353295899889,1.4609999245745773,0.1107241729498844,1.5833333333333333
0.2747609675780685,0.846944145505389,0.6680468496278792,0.28512589690609436,0.3870379186763757,0.6552005593698763,0.28874530383054914,-0.054392698755310574,0.6743771486921019,0.28460959457594265,-0.024065243920392276,0.4525017189192006,0.3440386253660242,-0.05076954374217027,0.5142140843503749,0.2752209957947859,-0.11665823357655103,0.6971064524996993,0.09282837985696356,0.8616631694362257,0.6287466351746099,0.08939993861206831,0.3995689565508776,0.6018125450218335,0.0991081968458958,-0.02046268860311634,0.6045387403875168,0.13889992362508333,-0.04216890528315836,0.4532571400252481,0.066995624006701,-0.0146950193965346,0.4643810915179359,0.10749339085049256,-0.10806548161183682,0.6772563879085822,0.24689443182758442,1.3624453431092916,0.6476800855253557,0.31665687677355003,1.600381837596676,0.6385444963313597,0.3098945541158669,1.4791787034474726,0.5559792565353142,0.34639498830970283,1.2576199819475122,0.7232112183530863,0.42363244667636324,1.0157205558649784,0.8950113534808,0.6572796078532303,0.9886161688670454,0.9142692261072461,0.7724992228433032,0.9687689984248845,0.9310401302085777,0.7937540565634325,0.9328504221543749,0.9774773247044709,0.7458051677052207,0.9226099722772549,0.9610545600673357,0.11567631714442464,1.3406877228985004,0.6113505113100833,-0.07623272929057043,1.25748295989846,0.4655042703178349,-0.08281033302019926,1.3871312887930118,0.26418552034962844,-0.05981209717250033,1.4403972705401842,0.13451442007502828,-0.08044513935384803,1.4585437845893092,0.11394644532378873,-0.10338101502025772,1.453128432810515,0.09597134793846931,1.6
0.27617841685930766,0.84677614290375,0.6707572414921904,0.28720047472979965,0.38689571944399337,0.6552822918494254,0.2887803684782641,-0.05517463459786642,0.6751830972762908,0.28436647912901825,-0.02510915834515963,0.45258424341233416,0.34375503297154975,-0.05169159246953775,0.5160602308354346,0.2752901891751022,-0.11683538153251491,0.6978155589398656,0.09588149263088215,0.862531458316605,0.626581393103743,0.0914803040995816,0.39997731268881365,0.6013652324476833,0.09900791662037167,-0.020440430294988196,0.6048422040308274,0.13888300967410144,-0.04192618795240309,0.4529799439279627,0.0671411937752734,-0.014372800417082901,0.4639911496026896,0.10653920396654785,-0.10961099121935929,0.6784369724690242,0.24571505639774022,1.362783740825035,0.6451336350993838,0.3156227883076439,1.6000417882613107,0.6384722338062035,0.30879010657055495,1.4795785497719218,0.5556303622297786,0.3429301592408156,1.257107754011734,0.7323131205609777,0.42255841672975314,1.016547808605504,0.9002630961635266,0.6557673095426791,0.9962609332237217,0.918382579111612,0.7712942982763809,0.9819223219794772,0.9440638335575415,0.7962972072980674,0.9447233030985418,0.9937498872920554,0.7430710740040589,0.9278040965325882,0.978419096936729,0.11536864488527646,1.3398495646514925,0.610818131732216,-0.07207923680263856,1.2560241381077841,0.4529370286208589,-0.07993728461829747,1.3800630293113205,0.25812747918783724,-0.0581434553196762,1.432488977531596,0.13031631003870456,-0.0815790586047058,1.4471906665405472,0.11012692328877466,-0.10241540418816092,1.4445523944688323,0.08434926801386292,1.6166666666666667
0.2777001613968694,0.8468985456639899,0.6729142992956337,0.28942974809357275,0.387065078682043,0.6549469512559378,0.28871947433529604,-0.05616711488237346,0.676273867353097,0.28418620127936955,-0.025897900585658995,0.45264092454918314,0.3437514761896755,-0.05223974809134813,0.516687607997741,0.2752889625476862,-0.11676939260895834,0.6983234024456824,0.09924260282988341,0.8636116514381451,0.6237409443498246,0.09366115675861239,0.400125972295083,0.6012584422397329,0.09897401224432163,-0.020381921127992017,0.6049645502441892,0.13920652755847712,-0.04121682205286385,0.4517017273889095,0.06706555229633576,-0.014454902813802392,0.46410203894709584,0.10559820732200868,-0.1110575202826783,0.6795280806438166,0.2446859869114758,1.363199702766339,0.6426972119179154,0.3141195822469868,1.5996143137138654,0.6377863633520293,0.3074271539521957,1.4806058991397335,0.5545456386111163,0.33926296863949357,1.2565397783431413,0.7429633790810883,0.4217436325490466,1.0186391687007168,0.9038648085952554,0.6547316848259885,1.0038829084006815,0.9225557111184006,0.7696730683765969,0.9950083910337632,0.957370699397098,0.7977091953713825,0.960979642108674,1.0052152417545388,0.739599266713089,0.9345587400029908,0.9931736565803175,0.11540833504670839,1.3383177470029706,0.6086206936583823,-0.06678197945581758,1.255248646487057,0.4395266226783566,-0.0762298917896578,1.372114223058719,0.2499016392253287,-0.05665390873388231,1.42481899767713,0.12504268135200008,-0.08343348504746737,1.436570741778086,0.10551589394984925,-0.10287129501283429,1.434875839372692,0.07640639996314241,1.6333333333333333
0.2793922771704273,0.8472806380390133,0.6746758783553217,0.29183707973542355,0.38759434454390823,0.6541184831108804,0.28859477542221923,-0.05732593081202587,0.6776123902987264,0.28409070182289387,-0.026337522135809435,0.4526612132097016,0.34378716693846645,-0.05262948656625057,0.5163094735095549,0.2752230802011648,-0.11646405920980003,0.6986393017015977,0.10286174051706169,0.8649397738790751,0.62029175928399,0.09602056309079049,0.400240463824708,0.6012928178875123,0.09900668407483373,-0.02028445692945191,0.6049046973562955,0.13994237910793483,-0.03978284289896976,0.44963433146120274,0.0669625431390117,-0.014603820091144804,0.46428536253896163,0.10466898375609118,-0.11229351273838116,0.6804497557048338,0.24367173044583745,1.363759024825623,0.6407113017703645,0.3118183249976806,1.599413256096628,0.6361229384222588,0.3060775460834483,1.482185945369352,0.552768887811226,0.33559004226163347,1.2562441244557618,0.7540211600590635,0.4210402093390992,1.0225675487109647,0.9060842938712953,0.6542166303637089,1.0123968480268335,0.9274763829272398,0.7679904298564731,1.0058678506667638,0.972064794240973,0.7981971027703002,0.9782737489872088,1.0135653177753878,0.7357469649323883,0.9431213279670739,1.0047476932203196,0.11567043515533379,1.3363458234820156,0.6046658666388205,-0.06097928789287392,1.2541787739193635,0.4269829964965075,-0.07198953338528619,1.3638091788755702,0.23919845868129985,-0.055725217422420384,1.4161088756155493,0.11781650047171646,-0.08522476778616953,1.4275131029340684,0.09850613666272778,-0.10356104555277604,1.4241897994310735,0.07062807077749686,1.65
0.2812829364765311,0.8478767662379728,0.6762192046400639,0.29438564546345114,0.3885408263680307,0.6527548325786086,0.2884285807736526,-0.058685212305474174,0.6791583203630649,0.2840758053544688,-0.026455068176403217,0.4526431456166041,0.3438048575273107,-0.053026520486851025,0.5153937037408551,0.27509317511316356,-0.11595419129086255,0.6987619241630164,0.10670218599834237,0.8664799062821984,0.6164716509855193,0.09863943383507828,0.40050319610367835,0.6012732109468146,0.09910349897649137,-0.020149050914926192,0.6046636709176539,0.14095603993925265,-0.0377939681679346,0.447151301172063,0.06693211734851959,-0.0146488631780336,0.4643244320300445,0.1037538681750004,-0.1132405540191133,0.6811907015700734,0.24244077173550083,1.3644244812027926,0.639418302442095,0.3083562936534263,1.5996533713718586,0.6336383628392638,0.30497917131987073,1.4840156652947236,0.5508007981829692,0.3321579635231175,1.2564152758472842,0.7641201651531107,0.42028589870920663,1.0285093800106995,0.9078719744739757,0.6537765440165333,1.0226816441493094,0.9331065246090557,0.7665288295508876,1.0135290574219424,0.988786377588032,0.798111747822871,0.9934658659278179,1.021132501202084,0.7317577175668284,0.9533604234816615,1.01342894340814,0.11583928729826584,1.334034850459678,0.5993738948613685,-0.055328651175945785,1.251860114875144,0.4164033164629162,-0.06774739891572636,1.356052140891834,0.22620383669178482,-0.05559732196694066,1.4053543275079818,0.10872104797865376,-0.08650937422029778,1.4201101771775928,0.08858333570427263,-0.10343135092599998,1.4131271636576843,0.06490519496593822,1.6666666666666667
0.283337017739559,0.8486290610425754,0.6776876758018264,0.296980664578346,0.38984776083212885,0.6509591467557245,0.2882693708280903,-0.06023225187254895,0.6808165617142904,0.28411097555639026,-0.026387794784843696,0.4525982710741475,0.34397019227102354,-0.05359406851801224,0.514515932069818,0.2748965470986922,-0.1152377270064659,0.6986900997223828,0.1107238759578236,0.8681376420941239,0.6125498035040344,0.1015330444403187,0.40091918070204247,0.6011533321380793,0.09926124042751266,-0.019980384239994528,0.6042423805560767,0.1420494438338808,-0.03558282202593035,0.4445713525504447,0.06696343498345428,-0.014615229153198767,0.4642570615412984,0.10286372885055818,-0.11386549130031949,0.6818026745520691,0.24083418677523974,1.3651348413221431,0.6388540783431518,0.30339951557232425,1.6004660124423844,0.6306219542614573,0.3040153999782148,1.4857524552496684,0.5492503577648946,0.32916437661893905,1.25718178026146,0.7722647706149552,0.4194954346390545,1.0362909892183048,0.9104666135955374,0.6526977771848568,1.0346692163003948,0.9394022275918488,0.7652569267180834,1.0190822949313185,1.006983369424551,0.797487549402822,1.005166222170207,1.0297846573363805,0.7279820885660613,0.9649016592126207,1.0195397722754511,0.11560927644504546,1.3313799102588757,0.5935870404063517,-0.05033791771173678,1.2476136584683633,0.4083169232082967,-0.06401325110567002,1.34945134618227,0.21166309322248616,-0.05623540490020493,1.3924472264091128,0.09880099466370518,-0.08703861323679501,1.4130320110868742,0.07642641934531125,-0.10177591109255714,1.4019814946857256,0.058542983489222294,1.6833333333333331
0.28548012145055685,0.8494534661784802,0.6791859805624105,0.2995214063748864,0.3912769709827292,0.6490238112330143,0.28820617515692676,-0.061811557816083815,0.6824401644055071,0.28415461245139,-0.026300135412930158,0.4525490682793591,0.3444044463810413,-0.05457412421803446,0.5143017917731628,0.27463603422631744,-0.11430523939955375,0.6984188417416066,0.114858712786996,0.8697969373884019,0.6087050246155962,0.10463359816411937,0.40133126157088606,0.6010369500706276,0.09948057712541936,-0.01977572675465028,0.6036437072654843,0.14303151894552996,-0.03344174009441703,0.4421123026730965,0.06701375351417357,-0.014580618471153398,0.46418942211324044,0.10203212139070586,-0.11421178456079352,0.6823304110997929,0.23887172462384476,1.3658670664351285,0.6387675026329339,0.29691259824325433,1.6019216804491965,0.6271010330436373,0.3027074624144901,1.4871503626693294,0.5483593561960185,0.3266723033796361,1.2587257723611918,0.7777005552265704,0.4189427079404886,1.0455352360958656,0.9143527257305768,0.6504546654316031,1.0471574631866774,0.9469034888921328,0.7638315499912268,1.0248137260889503,1.0251877293168123,0.7958928772846263,1.0139896686344885,1.0404532609798642,0.7248067799502906,0.9775195737864371,1.0232567467462794,0.1147773226998292,1.3284981893164114,0.5881328848259766,-0.04640852232922979,1.2411522849356003,0.40300322421411217,-0.06110937806205189,1.343820841595896,0.19673044536619724,-0.05749708430328323,1.378180199056942,0.08943385777866494,-0.08675688769392874,1.4043670380867856,0.06331336948664529,-0.098801508209237,1.3902945271283969,0.05183299033640945,1.7
0.2876565391164799,0.8501962175056526,0.6807935352757144,0.3019482496021165,0.39254468477183563,0.6473041108568999,0.2883075542852299,-0.06315654247600934,0.6839425930022693,0.28418336798626587,-0.026269390217082335,0.4525160230150537,0.3450292543670317,-0.056113654886650335,0.5152303589293595,0.27432509724088594,-0.11319921859171551,0.6979371651989461,0.1190149714728865,0.8713450481462434,0.6050479033789811,0.10779129716939448,0.40151360088736493,0.6011361262588834,0.09976611375885974,-0.019509109914908673,0.602877460376131,0.14374822539366308,-0.03165592879764971,0.4400274781387366,0.06705834409413312,-0.014591310486878534,0.4641780118033999,0.10131118440380173,-0.1144016423991114,0.6827694110896547,0.23671367654127362,1.3666096968938206,0.6387885559182754,0.28925963246720376,1.6039581276949064,0.6230708537122819,0.30055227398202544,1.4880783994511304,0.5479319495409516,0.3246194053259258,1.2611724820360635,0.7798437590329195,0.4189367979052616,1.055635013850153,0.9190954609642935,0.6471374698320094,1.0586283284808127,0.9563185240109604,0.7622383576962659,1.0323094130094859,1.0418798316044886,0.7932436151296645,1.0215384224315252,1.0531601827951182,0.7226409727673344,0.9911438968736315,1.0256492650719948,0.11320890155894206,1.3257027602596931,0.583492914332641,-0.04378119890004943,1.2327177847197293,0.4002760939925475,-0.05916896355366296,1.3382177134429014,0.18257873228962673,-0.05955861245557932,1.363427567533323,0.08202434052822294,-0.08597728486430808,1.3930065340525728,0.05076773602244619,-0.09640632596697919,1.377239397411213,0.044932529734794946,1.7166666666666666
0.28984689067186276,0.8506718769009733,0.6824613505512874,0.30425682656075825,0.3935376970574397,0.6459901032428553,0.28855574868799866,-0.06406236859798989,0.6853670749614954,0.28420000442734145,-0.026276712614375704,0.45251020546113024,0.3456864026494252,-0.05808223812547473,0.517321877042779,0.2739831617251951,-0.11198647002054904,0.6972293718154673,0.12308266007157484,0.8727091801908899,0.601664634236817,0.11084269557898868,0.4013127274234359,0.6016319333047826,0.10012041897490846,-0.019128114470045254,0.6019605360319092,0.14414166882479332,-0.030614956030771773,0.43877916488209984,0.06709372887250283,-0.014658884240011008,0.4642269287206002,0.10073755227521825,-0.11456519742780125,0.6830689965055198,0.2345493889135045,1.3673072094726093,0.6387009880519176,0.28097318497104423,1.6063179726928143,0.6188578519679548,0.2973718146076784,1.4885039638628528,0.5476496715222854,0.3228627456680499,1.2644291823409344,0.7788804138485658,0.4195334135075872,1.0656057295056258,0.9242040701966141,0.6435219412044111,1.068505738225313,0.9671640801945116,0.7614367462555989,1.0418474427905953,1.0554736852783484,0.790616945951552,1.0297059086868852,1.066157753147263,0.72210803399682,1.0058538529146723,1.0281826651169084,0.11082132497098031,1.3234088355009377,0.5795652314964874,-0.042317138276196195,1.2231433349134375,0.3990765570829355,-0.05825942895189474,1.3313761941763482,0.1702467624263363,-0.06296998276559695,1.3484741933298712,0.07784766968398085,-0.08547865912827626,1.378717952257256,0.04071549499850283,-0.09745301735775921,1.3621844546948225,0.038301817790388326,1.7333333333333334
0.2920370146535504,0.8508148306590066,0.6839390906639495,0.3064729676981319,0.39434239435144014,0.6450551232009148,0.2888775081832142,-0.06452450919228528,0.686737290969078,0.2842165466235975,-0.026279429091874383,0.45253203426846944,0.3463192110059401,-0.06016331358002848,0.5200052094878229,0.2736271148213472,-0.11070617844432452,0.6962778335068082,0.12695024391715343,0.8738863490403047,0.5985750577100253,0.1137428602981206,0.4008387478190153,0.6024127970745392,0.10053788415677228,-0.01858296792646169,0.6009072267147726,0.1443017068510522,-0.030664941946634564,0.4388439184873178,0.06712630690175306,-0.014770876557128887,0.46431522920342666,0.10030256270126485,-0.11473563275053857,0.6831488975715719,0.2324924204975532,1.367860819513105,0.6384916476119236,0.2725350746799207,1.608649669472009,0.6151171178051222,0.2933384754801789,1.4885527883280543,0.5471380821183793,0.3212122846596944,1.2682129884233688,0.776011199750648,0.4205527482274635,1.0742606161422519,0.9296618380434807,0.6406345582946318,1.0775356264315727,0.9775658769180098,0.7627343885600602,1.0532363775998483,1.0639510830337866,0.7895625587207482,1.0404087475779065,1.075602799468629,0.7238206572415977,1.021819317537626,1.0309097047299645,0.1076921568360632,1.3219000250215232,0.5757105088278225,-0.04145156849293903,1.2137525491948327,0.39773058143877504,-0.05862160273309839,1.322300370701214,0.16080114404994822,-0.06800711446503202,1.3332931974583617,0.07749006676517559,-0.08634846943451413,1.3616409291401157,0.03475843375212251,-0.10364463589708803,1.3450984231323693,0.03319881149574119,1.75
0.29421234580359135,0.8507676295838429,0.6849590831921899,0.3085878946922468,0.39508086604630754,0.6444117645534564,0.2892281161234814,-0.06469842212674515,0.6879117903393391,0.2842395958982441,-0.026256514758444482,0.45257120928228,0.34700593846282796,-0.061982219957370896,0.5223602675847814,0.2732600300052686,-0.1093835848152734,0.6950913226936226,0.13054562287909016,0.8749073482898673,0.5957188330745881,0.11659973218813979,0.4004840922692352,0.6030260955670516,0.10099319038802032,-0.017875269201211713,0.5997424768936681,0.14442891539821384,-0.031772437264430575,0.4402327366485062,0.06716272117856656,-0.014899872677046885,0.46441518367658824,0.09996814774810898,-0.11481900982107851,0.6829358500145866,0.23057497693058115,1.368185110258288,0.6382232774083205,0.2643688273488121,1.610682091218955,0.6125150981909042,0.2887578856570482,1.4885439673662773,0.5458034062968724,0.31956299683177786,1.2721603890937974,0.7726311505418144,0.42204510402547146,1.0809576540271555,0.9351361597156066,0.6392719719360582,1.0871186522787166,0.985472638623965,0.7664299940072943,1.0664256724181984,1.066159547112394,0.7906305760959104,1.0547929470964945,1.078111527509414,0.727966292840469,1.0387358314930881,1.0327594905469029,0.10416159384827778,1.3210934246055084,0.5713149923685501,-0.040500229769858245,1.2059653201402094,0.3949550104403343,-0.060719293539891646,1.31063243217103,0.15513979787381446,-0.07417568267281546,1.3179698108876854,0.08014971565571641,-0.08950653469558298,1.3422841081670323,0.03281095129424158,-0.11446893819148374,1.32641746078926,0.03109361365941371,1.7666666666666666
0.2963780868886663,0.8507627143396443,0.6854661346272102,0.31054643608317417,0.39577576813412196,0.6440238240855055,0.28961733580380944,-0.0647373264075192,0.6886814251545377,0.2842674812275632,-0.0262144450174651,0.4526144948071598,0.34783699317681027,-0.0630824885655813,0.5236000123804926,0.2728780209261507,-0.10809191954967642,0.6937681861917971,0.1338413978161613,0.8757747969444556,0.593057010116486,0.11953696156797691,0.400622649957585,0.6030169513854345,0.10142715340202423,-0.017094302662185493,0.5985632012405695,0.144699424325443,-0.033531537420670374,0.4424585679051776,0.06720634023617038,-0.015018117353964577,0.46450425918727734,0.09972230110839411,-0.11473468031566736,0.682452947218477,0.2288441693522973,1.3682815770806653,0.6379362758329331,0.2568447232421889,1.6122722893146277,0.6113564613102204,0.2839609366547754,1.4888490907850083,0.5430410844833538,0.31794969942240736,1.2759316255240707,0.7693936925399258,0.42466640243126635,1.086405286133071,0.9385419734031661,0.6398643344704082,1.0987276273393438,0.989167795154367,0.7714992905232403,1.0813052814802748,1.0637539179292634,0.7929764617643774,1.0724887396158629,1.0738309007458233,0.7342761792627188,1.0556340413629755,1.033472012172744,0.10075241213696542,1.3206106665681911,0.5661036341627835,-0.03902510751346132,1.2006931798303042,0.390714699101659,-0.06491133035143046,1.2965999283272378,0.1534443108379514,-0.08062849355609611,1.3024589547469494,0.0837908806021257,-0.09520173103147737,1.3215950925859774,0.033226306533792827,-0.12793775029875726,1.3065392536643197,0.032946829498512464,1.7833333333333334
0.2985440079436229,0.850930868704761,0.6856120849691776,0.31234014477005023,0.3963620401112681,0.643898349007193,0.29007143234148053,-0.06462951480434283,0.6889235049869168,0.2842922538755467,-0.026184346821524644,0.45265693764880627,0.3488134602117232,-0.06298793218347176,0.5233359860053742,0.2725209500577153,-0.10698152839935515,0.6925183672628354,0.13681162992837922,0.8764478059922867,0.59065162982259,0.12257259026667994,0.4013395593158451,0.6022281486082759,0.1017626680918489,-0.016405231290887792,0.5975604930222298,0.14514874590183485,-0.03552161459248124,0.4449898161319182,0.06725645529206363,-0.015111452542247716,0.46457171741043346,0.09960600331708565,-0.1145769953708099,0.6818786381867212,0.227324826534325,1.368256091159074,0.6376239561012247,0.250201744446516,1.6133568406540095,0.6115713128501561,0.2793486748448355,1.4896616804043419,0.5387946515281432,0.31636430309928815,1.2793694975194922,0.7661478915188997,0.4291551278592163,1.0923234205622268,0.936750935583414,0.6424516972794301,1.113411536199282,0.9874829041790577,0.7765058151697803,1.0974097885460141,1.0600836694026425,0.7953456750795764,1.0919585243411642,1.066024119119552,0.7420668816575755,1.0716956678110294,1.0342263580516367,0.09791111831991597,1.3200594084567165,0.5600499810832676,-0.036948750672729014,1.1979837335028911,0.3861251685070678,-0.07113104563987707,1.28086892981043,0.15513624462329137,-0.0869549829059958,1.2861549059621316,0.08668145074793596,-0.10305357104418292,1.3007235224712579,0.034434054969159966,-0.14173325668619816,1.2856855408870598,0.03879637657145055,1.8
0.3006755508283731,0.8512830439304118,0.6855640293436818,0.3140434506105695,0.3967717654434592,0.6440502313382835,0.2906058560016019,-0.06415463440075621,0.6886310917001182,0.28430336138510937,-0.02621085267802474,0.4527009863862494,0.3498697118032976,-0.06144390878757383,0.5215406460706797,0.2722841779320412,-0.10620520737385264,0.6915411556855037,0.13941439920060575,0.8768775574004606,0.5885773251545967,0.12563721010108317,0.40250096970198845,0.6007448789792905,0.10195477693558459,-0.015963765654427045,0.5969083388855443,0.14569048294341325,-0.03749174943645142,0.44749802243873843,0.06730689925881832,-0.015172121063104838,0.46460509294357194,0.09967609345359334,-0.11450693775985624,0.6814035852404701,0.22582998033282717,1.3682272415706216,0.637269847822155,0.24452846962264937,1.613944089544478,0.6130389705330106,0.27532727606387586,1.490874808298211,0.5338789727986397,0.31466995084597543,1.2825778020571887,0.7625786597278844,0.43532098327710816,1.0999145453389851,0.9289480782004068,0.6465760528200906,1.1309878670641185,0.9809773100611336,0.7804583867421612,1.1141988909397669,1.0569180851719389,0.7970545852094597,1.1116427867364034,1.057979962079634,0.7502839181756435,1.0870289564875297,1.0363830187791683,0.09576303837800432,1.319098994271201,0.5537076249087116,-0.034416435159875323,1.1971358423907912,0.3826599994702573,-0.07887540322437732,1.264470844669439,0.15927460899798848,-0.09332647071362596,1.2681706839445854,0.08872493704058268,-0.11246061817173458,1.2805741436482274,0.03602013625866249,-0.1538414815625781,1.2642501953290113,0.04769319089780205,1.8166666666666669
0.30269611122535917,0.8517998834344782,0.6853704016446635,0.31572399596576955,0.39698473905879766,0.6444468496459245,0.2912275583915177,-0.06303468101106396,0.6879100408573511,0.2842986349681511,-0.02630591515231708,0.45274529409574965,0.3509194558956028,-0.058647891074473345,0.51864168140577,0.2722255242701295,-0.10581314858173763,0.6908724845758291,0.14163560752604182,0.8770612040827648,0.5867815171804832,0.12862420175748598,0.40396232626500617,0.5986997230106657,0.10201565576655656,-0.015829739000393986,0.5966443778294525,0.14620674738620337,-0.03927663790553521,0.4497620382077978,0.06734398507481308,-0.015172571170025767,0.46456292671766175,0.09994804886584763,-0.11451289431481619,0.6810219089261004,0.2240449371715968,1.3682322266637337,0.6368904341430572,0.23979533794289107,1.6141532568600303,0.6155055304752314,0.272128010042004,1.4921681297825227,0.5296590495211617,0.3128224640972908,1.2857863739068038,0.7587091223936984,0.4419208263570739,1.109054856574651,0.9180806358336833,0.651243963212258,1.1498370851979693,0.9722976318844094,0.7828708648501743,1.1316373166203622,1.0537182188193488,0.7978440546610728,1.1309184391023652,1.0509327820297518,0.7577828366219812,1.1025205951392987,1.039847091534904,0.09408794974659657,1.3173375790456092,0.5484061278556752,-0.03165755639127232,1.1969973404656968,0.3814400861871718,-0.08734843648501138,1.2485113363586176,0.16475418464506378,-0.09988299598321337,1.2484443976887007,0.09060039307698733,-0.12266211426915102,1.2612913533492265,0.03829904470269874,-0.16283249589695403,1.242958951484876,0.05840835163008684,1.8333333333333333
0.3045646926261704,0.8524182429730183,0.6850382423986543,0.31738142416793325,0.3970169500730309,0.6449777707950348,0.2919328089676527,-0.06117948685188137,0.6869670540039617,0.28429840156554426,-0.02638364553553598,0.4527778299617964,0.3518219682946485,-0.05534152226329397,0.5157282258696142,0.2722969846914054,-0.10574737032706216,0.6904201682057167,0.14352789847686065,0.8770506681144916,0.5851244914765003,0.13140858676191758,0.40566117443619676,0.5961759637906154,0.10199287981120739,-0.015971424159899175,0.5966937650621404,0.14659999967814968,-0.04069704084548503,0.45154915603884355,0.06734793557141,-0.015058695337929195,0.46437334000745545,0.10036816617449688,-0.11441212642227706,0.6805701317772105,0.22188976001656574,1.368245681944587,0.6365118883312,0.23589501414598565,1.6142048188234397,0.618183966017414,0.2697211606278528,1.493235635634661,0.5272097195778209,0.311038975787288,1.2891843251882305,0.7547670032287296,0.44761315790400663,1.1190378359325523,0.9081005273481793,0.6551668917041445,1.1678204537519061,0.9644977280515168,0.7834281908895389,1.150221886400967,1.049451598363737,0.7972599347437925,1.1501439570212202,1.0446672743433472,0.7636200276881404,1.1191620552957011,1.0428518750942444,0.09253530303810678,1.3144565962276031,0.5453529373661363,-0.0290281917134855,1.1962376799679286,0.3829430573634591,-0.09560211846975519,1.2337697948648054,0.17033406952588148,-0.10632042097656372,1.228315354388875,0.09214032292263369,-0.1326830920182949,1.242433879402803,0.04137016559175585,-0.16828084781725827,1.2225074677615444,0.07019297101319544,1.85
0.30632089275013136,0.8530042817843289,0.6846626178148634,0.31896104527024255,0.39688761317055127,0.6455272798775401,0.2927023835199475,-0.05880446321902958,0.6859862110543136,0.28433912405806194,-0.026281336825414017,0.45278210561130683,0.3523529363609069,-0.05255202013944543,0.5141355899802376,0.2723923745558782,-0.1058940300802438,0.6901172464527676,0.14517314719577992,0.8768890417288295,0.583575479116381,0.13388672311473523,0.4076064529098765,0.5932221282316216,0.10195350722867438,-0.016304199744124934,0.59692442424216,0.1468181326567303,-0.041563872739879215,0.4526261571748531,0.0673130254565292,-0.014821750601617611,0.4640294151140539,0.10085004593468541,-0.11403299911221632,0.6799256577752867,0.21961026412853935,1.368254005279997,0.6361030069252773,0.23272219644836334,1.6143163238568627,0.6200066823492425,0.2678260344499159,1.493939081510701,0.5267215170794428,0.30962893998270197,1.2928545844977317,0.7509028010638358,0.451786723246003,1.1295172832704223,0.9008674876885971,0.6573745765089036,1.1833442066331188,0.9595241729694807,0.7819937031292808,1.170186593643284,1.0438497679954293,0.7947937839021002,1.169777287959516,1.0393091626773074,0.7672172552736825,1.1374891074270475,1.0431746370449329,0.09084413703616201,1.31046896714821,0.5447425266666603,-0.027027044722447616,1.1937424216670007,0.38699721196122006,-0.10267932302785332,1.2205679889181653,0.17466274802299825,-0.11221383457583797,1.209576415115504,0.09238784083712144,-0.1416908632016203,1.2238750669462115,0.04490039580758923,-0.17127978483891326,1.2031489191276161,0.08247572793282526,1.8666666666666667
0.3080417788582273,0.8534272357959555,0.6843856198907323,0.3203849654412328,0.3966215330174393,0.6460303370222541,0.29350696269512233,-0.05629468402841078,0.6850017463748425,0.2844459115865189,-0.025882712390144044,0.4527517741964789,0.35232219159950584,-0.05096361242508804,0.5144457656224212,0.2724278917959407,-0.10612421112804257,0.6899797454997715,0.14662961458125648,0.8765661252469686,0.5822903913587364,0.13603177960231655,0.4098161310617448,0.5899305122263149,0.10197791036578642,-0.016698222061637444,0.5971637225321514,0.1468847439766151,-0.041805098050742,0.45292061245074355,0.06728200457992202,-0.01461992680395037,0.46374742310555134,0.101351268254594,-0.11332507827448388,0.6790882498749659,0.21748904752639509,1.3682907208492994,0.6355491995075486,0.23018417693504295,1.6145807843155406,0.6203680615243956,0.2660044699060374,1.4942673547331302,0.527720529129613,0.30873467778144803,1.2967467489930316,0.7473425697351518,0.4545190943201599,1.140488421196755,0.8962052508634244,0.6578211944734484,1.1958860069982271,0.9579957110629131,0.77912648627189,1.1907835999442038,1.03720661718322,0.7907658261853275,1.1896272435294566,1.0353646206846896,0.7685330680541039,1.1573734585956734,1.0390512106811804,0.08884367505991311,1.3057434975040931,0.5460358235787084,-0.026089323448565717,1.1890448227568966,0.3928004380148653,-0.10787269671039268,1.2087950459992458,0.17657171564965524,-0.11773694766188361,1.1930038722235445,0.09095829517658076,-0.14954840823228893,1.2057977465919785,0.04893856985653061,-0.17420627382217352,1.1846904201284805,0.09433150837397157,1.8833333333333333
0.30976639530582395,0.8536267498040634,0.6842820394127557,0.3216241539809159,0.3962586230693873,0.6464461900912931,0.2943096996629242,-0.05396080691067169,0.6839508265580465,0.2846183576527369,-0.025191007993986526,0.45269649072290624,0.3517716931891367,-0.0505642805528584,0.5160903486664206,0.2723828569507309,-0.10635604577246618,0.6900401284881272,0.14793475789681743,0.8760445266739932,0.5815004409273985,0.13790719060823414,0.4122255649467652,0.5864990584126022,0.10211836743219477,-0.017015147287360297,0.5972937749130652,0.14690325516925998,-0.04157650873731006,0.4526556514792492,0.06733978805074989,-0.014751718884090798,0.46392836339279303,0.10189730523932945,-0.11234744712038135,0.6781261267622929,0.21554493480103248,1.3683941041054937,0.6347625569249133,0.22811591645166862,1.6149471957529,0.6194133616379012,0.26385283963919076,1.4942326069881704,0.529602067652759,0.30826760310839085,1.3007003068458867,0.7444875377916343,0.45609021616857326,1.151648521249574,0.893755764591874,0.6572911171430031,1.2059997573764791,0.9593639878288346,0.7762456595575475,1.2105968053230094,1.029582792666116,0.7866844259752926,1.2089788829575603,1.0323168237474294,0.7680734347310456,1.1780914637263264,1.0294466456893163,0.08634644353649033,1.3008189821465084,0.5486482331445452,-0.02633351852031683,1.1824058508573387,0.39904661460360347,-0.1111991972763203,1.1979472149381878,0.17590575309477208,-0.1239937065908823,1.1778542503537182,0.08909500119790634,-0.1569933723026844,1.1878410308709115,0.05455637431722907,-0.17915847778272787,1.1668957737475176,0.10481758773883389,1.9
0.31145655987035886,0.8536010433572215,0.6843563443348517,0.32275853058459186,0.3958247872888874,0.6467630241875495,0.29506684455597004,-0.05193979796132578,0.6827971295016206,0.28484093089277834,-0.024285394700656507,0.4526319432927797,0.35102049248620426,-0.050920909791977206,0.5179556511137023,0.2722826947706637,-0.10658896376988504,0.6902539612273393,0.14911053950766615,0.8752771740324947,0.5813968622738545,0.13962213478148142,0.41466973828404224,0.5831796640008562,0.10236088673349383,-0.01718929503242969,0.597343192161391,0.14699907558971112,-0.0411306165091632,0.45218167377034546,0.06755036462188138,-0.015434699308479155,0.46486247266760017,0.10253193228719334,-0.11120285785500703,0.6770996326368395,0.21343790754039832,1.3684934571186294,0.6339461922552811,0.22624270803994778,1.6153369836930154,0.6177187504982811,0.2611495202343072,1.4938581230788526,0.5318228878239954,0.30807225905596947,1.304467120256,0.7425292393716095,0.45681550309749885,1.1623240323990747,0.8934423449991354,0.6566606245459914,1.214835076412132,0.9624558579581912,0.7747230857177605,1.2285118356665221,1.0209078810906678,0.7842551512147553,1.2270229182584365,1.0288745374734523,0.7666006299103876,1.1984712974172005,1.0147249838812036,0.08318018663411507,1.2962041625005796,0.5522410911139595,-0.02747139962599222,1.174514175260972,0.4044261416752512,-0.11368160056559704,1.1873225230870967,0.17400244814428778,-0.13231350872552672,1.1627400443890064,0.08930139308573773,-0.16507721797101002,1.1693127961143304,0.06290591088713296,-0.1864763684263161,1.1498667476269262,0.11343225992482668,1.9166666666666667
0.3130429899153104,0.8533773556766872,0.6845373934021346,0.3239034088898602,0.39532589155228137,0.6470070288506808,0.2957391399232795,-0.050248418159376945,0.6815565129736344,0.2850941652384148,-0.023260491520607655,0.4525686151593351,0.3504666437496169,-0.05151282129092553,0.5191705815874668,0.2721503295349224,-0.10685402758485525,0.6904832823545938,0.15016226061815924,0.8741969717176956,0.5820675576045986,0.14125046687342255,0.41695169245138347,0.5801805388654337,0.10265520152235547,-0.017268481786983397,0.5974072425664992,0.14724017076891133,-0.04059608011229984,0.4516605972597706,0.06791114170877745,-0.016660621477043752,0.46653682004430286,0.10327341444039807,-0.11001246112231136,0.6760198315815783,0.21065285681996063,1.3683495142825501,0.6337137457466462,0.22418232799027227,1.6157565604766697,0.6157455606130083,0.2578711056524744,1.4932317960324062,0.5339091263434428,0.30812670253387925,1.3076744051502551,0.7412045246552273,0.45735614446713646,1.1722277702511885,0.8940602461424793,0.6564522480105832,1.2237596973794327,0.9656708872707462,0.7749574751829016,1.244312339454577,1.0121405239014392,0.7841304207741342,1.2432829629999411,1.0244221825893862,0.7648937885180215,1.2171623883029907,0.9974249967891982,0.07935860859050939,1.2922243146608061,0.5566345269094964,-0.02896416726658954,1.1660970879897656,0.4082351690487189,-0.11685882008675923,1.1762916156565262,0.17287674390808505,-0.1431735497104286,1.14692572318381,0.0935095158059077,-0.1743122529042868,1.1502959704545317,0.07381941197917843,-0.19510075468879443,1.1340086858835667,0.12000989748325554,1.933333333333333
0.3145126302710154,0.8530262129325368,0.6845926451870887,0.3250834481260732,0.3947873594586153,0.6472031924102355,0.29630380805253387,-0.0488476403707056,0.6802659797478341,0.28534814798131064,-0.022242182821787033,0.4525149419498364,0.3503592818856711,-0.051828854796793,0.5193952099666556,0.27198577466573964,-0.1071652703345417,0.6905884366085145,0.15111663794084437,0.8727480284942213,0.5834467658651443,0.1427734987740385,0.41887609309322377,0.5776515100348292,0.1029734854289554,-0.017362586673728156,0.5975259333351637,0.14761118234301263,-0.04002396670260917,0.4510190835656135,0.0683671523964705,-0.01825854669752633,0.46871638607493527,0.10411658876709101,-0.10892709668122655,0.6748579930671968,0.20689640259950265,1.3676669170453404,0.6347365273214398,0.2214475096793787,1.6162426667711547,0.61346567232429,0.25408695714109775,1.4925236670592832,0.5355090193055176,0.3084405328061797,1.3099453515283177,0.7400307862212068,0.45882932883442223,1.1819931444829035,0.8926051571299768,0.6570914443286198,1.2342222754115308,0.9664250551352604,0.7766459485885425,1.2584809530491874,1.0051008456654809,0.7859428692099049,1.2580620550102883,1.0188933267076752,0.7636486602448997,1.2331667050734127,0.9817332961539863,0.07520616324869596,1.2889585154839378,0.561504709030547,-0.030315658475713804,1.157650779276068,0.41060838868875277,-0.12183466563936113,1.1644103645578514,0.17406848848713172,-0.15593200423988515,1.1306323683909585,0.10174177381100534,-0.18440341703762703,1.131824446526653,0.0860255020809556,-0.20388106351207147,1.1195891313746165,0.12491066693592154,1.95
0.3159203197831854,0.8526517913527458,0.6842141553817114,0.32622413236297887,0.3942668829507308,0.6473547821418356,0.2967571910814594,-0.04767253098897864,0.6789709282004366,0.28554829689443195,-0.021448815068526902,0.45248861605497714,0.3507481116268003,-0.05156190494568893,0.5186049934552162,0.27177350147658613,-0.10750954839154496,0.6905253419391651,0.15204990172717428,0.8709537940027196,0.5853229322110778,0.1441044788786388,0.42027956230498126,0.5757059924290725,0.10333168855007388,-0.017536978120679184,0.597685864882842,0.14802019486269466,-0.039605864071532444,0.4502105863148667,0.06884613895510783,-0.020004496455669415,0.47108725547941926,0.1050417895525965,-0.10805274105698204,0.6735938105335276,0.20230042116663832,1.3662770788259289,0.6372449271002367,0.21759738124714673,1.6167310051975128,0.6105026338601796,0.2498305908440218,1.4919112303193178,0.5364410057313347,0.3087765321929291,1.311214961052875,0.7386214004689153,0.46211775621004303,1.1925226579663584,0.8865253766573584,0.659175106952884,1.2470605115032132,0.9620902033915588,0.7796332140168933,1.2716046875010378,0.9999694462318625,0.7893244940249733,1.2722468229951602,1.011561879775593,0.7633594538966266,1.2463772113662448,0.9713347022426858,0.07122098241785105,1.2862654679314414,0.5663846358111542,-0.031235545737386607,1.1494020998205612,0.4122760335381205,-0.1287508639538245,1.1514489089784397,0.1783764679030204,-0.16943360542537583,1.1142047063071638,0.11291078614849608,-0.19478205327136983,1.114691380953887,0.09870826854281058,-0.21219627702087943,1.1062122571912787,0.1296447328953448,1.9666666666666663
0.31732190713616826,0.8523145574666159,0.6832942569573104,0.32723745196095994,0.39381429859766565,0.6474567220324482,0.29712185546036435,-0.046633816016558055,0.6777200984566015,0.2856289008469314,-0.021146965945340775,0.45251306596013746,0.3515321229239753,-0.0508305698679162,0.5168746703196025,0.2714954641162662,-0.10783431961886761,0.6903434646260261,0.1530514513270391,0.8689284235319955,0.5874282504607204,0.14515093048072228,0.42111798836491593,0.5744128827851858,0.10376197262651281,-0.01777250887618162,0.5978692377399298,0.14829168504713341,-0.039715374541964,0.44949158033107534,0.06927823891960487,-0.021661881218256046,0.47331690021159695,0.10600539570945962,-0.10732110878114726,0.6722491019800737,0.19724837475322626,1.3642266537955492,0.6409232622742974,0.21251770348230603,1.6170569199685096,0.6065750414673445,0.24510195684158176,1.491465018095881,0.5368123630387396,0.3087432519358576,1.3118133790139863,0.7368802638675868,0.4670378431781635,1.2036799006211738,0.8766485136585096,0.6632194958292836,1.2616871354816481,0.9523844931999745,0.7841506480399538,1.2839837503028506,0.9941199190868031,0.7943524794548771,1.2864292184648012,1.0009920720279,0.7643352511146009,1.257616372581354,0.9671176666618643,0.06768791719709405,1.2838292651617338,0.5711381711250572,-0.03163169143898152,1.141380147472926,0.41407631119068766,-0.13699102457804513,1.1375392787394523,0.18593570550047056,-0.18261735661141865,1.0976358170205462,0.1259877362343392,-0.20512579126942318,1.098529601866876,0.1121278210582157,-0.2198807917906166,1.0929749899794383,0.13625291210759136,1.9833333333333327
0.31874309433917003,0.8520120392577655,0.682005422555372,0.3280856479505923,0.39343250104684097,0.6475123385594802,0.29744866897481115,-0.0456291867272543,0.6765464998074684,0.28555996552236507,-0.02146519020294612,0.45259612604844923,0.3524764588578415,-0.050096671213600855,0.5145873297639548,0.27115092172877986,-0.10805994440702074,0.690113647758825,0.15416639683617897,0.8668100213421399,0.5895344479753295,0.14586012993306977,0.4214902799988542,0.5737813339108715,0.10425848521249219,-0.01802672068477408,0.5980597343911215,0.14821512391595706,-0.04070263390825747,0.4493718995225,0.06960239917677767,-0.02299100467581161,0.47507630486594876,0.10693962392132161,-0.10652267213298947,0.6708670949474125,0.19221906718284554,1.3617396831875204,0.6451567897785366,0.2065265054175865,1.6170515684011098,0.6016627542038643,0.23994799728976157,1.4911485290182604,0.5369868427545389,0.3082199503784103,1.3121458284216772,0.7350003459821374,0.4725114361654409,1.2140701696969054,0.8665727311061906,0.6691941731940138,1.2764764652740992,0.9395104009152273,0.7903712980243436,1.2955890623872763,0.9845670212958676,0.8009606659387267,1.3003919762021923,0.9862222971302184,0.7667394888557189,1.268061638767711,0.9666667058991517,0.064527429995061,1.281286660360103,0.5760108687060148,-0.03165938032287867,1.133391460755294,0.4167241396806991,-0.14568116857762642,1.1233326493967202,0.1960380493938407,-0.19447455949318238,1.0812859206548284,0.13945230461815825,-0.21511823559527582,1.0826107549345743,0.1263535570850936,-0.22700936001595795,1.0793887047390018,0.14555184394047851,2.0
0.32021614113206454,0.8517476713757337,0.6805785611941253,0.32878469438416635,0.3930903549951881,0.6475399101245526,0.297782591755237,-0.04461263556273762,0.6754595018878069,0.2853729628428031,-0.022280676193878163,0.45271852017454794,0.3532282623735036,-0.049961515879474616,0.5126955856640368,0.27076098864961456,-0.1081477627440258,0.6898707485281571,0.155379429587439,0.8647038801116902,0.5915094063121349,0.1462635004100337,0.42155443709966667,0.5737444741339472,0.10475798985739733,-0.01826860333397226,0.5982365123481439,0.14767461330274584,-0.04264933364238008,0.45023047651668413,0.06977617001628265,-0.023800714562342527,0.47611304425887657,0.10778242360436553,-0.10550827458135595,0.6694740968339805,0.1877424203113429,1.3591381558164293,0.6493018444583987,0.20015830155180375,1.6165826774342056,0.5959440934437513,0.23445590622678403,1.4909260707961791,0.5372292596672295,0.3074960985705367,1.3124092403460075,0.7331886413838946,0.4775163583896713,1.2222375539423909,0.8593793323784317,0.6763788300005529,1.289988887973426,0.925643078731865,0.7979581537618365,1.3062667623655182,0.9703696195473226,0.8083810088690633,1.3134374871573855,0.9676902104285774,0.7704044905371918,1.2785355472646918,0.9657166107472352,0.06158110421645538,1.2784802748730706,0.5810067724383167,-0.031851700073094256,1.1250517968000489,0.42099712112293064,-0.1539761673305349,1.1098761629149771,0.20719582269694528,-0.2038525579814859,1.0664445632655344,0.15066726496574176,-0.22414364868954853,1.0671631635792478,0.1402868449574712,-0.23376242315074852,1.0657550116767711,0.15683854501274128,2.0166666666666666
0.32179608485003003,0.8515566731834927,0.679100578518428,0.3293597886958008,0.3927618378202562,0.647563124100292,0.29812561014035177,-0.04366490525725758,0.6744627972437698,0.28513068013533904,-0.023333090785052378,0.45284834062209206,0.3534418558155629,-0.050960320077808326,0.5122436728721971,0.27035342947081814,-0.10816038751311076,0.6896103287517678,0.1566547095121759,0.8626881447079325,0.5933468884150228,0.14648355087309975,0.4214259567005061,0.5741675408206115,0.10518138069949036,-0.01845923456311402,0.5983805334882705,0.146720829614328,-0.04532053023652784,0.452051525362813,0.06979915930493019,-0.024061862837901772,0.47640364179756084,0.10850439774799055,-0.10429421269856792,0.6680886242186792,0.18416471044237742,1.3568093753176833,0.6528071095417176,0.19384534372599993,1.6155665299603499,0.5898981795640725,0.22869817422289068,1.490798915484803,0.5375260968723046,0.30695948217984453,1.312654723167978,0.731467898596657,0.4817164913389711,1.2277221639729283,0.8557131669213494,0.6837211231866354,1.301542670051224,0.9115990443537041,0.805990092341103,1.3160163918582999,0.9524330025652683,0.8153046889486993,1.3250123266161145,0.9471039655613915,0.7746943467776686,1.2891606222118774,0.9600160051829989,0.05884251102757518,1.2756083189714598,0.585649401440669,-0.03296721424537619,1.1161247193903794,0.42764827219294954,-0.16112620571178587,1.0981712456076422,0.2176654213906074,-0.20996298408700945,1.0546016277813854,0.15727681805308752,-0.23175002335428213,1.0532187416281034,0.15256426701828565,-0.2403807051940885,1.0524839120551277,0.16920663126365737,2.033333333333333
0.32351022536456797,0.8514583190871742,0.6775469070338391,0.32980476019794047,0.3924364761420818,0.6476056408039041,0.2984502112873442,-0.04296600416655877,0.6735679974435188,0.2848825245713072,-0.02441235754465626,0.45296263676610493,0.3529887630367676,-0.05319858470602217,0.5134956238507365,0.2699475706784543,-0.10820517960978451,0.6893214063264895,0.15798955077546822,0.8608360494020945,0.5951242455192649,0.14665908120807764,0.421098060273335,0.5749362553461086,0.10548011159616441,-0.01856001984439233,0.598475372938389,0.14551625985901817,-0.0483264955424402,0.45451923433679103,0.0697282794856793,-0.023973524359733253,0.4762352403835654,0.10909901910449617,-0.10298384843456317,0.6667597456951322,0.18140994262379112,1.3551542339496843,0.655228352421667,0.18782076428086208,1.6140028242373619,0.5844444200631405,0.22280523668498964,1.49075776198513,0.5377727558844534,0.3067783623621748,1.3129385009917356,0.7297508357560001,0.48538932170164695,1.2310072090582629,0.854272253387071,0.6903666912411675,1.3109009922502237,0.8979600277950247,0.8132632262508831,1.325010193790076,0.9326859172703135,0.8204858625260905,1.335027045020647,0.9267310953560822,0.7788644374772842,1.2994379258550897,0.9470563922202437,0.05640007832465614,1.2730730736660316,0.5893963043911068,-0.03549729154579635,1.1069145327929046,0.43675612631204397,-0.16669613199564792,1.088657456498887,0.22626731968333455,-0.21326996594457343,1.0461950468983403,0.1593149213124881,-0.23821938799277087,1.0413496869938623,0.1628179045294706,-0.24710663790955462,1.0395391554729687,0.1820950422479636,2.05
0.32531771441776103,0.8514118611398508,0.6759278405751015,0.3300975276903647,0.3921016610158852,0.6477078007361302,0.2987302760542373,-0.04266585983388746,0.6728143032395837,0.28465393771620406,-0.02541167366734802,0.45305250964430027,0.3520348337263289,-0.05622595189166125,0.5159031945933247,0.26954142373638096,-0.108288684923926,0.6890112113817167,0.15940001533541648,0.8591816480776605,0.5969009653286322,0.14685591461234293,0.4204271748717587,0.5760493844655821,0.10565556356944392,-0.01855153965382335,0.5985026461812241,0.1442527715419562,-0.05129509119931916,0.45722716945463243,0.06964337552922892,-0.02382743394504889,0.47601120360799287,0.10956077092218983,-0.1016720167706891,0.665554156310817,0.17910444873902842,1.354426642628488,0.6563307310877183,0.18226038647973725,1.6119989888793704,0.5807331364525992,0.21706713105351438,1.4907644772470858,0.5379334013933785,0.30687273821990957,1.3133260639935236,0.7278578383370589,0.4889958815875622,1.2329050263948766,0.8531724242877443,0.6958942327646565,1.317959991022582,0.8860177476593607,0.818812281317328,1.33341304025137,0.9136818825737504,0.8233922473143609,1.3437849299224658,0.9087759704876055,0.7826639285365093,1.3087065341793223,0.9275270106998823,0.054346947547292024,1.2712048064468253,0.5919779650998149,-0.039338839051400634,1.0981711128603624,0.4474642586872385,-0.17095066253032365,1.080925288180414,0.2332207931416273,-0.21557463371469188,1.0401076258607054,0.15947919051915446,-0.24432789496247825,1.0310964680906525,0.1716388893229846,-0.25411002812828465,1.0266596864025268,0.19483564725389485,2.066666666666667
0.3271359466233652,0.8513283462281163,0.6743257046562642,0.33023809912849245,0.3917495430528068,0.6479144517959938,0.29894622745444993,-0.04274283430385585,0.6722938077233822,0.2844610968045931,-0.02626420158593589,0.45311122334826265,0.3508816746764121,-0.05940372458114191,0.518816638804054,0.2691105241540303,-0.10829594906434559,0.6886970599909905,0.1608400054123832,0.8576719553380405,0.5986769039236902,0.14702658251947093,0.4192310444197839,0.5775926149275418,0.10575094955148832,-0.018410394602435695,0.5984437323614538,0.14311962795195843,-0.053895689459590626,0.45978663516936796,0.06958802176423458,-0.023783894243349528,0.47594697758910876,0.10988303250542149,-0.10042666323658167,0.6644900555636102,0.17688652500828034,1.3545859180007729,0.6562766123870674,0.17739164253809386,1.6097754902117145,0.5795689460242186,0.21185179111313046,1.4907741048322112,0.5380295712807215,0.3070664820380719,1.3138838871774445,0.7254844245069113,0.4928270560557922,1.234204167794833,0.8508646954645523,0.7001373849969461,1.3228879951251742,0.8768515505910213,0.822324621326262,1.3414145785716418,0.897766549426833,0.8244457844703994,1.3517858660780393,0.8946445123269676,0.7863736179425469,1.3167810611432686,0.9049416495671687,0.05274844622566631,1.2701162016728214,0.5934922074611679,-0.04390082160931754,1.0905466299084912,0.45861888618137525,-0.1748699559471736,1.0739477110113325,0.2400887543203585,-0.21898929459458055,1.0343454965569345,0.16125664397609793,-0.25069224663874495,1.0215622688106598,0.17977034562645774,-0.261447951476513,1.0137700742496396,0.20665387852605058,2.083333333333333
0.32888654280366514,0.8511519972108222,0.6727685299563816,0.330251331794521,0.39142398894989605,0.6481983778691414,0.2990874724065343,-0.042987447392914574,0.6721114530708147,0.28432347406483566,-0.02688098244546197,0.45313020421790706,0.3497630755068118,-0.06223727359981744,0.5218551374465739,0.2686350663459471,-0.10813685532830772,0.6883888789266616,0.16217863012656816,0.8562121063287671,0.6004327665054683,0.1470326656872768,0.41742933004006494,0.579650700611204,0.105808555244776,-0.018076411127039185,0.598279266482192,0.14229565971330804,-0.055747312595662214,0.46185505660715703,0.06955858949999241,-0.023833419969086597,0.47602083707244003,0.11006604491611244,-0.0993193264630136,0.6635319257430268,0.17457063403349632,1.3553503555038895,0.6555102957653687,0.1734065443023276,1.6076235765050706,0.5809328647181057,0.20746584377861788,1.4907581002729637,0.5380873727997799,0.3072248213341917,1.3147123962337801,0.7223578188305558,0.4969485322763777,1.2355648674162234,0.8464123948444215,0.7030135915477975,1.326432648031088,0.8697270164572819,0.8241585581651335,1.3494212173307534,0.885951723688384,0.8246153370976181,1.3597244187367452,0.8838723272569166,0.7902898527620336,1.3241095458420022,0.8832396586843517,0.0515855031770332,1.2696618258953771,0.5944054256527893,-0.04847507852669464,1.08413110408324,0.46949195010086847,-0.17956706495326552,1.0666811189902135,0.24864435325402554,-0.22495058894989806,1.0271400726912936,0.16707834366915553,-0.25761794430048934,1.012146725304327,0.1877403287391044,-0.2690010188699138,1.00105800577393,0.2173702569241757,2.1
0.33052681538017714,0.8509569052073469,0.6711038654917463,0.3301680252575287,0.3912260076265893,0.6484310113322376,0.29915772033946764,-0.04316523366366977,0.6722918698279771,0.2842634019036717,-0.02715107915594943,0.4531185243963589,0.34879807369895227,-0.06444273791111237,0.5247670920217753,0.2681381198034274,-0.10781039125009981,0.6880875460940891,0.16327990902340256,0.8547662993614393,0.6021687441481289,0.1467455530637331,0.4151167835011284,0.58222473175388,0.10583411929441879,-0.01750167570379009,0.5979977750222586,0.14190993361650378,-0.05645640468971162,0.4631892030243518,0.0695390351270489,-0.02391763008480416,0.4761347246477444,0.11011422503867785,-0.09846057173308069,0.662699726237346,0.1721587914898346,1.356388885180763,0.6543699069023865,0.17031671085284217,1.6057821076366088,0.5841409705853373,0.20409367274342838,1.490718417916003,0.5380772456815919,0.30728807365316796,1.3159038167149713,0.7184567380906535,0.5013596561901887,1.2375176379052684,0.839385146719495,0.7047013100631427,1.3299231686518986,0.8617977871894043,0.8249982347596885,1.3581201103877327,0.8769613920777688,0.8248077836330645,1.3685348397050319,0.8737509868649571,0.7944209856205555,1.3313916285255154,0.8643407527570846,0.05074020610058683,1.269471524629732,0.5953049751389335,-0.05259142823482604,1.0784134711900997,0.4798982572571244,-0.18562872233480246,1.0584015678183194,0.259925939190818,-0.23399767820259373,1.0174555742302256,0.178109557555225,-0.26528846829276825,1.0026725495002433,0.19595493072870526,-0.2764925991203565,0.9886887755420933,0.22790461633082895,2.1166666666666667
0.33206385811627914,0.8509423572359347,0.6690472740251374,0.3300246787126573,0.391236281545125,0.6484781824352329,0.29915955940663586,-0.04321082639195631,0.6727202116741339,0.2842914588618679,-0.027012369002626546,0.4531053850625974,0.3480624607468451,-0.06598297633105646,0.527238078955641,0.26768756742514216,-0.10731717481771912,0.6877798794614074,0.16408133851859194,0.8534039134149757,0.603894961198983,0.14617007383602157,0.41256018885586787,0.5851150145613956,0.10581530329935777,-0.016759964539621336,0.5976439858578363,0.14196480115622698,-0.05588465654424311,0.46377976415020017,0.0695237312647217,-0.02400350650057441,0.4762240998407257,0.11003167796800298,-0.09798137585270442,0.6621395707254142,0.16977933703271902,1.3574136018766327,0.6531042042406758,0.16796297099693946,1.604327291787206,0.5885282102156268,0.20174755237821437,1.4906861041256112,0.5378900126080761,0.30725655495771775,1.3174713183681825,0.7141277447167386,0.5060501421256945,1.2405537330906569,0.8296411638948188,0.7057170507010377,1.3347101201658336,0.8499042386127673,0.8253920679905186,1.3682672936454554,0.8671129310772789,0.8255008849411687,1.378947365497445,0.8607796916380626,0.7985962511995741,1.3392553754969039,0.8475091878588308,0.050043547763220404,1.269136817583167,0.5965249559918263,-0.056066860220930465,1.072764798490076,0.48973017627920057,-0.19288194162038635,1.048706286531288,0.2740741930577607,-0.24577616483379527,1.004953792808343,0.19465581773674676,-0.27374555136819256,0.9929810389583552,0.20495629201137253,-0.2836378548269005,0.9766188323132349,0.2396830464780284,2.1333333333333333
0.3335266437267567,0.85130726107841,0.6663956572236825,0.32986206451814837,0.3914495551089292,0.6482906407419173,0.29909248496980606,-0.04323773947238106,0.6731757198899544,0.2843986264164183,-0.02649485700615447,0.4531040981369674,0.3476489368690888,-0.06697677260587045,0.5288407711855759,0.2673526576280514,-0.10662435079646815,0.6874574416874564,0.16460214757225694,0.8522692985226378,0.605560069601169,0.14546882499383632,0.41013628776029964,0.5878897721059448,0.10575524162740785,-0.016036312791552237,0.5973464574969078,0.14230524932941224,-0.05424123757056623,0.46387912191674857,0.06951437203767705,-0.02407570601713905,0.476270569095658,0.10983997634467467,-0.09794170349973673,0.6620292965510272,0.167594148580076,1.3581745672238177,0.6521482187214058,0.1661423414744262,1.603158932794106,0.5938664222750202,0.200240636059,1.4906924840473965,0.5374635236379204,0.3072017076778227,1.3193557974222605,0.709935707371542,0.5108757080539637,1.2449125903847411,0.8174111164242581,0.7065729773261573,1.3413587759039907,0.8329453653864674,0.8254382747975717,1.3801728115165002,0.852291125275811,0.8266817140798726,1.3908288148378916,0.8430656415870637,0.802592598796332,1.3480748486127356,0.8308508830357955,0.049287488749945436,1.268419653884184,0.5980993739948723,-0.05880194480421197,1.0669551665327992,0.4985587071818578,-0.20060410547351942,1.0376074479556119,0.29047572830002033,-0.2590806055094641,0.9900412579434451,0.21599865624481351,-0.28280378795057703,0.9826198523975164,0.21572428115650244,-0.2901760143447838,0.964808747490107,0.2534849403495681,2.15
0.3349030230105061,0.8521240976638828,0.6632225367168916,0.32969650027356157,0.39179440297573037,0.6478868179527131,0.29898038770454965,-0.04334689367033846,0.6734774871505551,0.28456787633155434,-0.025674148288072955,0.4530967255837564,0.34764736193457363,-0.06736467771112756,0.529171713259624,0.26716624554913443,-0.10575519989661258,0.6871904391938909,0.16489327453223462,0.8515275285176667,0.6069651297376094,0.1448366010951381,0.408169806619118,0.5901370893743316,0.10567319730895293,-0.015482891416582129,0.5972489156212445,0.1427135442176428,-0.05183468468403249,0.46367844043881196,0.06951239465682527,-0.024117631182550114,0.47628035764692017,0.10959810782301106,-0.09825998060278728,0.6624206365816294,0.16575557398264523,1.3585083734091168,0.6519506335868342,0.16470237632999668,1.6020372289824691,0.6000693065408976,0.19925674557976042,1.4907374364796433,0.5368815975931975,0.3072618592430411,1.321486752183285,0.7061873553424365,0.5155553626063,1.2501868223555774,0.8036065381605944,0.7074941727013909,1.3494072772334234,0.8122489777007382,0.8248566704413383,1.3933165169835329,0.8307403066253627,0.8280865481110744,1.4031824188599789,0.8214041825856453,0.8060609990404863,1.3578519222312104,0.8129782435576663,0.04830748508774768,1.267288136032174,0.5999938509036649,-0.060743582540863594,1.0610558923061828,0.5060237446785545,-0.2079386383796053,1.0255702944855354,0.3080413397603628,-0.27219863818784995,0.9739793342472157,0.24011278443739603,-0.29203466117639165,0.9712091538538887,0.2294103990368696,-0.29584023922231584,0.9533657734990835,0.2691577740012315,2.1666666666666665
0.336111898005846,0.8533125278115947,0.659844083237185,0.32951214419423885,0.3922012985967062,0.6473003059526288,0.29886368132775354,-0.04345869994656555,0.67360230943662,0.28477723166099567,-0.024650915963012665,0.4530649906571683,0.34804259136741733,-0.06680268740018472,0.5281352079016083,0.26712221412548115,-0.1048472970749974,0.6871313681122023,0.16497495815130403,0.8513051647542424,0.6078303109292063,0.14434039051603856,0.40677032431836563,0.5917812413297207,0.10559662786563757,-0.01514247557423791,0.5974234431844739,0.14303554231107313,-0.04894830153489755,0.46301821492530204,0.06951661349308111,-0.0241133801722897,0.4762646543619395,0.10938605701038069,-0.0987816435756419,0.6631983719057295,0.16435907147929066,1.3584025729308475,0.6526631570149797,0.16351908312681201,1.6007076733949257,0.6066919762640003,0.19848445139161142,1.490785794461893,0.5362530901099152,0.30759065901962196,1.3237927275590506,0.7026324667596165,0.5198386912114074,1.255403788188918,0.7898166871692162,0.7084434891767633,1.3578755774530515,0.7898852399592123,0.8233367229186705,1.4065184046083155,0.8036450709409634,0.8294692333175293,1.4148198105766212,0.7982685896335495,0.8085032875233965,1.3682465751495356,0.7931680106685979,0.04715496429261215,1.2658038800824964,0.6022444943214386,-0.06204523194115141,1.0551001044495703,0.512375963402221,-0.21418052634403242,1.013278412329233,0.3254612385573254,-0.2835063147808878,0.9585560258069297,0.26408297705494566,-0.30083343173584226,0.95900491486679,0.24657022418419888,-0.30049431307240343,0.942418272233982,0.28610578990883173,2.183333333333333
0.33705382273032686,0.8547214046766334,0.6565890349965038,0.3292967057079582,0.392645902705087,0.6465633601551269,0.2987600037325041,-0.04333993342715087,0.673624863167666,0.2849898764984806,-0.023578238084213207,0.4530187463414828,0.34867771973160644,-0.06502553383794847,0.5260290769366266,0.26719344156203106,-0.10406360845515451,0.6873850609941249,0.16482313588858957,0.8516071845698457,0.6080201800049219,0.14389240970313205,0.4058504571711803,0.5930437522164996,0.10556093605377288,-0.014991118525251465,0.5978639973909684,0.14320567353560526,-0.0459463157286109,0.46162801808346693,0.06952415555423726,-0.02406013748971956,0.4762352408161475,0.10927724920285038,-0.09943270513044496,0.6642332177763924,0.16334335871838251,1.357970864777159,0.6542180354556433,0.16238955088589294,1.5991457846430173,0.612953917259223,0.19769336632568493,1.4907948427302888,0.5356035395418949,0.30832350108343287,1.3261260740928456,0.6988420313525465,0.5235856700265482,1.259570567346544,0.7777872207631354,0.7092593016367716,1.3657964562938678,0.7674362793351083,0.8207865511868382,1.4184491508218096,0.7736672455972031,0.8306409347826699,1.424959152764159,0.7762642353145861,0.809631543832759,1.3786019433851477,0.7712097096327349,0.04609134488253368,1.264044993178543,0.604883186923865,-0.06296699213868857,1.0491761197833442,0.5181607502928222,-0.21888432620032494,1.0014244581627245,0.34143645555428037,-0.292137439194922,0.9452823319646483,0.28540011208290367,-0.30861244530477994,0.9468679473786702,0.2666665951389826,-0.3042430259884639,0.932109670418714,0.3034246133397647,2.2
0.33767908420436854,0.8562306924770953,0.6536254763421461,0.32906721509899756,0.3931336972077039,0.6457116711313523,0.2986630162456904,-0.04277703870567727,0.6735992174873484,0.2851600319382859,-0.022632234885251915,0.45299184369551493,0.34938088139329787,-0.062177346609815706,0.5232733365638953,0.2673526136534671,-0.10345402768238529,0.6879209763733476,0.16441171640032826,0.852292911267813,0.6076722814827986,0.14335851513229092,0.40525722769113437,0.5941459987978494,0.10559349305773763,-0.014993707858924663,0.5985321412964956,0.14321664644725307,-0.043302663298048535,0.45950724562864576,0.0695345759690328,-0.02398062241753618,0.4762150602595249,0.10933651354630193,-0.10023418707525614,0.6655260716929432,0.16255787571288288,1.3573334595510316,0.6565782322315026,0.16108054786964046,1.5976655998407434,0.6182358874176039,0.19673563902277336,1.4907820375410568,0.5349196154212364,0.3095664948838448,1.3282478597104845,0.6948105041330581,0.5267372523291148,1.262172310928336,0.768642391630809,0.7098697710773638,1.3723609811620179,0.7464197149909566,0.8174548397277932,1.428022417977126,0.7437604837141043,0.8315551342608959,1.4332300858429892,0.7574037368571191,0.80983196664792,1.3879088338336774,0.748340135019472,0.04539335938452442,1.262215191583826,0.6077292645177448,-0.06350889179237389,1.0437280409048562,0.5235306855755502,-0.22204205187340254,0.9905777177584466,0.3552998170197279,-0.2982294591248942,0.934786601724645,0.3030315446599833,-0.31492549662338964,0.9357299202179081,0.28812027715813426,-0.3073116536420034,0.922758340334467,0.3196611639600803,2.216666666666667
0.3379953994120435,0.8577594880319561,0.6509578511797839,0.32885349558210325,0.3936621483603183,0.6447812483954345,0.29856948130282546,-0.04177648451399851,0.673534768199323,0.2852466627716184,-0.02199434645248701,0.4530089883495572,0.3500752834485207,-0.05880920786123656,0.5201951614351537,0.2675777089291336,-0.10294018934507881,0.688632184285197,0.16375862906743766,0.8531966814930668,0.6070901767809174,0.14266956552290594,0.40485681681700236,0.5951453834555364,0.10569648117010981,-0.01512884201790067,0.5993957657718111,0.1431090084197219,-0.04149553695994067,0.45694759272015406,0.06955497498005843,-0.023935130176153598,0.47625722045671137,0.10961267579493354,-0.10115736926568725,0.6670990487256115,0.1620048041279643,1.3565233530465812,0.6597732448816022,0.15959638284628758,1.5966935332858727,0.6224132521799516,0.1955469951692283,1.490870329732148,0.5341950647643079,0.3113377450604457,1.3299732200438341,0.6908716724025874,0.529375294332789,1.2633534268231488,0.7622991711600187,0.7104471679503319,1.3770046637285644,0.7286661322042729,0.8140381055219417,1.434526172591374,0.716493644190455,0.8324945408149416,1.4392913102826443,0.7425208995084412,0.8100027320873256,1.39502116633197,0.7275967304921471,0.045205487471889,1.2607839867114807,0.6103635677225737,-0.06330689167389847,1.0394573393261908,0.5282598207793567,-0.22417900452677422,0.9809949373482224,0.36751376168880956,-0.3024094833195985,0.9268219856259419,0.3171990036106974,-0.319577388501577,0.925971498441755,0.3090412738765719,-0.3099488619185735,0.9147732268510247,0.3331951569502777,2.2333333333333334
0.3380281881762936,0.8592296761684933,0.6485400801412576,0.3286582932430668,0.39420653901001224,0.6437949418354881,0.2984872635733322,-0.040637144798098476,0.6734410452121096,0.2852226948553146,-0.02187894333684976,0.453037782214988,0.3507441832711608,-0.05565864274806087,0.5170883844006533,0.2678534658968074,-0.10245554696441198,0.68944262867622,0.1629055570904452,0.8542589350022753,0.60654506722392,0.14184144313351124,0.4045859175143629,0.5959704274800786,0.10585733578630924,-0.015392958471522805,0.6004407522502838,0.1429586954036447,-0.04081572059591038,0.4543478585462866,0.06959860707934216,-0.02400952063635841,0.4764391894370628,0.11011153569754688,-0.1020709790867412,0.6688360581028008,0.16187031608926516,1.3555432840375263,0.6636628838100878,0.15829888137414586,1.596461149439064,0.6257194996519206,0.19412357171185496,1.491236472093389,0.5334384846427738,0.31353214043517746,1.331317896032052,0.6870624675291898,0.5318101622601434,1.26371321930451,0.757515252549611,0.7112589509576116,1.379653556051347,0.7151468119826955,0.8115556671922207,1.4377310465237312,0.6930266479054367,0.8338956197668594,1.4428015858664835,0.7301389870082728,0.8107890569722955,1.3992174755902402,0.7117423384821703,0.04549010288876444,1.2602678988873857,0.6125419759224608,-0.061920037649969104,1.0367436814706303,0.532487139221299,-0.22597230993724676,0.9726247753733601,0.3791543947981211,-0.305216871549073,0.9204780563292222,0.32884732143237627,-0.3229131524704476,0.9171099457718027,0.328350661231432,-0.31239200861504784,0.9081666419622393,0.3434585921508519,2.25
0.33779678444104383,0.8605780324030055,0.6464173538131298,0.32844283238508853,0.3947377107034595,0.6427561573543525,0.2984201477099692,-0.03973206212515523,0.6733774127920825,0.2850944364978556,-0.022430271067724106,0.45298742464000463,0.351363169027322,-0.05338107634437891,0.5143041726102814,0.2681890240772927,-0.10206534698989862,0.6903542361613733,0.16183298807387383,0.8554804595594412,0.6062151611648319,0.1409141352845837,0.4044826657386321,0.5965175073200668,0.10606463301224907,-0.015788986949330355,0.6016578401315095,0.14283614551941737,-0.04112510563552301,0.45202667335805663,0.06966413287491607,-0.02422503209541199,0.4767598783222591,0.11079449548861577,-0.1028409838374221,0.6705500703022094,0.1622949929337939,1.354498042368475,0.6677521410707652,0.15764521850185043,1.5969484821385436,0.6284528268727418,0.19247693140417022,1.4920376927240955,0.5327171186495467,0.31600380055589483,1.3324296232715334,0.6829849212513096,0.5343951703433838,1.2638555142000474,0.7525766949458709,0.7124517634495401,1.3807218964936192,0.7045790649546233,0.8107894652493911,1.4379348332552062,0.6725093141023897,0.8358710258597387,1.4437985906557722,0.716503022263298,0.8121817497298178,1.4005222313385972,0.7010041466596786,0.04603732319607808,1.2607438827915474,0.6146172309026742,-0.05916048704224714,1.0351781339896546,0.5371942691982241,-0.22763501808381528,0.9653150522787812,0.39105568128459023,-0.307043264085578,0.9143462235676629,0.3397912266666844,-0.3258533001591859,0.9081669545153823,0.34619909395227794,-0.3145504762131569,0.9021805384716686,0.3518016996931199,2.2666666666666666
0.33732766638268896,0.861773427960671,0.644760941933116,0.3281594180390093,0.39525890610448505,0.6416591174249936,0.2983505174911013,-0.03918504894188954,0.6734357288635511,0.28491188954348634,-0.023551919603481783,0.452781371765257,0.3518966420070218,-0.052409485545523674,0.5122146187953642,0.2686213086653619,-0.10191913188437884,0.6914217909657858,0.1604389985877925,0.8567863995804607,0.6062465556031214,0.13989848864048554,0.40460855921178696,0.5967700296372958,0.10630851269913762,-0.01631739927498002,0.6030256849912113,0.14274901764196946,-0.0418189336122704,0.450046108975123,0.06970410264486238,-0.0244091621664689,0.47698258091126733,0.11160963172712964,-0.10340875584998373,0.6721232511890728,0.1632576854613052,1.3536225636432735,0.6713823924764774,0.15785801775493108,1.5980175665302567,0.6309227423304099,0.1906504188628539,1.4933794928184725,0.5321946037210578,0.3186216698835921,1.3333464866787188,0.6784002660875905,0.5372407952460335,1.264016350303742,0.7460282561850784,0.7140975831311278,1.3805687022458675,0.6939805266859617,0.8116170415110464,1.4356704561005242,0.6526469775766741,0.8381214633320709,1.442607561636661,0.6980274833368892,0.8138799514793059,1.3993462454471877,0.6933482491293694,0.046567171094483106,1.2617546833749778,0.6172319290336398,-0.05521543821777682,1.0338118228799302,0.5437616765805968,-0.2286545770432848,0.9588800764786948,0.40361887320069856,-0.30805780917693376,0.9069359109597938,0.3525578019547567,-0.3290896917117802,0.8984651120314843,0.3631887444422031,-0.3156738342466171,0.8955785815880245,0.36078232905488056,2.283333333333333
0.3366577798650164,0.8628124133635076,0.6437598466333612,0.3277874043203722,0.3958204817224396,0.6405044903350223,0.29824912081562865,-0.03886131992099413,0.6736191424908722,0.2847396927004167,-0.024952521113263827,0.45240910755342995,0.3523227572016787,-0.05287211846822141,0.5110680199920047,0.26918163754265917,-0.10214224014624525,0.6927118535711547,0.15863097402448723,0.8580300738549979,0.6067283883472273,0.1387778781609794,0.4049187482404614,0.5968918340578062,0.10658153057358999,-0.016990496148311232,0.604508316395865,0.14263551698621557,-0.04217578669031965,0.4481923690007452,0.06963452911166232,-0.0242336827428491,0.47668796553837756,0.1125190231461252,-0.10378550145254645,0.673519101603101,0.164684725793412,1.3531338515642972,0.6741842744547963,0.15888761133460916,1.5994813450296772,0.633504348882002,0.1887511519914626,1.4952974881190402,0.5320549467960478,0.3212189796949585,1.3338792571752236,0.6737002617762544,0.5402644723875518,1.2638720160557968,0.7370198744276204,0.7162497149671114,1.3790279363304925,0.6808201214666296,0.8130420938881184,1.4313005004038561,0.6309585050712478,0.8403910205920453,1.4392022945902034,0.67384717903545,0.8156359630390773,1.3959812345826281,0.6858830822096389,0.04691370198450964,1.262715523778849,0.6206871564621135,-0.05050931482395285,1.0318733460928353,0.5530622487092065,-0.2280255326716733,0.953085626725215,0.4169428540631416,-0.3079838150938585,0.8973340603624601,0.36905970202044946,-0.33207776939597217,0.888028404350571,0.37949601009370204,-0.31463972054274814,0.8874649943395009,0.37229109291667584,2.3
0.3357872118531,0.8636904172243751,0.6435023662624111,0.3273358597333391,0.39648441204090923,0.6393106586728002,0.29811784608359326,-0.03860931056152496,0.6737781354029793,0.28461278287137576,-0.026376154118239105,0.45190974816315543,0.3526285676477485,-0.05441548983041649,0.5107798734610189,0.26985999822510653,-0.10278238629843905,0.6942572037884267,0.15641646567012857,0.8591050392174546,0.6076072336821486,0.13752019223880455,0.405273248498986,0.5971572182797523,0.10688591933545388,-0.01785385245228137,0.6060591469493425,0.14244223564100805,-0.04173769145851242,0.44614795650436656,0.06939643820021558,-0.023463435627844212,0.4755829378776955,0.1135059640550474,-0.10402550868216714,0.6747189697570225,0.16656496962953932,1.3530660703447686,0.6762639761707252,0.160545117572914,1.6010604551837908,0.6365432318627258,0.18691696388634021,1.4977267025000383,0.5323660746094052,0.32358750818292614,1.3337634538357293,0.6696216577439836,0.5433973706146706,1.2625890227654148,0.7252397541695589,0.7188193555871278,1.375557851764345,0.6641515153025538,0.8141871954909718,1.4248052620656466,0.6063691585407025,0.8427545765855842,1.4330054929567522,0.6457753053365236,0.8171338839492287,1.3904704838518993,0.6754109999662745,0.04716872082950922,1.2632665338905413,0.6249561980938828,-0.04544775212220463,1.0291837135279036,0.5649699006593397,-0.2248580870038257,0.9476597575680574,0.43085710774674063,-0.3062688006802585,0.8856434133024118,0.3890334373017389,-0.3331779298814249,0.8772353315417789,0.39493630978857486,-0.3108086478603536,0.8778188345525684,0.3864508982209943,2.316666666666667
0.3346520986762293,0.8643438067569412,0.6439187063421892,0.3268203563768593,0.3972720443459382,0.6381152186277108,0.2980093872403343,-0.038378420106618974,0.6737467970056388,0.2845236641463964,-0.02772310014720516,0.4513430659831616,0.35276620686578253,-0.05620004951562153,0.5108919986687614,0.2706146156013439,-0.10378313839811337,0.6959934396093115,0.15390089760742942,0.8599561975775121,0.6087323899348387,0.13608425600690813,0.40554907249646877,0.5977521457629696,0.10723379924798632,-0.018956498809714062,0.6076255716048354,0.14217668858210997,-0.040403330313386915,0.4436340302117449,0.06899697259217005,-0.022142798472808388,0.473702006676648,0.11456483981443241,-0.10420080500052803,0.6756825417544023,0.16892882950349364,1.3533116168764934,0.6778886820157772,0.1626018976041681,1.602387587284812,0.6402832432803257,0.18527929175010427,1.500433617790824,0.5330357530208563,0.3255669475712134,1.3328940533153406,0.6665428815730639,0.5466023258638556,1.259164893796427,0.7106708837696407,0.7215172603620316,1.36954193261548,0.6440310192552652,0.8149955457751932,1.4158792944574827,0.579806829805537,0.8452814250912991,1.4234580757975959,0.6160598575818148,0.8180647541619539,1.3826074662519683,0.6591832886895178,0.047626561759439245,1.2633369179746492,0.6300063406826725,-0.04032236210912618,1.0260555608528388,0.5785821303563204,-0.2190259898294398,0.9422475665787344,0.44491501871519956,-0.3023168441303441,0.8729943697383158,0.40951392796404895,-0.33076851051546596,0.8664102015911381,0.4092262470180071,-0.30463037943374666,0.867058383368022,0.40219417472641283,2.333333333333333
0.3331886240329974,0.8646650781466366,0.6448083810785497,0.32624594848968863,0.3981366254074056,0.6369604512971465,0.2979823013810187,-0.038197612904665265,0.6735025223518539,0.28444892759567725,-0.028939093807858002,0.45078341483684764,0.3526171296489476,-0.05735106442736887,0.51093688813948,0.27140828520006344,-0.10500008175187144,0.6977489352028803,0.15119399328894512,0.8605288593438025,0.6100210671266104,0.13444700174329563,0.40569271730920214,0.5986767034218214,0.10763424048545531,-0.020254301673380895,0.6091630481841349,0.14183700351129952,-0.03839121458350033,0.44060565865084234,0.06849117107035511,-0.020527942862939665,0.4713397903941197,0.11568477085819623,-0.10435338781179844,0.6763608207950733,0.1717337489871894,1.3537900099009563,0.6791458928984103,0.1648716579520393,1.6031641869602375,0.6448789929204307,0.18393731945094757,1.5030489191898329,0.5338606261495885,0.3271411471241038,1.3313856361188285,0.6641515425147229,0.5497466223324621,1.252837009832657,0.6937629630415068,0.7238384299511758,1.3603545014229237,0.6208903835189805,0.8156765104680712,1.4042582830956403,0.5526296303592406,0.847546118020682,1.4105908442138415,0.5854471454137766,0.8184173445833096,1.3719409228936392,0.6362119063881309,0.048559862417017347,1.2630305567445528,0.6357914440488536,-0.03541373693989613,1.0229933886188132,0.5927699746692374,-0.21121956058875802,0.936487389887395,0.4582911727312911,-0.295457511486932,0.8611416641906873,0.4258908134440412,-0.3239474465726386,0.8560306607778476,0.4214867893943898,-0.2970561331713193,0.8553378847749548,0.41822284994916725,2.35
0.3314036893643259,0.8646342709289486,0.6460058873732539,0.3256230478950722,0.3989956870634548,0.635852076775462,0.29804863250787095,-0.03813437911272333,0.6731249177429847,0.28437584863441434,-0.029876916060216488,0.4503360141970657,0.35206257222864346,-0.05741216740841608,0.5106790303334213,0.27220473536643125,-0.10628232987791979,0.6993288620986974,0.14832584994490425,0.8608382144285228,0.6115308675192679,0.13263081545173036,0.4057389854715544,0.5998011648367196,0.1080751065743637,-0.021574278575569927,0.6106453992162969,0.14132492758647042,-0.03613148606707276,0.43754282094217717,0.06794410668439096,-0.018861877681025083,0.4689051773172629,0.1168396566131378,-0.10443876008864733,0.6767380887547,0.17479618470300112,1.3545076427789187,0.6799927982808285,0.16722795191412643,1.6033712897981751,0.6502726908955145,0.18291259342842717,1.50531332765789,0.5345994022943917,0.32843908590257087,1.3294464893989804,0.6618215928537614,0.5523136212182307,1.2435072227608666,0.6759133423947734,0.7249779889186281,1.347529968149807,0.595234933123591,0.8160019710276327,1.3896963385237453,0.5249985668101402,0.8487192374895313,1.3948054135579941,0.5532137783445013,0.8182397964875536,1.357857941698767,0.6072743466817384,0.05005983763751308,1.2624839636743739,0.6420947080199368,-0.031040175675602296,1.0204245116272534,0.6065283399342399,-0.20221222778611653,0.930294540615979,0.4696466907226646,-0.28521246258204214,0.8515144194238297,0.4345399409549359,-0.3124961814507365,0.8470268164480536,0.42980850123108194,-0.2881313055689496,0.8428070333119869,0.4331782725991951,2.3666666666666667
0.32936792270844545,0.8643985887503757,0.6475253811894446,0.32497690082639136,0.39981801942360395,0.6347372781244942,0.29818478898095574,-0.038195504570743874,0.6726242269932804,0.284296978654468,-0.030380996711741458,0.45012683086292254,0.3511020195831032,-0.0563082378791586,0.5097833272763779,0.2729450167629853,-0.10754103477992971,0.7005956561887926,0.14527315888702294,0.8610361680559894,0.6133891807771139,0.13070304396848706,0.405797682857087,0.6009413189599615,0.10850823482582325,-0.02273569027142737,0.6120451734220425,0.14050716418270873,-0.03408401642445057,0.4353319962934399,0.0674144306661203,-0.01725924312493128,0.4668186394484476,0.11798991098424963,-0.10434003074188736,0.6768527413000599,0.17784692629198146,1.355491079360363,0.6804961292728176,0.16954876556654438,1.6032968306592157,0.6560972603504873,0.18219540483756955,1.5072309324257844,0.5351271777024728,0.32960166002630426,1.3272802366281005,0.6592262344652463,0.5530793587635494,1.2321272460827126,0.6590489841684977,0.7239160325639824,1.331059446998717,0.5673733452827386,0.8153905452605168,1.371497156760055,0.4963493682420239,0.8481380050690566,1.3759868804935513,0.5184326575613716,0.8172008329274272,1.3396529947581493,0.5736320541523017,0.052028072837666,1.2618923837254414,0.648416259387421,-0.027440485020790727,1.018582880793944,0.6189114365115903,-0.19209780264582071,0.923989491467905,0.4772715715078003,-0.2716886442316574,0.8443757732163106,0.4350849748588913,-0.2967589435498776,0.8401416331425644,0.43242492569598256,-0.27671832738860425,0.8302100042317648,0.44549592945045713,2.3833333333333333
0.3271770040247847,0.8641647173204502,0.6494377429262232,0.3243197639196658,0.40065621593996836,0.6335994447112607,0.29838524000340005,-0.038253827289698825,0.6718913627905682,0.28419291285947923,-0.030477359623724908,0.450238342921763,0.3498520702253251,-0.05413615529632856,0.5076807185143555,0.2735648666024235,-0.10875284569238468,0.7014771791953672,0.14203169954373174,0.8612792580839926,0.6157427105487407,0.1287574109590177,0.40595357539734156,0.6019529680493918,0.10885565994015396,-0.023664362613347242,0.613308281267826,0.13936079237334514,-0.0326138202474899,0.4346920812959941,0.06696024667954639,-0.01581340613424248,0.4654394045736188,0.11909355277281665,-0.1039783329894265,0.6767661849353093,0.18059492048066722,1.3567048148538718,0.6809339751466879,0.17174349532174404,1.6032934737353401,0.6618940477037194,0.18186124392677833,1.5088965634102414,0.5356048803983136,0.3306469495233564,1.325028373012533,0.6564212073281044,0.550409532052381,1.220536248112582,0.6441688811087727,0.7197899349998351,1.311363856310583,0.5377948847914,0.8131279912028693,1.3484983694501906,0.46657957763181424,0.845327834352412,1.3530198470477472,0.4809257723798195,0.8145680366368657,1.3167076466474656,0.5360737560985354,0.054232294377924574,1.261598036190543,0.6541220308123575,-0.024623822372867865,1.017483946536082,0.6289867658650826,-0.18043618794654753,0.917844432758421,0.4799980178727159,-0.25533764918393137,0.839079519597697,0.42980417845179575,-0.2776128113347658,0.834794982661789,0.42960991540946314,-0.2618374743554486,0.8184761934546981,0.4538428319567729,2.4
0.3249473983790279,0.864038130883353,0.6516237969423435,0.3236431734850932,0.40155535842571566,0.6325597341474555,0.2986821517256381,-0.038150225904809404,0.6708216629047712,0.284046340949346,-0.030352431638712797,0.4506524817207868,0.348501924604943,-0.051149862085301076,0.5040970220639135,0.27402693174147064,-0.10992849352470432,0.7019550865008497,0.13864101144576543,0.8615774896934142,0.6187037636351002,0.12688126094254182,0.40618477619543825,0.6028756197031073,0.10905484651711658,-0.024349912062704607,0.6143679287625847,0.13800203235040615,-0.03192383428800126,0.43580255300517207,0.06664003789880095,-0.014671746734578897,0.4649741363728771,0.12011689870404796,-0.1033776325799644,0.676510972180097,0.18273127093455438,1.3580017888176996,0.681749485089151,0.17384059432330257,1.6035634990950325,0.6672683226200085,0.18203114512936475,1.5103043906594147,0.5363908958902008,0.33150106265378765,1.3226726172630872,0.6534897012904302,0.5432606309943018,1.2104627480411914,0.6308493354586608,0.7122631538310329,1.2888294343594442,0.5077594458599244,0.8081637308547314,1.3198459322466989,0.43593314607077494,0.8393542393093545,1.3245531677538647,0.441220088310315,0.8093568913313025,1.2887510570204224,0.49516415052614826,0.056380685759916435,1.2618702214741293,0.6590354501701408,-0.022304968673808583,1.0168417242013414,0.6362221903794795,-0.1670229568306237,0.9113933384538373,0.47851925693925756,-0.23644166398020117,0.8347129721214178,0.42139931989349966,-0.25624675741587116,0.8291227529609759,0.4235916286862162,-0.24358993723303335,0.8078187844454348,0.4580008727888102,2.4166666666666665
0.3228248390068875,0.8639898693312145,0.6538038772633535,0.3229465967399748,0.40242912368973965,0.6317953587051953,0.29911013064374325,-0.03785075649981445,0.6693986517073786,0.2838791874366199,-0.030139378876260163,0.45125042609033467,0.34731655053231847,-0.047814412454807276,0.4995371775583516,0.27432227518298163,-0.1110687631810015,0.7020601502797517,0.1351976120879334,0.8618301071227839,0.6222300658119014,0.12511439376301509,0.4063745883795954,0.6039676134529159,0.10910108961545968,-0.02477275045388322,0.6151759936997807,0.1365839655775626,-0.03197999556222458,0.43832385868953705,0.06648963398468971,-0.013886235157184762,0.46532694864902646,0.12103527206579412,-0.10259415802350139,0.676075126481987,0.18405988477975183,1.3591637124658817,0.6833694291642225,0.1759738404350373,1.604189842160448,0.6717606258638953,0.1827242791897551,1.511396346523426,0.5377381824530116,0.33215834830636715,1.3200209845700734,0.6504863847381577,0.5318329298395755,1.2022946504154584,0.6186199468483318,0.7014913884789807,1.2631904312127598,0.47882448153444196,0.7988187485359491,1.2855879473562615,0.4042865922643103,0.8286893032060763,1.2900986888972639,0.4000845183161026,0.8003835687709375,1.2557052348781705,0.4525859668704547,0.05818904394762137,1.2625463029990613,0.663722808573974,-0.01996702901450815,1.0161814488084193,0.6407659068057494,-0.1521240774821752,0.9035828498738725,0.4754622760575859,-0.2150524784994846,0.8301401057774165,0.4119196681619799,-0.23380052448898594,0.8212222201476254,0.41676586430002416,-0.222622201392906,0.797472630161812,0.4592184790861831,2.433333333333333
0.32095535664686525,0.8639324244958375,0.6558066861014087,0.32225004037279376,0.4030620546599642,0.6314008437579335,0.29967505837996933,-0.03742918739823621,0.6676598652673579,0.28375924166622796,-0.029788652870849128,0.4518518148124424,0.346530537405964,-0.044764924477876895,0.4951583195774831,0.2744450555687067,-0.1121108708830331,0.7018426830971736,0.13186616868262363,0.8619477627081132,0.6261045586880145,0.12345268459714118,0.40636306985273263,0.6055647996538674,0.10903912867270096,-0.024911634516772058,0.6157086821967083,0.13521600355702768,-0.032497642965812354,0.4415422473814693,0.06649622527057106,-0.013264469872721757,0.46603753050916674,0.12182635297382627,-0.10164642344278511,0.6754213943125535,0.18475198897142867,1.3600185474550637,0.6858709015818941,0.17829996589219013,1.605203009323638,0.6749052712008573,0.18385681104851265,1.5121683182018346,0.5396339182389802,0.3327659639189422,1.3167901249107827,0.6476908222672076,0.5174080730527426,1.1946487318268917,0.6081789755186875,0.6876804735088206,1.2334232387585713,0.45206098392706584,0.7829748985414476,1.2463499955536232,0.37135290398251586,0.8118110977697792,1.2498824566817546,0.35864334405424414,0.7863516162771311,1.2170425838301628,0.4116891244035572,0.05945692800238698,1.2631176198415326,0.6687493497586723,-0.017049923630324627,1.0152472083509798,0.6431667305988448,-0.13593703599515244,0.8939113526303787,0.4736911344209461,-0.1911561030935649,0.8240701262407374,0.4030069657602904,-0.21094060635105422,0.8101988628819193,0.4105329586601367,-0.19934333535574184,0.7862890583961853,0.45943310406356397,2.45
0.3194294048824776,0.8638070010855927,0.6576343068259167,0.3215809086530714,0.4032718128047188,0.6313619943325185,0.3003574132399092,-0.036912086789647316,0.6656589376754938,0.28373930673013636,-0.02919081435874548,0.45226644816866324,0.34615068436895735,-0.04261260099025457,0.4921909003459134,0.27436817073614217,-0.11291545231345161,0.7013303862884972,0.1288179099034715,0.8619111077127669,0.6300562615221399,0.1218991221740071,0.40603334215297093,0.6078456739822984,0.1089293767299779,-0.024759636883571468,0.6159595040690306,0.13399306215861362,-0.03311877967075768,0.4446298978324558,0.06658479728164321,-0.012539279700186715,0.4665930986496715,0.12246646334906842,-0.10053653409174507,0.6745098706966935,0.18531598658454168,1.3604705365959278,0.6888906312220725,0.1809653640189443,1.6065505984049266,0.6764501944210448,0.18535396437951662,1.5126763279850721,0.5418994745566497,0.3334643941072879,1.3127133213575908,0.645626306881356,0.5019623507234839,1.1851888595439481,0.6008447284072318,0.670664072971771,1.1986914716069637,0.4282464565081163,0.7589272116786001,1.2026195051169555,0.3376339005347265,0.7876000333610891,1.203914484764817,0.31893752499160677,0.7659985374424612,1.1717536784520801,0.3756803398090375,0.06020659703872493,1.2631794217829118,0.6739795499646166,-0.01314711408894801,1.0141061779048024,0.6441261785494408,-0.11822247840386993,0.8832289093505258,0.4744898874121762,-0.16484185461863254,0.815506652604355,0.3962818212887764,-0.18740439330085187,0.7965358753182805,0.4053089150031234,-0.17396546604849117,0.7739436280047953,0.4597640086222462,2.466666666666667
0.3182293047114054,0.8636120946024222,0.6592914479478967,0.3209542489145323,0.4030563115427861,0.6315755680409475,0.3011254432715579,-0.03622663488531143,0.6634536543442984,0.28376049372110473,-0.028468052273429946,0.45241207107594567,0.3459718955066573,-0.041697327938284096,0.49138561110892093,0.27406194959089974,-0.11334878362245186,0.7005186926130123,0.12614870980695447,0.8617544734022666,0.6338603996810527,0.12046867509091277,0.40542159078962364,0.6106206847882745,0.10881555912332348,-0.024314677974184254,0.6159418660614144,0.1330620512186129,-0.03365045261151643,0.4469681101438477,0.06660795593149407,-0.01175072815187772,0.4669267875142331,0.12293489322014323,-0.09929289106856312,0.6733342785117438,0.18622563708246037,1.3604257064781997,0.6920115882723017,0.1840915214372614,1.6080863596692119,0.6764458372051162,0.18716022965736778,1.5129813889875465,0.5444137032943025,0.3341289851969529,1.3077491305501325,0.64470551961747,0.4876284670969012,1.1721064037682807,0.5970715406144329,0.6499031858575559,1.1594968079444141,0.4081269345712142,0.7262321382285309,1.1545162304942165,0.3052342473902031,0.7552729498699767,1.1519636573756307,0.2839471453502071,0.738321719252861,1.1195315115528792,0.34572208976687563,0.06073451104354362,1.262726869868938,0.678911444487,-0.008060930359671892,1.012839245688487,0.644595080533051,-0.09881430538660531,0.8731078172734525,0.47729682816083463,-0.13650295664846568,0.8041770718460033,0.3929049481889575,-0.1621977623609825,0.7818031160808915,0.40113795143427744,-0.1471657800423002,0.7616209105748635,0.45962261524531384,2.4833333333333334
0.31724450873262794,0.8633842479870639,0.6607022872243942,0.32036660347160895,0.4025809550143446,0.6318729829350297,0.3019483797039475,-0.03531072399819686,0.6610907707465454,0.28365503327038244,-0.028034593653035088,0.4524899503567069,0.34579928977666446,-0.04207240091403739,0.4928720586418326,0.27355841091675515,-0.11337820429597925,0.6994044404497455,0.12388996812525314,0.8615312435715108,0.6373646993970146,0.11914666179270782,0.40471679820572465,0.6134420560363458,0.1087076876251052,-0.023602868204500693,0.6156958969581734,0.13258698256639884,-0.03405993473311944,0.44829321720494575,0.06639941494308155,-0.011361552859513777,0.4674462254839997,0.12322538534204064,-0.09798815748583298,0.6719843325976944,0.18768372733072805,1.3598041589912457,0.6950642323012233,0.18768798243650903,1.6096074887834342,0.6753440367589547,0.18916592837971513,1.513064980594681,0.5472832304601083,0.3344669177639088,1.3022825687472388,0.6447866041772855,0.47596826116112234,1.1550728767574385,0.5957780837767114,0.6249689836280383,1.117516518154905,0.3923495274317736,0.6854527009032574,1.102438052168643,0.2774046335922413,0.7144419566498295,1.0948009230984432,0.2563977830470939,0.7031062286880209,1.0619134703723399,0.3218452713751128,0.061384160583620125,1.262139990882528,0.6831091519078254,-0.0017208690612431094,1.0114475368108822,0.6456375678683374,-0.07827073465195994,0.8643654946573918,0.4810608879703664,-0.10655207250522969,0.7908866989990602,0.39251669138777945,-0.13447195762860104,0.7679088166767074,0.39783066921844135,-0.12037569200722291,0.7509424792916944,0.4575907168991881,2.5
0.31638108837134177,0.8631624217357732,0.6617681888319851,0.31981316716614644,0.4020472681397847,0.6321038832421307,0.3028054224584166,-0.0341959332152251,0.6586076266205736,0.28328338985366786,-0.028252663324846196,0.4529639944517514,0.3455876720351614,-0.043601364285832986,0.49627350080966154,0.2729691046644149,-0.11305452920151257,0.6980232627828132,0.12205715753321074,0.8612788825523063,0.6405064793576714,0.11789362915822377,0.404099916819316,0.6160148371486002,0.10860798234751282,-0.022739228172763915,0.6153040784741439,0.13258072831382006,-0.03429948967765891,0.4487174762572753,0.06589025716538544,-0.0118714106760468,0.46855280277445244,0.12335512383974853,-0.09672911566058144,0.670664525890939,0.18967886565270553,1.358651929351796,0.697962550143918,0.19155814314976605,1.610893151604849,0.6739270588857278,0.19124321459510807,1.5128492672179044,0.5508009903575184,0.33442436555215416,1.2969827868671064,0.6451164400827778,0.4676335275155443,1.1350932584578697,0.5952503062775127,0.5959378129783828,1.0743705228052949,0.38163828540501776,0.6372274923199365,1.0478253802577588,0.2570329348640265,0.6654987172240423,1.0351686803064581,0.23747109854102286,0.6612497720990476,1.0023086816378424,0.30463534272525516,0.062279940407340195,1.26189643598176,0.6862022575548102,0.005825873300176064,1.0099693218568142,0.6479701693649738,-0.05749615458400595,0.8564344002812283,0.48542716285534204,-0.07503600028981972,0.7772646231237039,0.3935159483738235,-0.1039086190297548,0.7563574345597877,0.3943494871352172,-0.09477817861985927,0.7422257015673237,0.4531024851523974,2.5166666666666666
0.31562994254133575,0.8629077068240353,0.6624398946293507,0.3192908760402484,0.4015683593709099,0.6322213949352247,0.30368026670449366,-0.03295742319537187,0.6560546781409119,0.28262323252031846,-0.029188256106843842,0.45424633406724196,0.34543343977145285,-0.045821838206828225,0.5006547769193247,0.27240081273112726,-0.11243134858650011,0.6964576064188378,0.12065149849892963,0.8609978794877823,0.6432885015622936,0.1166835398388525,0.4036685676858738,0.6183422310836493,0.10853973418898323,-0.02190840236469882,0.6148991061930945,0.13276668200721092,-0.03429267619368098,0.4487052713318328,0.065124355972766,-0.013299191566985169,0.47031293371089533,0.12335812827297808,-0.09560470623294146,0.6696018043963972,0.1920596762009742,1.3571806965378181,0.7004894773305244,0.1953673720684227,1.611771331949822,0.6728327752720853,0.19336870186256377,1.5123589377219668,0.5552084143408446,0.33425199864461663,1.292407375129488,0.6448654254246118,0.46237099084998173,1.113836163486739,0.5945097417790584,0.56313117691456,1.0311980938826213,0.3763538767176028,0.5823272516373869,0.9928256641839701,0.24606691277229364,0.6098216354370637,0.9768198457840322,0.2271717872224363,0.6142198116305578,0.944716892156483,0.29505165259943167,0.06333549455992193,1.2622201630250456,0.6879586989102427,0.014272426386865654,1.0084361908142236,0.6516448308929302,-0.03670376751432221,0.8484675413710403,0.48985527963604947,-0.04217845069213967,0.7645885400476073,0.3951543038594525,-0.07067478749248447,0.7475034218630247,0.38917775181245984,-0.0698849120891776,0.7343958708356054,0.4468386949968035,2.533333333333333
0.31501521563064827,0.8624619217044197,0.6627576091952669,0.31878084620860747,0.4011532988945853,0.6322608605550732,0.3045542031077371,-0.03164264236143745,0.6535040761434923,0.2817497321948049,-0.030740221042332483,0.4563734436537872,0.34545410808257127,-0.04791475853303222,0.5046103725462666,0.2718733424617251,-0.11155654467672926,0.6948433214216293,0.11965573409766984,0.8606556476630719,0.6456662954351294,0.11550613783635574,0.40353857125958315,0.6204962140698606,0.10851528996830999,-0.02121637829256484,0.6146048776960874,0.13269130862444237,-0.03404196998660875,0.44878116369120774,0.0641723275019302,-0.015144517748019976,0.4725252747188624,0.12327000538522392,-0.09464849970278943,0.6689481005374116,0.1945229684458541,1.3557360040289004,0.702371313866653,0.1988700899744141,1.6122001677407625,0.6722221512783406,0.19565016925104883,1.5117262171820491,0.5605653158718011,0.33417034953389346,1.288819876944464,0.6436907404060546,0.45891527513203156,1.0930841151041837,0.5935804167649972,0.5268252063557204,0.9892924744372461,0.3758227019223799,0.5225998397255116,0.939445467372585,0.24563972350991453,0.5495705637070902,0.922628694155478,0.22546099066728964,0.5633796057135003,0.8919460688025744,0.29345708178262286,0.06439480452452767,1.2630345517476278,0.6883734703528578,0.023042467001111896,1.0068370177608337,0.6560502805106917,-0.01518298548859422,0.8408256678665419,0.49224992784986876,-0.008890312660967443,0.7532950325426419,0.39837850598183344,-0.03565347374820688,0.7403046960408004,0.38204018224920716,-0.044006937840915486,0.7264368972554853,0.43976286439556417,2.55
0.3145357323220949,0.8616603096768536,0.6628484007262921,0.3182589417396667,0.4007698433379258,0.6322681670566156,0.30541188439881733,-0.03027209670261788,0.6510404142322676,0.28082898940359874,-0.03268126598869012,0.45891959341357846,0.3456718749974409,-0.04911849689145153,0.5069181640820937,0.27134824596583534,-0.11053936477259423,0.6933544996425821,0.11903413227035914,0.8601853687307803,0.6475205795475386,0.11434649926587363,0.4038053202099008,0.622494731258114,0.10849939335300333,-0.0206109189957749,0.6144510646241776,0.13204328495034107,-0.033598139409487894,0.4490371138068941,0.06310822579994149,-0.016831885463738747,0.4748814384735458,0.12312099000088883,-0.09389120557670133,0.6687955403591558,0.19667071277310835,1.354760425108549,0.7034779962227194,0.20205221029941486,1.6122694033596159,0.6720024235890493,0.19823760105398852,1.51100183581312,0.5668672085487756,0.334197580382549,1.2862365168012104,0.6417632688247719,0.4551643922785934,1.0744104784785022,0.5926424175667636,0.48773780159516666,0.9502795675840389,0.37906775865506426,0.46111198932751774,0.8896484935950459,0.2553637544128613,0.48733375161134074,0.8741235484550975,0.23234166059194616,0.510100386552868,0.8455088934634912,0.2986426032083733,0.06531948514178337,1.2641905672144815,0.68769355901136,0.03149372726569684,1.0052025995605123,0.660323282056636,0.007578990132081893,0.8348253337911,0.49031528837835364,0.023864454679304977,0.7442396660167467,0.40359960359307345,-0.00029507462999325086,0.733560139569773,0.3744427215562673,-0.01627360488385734,0.7183547066085462,0.43266590701050256,2.566666666666667
0.31417486985241944,0.860453880704528,0.6628367048144184,0.3177250414661554,0.40038947280509,0.6322730120323227,0.3062510993823343,-0.02888192731384165,0.6487472981293023,0.2801037309613157,-0.03450180031812312,0.46121309626286777,0.34606647764575926,-0.049143047655482094,0.5072049196380815,0.27082169159766156,-0.10957220928085984,0.6920994817732707,0.11871570534544851,0.859476519485265,0.6488204681045127,0.11318824809112314,0.4043599986911865,0.624369288054292,0.10844254522420503,-0.020006256549014903,0.614390638833185,0.13088064581239967,-0.032966450018706364,0.4490158220340458,0.062045162468944814,-0.018025470756307047,0.4770423828162593,0.12294284916601222,-0.09340792750342539,0.6691955437711798,0.1982202373364752,1.3546449299420813,0.703865347990964,0.20501998213474681,1.6121370541118503,0.6720809936323526,0.20118444657180484,1.5101441595721579,0.5739959884083893,0.334285494611574,1.2844780048944278,0.6394866118678193,0.4490179950865789,1.0589230833661032,0.5915972603755238,0.4476294353122935,0.9157072036443653,0.3857004565320784,0.401171463100764,0.8460963485881069,0.27266224611777257,0.4259006577271077,0.8324488748536564,0.24702912143301545,0.4561345308059982,0.8067806620485417,0.30809429638265184,0.06605724468726616,1.265571681117741,0.686536604700008,0.039113105929347615,1.0036636104674197,0.663791759350418,0.030779483054306177,0.8312464837860876,0.4842659639858654,0.0555472719969753,0.7394608358750302,0.40893945176742663,0.03406058263138429,0.7276409626406993,0.36812073264696943,0.012721769619697726,0.7110860583904055,0.42663969776494265,2.583333333333333
0.31391434254223527,0.8588635182361372,0.6627301569032868,0.3172062549081599,0.39999971652762645,0.6322878972808745,0.30707603781033554,-0.027551153600308506,0.6466851657410823,0.2797997829389259,-0.035503760086982195,0.46268684589429476,0.34664801965575126,-0.04817940250006718,0.5059743040598899,0.27036354444953503,-0.10883769077111112,0.6910433871300143,0.11860727092000174,0.8583999985358771,0.6497216424615782,0.11205373879167875,0.4049087930009886,0.6261600491044182,0.10833215149388628,-0.019445926179193954,0.6144044251835988,0.1295579467016062,-0.03215108258247413,0.44829618123044346,0.0611336812698476,-0.01858326509400013,0.47867792920965696,0.12277980789468869,-0.09322181569118719,0.6700702371177026,0.19922179347506985,1.3554798002303843,0.7036323009170794,0.20781505675046555,1.6119707013303803,0.6723312345761374,0.20434641547211385,1.5092120095737693,0.5814143521993058,0.3345120341684469,1.2832758421123618,0.6372997877811846,0.439269273068812,1.0469595721046205,0.5905559681260808,0.40885070524947764,0.8867873218650518,0.3955074860519079,0.34553530990924214,0.8120547009384785,0.29357392510376384,0.368102498926797,0.7989942522174027,0.2672895863827126,0.4034082965321732,0.7766763398449089,0.32031480674103413,0.06665589757199296,1.2670100598941476,0.6857001177720602,0.045627515244252445,1.0025239653324232,0.6658354275259611,0.05281023835067253,0.8298460942286687,0.4769939597746541,0.08550083504293486,0.7407748544406576,0.4116980446182885,0.0663537662514405,0.7243851574143436,0.36376789095037376,0.041877084683926806,0.7059751800973255,0.4229716191986312,2.6
0.3137096479262294,0.8569013402483299,0.6624446522506866,0.3167361610920952,0.399617591834002,0.632291378315863,0.30786951331336965,-0.02637289444227875,0.6448743535189377,0.28003374737439324,-0.0351315415022834,0.46303782901349133,0.3473606127959026,-0.04666125696078463,0.5040987648168188,0.2700662586422165,-0.10838563883683051,0.6900991719979305,0.118639675561804,0.8569164642202605,0.6504146878350081,0.11102398827570077,0.4051783268711498,0.6278425984397593,0.10818947806815893,-0.019086071677226576,0.6145272789890683,0.12844107380695824,-0.03120413347916573,0.4471647061037789,0.06050345922783017,-0.01844194346137004,0.4795452458133459,0.12267187242501189,-0.09317449942554552,0.67114360144368,0.20004512103006883,1.356970396590464,0.7028442504296621,0.2103794206163196,1.6119049302208694,0.6726208701839009,0.2074602878059371,1.5084064228351872,0.5882434404810057,0.33513121486083824,1.2824042945357548,0.6355673842141519,0.4260191605787562,1.038022911527321,0.5899312406262058,0.37314605422146924,0.8642465402165833,0.40809457668789345,0.2963317339681049,0.7899532490527496,0.31434022865503225,0.3162989246609588,0.7749900008267202,0.2896242125724605,0.3536793092106432,0.7544439056080361,0.33571579027202814,0.06720568828859072,1.2683096980112514,0.6855674945756653,0.050965111495769946,1.002278397592311,0.6656734239984462,0.07269060992585694,0.8301273494209069,0.47184414930404267,0.11260204185207433,0.7483121353581774,0.4103633102103915,0.09550724591591421,0.7254442145041393,0.3611750797406582,0.07004225185527627,0.7042273471716602,0.422280313016005,2.6166666666666667
0.3134943071941983,0.8546136877422084,0.6619406480792899,0.3163294559949121,0.39930964251139606,0.6322037204940042,0.30857605672806965,-0.025405417725358287,0.643309771046454,0.28076892888465,-0.03322111688738767,0.46219741533625275,0.34801152359306375,-0.045076285384822334,0.5022645003696519,0.2699779717091827,-0.10812001908794347,0.6892592367682862,0.1187893735347634,0.8551702026426001,0.6509070237590784,0.11015365422668434,0.40505645282123043,0.6293137817806346,0.1080270718963551,-0.01899387108178087,0.6147417424496806,0.1277244677190909,-0.030173367344508956,0.4464712161798944,0.060175575873963716,-0.01763656046483697,0.4796401013935184,0.12261275247331897,-0.09300016271996644,0.6720436705816469,0.2010988967072781,1.3586320034384656,0.701582088815464,0.2126407071291625,1.612029032927859,0.6729258064823123,0.2103524918956871,1.5079052125749253,0.5938616501922682,0.33633342545502387,1.2817198323876433,0.6344874021670344,0.41062772359912086,1.0312517878452068,0.5898320393888901,0.34114433614553263,0.8483483447646512,0.4230084645135866,0.2550267725149872,0.7798289696619084,0.3323221307422808,0.2717378392275565,0.760574746361633,0.3105523526729058,0.30860849924098677,0.7380298633387613,0.35456329566605393,0.06780681273393999,1.2694027640788559,0.685933182081536,0.05506815197138417,1.0033494695320013,0.6627282339190211,0.09040269243286814,0.8320393822932715,0.4706038089149799,0.13554365297679008,0.7605790925878565,0.4050979264849022,0.12044803065594831,0.7313360063246338,0.3598821734183464,0.09573475001572028,0.7067564272567305,0.4240011328925911,2.6333333333333333
0.31324278728143656,0.8521336506416962,0.6613208703776412,0.31596579843489586,0.399164914996948,0.6319250798215356,0.30911743431473465,-0.02466048252321612,0.6420010391593197,0.2818172419294471,-0.030064105106430213,0.4603616931794303,0.34841057944725157,-0.043923607277563836,0.5008315536835887,0.270091554524746,-0.1079113161869445,0.6886088453924429,0.11905239912255541,0.8533939390070631,0.6510180252794427,0.10937186427551746,0.4046151111720363,0.6304303562793463,0.10782855867498935,-0.019024255239423624,0.6149148473861231,0.12747039148759925,-0.029217329857767926,0.4468936506727388,0.060038261864708974,-0.01640365622820715,0.47927938271478837,0.12254873671779411,-0.09255002571030141,0.6725118780387721,0.20258419943312106,1.3600741642911405,0.6998786994705329,0.21456258910673726,1.6123854624213694,0.6733193066358476,0.2129948940847237,1.507753140642786,0.5982973833103908,0.33794193215104246,1.2811927575468474,0.6340156986534411,0.39507716597867915,1.026133184134136,0.5897473919043549,0.31298134354503926,0.8391265930811198,0.43936219145275446,0.2220605541967582,0.7792396248075971,0.34622571610486313,0.23456887906226379,0.7542654787262772,0.3282518529885422,0.2697310141340848,0.7257208503918039,0.3753014901946568,0.0685378623488867,1.2703916110564781,0.6864488928993911,0.057829414158917264,1.0057618767255634,0.6570681160483753,0.10588854053843347,0.8357577133283434,0.47298269081217414,0.15305968711762158,0.7752476847194888,0.397275947614997,0.14021834577751027,0.7414890205413412,0.3598281351382242,0.11712230585543866,0.7141435180499139,0.4266383150593956,2.65
0.31298898965401417,0.8496330016433336,0.6607916155340268,0.3155988540211445,0.3992025633354548,0.6314593788812376,0.30943234461435715,-0.024097651251733437,0.6409843597781698,0.28292977341071707,-0.0262988791039261,0.45804403753832457,0.3485043026425918,-0.043665722350989505,0.5000969932217427,0.270375653382923,-0.10770413389913631,0.6882504815119564,0.11938841819230055,0.8517051179312198,0.6506476671071483,0.10853416554602942,0.4040518414110048,0.6310663971212304,0.10756992414482708,-0.01896422778088823,0.6148941464380802,0.12766813765943083,-0.028740668208903426,0.4485647565279914,0.05997014148922744,-0.015192142161175315,0.47889461437762537,0.12243206016898547,-0.09187503522231177,0.6725138062590147,0.2045111572202396,1.3611375455226813,0.6975662916807784,0.21606160059510648,1.6129586620298961,0.6738937536984339,0.21536861977980806,1.5078890565944376,0.6019985936778536,0.3395609266882835,1.2809250769452436,0.6338423453646095,0.3810594354995285,1.0227662908745614,0.5888617892538756,0.2890890103810555,0.8360670247868702,0.45576215350756827,0.1965258994939877,0.7845413434065647,0.35624280690743215,0.20441025113568903,0.7537037607450767,0.3428303576176705,0.23814144016994593,0.7170975624021128,0.39505046526329723,0.0693868818504634,1.27141678587872,0.6869269001430235,0.05925837184255934,1.0091142949387406,0.6494200381374962,0.11835918689022373,0.8407444977580517,0.4777021204621016,0.16425305770200688,0.7899468577909056,0.3886053007006264,0.15399918781025174,0.7544029368008954,0.36127163393850303,0.13251668209956882,0.7260068218422363,0.42876866446504935,2.6666666666666665
0.31274655895537584,0.8472386393001845,0.6604686788272482,0.315187174891999,0.399337160441037,0.6309624890759734,0.30952692405753207,-0.02362926493410966,0.6402446304884012,0.28388220267100606,-0.022805219143939882,0.45593572420251227,0.3483535141082744,-0.04451170009576286,0.5003531252824704,0.27079849311384374,-0.10753357737340025,0.6882329928731346,0.11969510755847,0.8500287898367596,0.6499673678792564,0.10755115435672442,0.4035563462924486,0.6311782390371279,0.10724099810160176,-0.0187293196491837,0.6146141721230939,0.12819935685636108,-0.029125778075494796,0.45125039858017235,0.05995988929343027,-0.014504621273890322,0.4787114035072332,0.12225549083904387,-0.09110729206928059,0.672151727077465,0.2067768942871575,1.3617970148208505,0.694457762269879,0.21697188073228435,1.613675587609357,0.6746331191264799,0.21742246362705436,1.5081987459763415,0.605366078944881,0.3409676315821625,1.2810016969591258,0.6335606462163398,0.36968169088970715,1.0213546996571699,0.586713738705086,0.27015179563413994,0.8373645354287315,0.4710510530088169,0.17648521648355,0.7920803185690386,0.36401523247102746,0.18069564224583046,0.7567749243389067,0.35528343993489253,0.21426464524025263,0.7125237815814944,0.41101923401379137,0.07022164612602035,1.2725087704393494,0.6872599992646886,0.05950186367386593,1.012707881648813,0.6409995683430468,0.1268211468907955,0.845468218399066,0.4836718181606543,0.16898579177878886,0.8025217521839486,0.3807721479680573,0.16146279283432616,0.767713587775965,0.36420861630067697,0.14117282034378864,0.7403681432364693,0.42995788935620793,2.683333333333333
0.3124447399416045,0.8449861568590674,0.6602486719383153,0.3147169788922513,0.39945927580357116,0.6306180715926363,0.3094992123139867,-0.02316988846188449,0.6396311023149178,0.28446409038793624,-0.020564973476101714,0.45466342584204134,0.34805134508417046,-0.04627859697805141,0.5016233774132071,0.2713236821936774,-0.10746991403905048,0.6885288872486929,0.11986841678625666,0.8481883984082548,0.6492386576554416,0.1064160780271065,0.4031929943489735,0.6308455061096566,0.10684666778218753,-0.01836747116424632,0.6140911994062227,0.12880487124523907,-0.030437874121268686,0.45459245696965844,0.060042077245993565,-0.01466911602493591,0.4787098306834603,0.12203785733743297,-0.09033004554981712,0.6715246717491429,0.20912617542662307,1.3619846387544885,0.6908922360290666,0.2172663790512112,1.6144188921803762,0.6752509735793398,0.21914569258797423,1.5085416509490917,0.6084928388451514,0.34214922406873705,1.2813184211816089,0.6329978608217424,0.3617635625087387,1.0214428730729155,0.5837555522477244,0.256354172416724,0.8402998372143577,0.4845350537596357,0.15999831397735648,0.7987229401067598,0.371838964498009,0.1625764759492021,0.7615634494899305,0.3667406533443157,0.19766498899353835,0.7117488919717878,0.4218471639936766,0.0708275990260325,1.2735554753723781,0.6873769012235287,0.05858161362812775,1.0156818419795604,0.6333355144558563,0.1309048531892083,0.8485810918564163,0.4896235789579845,0.16777610176096297,0.8108856793213417,0.3757256876468077,0.1630146895388646,0.7784291616687554,0.36858909927658956,0.1438202364724148,0.7541842153750624,0.43051892026911665,2.7
0.3119673862862185,0.842799672905417,0.659934348285786,0.31419617737090183,0.39950073449912626,0.6305140662996812,0.3094921622144554,-0.0226945947222065,0.6389746251280626,0.28452134646646576,-0.02023339592897585,0.4545875689528398,0.3476364763318792,-0.048534109283580096,0.5036697885418552,0.27190250462720983,-0.10752796461642238,0.6890308550977227,0.11988117774250798,0.8460148226320405,0.6485933045415624,0.10514163145850973,0.4029117711938918,0.6302312898080727,0.10639921991833357,-0.01794710123256041,0.6133688912734542,0.12917589635402119,-0.032484307948504626,0.4581307523282144,0.06019629510983274,-0.015686100831551336,0.4788073646522871,0.12179779749401322,-0.0895525960883582,0.6706917471016728,0.21118249304608183,1.361604804713421,0.687897122889688,0.21725076024583997,1.6150526859091818,0.6752615760852876,0.2205660913579729,1.5087406396956198,0.611230501694041,0.3431217911756812,1.28163196608537,0.6324004507162225,0.35784490206533803,1.021779642551033,0.581287575605386,0.24704887983581147,0.8426492171129784,0.4955828397915707,0.1461096417557752,0.8023094709482285,0.3810095128236538,0.1489455578899067,0.7659848235544718,0.3780071936261933,0.1869486747178057,0.7131724719547063,0.4281029179728691,0.07101883712497782,1.2743811307092774,0.6873897659865684,0.05630682526018807,1.0173112248466283,0.6279076357362846,0.1310214302997618,0.8501149391380125,0.49357931414193223,0.16169869038137874,0.8136284295609666,0.3751526582234205,0.1595842130502183,0.7840699025579887,0.37465638356464637,0.14218612397610486,0.7647992498270293,0.43078160178219793,2.716666666666667
0.3112435967798932,0.8405467591031636,0.6594145761362981,0.3136336237748174,0.3994228554872232,0.6306431957216648,0.3095816724049997,-0.02228360746408453,0.6383252916135046,0.2840712613701246,-0.021737252015212358,0.4556651214509187,0.34708752045091706,-0.050729127056498735,0.5062252425895403,0.2724921560036734,-0.1076270500678431,0.6895743388065594,0.11975241454170726,0.843420667810372,0.6481199802959032,0.10373761477697249,0.40265665687261426,0.6294408874222392,0.1059082420684294,-0.017479436697317788,0.6124819262749122,0.12915885966691232,-0.03493491986153297,0.4612055634790305,0.06037186791289299,-0.01727898742471319,0.4789647494914143,0.1215429451558117,-0.08875784457933585,0.6696967051447158,0.2126485854234676,1.360733826052638,0.6865235166952857,0.21736924985897832,1.6154632399228106,0.6743324752156268,0.22171368919033002,1.5086001855464513,0.6134449177905295,0.3438930561568365,1.2817340397541626,0.6322684259543713,0.3577484026261364,1.02115633682656,0.5805631928979428,0.24132185002776532,0.8434676464411709,0.50353500828764,0.13482582829567422,0.8021710326438001,0.3908754476796234,0.13877491686777976,0.7684137755854434,0.3889788762762779,0.1801985626228233,0.7150125355466151,0.43105444123636916,0.07078126587370727,1.2748701403910123,0.6876367491717397,0.05248997032212431,1.0173366729624573,0.6257136921726694,0.12797963927377792,0.8511205385944747,0.4939018501602328,0.15264284728887972,0.8113111633040377,0.3790732630724933,0.1526389879140416,0.7843344651038585,0.3824049663331124,0.13808511541520485,0.7710076614966519,0.43111423973181007,2.7333333333333334
0.3103006125319123,0.8382226736745321,0.6587030625170054,0.3130375221545156,0.3992014472985743,0.6309509431597894,0.309704666498451,-0.022092135226439477,0.6379329415725218,0.2832757634707212,-0.024399266329823067,0.4575761938846901,0.34639789783792235,-0.05231912465064012,0.5090153672230945,0.2730690128333428,-0.10766577339654879,0.6900258372029138,0.1194536257004088,0.8405269447378327,0.6480158353170345,0.10224615211197137,0.40244859256977267,0.6284319365162512,0.10537658393128839,-0.01691588187246515,0.6114478877979977,0.128876789514904,-0.03738721456876792,0.4631015233357623,0.06054106734802071,-0.01908342805580876,0.4791794713457618,0.12127354109426225,-0.08793984089103953,0.6685803600212168,0.21344778054913766,1.359662870705894,0.6870886273913336,0.21785667367127337,1.6155955732962552,0.6724930187993846,0.22258540955081962,1.5080392478264932,0.615079515299996,0.34450203252742273,1.2815457063418734,0.6329756677936963,0.3603905541727591,1.019333743920115,0.581909388374201,0.23857816920762528,0.8429625100593886,0.5078902121910303,0.1262672031794897,0.7992061585151085,0.39989676358023263,0.13129970508758174,0.7685063935425643,0.39875794946418264,0.17568932904122625,0.7166623894134906,0.4314774581882723,0.07029406645458333,1.2750421141057524,0.6884474194455026,0.0471381124635025,1.0160175214763576,0.6269438761769746,0.12273527998369055,0.8524669208351641,0.4906310972844061,0.14310169172874773,0.8065277248733829,0.38556810778584577,0.1444063584718084,0.7814068619335092,0.3909165056976478,0.13325127778136012,0.7732106778049186,0.43212079990411034,2.75
0.30923858130511284,0.8360725089595995,0.6578970540968521,0.312432030045958,0.3988512982555194,0.6313712350444715,0.30972561730379233,-0.022218529477738558,0.6379549720297375,0.282322522310595,-0.02737175325748306,0.45995884429432643,0.34561058757884755,-0.05299781816450888,0.5116798753847372,0.2736109626150794,-0.10761441741578467,0.6903559896144807,0.11890717341569133,0.8377142117233481,0.6484997538794499,0.10074173594454384,0.40235999809335815,0.6271173905408483,0.10480786596061852,-0.016208396287026833,0.6102827659425767,0.12859411419053027,-0.039475244209421854,0.46358593788828467,0.06069179389722485,-0.020734266250403033,0.47945334316410554,0.12098883004028671,-0.08709653960862451,0.6673880338241123,0.21367124661007952,1.358683717032219,0.6892282220867243,0.2186687495916907,1.6154807522393013,0.6700027764081441,0.22311292459942073,1.5071924069671887,0.6160238693087992,0.34502507215909406,1.2811069252742597,0.6345283045872205,0.3642722329526941,1.0169160499149907,0.5847788614009689,0.23837062863942854,0.8419503828893461,0.508802814909967,0.12021029011231937,0.795283230213036,0.40711868511351823,0.12602573115848895,0.7671855169798719,0.40650388334130716,0.17222695831628002,0.7181629469273098,0.430274847943499,0.06978967713272027,1.2750047072868909,0.689930188786813,0.040539267425685546,1.0139340253384939,0.6308153078015415,0.11658572324416948,0.8542190142858,0.48545592548641414,0.1353075255260368,0.8021087449320661,0.39220564129339486,0.1374978654921176,0.7783254146198422,0.39830162529787316,0.1294869668814958,0.772930694705968,0.4340515785084125,2.7666666666666666
0.3081535198977619,0.8344384315599941,0.6571015096194706,0.31184969064741547,0.39843403473097777,0.631884455005961,0.3095630856828519,-0.022620244292618052,0.6383060761110783,0.2814166160566928,-0.02993044824716143,0.4623343651959089,0.34481067138031,-0.05275286696792711,0.5137960726300966,0.2740881201999756,-0.10751801700639471,0.6906039564859321,0.11804417919955265,0.8353937630076095,0.649617374906882,0.09928809043916749,0.4024235518863238,0.6255284686301703,0.10421455335252498,-0.015363479201209757,0.6090168747902165,0.12846467254403404,-0.040917472402267,0.46319297320636243,0.060794006002107284,-0.021866135381676796,0.4797627049184452,0.1206892752173457,-0.08621564840666418,0.6661739441200011,0.2134798561824089,1.357919876621754,0.6924577720989638,0.21964835254789167,1.6152388170721692,0.6671657917336319,0.22325638019048072,1.5062939429535085,0.6162191989378829,0.34556324796456994,1.2805273763262799,0.636607600922036,0.3682513853990374,1.0144881634902703,0.5883395168481325,0.23989698390535125,0.8411082493215548,0.5075910833941943,0.1163612476607615,0.7922325362281031,0.41217933415934654,0.12272999336945975,0.7659766058671791,0.41176785849674064,0.16929838727174323,0.7192392874282311,0.4289980324277043,0.06940203796792935,1.274893822093967,0.691941374623808,0.03329903566495271,1.0117264871686307,0.6358759720437962,0.11122672056123814,0.8558413157105476,0.480694650785617,0.13053460553076746,0.7994915559744871,0.3973763512441606,0.13389105340147037,0.7770761681514406,0.40250433436328376,0.12816831306796037,0.7718184091713356,0.43641638012522654,2.783333333333333
0.30707679926951686,0.8335115046051697,0.6563236538457882,0.31130583243946686,0.39798373494916695,0.6325774188718413,0.30923287101355723,-0.0231733468924821,0.6388220726745144,0.2807903274500513,-0.0316090944997024,0.4640276030315361,0.3440981612562019,-0.05177737607206913,0.5150061738782857,0.2744721168131065,-0.10744731916629824,0.6907999805059006,0.11681282477461781,0.833741235563371,0.6511951517431396,0.09791284398718302,0.40258550017864947,0.6238840135733343,0.10361556468689563,-0.01442877646884462,0.6076894266029828,0.12846685764406693,-0.041557639905055385,0.4627076091523529,0.0607892183599777,-0.022211985830576146,0.4800731869230519,0.12037766227081419,-0.08529262765890608,0.6649840593662745,0.21308730786310834,1.3573727781666873,0.6963479417507255,0.2206235665507536,1.6150077645286744,0.6643565103993637,0.22313772850367586,1.5054931656610053,0.6159060176707145,0.346195100560866,1.2799381020808953,0.6387544683866153,0.37186340070903956,1.0121910618256127,0.5919258419463248,0.24206664462668886,0.8406525337589205,0.5060741545266838,0.11471003827706655,0.791055816290433,0.4146360687981764,0.1213725675373877,0.7659814068004912,0.414288254775074,0.16717652770623795,0.7195577932027892,0.4289478891797347,0.06912886087710664,1.2749020928637829,0.6940554640846999,0.026241604091552958,1.009887656526476,0.6406014873797236,0.10811247527262591,0.8568725411341557,0.4780361567858593,0.12897608310920228,0.7987050917895091,0.4005073212304061,0.13413641791099742,0.7779326600199188,0.4025729246064827,0.12960799785475538,0.7707372784871674,0.43854265628614575,2.8
0.30599987122310524,0.8332930758180279,0.6554483035783536,0.3107942684158442,0.397424284685138,0.633565190198955,0.3087939410844061,-0.023786746752646762,0.6394542245029188,0.2806258108192117,-0.03217553467112053,0.4644531822475027,0.3435349559813167,-0.050468314524504815,0.5152311064864877,0.27474305826186624,-0.10744745730496814,0.6909469729207313,0.11519387510004792,0.8327285080455167,0.652919495201712,0.09660891083651409,0.40273494484194006,0.6225273682561595,0.10302947559951879,-0.013452544757491192,0.6063347245534652,0.12851487458038913,-0.041564710822409714,0.46251587755927975,0.060623122979818894,-0.021733681451165394,0.4803929030765494,0.12006177551355159,-0.08435525315222439,0.6638375322480975,0.21275550845099656,1.3570675104992775,0.7002595559435119,0.22137828722793496,1.6148374697283954,0.6621702482705255,0.22297265024622626,1.5048422573002311,0.6155147363195819,0.34688972692087516,1.2794367468060261,0.6406011245483574,0.37499121932915747,1.01007496527061,0.595138469971264,0.24405298765683736,0.8406450338543072,0.5052656682333596,0.11544459171632772,0.7917597408542939,0.4141423491653944,0.12198427314293553,0.7670558545763805,0.41419043967125635,0.16652826520011849,0.7193022182060059,0.4303998963736942,0.06889988789645225,1.2752320468390175,0.6956272009315573,0.020213188081496827,1.008668329242373,0.6437619371476473,0.1076693835692091,0.8574020131126718,0.4776666263888842,0.1300600907016435,0.7992121113025179,0.4016368159326362,0.13743066818562422,0.7799712256418438,0.3991173304141435,0.133125492735288,0.7696390488076451,0.44016569940929107,2.816666666666667
0.30493771964165217,0.8337133197900507,0.6543780709740918,0.31029794909729635,0.3966034963137968,0.6348337472430567,0.3082805014971768,-0.024436875259867513,0.6402488124029961,0.28098427001128373,-0.03156480546570004,0.4634167575818883,0.3431267662376039,-0.04933917564583499,0.5148087207387753,0.2748872271872662,-0.10748387226408172,0.691047080307428,0.1132599045038782,0.8323216401953533,0.654447846399834,0.09535982037340901,0.4027731914133759,0.6217307988067055,0.1024720811855642,-0.012468941108580309,0.6049803128911543,0.12854033749356253,-0.04138096036433972,0.46256907832766664,0.060315517704325056,-0.020613648282833803,0.48071379430034167,0.11975417272473698,-0.08345331027305791,0.6627366915912026,0.21267714539506427,1.357109879038727,0.7032844916820433,0.22167640530036595,1.6146770510955866,0.6613043322426574,0.2228883678871713,1.5043764783362716,0.6153051533013187,0.3474639729275045,1.2790338975461408,0.6420779052879134,0.3774106043430223,1.0084731627503645,0.5976587988857816,0.24552466958096233,0.8411429320183428,0.5051771774417642,0.11854585066266543,0.7935913789861342,0.4112015049406951,0.12458734879785369,0.7681198938427524,0.4123619078277938,0.1677077843536688,0.7190772727953338,0.43291897936266655,0.06865681703129202,1.2759174613858153,0.6960907182214944,0.015924959302878593,1.008067355440161,0.6447266044265628,0.1092107508189615,0.8578605036439253,0.478512373622399,0.13293476236031548,0.8004967560815505,0.4010123419763776,0.14232546375205862,0.7820206125376925,0.39371013191390447,0.13764105826209488,0.7680116318805013,0.4416697659212452,2.833333333333333
0.30391348690972564,0.8347010051639834,0.6531696122668824,0.30980436684928125,0.3954363993319251,0.6362510117463982,0.30768588777935196,-0.0251130614713935,0.6412301748158257,0.28176408895933835,-0.030065130237305192,0.4611720908277432,0.3428665771502847,-0.04879570182682695,0.514300353419268,0.274881543875005,-0.10744776159708101,0.6911055397069901,0.11116261804219678,0.8325644735325829,0.6555476966793572,0.09418947598054032,0.4026914927040725,0.6215227535739997,0.10195749967346295,-0.011502663496028728,0.6036529617867294,0.128540692254328,-0.041222375320273584,0.4627047911571302,0.06002025805348847,-0.019102765572502012,0.48081846392528854,0.1194669553567884,-0.08263082441376599,0.661688505565054,0.21279736701041208,1.357552792151845,0.7047479349352259,0.2214116469994471,1.6144550507895186,0.6620761909489792,0.22289208771678723,1.5040946677100895,0.6152614448313931,0.3476736846252324,1.278659597312634,0.6433986489958438,0.37878033907009717,1.007797908736756,0.599178800676456,0.24646689774005848,0.8419659399590376,0.5055214955976015,0.12361679823646599,0.7955273125702945,0.4071345922946716,0.12905279379441756,0.7683598201557922,0.4101022036218288,0.170433733231918,0.7194329163881419,0.4359772222564921,0.06836111051031149,1.2767710125464067,0.6952302773277215,0.013792654958717638,1.0078993111065742,0.6437186094019143,0.11153784426063276,0.8585092616553933,0.47926295329577556,0.13683000049344618,0.8021287171455392,0.39904629423937943,0.1475602340930822,0.7834015388830716,0.388252249428646,0.14227366054105994,0.765431181086255,0.4439663178492188,2.85
0.302888720255871,0.8361704961069443,0.6519692536433952,0.3093206922482185,0.3940078976097379,0.637696412083686,0.30699184875556507,-0.025794377720734993,0.6423660336949935,0.28271152585285764,-0.028338969586389408,0.4583325029677288,0.3427439110746128,-0.049016259727820505,0.5141404019991836,0.2746964089252634,-0.10725848210810432,0.6911040602482108,0.10902804754474556,0.8335056065591248,0.6561576465114752,0.09316209870117138,0.4026184737371773,0.6216576424602019,0.10150009931522087,-0.010574434494629623,0.6023817259775093,0.12860268414719433,-0.04088477712803558,0.46283345843584844,0.05998073845325677,-0.017347512060111037,0.4802639031184412,0.11920718819966002,-0.08191063851066877,0.6607133005109451,0.21282365868374725,1.3582435671468875,0.7047995150319121,0.2207030518445069,1.6141348772958712,0.6641336285329678,0.2229626371158876,1.5038989402580223,0.6152636824789955,0.3473941245220268,1.2782292043322225,0.6448555045077757,0.37898314711061515,1.0081248375484995,0.599599366167637,0.24705352924690646,0.842703522479014,0.5060148971350027,0.12999961546047548,0.7969983446532742,0.40296922768864085,0.1349074294610615,0.768087921209756,0.4080734775432867,0.17397435649666879,0.7206089707917276,0.4392233347870903,0.06797179250514543,1.2775295256666843,0.6932430224895123,0.013816479231535582,1.0080180488202473,0.6414773445416488,0.11358589687135656,0.8592085580747226,0.4791231701516592,0.14119535719700288,0.8036641188379327,0.3964504258760533,0.15252401976972643,0.7840554662179514,0.38462640986662555,0.1465967007239602,0.761948581288839,0.44781768518447096,2.8666666666666667
0.30176645288118986,0.8379857799048518,0.650888401738568,0.3088681171408864,0.3925137195887695,0.639103261933997,0.30620081986439074,-0.02647106600617699,0.6436069101805001,0.28355322734196947,-0.026943071936681384,0.45561882218567645,0.3427167419034528,-0.04987458907302163,0.514468363580606,0.2743360965510897,-0.10693819232285286,0.6910032867852497,0.10689778848079715,0.8350956485575385,0.6563233930277358,0.09229829263423023,0.4027567482945946,0.6217538569292735,0.10111596432673094,-0.0097028368087788,0.601197497257243,0.12881129304002545,-0.04010433057879003,0.4629325846060516,0.060382947822274824,-0.015328340597536058,0.4786904739774139,0.11897659998081092,-0.08128682773445592,0.6598481037427559,0.21247961642926305,1.3588900744953938,0.7042818829303039,0.21979238738472023,1.6137190588176618,0.6667648351664458,0.2230748112818199,1.5036373932452813,0.6152209229110748,0.34671018205770543,1.2776908499389528,0.6466900692319817,0.378279233167172,1.0091360933024873,0.5991439518962478,0.2476335438534204,0.8431006139072817,0.5061903664470981,0.1368945553872226,0.7982078045947635,0.39876370105702347,0.14124365718266552,0.7684084513428331,0.40604834034460047,0.1774648187912059,0.7225879057202645,0.4426550989825425,0.06748675820869315,1.2779886738381832,0.6906808131519143,0.015642958467200662,1.008519017144014,0.6385771062558074,0.11468418284169316,0.8596160941965649,0.47792969447568223,0.14565343270530684,0.8047606713184418,0.394151226029738,0.15705082230033607,0.7842429709462554,0.38415246715407747,0.15040993162795188,0.758031886988622,0.45325268154419185,2.8833333333333333
0.30049880009991026,0.839976651586838,0.6499783616325897,0.30845895237854604,0.39112967236147744,0.6404270817924322,0.3053471775729776,-0.027139476814614483,0.644927560625076,0.28412799919445986,-0.026028212796666284,0.45356608425405986,0.34274020816559014,-0.05080149132922147,0.5150035336668642,0.27386035067285663,-0.10656823776472771,0.69079335910744,0.10476039037400244,0.8371629551582607,0.6561427475962862,0.0915330807048681,0.40320125851318994,0.6216210120342391,0.10082148364180368,-0.008904399924958312,0.6001321943931118,0.12913857345913954,-0.038890409585763806,0.4629954448973578,0.061229629056786014,-0.013025605907875867,0.47615847922375526,0.11877512169487811,-0.0807317207674571,0.6591479906391933,0.2117046392796246,1.3592532379112454,0.7039672341342676,0.21887617590820585,1.613244294852612,0.669396026732511,0.22314754788478433,1.503221996185564,0.6150752981658862,0.3458221586757978,1.2770493001620147,0.6490057592301903,0.37708108684495867,1.0104396176165409,0.598156246327853,0.24865201567122142,0.8432103721481806,0.505404570751603,0.1434719241264607,0.7994966902990096,0.3947233265651063,0.1468355957033072,0.7700003574477441,0.4042676547562293,0.1801627101003922,0.7251953065228118,0.4465801011794589,0.06698475408040266,1.2780581408519085,0.6882270603222919,0.018704134978710926,1.0096172451734577,0.6352464499477661,0.11452660956817617,0.8595376723473398,0.47590508372956053,0.1499201077119046,0.8053948737720545,0.3929274216476232,0.16106989379549153,0.7842848547181251,0.3869606169508538,0.15344094094605923,0.7541788127767806,0.45970232234444763,2.9
0.2991579626882971,0.8420010429047377,0.6492321013733993,0.3080744652047079,0.3899448269843955,0.6416312757872816,0.304482661686463,-0.02778513204887001,0.6463294656751708,0.28438962431776216,-0.025522691521511286,0.4524306472967034,0.342797380420504,-0.05096377596854798,0.5149943259705765,0.273341724940226,-0.10621096735452532,0.6905183361385998,0.10259983164436606,0.8394632693604852,0.6557591665551092,0.09078646721996492,0.403873947193656,0.6214284642212448,0.10062459079984565,-0.008192752081774363,0.5992174418400765,0.1294744501891652,-0.03756255037290132,0.4630172119469697,0.06230716456161427,-0.010700502869330317,0.4732420373640678,0.11860752983927625,-0.08023615413756886,0.6586729147300296,0.2105983193596447,1.3592370397758895,0.7040700632477699,0.21806310358925157,1.6127730324129925,0.6717103290457569,0.22305076055848605,1.502672714270579,0.6147875615693125,0.34490801238273516,1.2763658190127012,0.6516386702257426,0.3756350553627787,1.0117960393758096,0.5969061779878468,0.2504882239088768,0.8430522457665068,0.5032672911510638,0.1490018006682022,0.8005952823810372,0.392467717128257,0.15056150854907022,0.7724080235935278,0.4043608130728204,0.18167541285739403,0.7282379242845931,0.4509261307368292,0.06657557709506963,1.277761190539966,0.6863874645016158,0.022276309829212394,1.0113559531243688,0.6316674158364272,0.1131201335710395,0.8590549125426157,0.4733846893772895,0.15384290079783475,0.8057693936034388,0.3932040666291365,0.16468700098590217,0.7844285541448087,0.39203205633428617,0.15542549279150844,0.7506597189184961,0.4664412049475982,2.9166666666666665
0.2978669818588766,0.8439621283804035,0.6486023556364215,0.3076652961142084,0.38896275528242463,0.642694153153764,0.30364736573515044,-0.02836825259942055,0.6478155346530835,0.28437885527481055,-0.025309715078195932,0.4521719668091551,0.3428806108409218,-0.049791908724681234,0.5136198385078292,0.2728144355257489,-0.10588731826311591,0.6902379114612757,0.10043080400649147,0.8417688516580029,0.6552971383232057,0.09003929941075435,0.4046990926207368,0.6214159864842229,0.10050927202996927,-0.00757728663976083,0.5984809681590986,0.1297204399554507,-0.03658272554880162,0.46300465778929634,0.06327379654434948,-0.00887214140397688,0.4707840836741781,0.11848773511558165,-0.07984928207795927,0.6584697264492494,0.20925854578602865,1.358872654587924,0.7043977235869179,0.2174307293486655,1.6123777922499323,0.6734789159875678,0.22269980169925396,1.5020314679658338,0.6143640413734341,0.3441036250745588,1.2756965220540584,0.6541677557677805,0.3739327879358343,1.013017135669207,0.5957158032264651,0.2532689284174473,0.8423346525243574,0.5001003166853593,0.15299684310024445,0.8009052534088693,0.3938983957946042,0.1519723388437767,0.7746196026215335,0.40803905172565014,0.18209329905720079,0.7315971584541539,0.45487042342631473,0.06633170604757109,1.277156613613214,0.6853763004115968,0.02555061756365621,1.0134860699197634,0.6281416321760397,0.11075528016378303,0.8584099632762837,0.4706907404692146,0.15741641324624894,0.8059691888917776,0.39519428618047514,0.16823500608918845,0.7847549136095407,0.39794760540297996,0.15635348737911553,0.7475836552358572,0.472770548812534,2.933333333333333
0.2967103584585686,0.845786937195769,0.6480579311010594,0.30719490881953543,0.3881477928220206,0.6436031563218922,0.3028549059630483,-0.028833943616148272,0.6493718308265001,0.28421946488576133,-0.025274673386620844,0.4524277844831873,0.342982428137131,-0.04724550843000221,0.5105606026805238,0.27228368126906244,-0.10561103424211896,0.689980500212265,0.0983059110360929,0.8439415401546423,0.6547767497470363,0.08933810530155284,0.405679251988715,0.6215994996767761,0.10043580062089044,-0.007070308043103685,0.5979417873693292,0.12981886059660705,-0.03633401847807222,0.4629684876285309,0.06383870829508476,-0.007988078448878458,0.4694453665990813,0.11843279514333173,-0.07965262415918098,0.6585674593334135,0.20773968877386384,1.3582713478898922,0.704702521272913,0.21704997353111252,1.6121197729782406,0.6744943213421526,0.22211306550001225,1.5012985056919739,0.6138687676229736,0.3435449763597348,1.2750488864897764,0.656085489623687,0.37189455137724714,1.0138738352577397,0.5950379129665919,0.25675294985735797,0.8406188845715531,0.49694675082569056,0.1553318949014264,0.8002941551397136,0.3990880497449223,0.15142113114372674,0.7759303213220197,0.41536973862953463,0.1818937702717107,0.7350518726627349,0.45762577084794126,0.06626264804167789,1.2762759730351416,0.6851319726105082,0.02786709654875219,1.0155756113671623,0.6250194371013925,0.10791645367240366,0.8578527080113347,0.46812510303495336,0.16063432303650524,0.8058226368529984,0.3990520188908713,0.17184516008780792,0.7851695217031492,0.40368589824758244,0.15646454227414497,0.7450182567162021,0.47804730403818263,2.95
0.29572523573722037,0.8474290992002412,0.6476147405100632,0.3066787804821853,0.38748319359326144,0.644342271865588,0.3021079850724427,-0.029184373928536442,0.6509590621188999,0.284050038279933,-0.025382646502202906,0.45272933011382066,0.34309874092562065,-0.043662562724452056,0.5061190305461423,0.2717644730760379,-0.10543472104293763,0.6897205914749885,0.09627346646091245,0.8459400997206699,0.6541500545795377,0.08876913117814185,0.40672175428599205,0.6218653375099049,0.10037481430089713,-0.006707345736548881,0.5976089540913345,0.12974244917310152,-0.03698928393791201,0.4629120381323345,0.06387959707052371,-0.008290485835155612,0.4694910922082126,0.11844756350087152,-0.07967032176568042,0.6589562573779301,0.20613832872177237,1.3575547438635545,0.7048496688235556,0.21694161242752183,1.6120186386583502,0.6746982842768168,0.2213777354217022,1.500489914403332,0.6133887461258689,0.34332585742122484,1.2743986562307634,0.6570709890787678,0.36956078984633206,1.0142345238058879,0.5951903868965182,0.26039459588828867,0.8376591837582245,0.49504739376614393,0.15627812372312067,0.7990800783615662,0.4064558795856243,0.14970074284459955,0.7759687759726434,0.4249516786211387,0.18166866972990753,0.7382159098203307,0.459069411983395,0.06630990729120552,1.2751663959737183,0.6853160390153372,0.02894590157324001,1.0172214073925172,0.622571907560242,0.10513878229288552,0.8575287681600747,0.4659995083151518,0.16340272878861897,0.8050913708152566,0.4047501803913397,0.17515681904454858,0.7854000121951495,0.4089354954124583,0.15601751521924095,0.7429413406125273,0.4817694300569445,2.966666666666667
0.294916094380211,0.8488689166109538,0.6473191183821211,0.30616199565761715,0.38699866438892927,0.6448915360784431,0.30141571603442124,-0.02952332685989842,0.6525061739634077,0.2839372120949325,-0.025615236479226207,0.45284457115255594,0.3432221951952228,-0.03954719219251161,0.5009446595583353,0.27128867343337626,-0.10544532488568199,0.6893977413860126,0.09433927956436247,0.8477847658372307,0.6533955624821876,0.088426861592647,0.40760435583260857,0.6221518114697788,0.10033523992758563,-0.006557141379510342,0.5974899304422244,0.1294825293237011,-0.03849744873533318,0.462847308039357,0.06341960858996079,-0.00988268284304894,0.470903421581029,0.11851185238196091,-0.07980016786786506,0.6595256067170656,0.20463006242494422,1.3568111788481134,0.7048121446186362,0.2170364484637774,1.6120361551177038,0.6742959027432981,0.2205986177844852,1.4996817259156003,0.6129965166626047,0.34337476997057637,1.27368381901719,0.6573355437602564,0.36709396327242344,1.0142211312328602,0.5961870543110811,0.2635464408263975,0.8336406451033409,0.4952022082251427,0.15646321421629633,0.7972648874320304,0.41471641788314384,0.14776737634132955,0.7743180762104502,0.4353755043103495,0.18187122147367016,0.7408889354811466,0.45948853362886893,0.06638538164956799,1.2739122991098437,0.6854954846778,0.028900581120763588,1.0181701100907812,0.6208242937308079,0.10288795841886278,0.8574431535059324,0.4646208795514904,0.16570487812387308,0.8037368885002415,0.4117778410407223,0.177618086198004,0.7850380283411544,0.4137509613439866,0.1551475363536447,0.7411355477459981,0.4837513732151445,2.9833333333333334
0.29425706804571594,0.8500863505641474,0.6472156922216165,0.3056764945189554,0.38676051191735644,0.6452224630968024,0.30077838783093624,-0.029977197453328427,0.6539170471626531,0.2838831793988541,-0.025830837843696677,0.4528255580231509,0.3433385304623757,-0.035460013325111936,0.49578398885004704,0.27087356143099295,-0.10567718047006344,0.6889903152286234,0.09249702563111134,0.849517957430313,0.6525326266809727,0.08836151544300125,0.40817342864285083,0.6224637338491509,0.10034334211658233,-0.006689173719671121,0.5975902217153021,0.12904243082092584,-0.04061450146951119,0.46282328286942104,0.06257542316082178,-0.012630114044063459,0.47342696931257217,0.11858675984810671,-0.07985468526690946,0.6600633072174279,0.20337670585257828,1.3560991602002581,0.7046298127434759,0.21721026132943877,1.6120998239259732,0.6736651589567174,0.21988020455072713,1.498947918442405,0.6127328664462524,0.34343459019572875,1.2728270931246575,0.6576361775928696,0.3647309345851415,1.0141276106139467,0.5979496679896152,0.26570499311009715,0.8291920123340045,0.49747991071998443,0.15670435962775103,0.7942592077144692,0.4237342020480964,0.1465753575322313,0.7706734965720111,0.4461330727084162,0.182680554509865,0.743238031510328,0.45937965992429475,0.06643904530625837,1.2725630095070273,0.6854553963555696,0.028126755052690453,1.0183547549939498,0.6194936388516036,0.10148979763796971,0.8575445995111247,0.46413280005211244,0.16773302457151887,0.8019590296970254,0.4191010675274133,0.17894274942272964,0.7838014567022196,0.4181219705814566,0.15399723973407786,0.7392837841403563,0.4843727662348992,3.0
0.2937119532524845,0.8510703469004507,0.6473328313806643,0.3052286674845095,0.3868211408671686,0.6452937313446968,0.3001689172303718,-0.030574866320779104,0.6550991002989733,0.2838703030402533,-0.025895520211134594,0.45279759063201236,0.3434305628400685,-0.03197283155839086,0.4913788359635543,0.27049850467325154,-0.10602436442773028,0.6885652126265739,0.09078115269169629,0.8511921252857008,0.6515810408939438,0.08852004137370675,0.40843294904327965,0.6228140435145212,0.1004016508950216,-0.007085888913716407,0.5978641323601613,0.12845858136597924,-0.04295218007173837,0.46292622776082987,0.06156119644034941,-0.01603237032650265,0.4764965280974234,0.11863762687200351,-0.07971072554511491,0.660403938074463,0.20242395085884732,1.355462103325574,0.7043842722161399,0.21734816500500553,1.6121374633876908,0.6731952963723778,0.21932366450090865,1.4982940032890886,0.6126036284543263,0.34324965966333254,1.2718415913008123,0.6587075479811251,0.36281735890448435,1.0141630329600284,0.600499058684653,0.2667562844880369,0.8251257258507418,0.5012574770101155,0.1576959230732035,0.7896267937715934,0.4335764433124983,0.14674326644290814,0.7654881837722114,0.45707768793445686,0.1840208837390776,0.7454851690185413,0.45931751879528315,0.06647334454860056,1.2711333289109528,0.6852586052658025,0.027179495273293816,1.0179984611369888,0.6181553098492152,0.1010659614600625,0.8577705621942479,0.4643410727517491,0.16975545834134748,0.8000416660616418,0.42548246716349875,0.1793567950973735,0.7818609871241758,0.42193997336877864,0.15298742290839867,0.7373766651960616,0.48441920939130695,3.0166666666666666
0.2932773298147425,0.851856972695269,0.6476825206568364,0.3048080350472933,0.3871531166385075,0.6450863985795593,0.2995580800053529,-0.031223059570571948,0.6559947101618944,0.28387568020354104,-0.02584851421475679,0.4528135578321901,0.3434844533174448,-0.029586901112227317,0.48836511812918243,0.2701322750947884,-0.10628278132863166,0.6882258113052654,0.08926609589983453,0.8528388338356119,0.6505409899543025,0.0887439634511345,0.4084590580890121,0.6231889703863782,0.10047761494309804,-0.007569791408896187,0.5981768985642815,0.12785548350334397,-0.045033442724288476,0.4631723971760883,0.060670889751420674,-0.019342141033555096,0.47932264876413894,0.1186441270332517,-0.07942179596457807,0.6605543013153792,0.2017216266250198,1.3549531570616569,0.7041662293958084,0.21737342929031994,1.612093828694591,0.6732006490089655,0.21900473122875047,1.4976964758850626,0.6125908451251985,0.3427559376905227,1.2708704349282218,0.6607305967711083,0.3617531668312081,1.014344371211565,0.603796465049363,0.2671047396228921,0.8221897436317321,0.5052582254677107,0.15975173606840376,0.7839684848687164,0.44324835462935863,0.14835647479817027,0.7601814173239121,0.46715713697917033,0.1856846102829451,0.7476648895072989,0.45944768945087733,0.06650234510374275,1.2697270883036247,0.6850514145029805,0.026644778141020693,1.017631437633167,0.6164572497240173,0.10148081690159645,0.8579681403545375,0.46484166721990444,0.17197037036791574,0.798274028776998,0.42991739617650293,0.17949530191568358,0.7798524816794585,0.4250476745007278,0.15278053705348893,0.7359425171306606,0.4843574804290057,3.033333333333333
0.2929938042120122,0.8525181417611115,0.6482468857527519,0.3044037204664413,0.3876128839525229,0.6446749880823633,0.29895987299865273,-0.031800443748879845,0.6565909827878392,0.28388320844616766,-0.025793121288082144,0.452850540756461,0.34349750338471885,-0.028527984463537492,0.4870286440810587,0.2697704696870366,-0.10630805406267366,0.6880200235374303,0.08802470044063455,0.8543966919223243,0.6494176020603802,0.08887869991717152,0.4083291688658682,0.6235654944946701,0.10053259783553199,-0.007902691017525179,0.5983935023839874,0.1274812152248669,-0.0463024718632877,0.46333307066991675,0.06019423417762822,-0.02177183148101553,0.48111383163249205,0.11859728765958569,-0.07915205885950359,0.6606192006102871,0.20122513844281548,1.3546447827140073,0.7040301520662853,0.21721955397963094,1.6119348435532326,0.6738817831946574,0.21892430680737957,1.4971906856382609,0.6126598885441932,0.3420427937858931,1.2700993897417552,0.6633968089147961,0.361767048662691,1.014623780809687,0.6074967477794255,0.2674993025161231,0.8210567712459682,0.507696308763406,0.16279245907592296,0.7787132992987859,0.4509493511251413,0.15115123439724043,0.7562804318299298,0.47460056010732576,0.1874095256031882,0.7497739382491698,0.45934383046672456,0.06652177714951274,1.2685962379321236,0.6849083499164083,0.026930566555226174,1.0177979221546587,0.6142646813168067,0.10238014289903768,0.8579535596682385,0.46536981131968413,0.17445515325579067,0.7969428053421826,0.4320640540091182,0.17994801277903172,0.7784920419306092,0.4271877054566176,0.15380295403046876,0.7356218623400407,0.4839867451879662,3.05
0.29289294417743195,0.8531140203926301,0.6489407271993298,0.30401779047818617,0.3879699481866634,0.6442411658932014,0.29844523096477443,-0.03225925291041615,0.6569065571827359,0.28389028028002494,-0.02576670600758437,0.4528701620765482,0.3434840426945293,-0.028542392755872927,0.4870503029530254,0.2694306403627963,-0.10613380456961362,0.687914536957136,0.0870869145713766,0.8557044860703239,0.6482754819858432,0.08889630955938303,0.40811197908366764,0.6239422440869202,0.1005523593028213,-0.007995481481306646,0.5984952862182192,0.12764552796828785,-0.04626783149822737,0.46299826312929265,0.06028986902808253,-0.02269180492265107,0.4813501542773459,0.11850403013560964,-0.07900221165224897,0.6606675782869592,0.20094636008731065,1.3545709143037432,0.7039737586397631,0.21674330222597468,1.61163292095507,0.6753970781575994,0.2189869174127183,1.496868494012384,0.6127571723651875,0.341187785143115,1.2696574339446778,0.6662569641417779,0.3627524376558415,1.015002221914614,0.6110124971096825,0.2685876990956666,0.8221701279604178,0.507015884502871,0.16649762104317695,0.7749125325873024,0.45590312614100614,0.1547356841644385,0.7542641969908771,0.47882485854264445,0.18891801427125376,0.7519162757209171,0.4585981590057173,0.0665172844244021,1.2680146469738725,0.6848214016006162,0.027992764314954482,1.0186750587875943,0.6117760424202171,0.10335010087309837,0.8577278855393641,0.46592868964972434,0.17709065737827873,0.7962259278110109,0.43237649259081135,0.1809142608009216,0.7781558020726532,0.4281351357739811,0.15590528461652553,0.7365826977700983,0.48296553511330664,3.066666666666667
0.29295351652526075,0.8536513501938515,0.6496019839104851,0.3036659127395786,0.38804169357852575,0.6439534002129529,0.29810969350042715,-0.03262232550489723,0.6569638856477124,0.2838988112535782,-0.025756438551502482,0.4528625412804991,0.3434673992904474,-0.029015744328125127,0.4876499416101708,0.26912971806947966,-0.10592678665970298,0.6878501973117036,0.08642847895879589,0.8565713022122022,0.6472516766062438,0.08887417823437276,0.4078541141557468,0.6243244767948645,0.10054398018408674,-0.007934984168150888,0.5985527756135443,0.12855943365667738,-0.04482405351461467,0.4619259267374303,0.060880577128890445,-0.021912570253119795,0.48006072582357806,0.11838285961121661,-0.07892263261400018,0.660709537406032,0.2008887788970227,1.3546625396052927,0.7039556811660532,0.21573870163113706,1.6111615776464752,0.6779007233095427,0.21907534626377073,1.4967767855185519,0.6128406036524507,0.34021149358951036,1.269559445918936,0.6689169278568485,0.36429193598840437,1.0154971035946105,0.6138614012892516,0.2705545183126677,0.8253492525702311,0.5028517331069748,0.17047053613066682,0.7726187707073233,0.45903546372092274,0.15870037037606322,0.7534792488751207,0.4810633884870321,0.19001058302373358,0.7542298377048926,0.457238417739594,0.06649224534405915,1.2680792303105444,0.6847597206296451,0.02932656859411225,1.019991147900617,0.6095179669612896,0.10411335349910003,0.8575111583198382,0.4665700862912445,0.17957872834221006,0.796038126505581,0.43179903171361983,0.18227627659416024,0.7787410046157254,0.42810808731442723,0.15856042565224038,0.7384966902030501,0.48135640189986983,3.083333333333333
0.2931310745290805,0.8540690671610556,0.6500818839203517,0.3033711460602138,0.3878311900473067,0.6438383311415974,0.298012339161055,-0.03292692908734138,0.6567829929548464,0.2839090693521408,-0.025744038186618808,0.4528371035323742,0.3434611280295531,-0.029417805670769653,0.4881560081601592,0.26887259515216505,-0.10582559356333097,0.6877999726303669,0.08601077433019594,0.8568520216238982,0.6464794178626343,0.0888834053008163,0.40756082800182886,0.624693875415049,0.10051886354801165,-0.00782558439032792,0.5986278573618518,0.1301510888258864,-0.042320914918669655,0.4602138919188521,0.061730514192546104,-0.019748312337575236,0.47774199632406616,0.11824719131651627,-0.07878626014161538,0.6607434119831332,0.20092873854022705,1.3547944338067357,0.7039182137013991,0.2141283037702249,1.6105316746901952,0.6813479818046599,0.2191511645953924,1.4968426610307566,0.6129205696680741,0.339153932073197,1.2697125629982255,0.6710072633814145,0.3658181930162526,1.0160918351951937,0.6159216431084653,0.27312103760384926,0.829785978849092,0.49624265637387605,0.17435526634290854,0.7715231102719536,0.4612693646714138,0.16274046813108323,0.7531534919630768,0.4825532673789916,0.19064607368874104,0.7567290052851274,0.4555400877019598,0.06647893944938663,1.2686530702110255,0.6847091665088479,0.030318827659347312,1.0212314252538264,0.6081080017103939,0.10463409024874534,0.8575845496818727,0.46710580875730123,0.18163937570346075,0.796126084982851,0.43120517502481903,0.18380594977308085,0.7798555811653827,0.4277964434338334,0.16123540274848458,0.740938695146194,0.4795247936085396,3.1
0.293399003755606,0.854283194182411,0.6503491803129748,0.30315890885643465,0.3874798369787556,0.6438162718795799,0.29812864164658215,-0.03322928062088684,0.6564340289161832,0.2839193476914121,-0.025726251146373093,0.45280107944639586,0.3434610785480327,-0.029577521600706674,0.4883726861420319,0.2686506166409158,-0.10584831142945561,0.6877678459930225,0.08581481157535673,0.8565256265865139,0.6460162311638477,0.08893698847234535,0.40721605865665444,0.6250166562386934,0.10048450860000348,-0.007700929781147128,0.5987400160387246,0.13200924952963994,-0.039274835671551,0.4581190675457064,0.06265197286580854,-0.01670788256432254,0.47492813403137457,0.11810136060573782,-0.07850883427926972,0.6607833009875818,0.20083701261112624,1.3548910111056045,0.7038033019315142,0.21206034296806578,1.6098197918190997,0.6853320557473608,0.21923002941409442,1.4969258281646818,0.6130205016176471,0.3380821274526723,1.270016896275529,0.6720714453051874,0.36685399288297516,1.016779829676811,0.6173128198849317,0.27579811542439103,0.834566747405164,0.48897432030973287,0.1778297917367966,0.7716092415192332,0.46224579025813683,0.16666013380157693,0.7532064633250529,0.48307421258234307,0.19088895002884113,0.7591775799376992,0.45374416130722117,0.0664986272063411,1.269482124040489,0.684654965802338,0.030578704609470625,1.021902972203378,0.6079442425555048,0.10505117871219843,0.8581556778766319,0.4671198800213466,0.1831956755522565,0.7963922791447147,0.4309356646256221,0.18525996210477597,0.7811600419615261,0.42773068316748075,0.16356584205002248,0.7436073074393971,0.4777681879999224,3.1166666666666667
0.29373914683378627,0.854278859079192,0.6504696913577848,0.3030562470375619,0.3871001062642383,0.6438197241809397,0.2983554079614675,-0.033632366559828805,0.656066418848431,0.28392558729743494,-0.02572017706280786,0.4527556077433584,0.3434551638425013,-0.02953709568855896,0.48839354208663344,0.2684609970758811,-0.10594567352778309,0.6877679771600212,0.08581604789487288,0.8557551553307746,0.6458601104185161,0.08901382114633197,0.4068321165591756,0.625272583244169,0.10044309362111604,-0.00755407844440982,0.5988849015184314,0.13361005330648154,-0.036116232837563204,0.4558692741843411,0.06357205343105678,-0.013284456895322039,0.4719916848374393,0.11794729203859977,-0.07808788314648318,0.6608481625918582,0.20046068066607825,1.3549484692496279,0.7035778916414273,0.2097802149241739,1.6091457848752644,0.6891949021091779,0.21926554720202063,1.4969363921385093,0.6130904475255139,0.3370178791065667,1.2704421275504632,0.6717026386307309,0.3671680634566704,1.017625714245939,0.6180967055928908,0.2781288785689816,0.8390734206482429,0.4826667488397296,0.18058578811869064,0.772913364728383,0.4613218360935788,0.17026047324631577,0.7539926829681604,0.48174751707225866,0.19080937640089038,0.7612093052038549,0.4520035968075433,0.06649315499775663,1.270340268688408,0.6845423084996172,0.030018774279093805,1.0217397927199625,0.6090704042704503,0.10552527162654596,0.8592762142081061,0.46631140664888543,0.1843514926540718,0.7969702136604161,0.4308633709541111,0.1864214945503226,0.7824943903318313,0.4279370166375901,0.16538981567870645,0.7462462792496688,0.4761095280299338,3.1333333333333333
0.2941245621933848,0.8541554137461937,0.6505216778384612,0.3030922845712995,0.3867061516889099,0.6438380138451815,0.29857350658135934,-0.03423407013301452,0.6558085312534381,0.2839225092017117,-0.025751283584201708,0.4526997844192848,0.3434428691673711,-0.029323945690756782,0.4882502230559016,0.26834259290592727,-0.10608759150262302,0.6878270373560984,0.08596097108529399,0.8548440749319417,0.6459771179374054,0.0890945988395935,0.40646673540789136,0.6254620261803602,0.10039549168161113,-0.007377097173268732,0.5990557540153442,0.13462655244404734,-0.03318175301335563,0.4536677731461193,0.06442960667948326,-0.009979623923003875,0.46926342137356686,0.11778700481391496,-0.07755544325917287,0.6609464783745694,0.1998155746907108,1.3549851107778184,0.703253184924489,0.20749698187650426,1.6086115278843787,0.6923482075291614,0.21913230009739948,1.4968884300735832,0.6130167856910138,0.3359304016492334,1.2709869414890496,0.669903289074757,0.3667673535351983,1.0187331016576466,0.6182549384956355,0.2798131812622702,0.8429583707816045,0.4782041318262117,0.1824559039366,0.7750225014515093,0.4589292032597232,0.17330915995698698,0.7555681042331053,0.4785842963881598,0.1904967068330151,0.7626730001599021,0.4504439439356307,0.06633325094197859,1.2710949759731411,0.6842912753752431,0.02879809401054221,1.0207653964415495,0.611165346939477,0.10616057784570312,0.8608242891302184,0.46473370490204935,0.18523791211919272,0.797963111063121,0.43080647258600147,0.1871541140873157,0.7837534897191735,0.4282309811916313,0.16671451897790457,0.7485629738476484,0.4743762385177813,3.15
0.2945351789035976,0.854058924470374,0.6505626151921804,0.30328778119994554,0.3862812653247546,0.6438939497060995,0.2987228184707392,-0.035065156600552386,0.6556586211166426,0.2839109080610549,-0.025818036803608613,0.45264349117265,0.34345119477523745,-0.028956122153392883,0.48782431505332075,0.2683650888599984,-0.10628238614193847,0.6879705799395491,0.08618149289147194,0.8540714674816453,0.6462721181414269,0.08917127123711288,0.40617137520854457,0.6255917930273655,0.10034870646005371,-0.007168386431545132,0.5992542479068191,0.13496203057726458,-0.030809149100522445,0.4517607489361683,0.06510256250931173,-0.00727325834503792,0.46710807667596826,0.11762074582391993,-0.07692344642199128,0.661081413603359,0.19901504006559018,1.3550099315970736,0.7028750485039006,0.2053592536114326,1.6082313182105796,0.6946540699355777,0.21873769046911548,1.4968825768440015,0.612730077325321,0.3348004409743617,1.271631044184138,0.6671694419044151,0.3658539425989715,1.0201262538153058,0.617917410708717,0.2807486493219186,0.8460195814280264,0.4757225841493424,0.18350532695160324,0.7771124729700695,0.45643277251140624,0.17561240989454519,0.7575426103229319,0.47472827295214504,0.19011054359021523,0.7637035760507211,0.4492373659928796,0.06592584577693529,1.2716776196290782,0.6838665891374718,0.02725933078818943,1.0192501330353432,0.6135962163928738,0.1069859492831351,0.8625716691113994,0.4626851206756711,0.1859216726306706,0.7992492764377357,0.43073015925658076,0.1874482893292323,0.7848086099521724,0.4284950189654969,0.16764974171239,0.7503104697956281,0.4724643089436719,3.1666666666666665
0.29496041347509816,0.8540906409640419,0.6506267660656936,0.3036343887767524,0.38585714774001634,0.6440019914085803,0.29881420209829407,-0.0360993506217705,0.6555399680070477,0.28390405838272587,-0.025866931893407108,0.4526161506255033,0.34352379559264284,-0.028645182054076748,0.48713201456404526,0.26854694498353066,-0.10654046505536742,0.6881757744395901,0.08639756952750632,0.853582918575368,0.646573607258604,0.08924021372750782,0.40592916452406946,0.6256643608966419,0.10032110470234158,-0.006921715231624798,0.59948755176158,0.13462524120423902,-0.029303353156750804,0.45039476023609903,0.06546727405852884,-0.00552536597816794,0.4658312991218334,0.117447295745981,-0.07618772171346588,0.6612522584167051,0.19818477034697699,1.3550225909263607,0.702499956736788,0.20344862841539468,1.6079262031100088,0.6964894553758407,0.2180965098620442,1.497048121914806,0.6122608789155235,0.33364884297484776,1.2723040267301997,0.6642681441631435,0.3647705659695466,1.0216558137762843,0.6173970383620381,0.2810150812620212,0.8481789643808428,0.4748865219242198,0.18397925183200198,0.7784793237230726,0.45497650821826685,0.17715890414667618,0.7595418282982134,0.4712864868456228,0.18983790120267396,0.7643822291704957,0.4486373646003699,0.0652841625988547,1.2720403699626108,0.6833078503647698,0.025845551839109734,1.0176177172934782,0.6156908055916825,0.10793281980438718,0.8642524796713754,0.46048864620219526,0.18639643729560082,0.8005450095195206,0.4306701374985823,0.18741990981037776,0.7855639150712767,0.4286939602787273,0.1683980756994466,0.7514794628907884,0.47037399115054035,3.183333333333333
0.29535791798399735,0.8542960285559028,0.6507117981335194,0.30409086865948537,0.3855085044618138,0.6441376588523239,0.29888084604071874,-0.03724721639774865,0.6554226888712836,0.2839198572490609,-0.02582725051229124,0.4526415192998232,0.3436831814842197,-0.028948130467143215,0.4867323230484372,0.26881307381231256,-0.10683928402196669,0.6883629108830653,0.08652391859637414,0.8534548022792858,0.6467209367288884,0.0892985665729816,0.4056818924523294,0.6256730468083966,0.10033299302533985,-0.00662534667787322,0.5997540643656278,0.13375840109250092,-0.02872175172020134,0.4496396403488184,0.06551397317401078,-0.004846684018018896,0.46548230845518235,0.11727341073831048,-0.07536273749572779,0.6614232504547626,0.1974328930536453,1.3550206412442714,0.7021782610326114,0.2017634919677555,1.6076110106560857,0.6983080300419555,0.21729676996276115,1.4974569894602536,0.6116955191304738,0.33251267537202966,1.2728545428887872,0.6619979790266636,0.3638589648348711,1.0230608299606718,0.6169653492237999,0.2808288832325838,0.8494953259384345,0.4750845306588998,0.1842471374325342,0.779009108050268,0.4546416887349139,0.1782253772431155,0.7615211642733067,0.46828705732669007,0.189794710873825,0.7645815829410515,0.4488503282555504,0.06449443646585742,1.2721814636529105,0.6826893959145256,0.024944504734658174,1.016257349182149,0.6170605004643512,0.10885733478628287,0.8656048453937799,0.4584131353769001,0.18664144962155993,0.8016008506097391,0.4306475064851708,0.1872559380126319,0.786025883871784,0.42880205244881564,0.16922025971341642,0.7523308240201518,0.4680031964782304,3.2
0.29564454196575807,0.8546891229231386,0.6507813986821066,0.30458916001528763,0.38531261881063894,0.6442581933086712,0.29893553888838154,-0.03835006157827814,0.6553356889425813,0.2839736780638817,-0.025634874711840706,0.45270586939701907,0.34390705707390956,-0.030522454137802545,0.4876032345718243,0.2690685942251892,-0.10711915637047331,0.6884814254304275,0.08651940625027667,0.8537651570748361,0.6466720417987195,0.08934144275877474,0.40542376718109063,0.6256086096503046,0.10037967347525042,-0.00628728193677959,0.6000346325378945,0.13272447256345157,-0.028734627957200838,0.44928203188296,0.06538211326655446,-0.0049716835053904285,0.4657385436967471,0.1171297681951499,-0.07446372500650217,0.6614896448469534,0.19684914873817083,1.3550039788653647,0.7019452589182203,0.20021608141361583,1.607258301193062,0.7002797776923836,0.21644503679456073,1.4980832607713772,0.6111221940590582,0.33142104871475864,1.2731128764320012,0.6609371476218416,0.3633102425016722,1.0241562017843506,0.616698616067419,0.28047072979506504,0.8501535598174318,0.47559074496812404,0.1846940262073206,0.7790945893045954,0.45472748563805954,0.17923327663186214,0.7636141232146623,0.46504664829218184,0.18998021232015502,0.7642533200180391,0.4498802297012837,0.06366005365615515,1.2721832788383105,0.6820761170256571,0.02468951381567671,1.0153601830557724,0.6176308275594977,0.10960478360775788,0.8664482290038313,0.45671548400720857,0.18671471918887222,0.8023334736278305,0.43066622097768303,0.18711579097525627,0.7862796705962881,0.42876048813803214,0.17025471262750966,0.7531243067383602,0.46527279447956216,3.216666666666667
0.29575270847137203,0.8552524175597869,0.6507909659120916,0.30503830544213717,0.38532348711829656,0.6443582905487265,0.2989616924807384,-0.03925630557988519,0.6552921079282786,0.2840822498881202,-0.025207818860467822,0.4527717574779189,0.34412966704144266,-0.03356453996123245,0.49035265822259705,0.26927721247988307,-0.10731685222700667,0.6885949858377829,0.08641042488624216,0.8545418933912565,0.6464859725680188,0.08936020097764699,0.4052383136894779,0.6254809598596907,0.10042219787639597,-0.005946189378020314,0.600296013842708,0.13197722347804702,-0.02886398144608033,0.4490207562907262,0.06524936283445003,-0.005384602664181837,0.46611447454584887,0.11706265881003801,-0.07349339167043042,0.6613313765303367,0.19649913727210988,1.3549759479913586,0.7018166612744741,0.19866082972736743,1.6068677339924806,0.7024185500237992,0.21565010928917797,1.498837711938968,0.6106192963535246,0.3303821597166664,1.2729893789825903,0.6612950155878918,0.36312596370570777,1.0249500620512972,0.6165257659944744,0.28015769200150553,0.8503593934423019,0.47589603266223846,0.18551776994159014,0.7791291268627653,0.4546679703059638,0.18040715710556032,0.7658187402206215,0.46131660767129445,0.19032860354633013,0.7636272165224384,0.451580652496725,0.06288434060181877,1.2721617952320765,0.6815225998285883,0.024867437062866836,1.014918696103752,0.6175397998162786,0.11007355891967407,0.8667551155479356,0.45560632932165734,0.18673115653534464,0.8027762391306857,0.43071560178534174,0.18703679852694116,0.7863966848122111,0.4285563088839281,0.17134202150619693,0.7538611495762002,0.4625799365812472,3.2333333333333334
0.2956665937646504,0.8559449005215919,0.6506944242244324,0.30536815277655915,0.3855311015038654,0.644497900825748,0.2989339108050815,-0.03990338866846517,0.6552556744834656,0.28425126875344153,-0.02450522849351073,0.4528138205940514,0.34423737760418804,-0.03755595453507474,0.49464779256913777,0.2694451481325925,-0.10741801048434273,0.6888019950507207,0.08624758334295016,0.8556835067563053,0.6462334659398241,0.0893463080926463,0.405239268286905,0.6253235432534934,0.10041687006603332,-0.005639860217327139,0.6005000641739495,0.131771612354494,-0.028868426436713897,0.4487566948141868,0.0651931245300909,-0.005680854759829088,0.4663225802203538,0.11708267205365565,-0.07252742099636181,0.6609607379435785,0.1963919451647162,1.3549450875346298,0.7017795632794117,0.19701782595678696,1.6064415698555115,0.7047108629766026,0.21502081490862973,1.4996162546655327,0.6102600246445248,0.3294027786935786,1.2724947441102041,0.6629704083385413,0.36317375586457495,1.0256026201843804,0.616346519208251,0.27995932590485045,0.8502213719629856,0.47592308030752095,0.18665515614408995,0.7792024877535474,0.45442108840091966,0.1816303524179288,0.7678368073327689,0.4577162023205661,0.19077375271801567,0.7630248042614981,0.45375658952847264,0.062273009192048215,1.272171803016663,0.6810892567087472,0.02511574831291266,1.0148166842241169,0.6171117661128002,0.1102789085030643,0.8666212238630632,0.4550657501151427,0.18674873641089385,0.8029647483607425,0.43076991611889304,0.18696621558939464,0.7863713991920185,0.4283855406050435,0.17209726736782738,0.7543064651543289,0.46079537827705735,3.25
0.29541224056285936,0.856728788516655,0.6504295200717968,0.30558047435087443,0.38588936267344204,0.6447536989411555,0.2988484300865214,-0.04031453530985647,0.6551853580005708,0.28445029734238575,-0.0236497492282004,0.4528272783325903,0.3440848329312954,-0.04157819180645967,0.49947813137997055,0.26957960353553373,-0.10747048350861634,0.6890852852719563,0.08606408731014886,0.8569824802521904,0.6459569541529099,0.08929748740943405,0.4054863209833417,0.6251655197198409,0.10034406326703135,-0.005381083056379021,0.600618952221832,0.13200605037068258,-0.02877276833371225,0.4485702038941996,0.06518721391382758,-0.005743179591637879,0.4663526245304537,0.11713040754525046,-0.0717622237393123,0.6605856178055789,0.1964573963491028,1.3549327060244878,0.7017619227460918,0.1953955923798601,1.606014489831686,0.7069804607044483,0.21464145290041975,1.5003263816829269,0.6100952422332931,0.328521105368219,1.2717352793553425,0.6655804242780549,0.3632922422615064,1.026307797788839,0.6161241300345637,0.27985161283715165,0.8498211605908732,0.4758450557003625,0.18792042568805922,0.7792077952767313,0.4541990706173321,0.18268869750063105,0.769224555476678,0.4551472443904294,0.19125835076746078,0.7626028671957994,0.4561517187570392,0.06191319696157112,1.2721947103241038,0.6808280104026442,0.025232856463924133,1.0149073178263386,0.6167084395433398,0.11034266042952856,0.8661670248719886,0.45481293031131376,0.18675173706120285,0.8029457938413452,0.43081841604011234,0.18691912870895472,0.7861296511060741,0.428632652296971,0.17219749634270617,0.7541606488833132,0.460622390996357,3.2666666666666666
0.29505307546626436,0.8575769622470634,0.6499481325518909,0.3057414893252325,0.3863969738347121,0.6450998954374075,0.298731608020566,-0.0405155538145794,0.6550846668121767,0.28461799420867706,-0.02290973706020543,0.4528144365447532,0.3435578693465606,-0.04479507077514045,0.5038067852948248,0.2696883248953845,-0.10754237707803238,0.6893406385379839,0.08587482878418787,0.8582544843211943,0.6456776101892086,0.08922147290072371,0.4059435580467618,0.6250085383467907,0.10020723218098675,-0.005169829604119325,0.6006447586766526,0.13233688634756396,-0.028631431407269058,0.44850036509496316,0.06518414675991355,-0.005610409313909243,0.46629070955665924,0.11711261261931726,-0.07141849292099506,0.6604913255063374,0.19659954639287638,1.3549779350951532,0.701631404705443,0.19400765471203563,1.6056598552607932,0.7088663406701707,0.21451791232568235,1.5008991063495372,0.6101087060875714,0.3277936586092072,1.2709184485990999,0.6684116112862769,0.36338806733660345,1.0271698459564957,0.6159141494246122,0.27980433685532186,0.8493591181495249,0.4758120366048676,0.18913740176927674,0.7790572569184279,0.4541651253252581,0.1834862859716378,0.7697590988622754,0.4540570020293818,0.19172297638994457,0.7623263683657426,0.4584435300200612,0.06181663137789396,1.2722000266766156,0.6807373123176392,0.02523465961898215,1.0150508936316338,0.6165023988447647,0.11034005511124698,0.8654515223142664,0.45466794584389364,0.18672400667006198,0.8028493942676436,0.43088172827155924,0.18704290645491647,0.785597707644801,0.4295966272040739,0.17161365425208946,0.7532545927638525,0.4620503882655846,3.283333333333333
0.29467638423756887,0.8584610097941229,0.64930546600254,0.30593481800368516,0.38706111128617415,0.6453554246837001,0.29862026608731207,-0.040495449101027356,0.6549937737455596,0.2846991506052531,-0.022533203771940735,0.45277605506288954,0.34262894641180075,-0.04668227380997992,0.5069102767295622,0.26978370527835105,-0.10766027221175428,0.6895137209056181,0.08569082853018536,0.8594369233976145,0.64541247814237,0.08913158715194035,0.40650787664514504,0.6248386688041492,0.10001986916509026,-0.005010346739330901,0.6005806584702006,0.13249508494980142,-0.028449049139655493,0.44848475289231066,0.06516360046079826,-0.00536086414006548,0.46619854702331515,0.11696765685896124,-0.07162002602694101,0.6608662133334327,0.19675457806567803,1.3551080813831826,0.7013337919692071,0.1929860106985096,1.605447813658534,0.7100295386894929,0.21455119192102082,1.5012806965334355,0.6102027538354151,0.3272834641460014,1.2702941168158108,0.6706019316137264,0.36344350500681694,1.0280907509690225,0.6157849244272159,0.2798011627946096,0.8490710209725582,0.47586545081274856,0.19012484988005907,0.7787840988493389,0.45434079472564404,0.1839463742987572,0.7695418551271045,0.4543637619012836,0.19210794639637252,0.7621098630938555,0.46032092622266474,0.061885857788696624,1.2721846657538884,0.680741703900543,0.025206966342738543,1.0151369246308992,0.6164925454473942,0.11019082900833335,0.8644690879962602,0.4548314448627911,0.18667703042621342,0.8028236201549176,0.4309806091645687,0.18746453301202176,0.784776941726509,0.4312845905658661,0.17060243580678752,0.7517099292583932,0.4644192891354312,3.3
0.2943312039269244,0.8593552966322061,0.648672130920216,0.3061868212243888,0.3878660292589731,0.6453218449836096,0.2985351592303075,-0.04025943558332286,0.6549463684115827,0.28467224469288954,-0.022621896042529337,0.45271674640582377,0.34141414181706986,-0.047015425242636105,0.5083313365626675,0.26987006903534655,-0.10777800176335159,0.689623019376007,0.08552460252875027,0.8605742363895927,0.645177589877728,0.08903558302838435,0.4070835768943888,0.6246541509184593,0.09979590980941301,-0.0049133741787743546,0.6004266193615878,0.13249012129002505,-0.028301568075306545,0.4484606753521921,0.06514069037624282,-0.005153610047816726,0.4661224916679805,0.11670733770504435,-0.07234197390156769,0.6616728310536987,0.19684092740610704,1.3552641094170288,0.7010921404247372,0.19234191120826016,1.6053956331682309,0.7103848599198728,0.214611287999097,1.5014120307115555,0.6102734414618284,0.3270434495848594,1.2700130761990605,0.6716256174412185,0.3634628585787467,1.0287677771444317,0.6157056636220088,0.27982392315697024,0.8490104481850906,0.47597253984226584,0.19065300480780134,0.7785012272575489,0.45465150346477956,0.18393552251407586,0.7687549433950328,0.45583255147088975,0.19237178927374965,0.7619054078309287,0.46158729198513593,0.06198132895588661,1.2721657471584589,0.6807446617043529,0.02520887340014663,1.0151095798115632,0.6166686414573168,0.10976860269537893,0.8632388262801165,0.4556319495274642,0.18662115849609257,0.8028652930307419,0.4311090087372148,0.18814074730084185,0.7837590006693123,0.4334514276412289,0.16949427131762784,0.7498904644892027,0.46694203794259365,3.316666666666667
0.29398126562828825,0.8602451214912716,0.6482114357487231,0.3064205456921521,0.38884772221113,0.6449730446665938,0.29847143713049745,-0.039854723892277635,0.6549443907374272,0.28455132955059687,-0.02312135713487181,0.45265651788000677,0.340241308774463,-0.04587492753750936,0.5078666957264548,0.26993832319204636,-0.10781689431964021,0.6896910926043641,0.08538307861794109,0.8617567957149876,0.6449742552108495,0.08893346079542724,0.40762033093909056,0.6244742084405375,0.09954117399905842,-0.0048820906825286225,0.6001770694080035,0.13247713088687404,-0.028379756698897994,0.4484356736488287,0.06515071303605421,-0.005218475517312096,0.46611403949174396,0.11640881982666593,-0.0734425095635742,0.662632803473302,0.19672053565028408,1.355267402842713,0.7013468148965407,0.1920374095581822,1.6054489258906728,0.7101907674417606,0.21464302831420703,1.501245223238849,0.6102989675277881,0.32701331771431374,1.270004163007282,0.6717138247383443,0.36345502961825393,1.0288820771276128,0.6156058634890411,0.27985112620579977,0.849053692474987,0.476082033081539,0.19051581735901496,0.7782823010540804,0.4550047285908834,0.18340688496112367,0.767567127390941,0.45815103170376703,0.192505562374507,0.7617100992843587,0.4622189341828624,0.0620297572251798,1.2721595182817949,0.680703018130884,0.02525263678423982,1.0149877289945495,0.6169968944424649,0.1090496690646122,0.8618625294561264,0.45716157074207114,0.18655083070294115,0.802786304455161,0.4312432398161589,0.18891399537479553,0.7826870353337277,0.43574915717944307,0.16850143959281277,0.7481745684311583,0.46913504167639475,3.333333333333333
0.2935414408939028,0.8610991604099538,0.6479925103572874,0.3065219910970077,0.39006542622085605,0.6444599842493021,0.29841727077888586,-0.03937377083217046,0.6549635561361605,0.2843729523624128,-0.023879510552628505,0.4526260029327276,0.33956073007944954,-0.04374856238480614,0.5058298252629815,0.2699668615747427,-0.1077258187277087,0.6897029080051418,0.0852598385177228,0.8630554418944494,0.644792755767939,0.08882902986726578,0.40809088446229425,0.6243211650288463,0.09924621658859897,-0.004894854653352598,0.5998278594430444,0.13254793785262337,-0.028844883847760155,0.4484568952443573,0.06521889635778065,-0.005709971991819426,0.46620813631979036,0.11616561556630582,-0.07472930004978336,0.6633764102687384,0.19628748716400773,1.3549188781197694,0.7024110737777981,0.19200128552300785,1.6055250851540086,0.7098526576556418,0.2146678412795206,1.5007813246366213,0.6103241664729797,0.3269685848220833,1.2700051911404382,0.6717476285771327,0.36346615877949007,1.0283009611586473,0.6155947274637505,0.27987055673023425,0.8490858076160126,0.47616358466481457,0.18969043050968928,0.7781198157461049,0.4553204451318925,0.1825152187070901,0.7662554490260813,0.46074268220624726,0.19251223762686973,0.7615928159549358,0.46229931317622736,0.06203946808094467,1.2721711824864779,0.680632502152788,0.02529489233296368,1.0148804226776749,0.6172492599304427,0.10812067088751692,0.8604842742287155,0.4592388974275122,0.18646168969284008,0.8023706676480875,0.43135155015011173,0.1896361165217399,0.781715036381592,0.4378339080546776,0.1677225221416497,0.7468239850294773,0.4707900577371361,3.35
0.2929445586997038,0.8618502474796708,0.6480317071391147,0.3064388796950571,0.3914798281793196,0.6439521056834407,0.29837623822304643,-0.038972056268904154,0.6549700818417767,0.284178698833965,-0.024722098144248347,0.4526379398261398,0.33967936728094655,-0.04149407457543573,0.5032174906759906,0.26992061260803174,-0.10749317603209309,0.6896176356340495,0.08513351567922446,0.8644541681756132,0.6446294016318533,0.08873618160821292,0.4084823604448905,0.6241991088776373,0.09889429925238528,-0.004919100679956545,0.5993826729719965,0.13270056690868864,-0.029705473910380358,0.44855505244493715,0.06534412681568169,-0.006614471237158928,0.4664012966340136,0.11604735005212806,-0.07600624217571933,0.6636881666134514,0.1955503067033652,1.3541419194635074,0.7042612634369705,0.19210637020358176,1.6055789778666343,0.7096067281183449,0.214711954821317,1.500083097895376,0.6103838529818253,0.3266759528695527,1.2697644796530632,0.672574330474004,0.36358477807800327,1.0271437139249504,0.6159876930529262,0.27988349190128003,0.8490804792857206,0.47621381611512226,0.18839067153590086,0.7779972557112627,0.45553023258769576,0.18152599644597836,0.7651755098834687,0.46288117037088505,0.19237682052430724,0.7616906522860091,0.4618636273355056,0.06203959656321175,1.2721958504341067,0.6805631536127964,0.025257288650547154,1.0149487898324272,0.6170249425465856,0.10711642054383363,0.8592433248518668,0.4615482088720527,0.18636144077261313,0.8015628813836841,0.43140471355055743,0.19019932119542055,0.7809855054785358,0.43940112765109834,0.16722400628705586,0.7460037494827533,0.4717916089414955,3.3666666666666667
0.2921894357942725,0.8624443642971167,0.6483457809044091,0.3061989696286611,0.3929529108939497,0.6435261932278445,0.2983567026745614,-0.03879244559430679,0.6549411515331027,0.28400988512995934,-0.025470888341593674,0.4526744013821703,0.34060780186086315,-0.03990236938702,0.5012049723069532,0.2697711708167588,-0.10713692300393143,0.6894205306117535,0.08497966759143594,0.8658562147505481,0.6444769326828053,0.08866828314575383,0.4088259424313516,0.6241016209102762,0.09848813259479473,-0.004943849484536217,0.5988709583510645,0.13289756705751024,-0.030847225708159218,0.44873091530309145,0.06550689366278496,-0.007796980685635585,0.4666615111144037,0.1160726779287239,-0.07714801067195984,0.6637028196168966,0.19460805575297813,1.353013892707703,0.7066319990549756,0.19221643970438324,1.6056108867296184,0.7094640565757206,0.21477228519181507,1.4992915604408825,0.610468720296554,0.3260715819693757,1.2692135160741072,0.6744244486898114,0.3638819986311947,1.0257460589764629,0.617032694509422,0.2798975407734089,0.849054577717944,0.47624156552805796,0.18691568410476833,0.7779253598771851,0.4556002051400868,0.180636041435392,0.7645625704259096,0.46409115291059866,0.19207877189439077,0.7621162246938227,0.46085950303020573,0.062043601130176006,1.2722247860171918,0.680513018718722,0.025084918612091174,1.015299838924723,0.6160383963291963,0.10618071299411333,0.8582758570028884,0.46374215914537736,0.18626614143181294,0.8005461485298926,0.4313940077591908,0.19051532868160145,0.7806015515416309,0.440227383684634,0.16702047834967007,0.7457857674822937,0.4721706617802601,3.3833333333333333
0.29136539178387344,0.8628947776103103,0.648910921529903,0.3058681195033402,0.394347935516301,0.6431825313054947,0.29834996483572124,-0.03882786222707092,0.6548826195072325,0.2839054742064958,-0.02594925010109169,0.4527117074924486,0.34212409578259817,-0.039190254477632476,0.500311099088879,0.269536483126212,-0.10670155733660695,0.6891693570775648,0.08480564314374857,0.8671632084924635,0.6443030105567211,0.08862748934452024,0.4091895979471184,0.6240356353515755,0.09806502705558652,-0.004987861331613927,0.5983603391602651,0.13310126069624909,-0.03210767255027752,0.44896292868755955,0.06568332448250322,-0.009079256260831017,0.4669468664589222,0.11618234038323065,-0.07817016941476561,0.6638134202691511,0.19359286849963758,1.3516979902403596,0.709177929373435,0.1922688388039948,1.605630610810891,0.7093764514340595,0.21483000603223562,1.4986117453271304,0.6105436248779117,0.32525258136029767,1.2684468211996234,0.6769838678692122,0.36436047378109504,1.0245059224990851,0.6187115667477512,0.27991786250757444,0.8490243521163622,0.4762536643122981,0.18548727049455788,0.7778964282510448,0.4555725359586027,0.1799034261915708,0.7644072518817508,0.46440366380692066,0.1916272544991527,0.7628765639583409,0.4592772919229482,0.062051985139981315,1.2722527108596793,0.6804872248174969,0.024779522573710307,1.0159288405755407,0.6142985247141832,0.10545229213435715,0.8576895363112229,0.4654814108147888,0.18619866778734667,0.7996396257317658,0.4313277157309949,0.19052433892951143,0.7805669494258569,0.44030125653207836,0.1670133799731171,0.7460801628752993,0.47221568215920495,3.4
0.29061225120631257,0.8632469541906793,0.649597772432255,0.3055090977487305,0.3955578038477072,0.6429231048709584,0.2983388368405589,-0.0389199622863024,0.6548229151881736,0.28387937143456793,-0.026085614604837916,0.4527421449149178,0.34388913858138226,-0.03902228989684017,0.5002156842319595,0.26928323743860827,-0.1062392680551242,0.6889600911477388,0.08466958386104781,0.868284124587837,0.6440769684523358,0.08860923424038722,0.40958220830081893,0.6240169620445901,0.09767733568771458,-0.0050869596968759895,0.5979113863234531,0.13328120692426457,-0.033307280177305894,0.449211258727167,0.06585061086914858,-0.010278170571663692,0.4672152222768972,0.11625498931656025,-0.07918492599739388,0.6643017371029764,0.19264284346125127,1.3503811961563845,0.7115440738447819,0.1922781194064535,1.6056407862000035,0.7093338384866985,0.21486893983911795,1.49822404173613,0.6105774991537962,0.32436746669767424,1.2676086054002715,0.6797775005257383,0.36497032645989314,1.0236943341622944,0.6208121191873759,0.27994098028285425,0.8489943083628466,0.47625063964694325,0.18424812432295168,0.7778535443441817,0.45557568160809203,0.17932930977486572,0.764492883439118,0.4642739288989741,0.19106958977011657,0.7638778389999409,0.4572564013745597,0.06206185040525519,1.2722787905298558,0.680482874993181,0.024377867858818368,1.0167574439230926,0.6120149895076091,0.10503646087368315,0.8574880468275701,0.4664975753076698,0.18618099093214185,0.7991074061194577,0.4312264059250914,0.19026243905888982,0.7807406707857998,0.43994206945017866,0.1670483382874805,0.746611755122687,0.47228630468774524,3.4166666666666665
0.2900326452853675,0.863494337495674,0.6502611736886321,0.30517698980296937,0.3964664016958232,0.6428041360737805,0.2983170260033783,-0.03889438048091787,0.6547863661735482,0.2839047568893289,-0.025990279874390794,0.4527683176603493,0.3455459655455783,-0.03896963776761434,0.5003295254226422,0.26908073992905257,-0.10577613051373469,0.6888395644718209,0.08464401698786804,0.8690774834411106,0.6438422103772324,0.08861028536507605,0.4098926108192728,0.6240474058627723,0.09735994550973058,-0.005251300007466431,0.5975181688809822,0.13341274021546862,-0.03426171067057233,0.4494263109240949,0.06598527129467441,-0.011219451099752586,0.4674308770831215,0.11618888918059193,-0.08026548828936589,0.6650947597149076,0.1918940649448942,1.3492508087345896,0.7133871387522315,0.19227747262833594,1.6056423231588908,0.7093477187304278,0.21488159866619122,1.4982169376431007,0.6105554967438411,0.3235514167512113,1.266828160161749,0.6823807754204606,0.36565810654147096,1.0233922409489717,0.6230813715917165,0.2799526383286407,0.8489599546519175,0.4762323482470447,0.1833405794433608,0.7777474890792213,0.45570970299598107,0.1789793361180318,0.764573242550338,0.46415320278669775,0.19048476395719732,0.7649584292520584,0.4550797881474135,0.062070554265928904,1.2723019734446623,0.6804942268451457,0.02391448005644408,1.0176785952352092,0.6094721724676799,0.10493958594090966,0.8575446401984002,0.46675304692005226,0.18622174425967214,0.7990739593604873,0.43113290633167944,0.18993647646238843,0.780903395748685,0.4396583756365713,0.1670512406933084,0.7470506242227457,0.4724953824477219,3.433333333333333
0.28964998100644385,0.863563242967257,0.650897925237176,0.3049298170868742,0.39696505884049876,0.6428846395690503,0.2982905257374997,-0.03866205068003671,0.6547792644111411,0.2839387694943318,-0.025850465257244035,0.45279100122416427,0.34680720324800407,-0.038851833124389834,0.5003417360357919,0.2689704624441705,-0.10530583872129037,0.6887829408462478,0.08476810142626906,0.869399305256629,0.6437190272918174,0.08863098433147017,0.4099799873414074,0.6241157160383229,0.09711856705047454,-0.005416387138635251,0.597120111464742,0.13347971164417016,-0.03482414459229131,0.4495643106643169,0.06606534390341785,-0.011767237917771678,0.46756866330512115,0.11598507562976737,-0.08135531984811352,0.6658697097021624,0.1914535475531105,1.3484708018998615,0.7144450296104286,0.1922850623148955,1.605637440720625,0.7094192594489441,0.21486807775211048,1.4985888736874773,0.6104760438702934,0.3229089300475224,1.2662048253506557,0.6844646551116456,0.3663881037940937,1.0235053489263817,0.6252939772313444,0.2799277340033638,0.8489175591698099,0.4762137218078204,0.18292146089433547,0.7776536304067037,0.45582892519717777,0.1789672065040136,0.764573413048388,0.4640334263984913,0.18996993540631035,0.7659221201783185,0.4531347097436488,0.06207576653674661,1.2723185991904513,0.6805156024460663,0.023413353139297405,1.0185438678189451,0.6070645622234796,0.10503522132018145,0.8576738883811048,0.46653173315793756,0.18631764024895536,0.7995562916068191,0.4310929903889851,0.189839325614188,0.7809063350009621,0.43974167054128943,0.1670482505408904,0.7472143438155672,0.472707041667892,3.45
0.2894220392966876,0.8633685845872106,0.6516262259767451,0.30479879166675955,0.3970110379091628,0.643107901315735,0.29826805192351385,-0.038238879489796415,0.654799128074124,0.28395758702259655,-0.025773513781014584,0.4528060205513038,0.3475072713187022,-0.03871875059130632,0.5002660971706847,0.2689643656607292,-0.10481632049106433,0.6887462323047544,0.08503139523005267,0.8692290491642262,0.6438008377418607,0.08867719544946331,0.40979471977472653,0.6242159017891419,0.09695084811874016,-0.005485574226802806,0.5966803556709399,0.13348482912031068,-0.034970162170503825,0.449605868422763,0.06607992127529114,-0.011895820352268091,0.46761267949044183,0.11572439162978865,-0.08233527267781607,0.6664199676396559,0.19133562332262702,1.3481176663946453,0.7146961300376231,0.1923037831160201,1.605628181145902,0.7095323384523152,0.2148351631546079,1.4992497695164202,0.6103513360488761,0.3224975081396431,1.2657954371990372,0.6858393238499629,0.36708169474392927,1.0238245495338858,0.6271812329312346,0.2798383728542013,0.8488785008093733,0.4762540504308904,0.18305977006891572,0.7777830718053731,0.45554222321665594,0.17927489085042803,0.7646274212484675,0.4635978125034951,0.18958847616767252,0.766608569158702,0.4518274985238505,0.06207573147824756,1.2723251698887736,0.6805403985463967,0.022923464770702985,1.0191486906713152,0.6053545138080358,0.10515255763694913,0.857743037719855,0.46623361944426145,0.1864608614662261,0.8004620046799966,0.43110491054510636,0.1900687513826433,0.7807621450969762,0.43996795044558556,0.1670505962431615,0.7471293012695371,0.47278302482541434,3.466666666666667
0.28926079408578065,0.8628368869328339,0.6526314335040944,0.30475015586277154,0.39666081496823713,0.6432834419484572,0.29825059390637665,-0.03771503248848784,0.6548455292302582,0.28396127256570236,-0.02576090025568032,0.4528091498994662,0.34765891692659046,-0.03865348785033545,0.5002002853734576,0.26903563819579257,-0.10430677705076857,0.6887031078220471,0.085378786047463,0.8686847469475377,0.6440968997348726,0.08876005363872737,0.4094182724399478,0.624347987316537,0.09687252160229635,-0.005432563474034369,0.5962718822638612,0.13345501890307832,-0.03484587121290631,0.4495690931030703,0.06603448574681056,-0.0117335556519889,0.46754334364646194,0.11545198362182287,-0.08317052521721524,0.6669506254506788,0.1914230916497771,1.3481057982775468,0.714447690914576,0.1923280446436515,1.605616509766141,0.7096601054245262,0.21479528103379053,1.5000214391559157,0.6102084927479249,0.3223153359581789,1.2656036151327532,0.6864939302947378,0.3675217923711054,1.024214840195166,0.6283241866885569,0.2796909037849423,0.8488866655141846,0.476454594353526,0.18364347581951168,0.7783297446243168,0.4545443253425596,0.17966662750218296,0.7649794439622033,0.4627884297201123,0.18934243493955688,0.7669932521635219,0.45132508020909334,0.062070934653187956,1.272322936524413,0.6805610579649433,0.022574098610327227,1.0193290103674935,0.6048254121014216,0.1052071621703341,0.8577257198042255,0.4660721447494889,0.18662847902037882,0.8015308172843262,0.43111132385100304,0.1903966039897996,0.7806384236237959,0.43979365449710445,0.16698132711063207,0.746938364002034,0.47271206987666,3.4833333333333334
0.28907105299770613,0.8619066835104285,0.6541795766499641,0.30472002874240245,0.3960494704264665,0.6432239038187548,0.29822957308987974,-0.03718714351572684,0.6549197299363805,0.28395766944824596,-0.025777478874504614,0.4528021919405168,0.3474815099911295,-0.038657660981905144,0.5001737463038354,0.26912522079187323,-0.103782680377203,0.6886405804067688,0.08573767797668996,0.8679167954609116,0.6445816093692427,0.08888838870408673,0.4090181778403209,0.6245017714586378,0.09690517054834118,-0.005316796172927338,0.5960645033598446,0.13342400541778274,-0.03466716066667664,0.4494966414032615,0.06595127906710421,-0.011479554139488618,0.4673221320290607,0.1151325685759717,-0.08393941442020753,0.667916227149961,0.19154449551596187,1.3482159983971211,0.7141257258135183,0.1923502484583678,1.6056044660992592,0.7097759058512778,0.21476073229985526,1.500704021022872,0.6100787041815314,0.3223323299650984,1.265606452302964,0.6865054839547718,0.36742054315001116,1.0247541554829327,0.6283234079484981,0.2795618786506657,0.8490254342474761,0.476807243289819,0.18444323199137003,0.7793600161049472,0.4528650736759666,0.17991396640368662,0.7658427173789556,0.4617800760670361,0.18924420063712247,0.7672284787993806,0.451218638923261,0.06206516743998791,1.2723187240765346,0.6805731493281089,0.02256626807955684,1.0191082169580565,0.6054622329487772,0.10521734600171907,0.8576776498415386,0.46605270659873577,0.1867667705968168,0.8023813039823071,0.43106435258522624,0.19049664218124168,0.780798344915955,0.43890275827542025,0.16675744531092151,0.7468403467528547,0.4725954874680799,3.5
0.2888242636545659,0.8605891201762504,0.6563954491547683,0.3046845931040818,0.3953050799722959,0.6428759429212181,0.2981976774294524,-0.03670504150341239,0.6550196941559893,0.2839521155849512,-0.025799416407310045,0.4527928458359194,0.34726210190408235,-0.03867881569415298,0.5001602278847629,0.26919284265184557,-0.10325367715224909,0.6885568006275965,0.08606245068140392,0.8670015303783345,0.6452315950178776,0.08905675854462208,0.4087105048571937,0.624652262353991,0.09704924708919459,-0.0052098144947454045,0.5961797167861891,0.13340738972085095,-0.03455519250035829,0.4494236749103047,0.06587940594800243,-0.011299416096937909,0.4669711957573491,0.11473555935321306,-0.08471374301099883,0.669545536496546,0.19160476917105285,1.3482660084347589,0.7139553875970899,0.19236548004455822,1.6055929642298357,0.7098640325723389,0.21473686830666328,1.501159285155636,0.6099835461269687,0.3225454522744272,1.2658031131663916,0.685870667138159,0.3666502926657199,1.0255977114321748,0.6271691476851419,0.2795481251069641,0.8493459648514932,0.47697495164613996,0.18524275463824674,0.7808434346391815,0.4507776690106581,0.18008456236185066,0.7671166647802,0.4603857168423372,0.1893655384040963,0.767432506774722,0.45060870267920144,0.062063384778775,1.2723203747850782,0.6805793811017564,0.023036662856235957,1.0186945615453231,0.6067155751385869,0.10522788540477127,0.8577086093241044,0.4661541488482769,0.18679990552218195,0.8027079201135693,0.43098617835938524,0.19021002047680238,0.7814824778416223,0.43747188486882793,0.1664550218010408,0.7469845901188026,0.47263142521275725,3.5166666666666666
0.2889344669134304,0.8592815817705228,0.6583082608969743,0.3048261943898796,0.3942874188751689,0.6429486862133413,0.29820304219646626,-0.036315203774638496,0.6551498855596227,0.28394639489929463,-0.025818228341917174,0.45278799076404513,0.34714864962960057,-0.03867742251194824,0.5001336015324623,0.2693826346375706,-0.10265661520418982,0.6884663855365151,0.08649328629183459,0.8657447642930961,0.6458783616975922,0.08922639201494528,0.40803321329568415,0.6247524545779399,0.09730598560112029,-0.0051029165548577005,0.5963473497788289,0.13340153122336562,-0.03450781353364733,0.44936555036543235,0.06589352031496117,-0.011307984062506563,0.466756590412238,0.11450597476447258,-0.08474332280944215,0.6705057529025755,0.1916146208708005,1.3482587000470614,0.7139297460956127,0.1923728320604313,1.6055819823201876,0.7099195544341399,0.21472272126589126,1.5013186623923744,0.6099315042001433,0.32297826460095413,1.266214650119105,0.6845084588820359,0.3653342590793056,1.026796907081987,0.6252388818607221,0.27969220983867343,0.849683367343855,0.47642827457236103,0.18592390001452522,0.7826294060440254,0.4485222834271796,0.1804800521270516,0.7681085249739958,0.45802283978946867,0.18975011464883942,0.7673084551894132,0.44876858109047246,0.062068217602745196,1.2723320148889135,0.6805886018919358,0.023967050701421765,1.0183226315585603,0.6079201092616323,0.10524786954439976,0.8579478925372264,0.4663895894359793,0.18666872001625368,0.8024620870630486,0.4309488043271731,0.1896135345415188,0.782717326692966,0.43587312341412,0.1664135119862038,0.7472651991285902,0.4729880886574293,3.533333333333333
0.2891311535619777,0.8579847434750015,0.6601182108636707,0.30498903002470185,0.39328612531309576,0.6429586009815554,0.2981913171284065,-0.035936245211466045,0.6552958857356598,0.2839403836186813,-0.025830749241465743,0.4527887348899088,0.34712561178437695,-0.038645496050352314,0.5000845987903789,0.26957755392490823,-0.10209639032356553,0.6883876574818766,0.08690796198152935,0.8643933753607832,0.6465948418944893,0.08938365068376922,0.4073205560862951,0.6248249117214913,0.09760777661634432,-0.005060946529627158,0.5966603431522203,0.1333994205118965,-0.03448721796448468,0.4493307181962179,0.06605653904868308,-0.011551935885402279,0.4671647295834925,0.11431926208959875,-0.08472703663873815,0.6714772868361801,0.19162729712301893,1.3483370359345952,0.7139830119832884,0.19237378728701765,1.6055722559095926,0.7099449998240419,0.21471614363624025,1.5011687644049687,0.6099200208971691,0.3236260948721438,1.2668354312890249,0.6824330529976815,0.36371488440652067,1.028294956511825,0.6229223665953116,0.2800564979496698,0.8495833130693252,0.47497919889837886,0.18650068217137117,0.7842485272396926,0.44608892190946087,0.1813142774697954,0.7676848593455066,0.45439534872198634,0.19031507473584314,0.7660654919226297,0.44577292042575617,0.062078832083569555,1.272352975736742,0.6806089799628734,0.025315114041860674,1.0181284020974917,0.6086595695040462,0.1052548137753205,0.8584170738846001,0.46667922518688354,0.18642522438269546,0.801869551754714,0.43095067415926835,0.18900899076709227,0.7841377950189139,0.43416301537286134,0.16715593313220237,0.7472520092056553,0.47348463727190315,3.55
0.2894082437596288,0.8567584602888657,0.6617500798302549,0.30516266253234037,0.3923708552730545,0.6428781289838565,0.2981566627038871,-0.035574601452261115,0.6554553098134044,0.2839345338004031,-0.02583514028227365,0.45279228851326475,0.3471370133886677,-0.038599991757062906,0.5000267777021509,0.2697649172696229,-0.10158898424500955,0.6883228293410688,0.08728694411011297,0.8629943309618461,0.6473705310444207,0.08951895176060715,0.40659863753554326,0.6248619284470658,0.09794273299001179,-0.005106777879385502,0.597128981206114,0.1333995467828488,-0.03447540679409898,0.4493278707536428,0.06639043590503918,-0.01205979937782363,0.4684960727861582,0.11418660286989789,-0.08470766485649367,0.6724551584765419,0.19168823502050836,1.3486229134774317,0.7140639589397642,0.19237015980647656,1.605566408231823,0.7099493379229788,0.21471890307131786,1.5007491107433848,0.6099500513678114,0.3244278553717653,1.2676073628574533,0.6798440394153699,0.36201748396335987,1.0299585260248534,0.6204614549281022,0.28088099054001153,0.8485732367288177,0.4729868116493601,0.18702910988481206,0.7847257389511152,0.44334782507485226,0.18252053613639696,0.7647674679560321,0.44985225397345585,0.19100445702770308,0.7626571801717035,0.4426568836967719,0.062091732666860834,1.272378272428722,0.6806422538244431,0.027163531080453517,1.0181542766451535,0.6087818925505284,0.10529371304811588,0.8588775073441558,0.466705239620254,0.1863272044414926,0.8012190252650848,0.4307913195137516,0.18883539019071738,0.7849362841706631,0.4318904113188894,0.16893649217087392,0.7461519880274942,0.4736215453865864,3.566666666666667
0.28975965766580397,0.8556625872112963,0.6631286485721242,0.3053366544365865,0.39161126474202557,0.642679711978241,0.2980932394015213,-0.03523670813538653,0.65562577292216,0.2839319345464076,-0.025833333321730614,0.4527955253876935,0.3471720627901943,-0.03860134815929655,0.5000313919846711,0.2699320414274785,-0.10115037870315177,0.6882741139914794,0.08761069903721003,0.8615945984767367,0.6481949245832366,0.08962271245497215,0.40589356194994697,0.6248557994170825,0.09829896757726758,-0.005263284064459681,0.5977635482402609,0.1334053587552397,-0.03446886093217459,0.4493550867519662,0.06687062821395538,-0.01291138300927741,0.47049186060276094,0.11411917864667614,-0.08472798782031296,0.6734343880028419,0.19180164010246392,1.3491317409158157,0.7141194623706988,0.19236370399756003,1.605567703535282,0.7099423000518508,0.21474488365236738,1.5001205921656844,0.6100629408853373,0.3252834596131008,1.2684342183522737,0.6770699301297831,0.3604077837099678,1.0315783336828952,0.6181114770242581,0.28259126260268164,0.8464675194539988,0.4709704377322268,0.18756395573413043,0.7827441600193147,0.440413023094657,0.18401952558201745,0.7588526577911787,0.4447523571628704,0.19233009761780548,0.7561160517393932,0.4408822480348955,0.062101415240693986,1.2723993654447519,0.6806872681419134,0.02961798306595617,1.0183648229938302,0.608366014119354,0.10553125668068247,0.8588243998503655,0.46593079541924476,0.18668346409212883,0.800534932298113,0.4301473540431965,0.18927300733079092,0.7839837686117416,0.4283733178431509,0.1710262515972792,0.742855091941892,0.47303682946581616,3.583333333333333
0.2901793154399235,0.8547569792414742,0.6641786978646751,0.30550056826123145,0.3910770097069901,0.6423357917227044,0.29799520769992255,-0.03492900089920514,0.6558048901912301,0.283937762066849,-0.02582962787535536,0.45279598318957226,0.3472710518897473,-0.03876442986680994,0.5002440097827958,0.2700662431542391,-0.10079655543262246,0.688243724310496,0.08785969312244507,0.8602411452859071,0.6490575179467879,0.08968534997637731,0.4052314336360253,0.6247988192939613,0.0986645932332566,-0.0055533385451770195,0.5985743285544114,0.13342117791714436,-0.03446006460679339,0.44938948244228366,0.06740508639994386,-0.014051677121107414,0.4724692985317553,0.11412817096123962,-0.08483078588780046,0.6744099955942616,0.19188940808314997,1.3497983741414634,0.7141041251153215,0.19235696264778535,1.605576183764289,0.7099332342599254,0.21482346394225435,1.499362065482339,0.6103585494662158,0.32607669586826604,1.269201974081036,0.6744919605082793,0.3589943124453897,1.0329095130124406,0.6162593989530778,0.28561227133178996,0.8432770891318299,0.46938764113904596,0.18849824131493262,0.7773140570775019,0.43757045417744456,0.18639610424270076,0.7505068545776736,0.43843903096309644,0.19579813633798426,0.7461490567906699,0.4411230301111237,0.062101202668242525,1.2724067473885947,0.6807464442368566,0.032553333826700837,1.0185835989109602,0.6078804979570901,0.10602632960327513,0.8575841077271448,0.4639476196583877,0.1873509000321868,0.7993885101659969,0.4287766266315689,0.18963823166861135,0.780174863788348,0.4230772035726289,0.17162455522317077,0.7365782653474107,0.47142734000034486,3.6
0.29066113724140763,0.8541014913785809,0.6648250084833052,0.3056439665300666,0.39083774615492883,0.6418188099752427,0.29785672807770425,-0.03465791538207977,0.6559902767499182,0.2839559239944866,-0.02582496784685987,0.4527919708258829,0.34746869776525413,-0.03916627530061052,0.5007656167716371,0.2701548392056687,-0.10054349616805168,0.6882338731755057,0.08801439272544272,0.8589809387698093,0.649947806570925,0.08969728153433572,0.4046383569002965,0.624683282740122,0.09902772281312373,-0.005999814781865148,0.5995716064483165,0.13344729812077993,-0.034434685964064835,0.44939697189951666,0.06783967562281507,-0.015114166936947199,0.47379358876047606,0.11422476135489443,-0.08505883941656012,0.675377001429982,0.19181407333890255,1.3505279803771182,0.7140015807229315,0.19235353210227407,1.6055864497042396,0.7099350831373993,0.21497165051517356,1.4986101620621817,0.6108977291402471,0.32669127763660666,1.2697956881577128,0.6724909576407481,0.3578765551246834,1.033755343171566,0.6152674262316211,0.29017888655244567,0.8389890221856027,0.46881513929759944,0.19088237087978516,0.7685105087897935,0.43471860240095417,0.19102281846732203,0.7412289079874208,0.4295794320413412,0.2033350931564093,0.7335566789424454,0.44278402056098065,0.06208513385217268,1.2723933875980644,0.6808234218567872,0.035538872850298324,1.018529545349473,0.6080813224122894,0.1063340301512434,0.8544131614007894,0.46111615937763933,0.1873499465879131,0.7969281793722173,0.4266835675484446,0.1883301849728179,0.7728675666899886,0.4159845624117665,0.16881961751206714,0.727564733889712,0.4682479813240487,3.616666666666666
0.2911990432296767,0.8537559786217973,0.6649923612034109,0.3057564117668832,0.390963130072822,0.6411012084938515,0.29767196101347976,-0.034429887222373265,0.6561795477275276,0.28398515311274153,-0.025816381624783037,0.4527833152636043,0.34769436186964653,-0.039634755674826286,0.5013745630372797,0.27018514633753116,-0.10040718264406973,0.6882467734638957,0.0880552642058275,0.8578609463088954,0.6508552858914984,0.08964892433836046,0.4041404360492792,0.6245014844179838,0.09937646917201387,-0.006625586234851419,0.6007656662217263,0.13347793422208729,-0.03438868412016709,0.4493634996830672,0.06803502836232272,-0.01563970816119821,0.474154676508411,0.11442013136894669,-0.08545492876419603,0.6763304256891847,0.1914906009070489,1.351221537659396,0.7138211557044682,0.19235752665786854,1.6055912553062854,0.7099545692489414,0.21513167406138323,1.4980243396934265,0.6114751313957145,0.3270414629631262,1.270131067714226,0.6713496979149618,0.3572461256154037,1.0340623176101023,0.615117873282127,0.29633683564546953,0.833658822935668,0.46983249415833916,0.19603595576279972,0.7575610043683395,0.4311268002471684,0.19911426027760318,0.7321384054719271,0.4183935872029143,0.21594240809962925,0.7197075589962554,0.44508815696924076,0.06205021909837309,1.2723557595155235,0.6809148595527775,0.038001743955343226,1.0180938863711575,0.6092881462488947,0.10535102915867678,0.848687998632171,0.45886822109761083,0.1851641929309844,0.7921058579006055,0.4242950055956183,0.1837036607420982,0.7621096901711997,0.408039407823001,0.16143316150054055,0.716858751947297,0.4632933512978152,3.633333333333333
0.291786953564151,0.8537802959703044,0.6646055368003897,0.30582746649547243,0.39152281744765094,0.6401554290365273,0.2974350669858624,-0.03425135205844866,0.6563703182533619,0.28402029973567133,-0.025804889365047746,0.4527675162442396,0.3478074213149722,-0.03983318224646636,0.5016267148806723,0.2701444813055905,-0.10040359659530669,0.688284638053054,0.087962773923224,0.8569281352836172,0.6517694513443588,0.08953069559796462,0.4037637753894923,0.6242457189899668,0.0996989451650719,-0.0074535263644629896,0.602166792174392,0.1335090583276404,-0.0343446274457629,0.44931742037486977,0.06799298255195521,-0.01567677576294571,0.4736111566702144,0.1147254625447025,-0.08606183428831257,0.6772652885510508,0.19101755614200314,1.3518382659480712,0.713563563642762,0.19236772908724373,1.6055914030494565,0.7099773773658049,0.21520524657921494,1.4975880879814907,0.6117207883743628,0.32705583233941454,1.2701416445174118,0.6713031953793689,0.3573274716306749,1.0339104292596688,0.6154130252605312,0.3040738455593405,0.8275327373712122,0.4726960805378134,0.20402854944301096,0.745139032249927,0.42600889652917495,0.20982619594429222,0.7223384991769026,0.40794273727549346,0.23227239930004884,0.7046078657761369,0.44930384442428684,0.06199670635160983,1.2722895776934187,0.6810049236341623,0.039849912570358706,1.0175292654487487,0.6108732499033482,0.10253192121702016,0.840407833146964,0.45791468267733954,0.1807404107581045,0.7848479001841728,0.4219619660022418,0.1762691092498846,0.7481791272535281,0.39988045814645057,0.14968216487284608,0.7045507161119156,0.4572022054371762,3.65
0.2924187884042509,0.8542342984232834,0.6635893160496382,0.30584669323962566,0.3925864642663961,0.6389539133612656,0.2971402064734657,-0.03412874552866857,0.6565602034567247,0.2840521805667142,-0.025785200525512184,0.45275591760890904,0.3476115209718962,-0.039306452609348654,0.5009388099232478,0.2700201608656107,-0.1005487197563926,0.6883496798203675,0.08771738823725682,0.8562294730744271,0.652679798365357,0.08933301252266128,0.40353447922745433,0.6239082811184906,0.09998326364744271,-0.00850650863102724,0.6037852686060639,0.133526980718559,-0.03431081577998726,0.44927938183987925,0.0676988295979923,-0.014866426767408597,0.47232206464059506,0.11515193642346798,-0.08692233634651353,0.6781766101947614,0.19037514842054717,1.3522845207410426,0.7132863902473257,0.19239327409066248,1.605582226829576,0.7099845848566682,0.21504470177215249,1.49745770310378,0.6111360668906349,0.32698522327767954,1.2700653847694716,0.67154049916554,0.3582199991045771,1.0335627892902801,0.6154772894739498,0.31301368621326814,0.8210632493956719,0.4766645784740119,0.21564977561123266,0.7340681750160482,0.41909674616173975,0.22423692491560795,0.7123110523152718,0.39961232077153985,0.2522262302253806,0.6905095575406265,0.452937885458525,0.06193279430596445,1.2722093400769239,0.6810970773881734,0.040437854204954805,1.0171795477771386,0.6119362132222743,0.09623357974214188,0.8297178131317666,0.46091057047721107,0.17205081235681222,0.7741027341693565,0.4209063330406604,0.16458055686841866,0.7328052257235994,0.3948500736291463,0.1336947952470397,0.6932664232208693,0.4509800212628061,3.6666666666666665
0.2930884679093966,0.8551778409799152,0.6618684797265537,0.3058036545231342,0.394223726516038,0.6374691032260625,0.2967815399549029,-0.034068503271395864,0.6567468184669193,0.2840751090476828,-0.025754821073579653,0.45275326643724745,0.34696623279918165,-0.03772640434724406,0.49888674235532404,0.26979950177335577,-0.10085853386195778,0.6884441116432238,0.0872995735075505,0.8558119270617767,0.6535758223903431,0.08904629232196354,0.40347865186968374,0.6234814654659746,0.10021753747427121,-0.009807406494871745,0.6056313798164928,0.13352337290150748,-0.03429575553308427,0.4492629801094289,0.06712022833595051,-0.012971441848527332,0.470308528051361,0.11571073454654926,-0.08807921529640358,0.6790594107994979,0.18956110877186685,1.3524889617574616,0.7130173634746472,0.19243921559077096,1.60556063017339,0.7099648218841872,0.21454590638897608,1.4977318777708442,0.6093574575450496,0.3269109903453733,1.2699790459614342,0.6718006424359337,0.3600805160938092,1.033132657188536,0.6149185913759011,0.3230031841862881,0.8145251965799821,0.4815582127483401,0.23153963002244543,0.7260155968818494,0.40995497944366954,0.24290167219534292,0.7022363585702658,0.39483135015550974,0.2756636667989527,0.6786811960660066,0.45502926431035096,0.06186159750112485,1.2721197992396223,0.6811888918701748,0.03932380068271974,1.017250501774544,0.6119500923788209,0.08534295392040395,0.8165481400988039,0.46953020696742775,0.1578457198984676,0.75915352081664,0.4218656718461765,0.14777680429831772,0.7168249001163399,0.39486606394068396,0.1133131149090065,0.6844159489499736,0.44521567184431576,3.683333333333333
0.2937899122390084,0.8566707786393809,0.659367808606533,0.30568791286978925,0.3965042601835579,0.6356734403889137,0.29635322790878754,-0.03407706092499356,0.6569277784132493,0.28408339862039034,-0.025711256976658825,0.4527643098088892,0.3457311287555928,-0.0347648750439267,0.4950464063672193,0.26946982078458964,-0.10134902064663208,0.6885701463990105,0.08668979609372963,0.8557224646261181,0.6544470188551679,0.08866095220538449,0.4036223976226995,0.6229575666948387,0.10038987950070227,-0.011379093416323871,0.6077154101054291,0.13348990638315048,-0.03430795311530216,0.44928181121485217,0.06622483760134651,-0.00975460168024686,0.4675916745343202,0.11641303845525243,-0.08957525149558654,0.6799087105444416,0.1885731682251484,1.3523802487164764,0.7127842112812149,0.1925106075102158,1.6055235166076438,0.7099067186110182,0.21360472717846657,1.4985093046932312,0.6060214509381259,0.32691448810994866,1.2699593855843279,0.6718226583530088,0.36306583065507114,1.0327332924410337,0.6133448564199052,0.3338891660574369,0.8081934164950756,0.48719720814220413,0.2523381084316303,0.7226484620624747,0.39814822667377114,0.2663756627872902,0.692294711625112,0.39502883789185933,0.302444474944094,0.6703913431285572,0.45461696521816075,0.06178623047677904,1.2720257077550958,0.6812779381355317,0.03606598382724179,1.017947895859178,0.6103879435461361,0.06874699293816866,0.8008290155602985,0.4854479146181925,0.13687545555443134,0.7392834210865046,0.42557754755409244,0.12499665224019951,0.7010750649666744,0.4018462387506596,0.08837918614463201,0.6794093689750406,0.4404980302513162,3.7
0.2945170415525067,0.8587729664008616,0.656012083464973,0.3054890308033821,0.399497721255936,0.6335393666078153,0.2958494308137329,-0.03416085412782448,0.657100698425018,0.2840713627266502,-0.025652014202158437,0.45279379480346915,0.3437657807998937,-0.03009370228317102,0.48899369614925225,0.26901843465507624,-0.10203616184504599,0.6887299969651146,0.08586852235541878,0.8560080531479036,0.6552828831956818,0.0881674093824372,0.4039918207930199,0.6223288794675025,0.1004884025818808,-0.013244442855710803,0.6100476437726238,0.13341825267015273,-0.034355914936889664,0.4493494711874829,0.06498031622969698,-0.004978686936511975,0.4641926317212812,0.11727002969088361,-0.0914532253016668,0.6807195296087737,0.18740905780957817,1.3518870413372372,0.712614661623518,0.19261250377164352,1.6054677896590834,0.7097989051998179,0.2121170308894047,1.4998886765814892,0.6007645376703834,0.3270770711388584,1.2700831611291805,0.6713455800792245,0.3673327508450629,1.0324779545343712,0.6103640100594819,0.34551845840575096,0.8023427467118848,0.49340178943700985,0.27868520659376816,0.7256339347730673,0.3832411181508515,0.2952141216952427,0.6826664051630386,0.40163379644504527,0.33242842058413313,0.6669085605045586,0.45073997242035074,0.06170980777261504,1.2719318181969255,0.6813617872396087,0.030222635462109244,1.019477498449255,0.6067228228973687,0.045332645981798335,0.7824906410284729,0.5103380158997076,0.10789034149606408,0.7137755959394307,0.43277952529971087,0.09537890139468182,0.6863926348095267,0.4177084077286692,0.05873507123980165,0.679656758971883,0.43741596955341844,3.716666666666667
