RHip_x,RHip_y,RHip_z,RKnee_x,RKnee_y,RKnee_z,RAnkle_x,RAnkle_y,RAnkle_z,RBigToe_x,RBigToe_y,RBigToe_z,RSmallToe_x,RSmallToe_y,RSmallToe_z,RHeel_x,RHeel_y,RHeel_z,LHip_x,LHip_y,LHip_z,LKnee_x,LKnee_y,LKnee_z,LAnkle_x,LAnkle_y,LAnkle_z,LBigToe_x,LBigToe_y,LBigToe_z,LSmallToe_x,LSmallToe_y,LSmallToe_z,LHeel_x,LHeel_y,LHeel_z,Neck_x,Neck_y,Neck_z,Head_x,Head_y,Head_z,Nose_x,Nose_y,Nose_z,RShoulder_x,RShoulder_y,RShoulder_z,RElbow_x,RElbow_y,RElbow_z,RWrist_x,RWrist_y,RWrist_z,RThumb_x,RThumb_y,RThumb_z,RIndex_x,RIndex_y,RIndex_z,RPinky_x,RPinky_y,RPinky_z,LShoulder_x,LShoulder_y,LShoulder_z,LElbow_x,LElbow_y,LElbow_z,LWrist_x,LWrist_y,LWrist_z,LThumb_x,LThumb_y,LThumb_z,LIndex_x,LIndex_y,LIndex_z,LPinky_x,LPinky_y,LPinky_z,Time
-0.008162837639030973,0.7157841215443574,0.6855790456124269,0.026416326030001644,0.26305673811135144,0.737612313016209,0.026375280131782974,-0.10671674906454477,0.7561478062108249,-0.0014353885264673742,-0.11854147373654544,0.5905936779069049,0.06297019251036752,-0.12347286679462012,0.6098802823662639,0.0014388587180405332,-0.19829377950045604,0.8523446609215225,-0.21847811968176664,0.6760461028686755,0.7329857951491625,-0.19819585898364567,0.23920321752353416,0.7539180831108817,-0.17268800217241617,-0.13400313072269276,0.779378719260699,-0.14724217233868667,-0.1288045647726019,0.6132380209785626,-0.20828849011498266,-0.13895343562790985,0.6418278323520912,-0.15292985930945419,-0.18677678452948718,0.8062865558253455,-0.11441526623738571,1.2141764940716677,0.7429003873574963,-0.11276388146091176,1.4781677460523515,0.7042036241020768,-0.12410366206035303,1.339552567590053,0.6265444912282686,0.025762190374892413,1.1376771721059615,0.7122227983425474,0.06964373349630773,0.8614088146797918,0.6838855041842153,-0.03494387446043312,0.710568271715761,0.5459983114903768,-0.13610185944957767,0.6227600458367207,0.5479246378018837,-0.12819260911289382,0.6048819443740023,0.5720786251461765,-0.09959913978073925,0.5766541655356041,0.5739159942199135,-0.2715425928985097,1.1433623450697423,0.7063420424190419,-0.29218512524469203,0.8729970842582379,0.6730567349691169,-0.1669717748503569,0.6989188332967916,0.5788600142515296,-0.0958682376781481,0.6242173850194318,0.5522989513361882,-0.09799827317700009,0.6076181411312509,0.5473739398731405,-0.10795394226802257,0.6018207800717033,0.5603018730916232,0.0
-0.009509686961124891,0.7167753616133583,0.6861823871022039,0.027584725020213835,0.26148901076955955,0.7409786277863404,0.026491683405801044,-0.10752177297811764,0.7559417590221666,-0.0014009108309770832,-0.1185393487757831,0.590395490091252,0.06299245608474828,-0.12313618937800869,0.6095274636056862,0.0014748527752512734,-0.1988180965812708,0.8522101336902801,-0.21780370122843118,0.6793316667661187,0.7290371478057748,-0.19800455153397994,0.2388881815368938,0.7538882943710066,-0.17187017501587387,-0.13187097812532358,0.7773096847613508,-0.14732469553091243,-0.12830061568101603,0.6124140891043581,-0.20791990108582506,-0.1407531829106401,0.6423190100781518,-0.15285476434882303,-0.18656462684803396,0.8061164807765862,-0.1133220992069911,1.2147169843490375,0.7404817522357686,-0.11319246432218377,1.4780584056487256,0.7054547627506376,-0.12405770688352216,1.3395418977649873,0.6269066427938039,0.023851549970408614,1.1361636656288463,0.7185731655675085,0.06946559848417683,0.8611277953748516,0.6849089377223871,-0.034940222367591506,0.7106476915225453,0.5460057628055451,-0.13552588361527168,0.6218177320203254,0.5462041501813044,-0.1305554103196257,0.6060572312700223,0.5672284882800676,-0.09760244106844339,0.5737033933068068,0.5741266023868633,-0.27147125136237127,1.142396326365557,0.7102653604908458,-0.29035097275729077,0.8749384346873331,0.6672359965098025,-0.1669564664750292,0.6989574484164488,0.5787622828414781,-0.09542129716796335,0.6241726808658274,0.5532775042402052,-0.09762146550939949,0.6084341461474037,0.5477770775371439,-0.10809713487960396,0.6011023866153336,0.5609610224828584,0.0188679245283018
-0.01066514835081428,0.7177338890646782,0.6866324147283416,0.028517253582398705,0.26024047342378426,0.7437497305439683,0.026577099255932653,-0.10811836024628517,0.755802401473182,-0.0014085982845227808,-0.11846762004401591,0.5903005319798662,0.06302343007880018,-0.12303756079228059,0.6094699004813917,0.0015083202925754967,-0.1991955473506303,0.8521106298776862,-0.21718744923905436,0.6821356183189142,0.7259965642617919,-0.19783950507912157,0.238785846723197,0.7539260055761792,-0.17117771643383123,-0.1299162378854662,0.7752328255600377,-0.14732091738323977,-0.12815182272824394,0.61214605841597,-0.20794771796001002,-0.1411965653020077,0.6410617662506226,-0.15279084767368242,-0.18639176580651248,0.8059796363945406,-0.11306054957130404,1.21487917194191,0.739785906921334,-0.1138623171467309,1.4778652036246565,0.7074070377658033,-0.12411449194127405,1.3395743256348844,0.6268377527642031,0.02264445541883825,1.1352126924671753,0.722579740537759,0.0694632544808533,0.8610814778761299,0.6851639381341735,-0.034931152736135535,0.7107016774766767,0.5459682648057679,-0.13466397961912088,0.6216270038257665,0.5438731612707381,-0.13163778528853903,0.6071471053505758,0.5634068814126196,-0.09613889627829056,0.5710568007861498,0.574231628438199,-0.2708238856423332,1.1417554061696205,0.7135109701480795,-0.28868718583329833,0.8761493651468811,0.6633741401251924,-0.16691714495029827,0.6990152970609832,0.5786214333330576,-0.09546457914706949,0.6241731770954034,0.5532719247350335,-0.09747251907610192,0.6085970505408683,0.5478527774257305,-0.10809700940426281,0.6008979025821825,0.5609927737893263,0.0377358490566037
-0.011639556534531553,0.7186532633547431,0.686947014230251,0.029234029720143537,0.25928304084769255,0.7459727105458784,0.026634697606038694,-0.10852764388265962,0.7557225379516381,-0.001445203500999563,-0.11835090845398576,0.5902877690106481,0.06305593468049261,-0.12311347078209524,0.6096195857950506,0.0015397317971644572,-0.1994389240330342,0.8520427554651004,-0.21662600823471787,0.6844884802421777,0.7237874151343049,-0.1976985887019961,0.23887394919117685,0.7540236200933036,-0.17060418255021034,-0.12813774452000876,0.7731724163935345,-0.14726331932630304,-0.12824275211643146,0.61225696888494,-0.20826982444585074,-0.14060686146332776,0.6385496538725011,-0.1527373584760923,-0.1862551244073408,0.8058733479254804,-0.11337789846499019,1.2147595408098382,0.7403867803415054,-0.11468137423781327,1.4776198733214339,0.7097916235228956,-0.12421581968973686,1.3396224769199538,0.6265666088971891,0.022004581595990114,1.1347148648165006,0.724697353649006,0.06956403756180202,0.8611793422888517,0.684932133738463,-0.03491835410024188,0.7107335956754541,0.5458999667293225,-0.13363257907305545,0.6219968709935634,0.5411968459160745,-0.13170133441664686,0.6080471238768872,0.5605969393225576,-0.09513136047982683,0.5687454924321258,0.5742553348566778,-0.26977369205628726,1.1413697584977502,0.716126060239308,-0.2872100718477564,0.876804949246758,0.6611320022059194,-0.16686160193507604,0.6990881302924498,0.5784487914692679,-0.09587523467016201,0.6242059997249606,0.5525476894871377,-0.09749443931585648,0.6082530328485372,0.5476816265610576,-0.10798919448713418,0.6010483670337902,0.5605778497826157,0.0566037735849056
-0.01244324623870896,0.7195270439399801,0.6871440713473435,0.029755171437035738,0.25858862781495107,0.7476946570488572,0.026667648379980015,-0.10877075690085315,0.755694972845303,-0.0014974790943024082,-0.11821383491843496,0.5903361666214981,0.06308279007779484,-0.12330040909211164,0.6098885123483326,0.0015695578161692958,-0.19956101885298186,0.8520031164338827,-0.2161160227365034,0.6864207752510244,0.7223330710404052,-0.19757967148552913,0.23913022504956605,0.7541735412892829,-0.17014312948893326,-0.12653433254583923,0.7711527319986153,-0.1471843827907366,-0.12845797004772463,0.6125698604828089,-0.2087841042516607,-0.13930735005591446,0.6352762259467845,-0.15269354594811257,-0.18615162565293686,0.8057949406156766,-0.11402142702271503,1.214454574912374,0.7418583014235953,-0.11555756989869126,1.4773541480803485,0.7123396943972364,-0.12430349258503881,1.3396589773404055,0.6263219989504847,0.02179560337767289,1.1345607948723755,0.725380835296957,0.06969528380248768,0.8613308687182429,0.6844951528541441,-0.0349035149940872,0.7107468122161771,0.5458150178144862,-0.13254811358900556,0.6227363432642349,0.5384403789632031,-0.1310076581009622,0.6086528441101804,0.5587817967886067,-0.09450268874259826,0.5668005727032276,0.5742219841250571,-0.2684938669221251,1.1411695573657623,0.7181578196130951,-0.28593593817570606,0.8770802605968393,0.6601704191426163,-0.16679762908827445,0.6991716991729047,0.578255682993109,-0.09653041479193643,0.6242582747712994,0.5513702751629822,-0.09763023166741218,0.607548271607303,0.5473442119652823,-0.10780931877335301,0.6013948190316961,0.5598969732343158,0.0754716981132075
-0.013086552189778972,0.7203487902768154,0.6872414718190308,0.03010079673666255,0.2581291490992268,0.7489626593096906,0.026679121501617588,-0.1088688323144782,0.7557125105419439,-0.001552177678325539,-0.11808102035010878,0.5904246902503171,0.06309681645867717,-0.12353486546699233,0.6101886729429088,0.001598268876741153,-0.1995746240349725,0.8519883187653932,-0.21565413726549262,0.6879630260605688,0.7215569025971837,-0.19748062251264614,0.23953241040709777,0.7543681725310205,-0.16978811337392202,-0.12510483647984588,0.7691980471120549,-0.1471165892071743,-0.12868204272427214,0.6129077731811192,-0.20938844108575266,-0.13762130974108627,0.6317350354764709,-0.15265865928180322,-0.18607819254571864,0.8057417397114006,-0.11473841637914392,1.2140607582090701,0.743774399094918,-0.11639883843262455,1.4770997612426908,0.7147824247641485,-0.12431931308330782,1.33965645261645,0.626332710681814,0.02188119563969626,1.134641094830351,0.7250850158773199,0.06978432927837594,0.861445537269528,0.6841346238001065,-0.034888323951847405,0.7107446931961426,0.5457275672995371,-0.13152701477890083,0.6236544303782987,0.5358689352580139,-0.12981835673849765,0.6088598233116784,0.5579445885894929,-0.09417573613615028,0.5652531460579457,0.574155838726095,-0.2671576065577381,1.1410849767894722,0.719653437118006,-0.28488109219218904,0.8771503728070011,0.6601502273259168,-0.16673301806880508,0.6992617547644014,0.5780534336475815,-0.09730727056708768,0.6243171282512188,0.5500051584290319,-0.0978229015695175,0.6066289453540564,0.5469211206605625,-0.1075930109080538,0.6017782976374386,0.5591308669160162,0.0943396226415094
-0.013579809114173919,0.7211120618216753,0.6872571013847242,0.03029102362261138,0.25787651947418666,0.7498238065851645,0.026672286894812325,-0.10884300313714716,0.7557679554293286,-0.0015773717243382761,-0.11794405048345355,0.5906077655812897,0.06308552659048651,-0.12368543949535743,0.6103258081030549,0.001626335506031169,-0.19949253180350549,0.8519949684409914,-0.21523699634276722,0.6891457553859262,0.7213822804217316,-0.19739931086627277,0.24005824137250467,0.7545999171854202,-0.16953269032909868,-0.12384809083891696,0.7673326364706274,-0.14706059057940768,-0.1288847585557995,0.6132243408181739,-0.20986832617723136,-0.13624125208213633,0.6289206285148241,-0.1526319476692243,-0.18603174808810374,0.8057110704589237,-0.11512520904976467,1.2136782512892461,0.745742558600486,-0.11704952023444182,1.4769163134212664,0.7166657259562805,-0.12406467845375821,1.3395227891899297,0.6273586176888006,0.02208708026159545,1.1348140565073532,0.7243854466761024,0.06968345243525706,0.8613427212043829,0.6844220435530777,-0.034876362650955256,0.7107320306579641,0.5456604666640742,-0.13069431382428476,0.6245964825804851,0.5336746734405363,-0.12853872602502595,0.6083211112258556,0.5581429620884166,-0.09402557274553602,0.5641725269468036,0.5740599447472017,-0.2661484229230625,1.1408918020066676,0.7205937483442295,-0.28411760839498806,0.8772741786088224,0.6604999156550846,-0.16668039382408828,0.6993571204196325,0.5778518779352526,-0.09784574884288874,0.6244696179797281,0.5487259872290006,-0.09799123097848715,0.6056683031437108,0.5465104333739912,-0.10732468938064114,0.6019738302002805,0.5584305982846391,0.1132075471698113
-0.013933351738326188,0.7218104180309866,0.687208845783835,0.030345970098469496,0.25780265371349753,0.750325188132065,0.026650314483425072,-0.10871440238247201,0.7558541118952246,-0.001495988358912615,-0.11809807898711916,0.5910128895060918,0.06305319202566555,-0.1237426047620363,0.6102994635036721,0.0016542282311906,-0.1993275343830805,0.8520196714420374,-0.2148612444894088,0.6899994859422115,0.7217325751311402,-0.19733360562933458,0.24068545405451994,0.7548611786193853,-0.16937041647838535,-0.12276293013994038,0.7655807748111074,-0.14715751782432918,-0.12862791335280707,0.6128482235937014,-0.210269733123789,-0.13494617060008784,0.626758689156032,-0.15261266030243567,-0.18600921528251033,0.8057002581045168,-0.11480418224755917,1.213539927994049,0.7466548563888196,-0.11742671767358859,1.47682632815602,0.7177361905955761,-0.12362327205711346,1.339294512151094,0.629108567025038,0.022227885716150586,1.1349353106550446,0.7239025474553229,0.06932486168547089,0.8609439624440877,0.6855954095163924,-0.034866405945930073,0.71070416875098,0.5456298688686885,-0.13031061100145525,0.6253824251049165,0.5323471261029702,-0.12725007658051307,0.6071093870903358,0.5596667757229863,-0.09406785841296013,0.5636459657671333,0.5740400754516858,-0.26533443889187797,1.1406156564379841,0.7211390620772454,-0.28361801610988646,0.877531756585343,0.6612765422029795,-0.16665028730729115,0.6994437021437824,0.5776739811820242,-0.09843539906723141,0.6245685944351953,0.5482586664082489,-0.09806403003125919,0.604908317915873,0.5462604973123847,-0.10722930315904387,0.6016487338083248,0.5583963110021677,0.1320754716981132
-0.014157514788668113,0.7224374183611755,0.6871145907557747,0.03028575416782424,0.25787946659082606,0.7505138932071782,0.026616374191316794,-0.10850416306406534,0.7559637843273993,-0.0013937586702201937,-0.11835044986176314,0.5913085597644907,0.06298161858740449,-0.1237039399465617,0.6101207935027287,0.0016824175793705278,-0.19909242399819663,0.8520590337498907,-0.21452352622649917,0.69055474044454,0.7225311573425005,-0.19728137588475708,0.2413917845618763,0.7551443601998193,-0.169294847945704,-0.12184818889980448,0.7639667368702695,-0.14749765812243573,-0.127620494309314,0.6113352700456955,-0.21050708647885125,-0.1340611579954641,0.6255742766714493,-0.15260004637349733,-0.18600751713135621,0.8057066278944518,-0.11392144732317835,1.2136122050274933,0.7466691707994775,-0.11750829659676976,1.476827915744487,0.7179419452492666,-0.1230683507434576,1.3390038375066797,0.6313004453024076,0.02225862396142958,1.134968171152703,0.7238046094221642,0.06873013690652094,0.8602638600786922,0.6875795608910898,-0.0348588001537779,0.7106714086219306,0.5456372711386543,-0.13054042449337372,0.6255318973282722,0.5323671517518099,-0.12627663713022014,0.6053710708522517,0.5620255177170487,-0.09418157262990513,0.5636064176854556,0.5740792699007208,-0.26489559257688666,1.1404346357253912,0.7213024248067953,-0.28331468540325333,0.8781777637605912,0.6619823450862613,-0.1666356048791358,0.6995147448365342,0.5775278748335924,-0.09896930853280747,0.6244894514143378,0.5483395319616817,-0.09802270863075228,0.6043762813982182,0.5461694221079308,-0.10721601017782928,0.6009348227247523,0.5587803686427816,0.1509433962264151
-0.014262632991632135,0.7229866222686688,0.6869922220399549,0.030130493834262903,0.25807887287983927,0.75043701106729,0.0265736359423484,-0.10823341819553943,0.7560897771136206,-0.001460342327806956,-0.11827307382878927,0.59082088383105,0.06285396516021786,-0.12356294401527043,0.6098394790672675,0.001711374077722151,-0.19879999287335332,0.8521096613459115,-0.21422048607511987,0.6908420416080263,0.7237013976729035,-0.19724049071546587,0.24215496900330674,0.7554418652936257,-0.16929954085497678,-0.12110270163539716,0.7625147973848879,-0.14801360444610093,-0.12607432685662007,0.609008102749633,-0.21055134853975474,-0.1337840229805078,0.6253683619009444,-0.1525933550744692,-0.18602357663705957,0.8057275050749995,-0.11295388960529065,1.213722799178107,0.7464936606780312,-0.1174121491091995,1.476873839136436,0.7176461161967815,-0.12247316886909157,1.3386647187165943,0.6336324806117448,0.02224419899427843,1.1349625775944834,0.7238876341074739,0.06799395450781315,0.8593727038640888,0.6900454717607492,-0.03486056573157001,0.7106710991595966,0.545661688783734,-0.1311377625629965,0.6247681188082386,0.5337094571133778,-0.12584379198929357,0.6032486324147388,0.5646706708021354,-0.09426796670903334,0.563791779108119,0.5741206752397428,-0.26488503320457873,1.140532438231215,0.7212346236392672,-0.2832037548615518,0.8792637568049035,0.6623071232744753,-0.16662862035897344,0.6995803439541097,0.5774081166773154,-0.09932383231670935,0.6241321299921633,0.5484474312965466,-0.09793376059143617,0.6040009471440175,0.546133453562655,-0.1071343602571854,0.6000858348475199,0.5592467634185387,0.1698113207547169
-0.014259041073650586,0.7234515892098928,0.6868596253757867,0.02990030710137287,0.25837278735420394,0.7501416309691866,0.026525269660380803,-0.10792330079050658,0.756224894641656,-0.0018138790868676867,-0.11761459496681373,0.5891762098923761,0.06268357022438927,-0.12332248936263591,0.6095246813128677,0.0017415682533966684,-0.19846303323305015,0.8521681602114595,-0.2139487685563527,0.690891912147786,0.7251666667394406,-0.19720881920438646,0.24295274348754411,0.7557460972677079,-0.16937805133012573,-0.12052530286360669,0.7612492310917371,-0.14852400255297038,-0.12455841068008015,0.6067312977259837,-0.21050086961169376,-0.13387006283316866,0.6256075262678886,-0.15259183559741127,-0.18605431680203796,0.8057602148924314,-0.11225433575139884,1.2137461212151293,0.7464856133817739,-0.1173092146257817,1.4769056315797635,0.7173558672361833,-0.1219106857444405,1.3382940444236417,0.635816501338647,0.022234739856723362,1.1349585148424637,0.7239803849062418,0.0672193000729103,0.8583608767093075,0.6926439385990804,-0.03487780260724746,0.7107335213883611,0.5456751371117892,-0.1315920705099626,0.6232591520824088,0.535882273352704,-0.12597455914162572,0.6009312422339856,0.5673009659764177,-0.09429728840306234,0.5639536615573134,0.5741415202629828,-0.26511188921661427,1.1409480973952366,0.7211468980547311,-0.28330074044118375,0.880596479326388,0.6622709995236807,-0.16663109270432686,0.6996747724368817,0.577308251807459,-0.09951259347140723,0.6234917212049877,0.5483856240013842,-0.0978499443699576,0.6037893194661652,0.5460898877441986,-0.1069495097667819,0.5992172059358959,0.5597441336887314,0.1886792452830188
-0.014157073761155853,0.723825878641274,0.6867346865026818,0.029615311972741434,0.25873312478758703,0.7496748421696539,0.026474445269274904,-0.10759494386257906,0.7563619412992727,-0.002377946010212563,-0.11654851973651473,0.5867830190643543,0.06252578084809875,-0.12311451778129351,0.6092753524812442,0.0017734706335452185,-0.19809433730178638,0.8522311363278945,-0.21370501819127918,0.6907348747789336,0.726850335159203,-0.1971842304344445,0.2437628441233215,0.7560494594889697,-0.16952393549507286,-0.12011482710132125,0.7601943127275915,-0.14887637474645682,-0.12354242991922908,0.6052191609674894,-0.21049259362792228,-0.13387833327527943,0.6256408025284582,-0.15259473713438354,-0.1860966606287094,0.8058020825930187,-0.11191091961602151,1.2136677755702547,0.7465619396597305,-0.11727589575292624,1.4769010417633612,0.717291318375916,-0.12146692828737465,1.3379858209730786,0.6375558584786167,0.022239087456147166,1.1349651770665132,0.7240417062713522,0.06648316581273811,0.8574080755760578,0.6950669263421463,-0.034896552265061664,0.7107938563088371,0.5456766911375247,-0.13158738783456772,0.6213484519024901,0.5384359506011319,-0.1264972350161775,0.5987481332320433,0.5696965668106918,-0.0942957782349423,0.5640557688600641,0.5741490095907125,-0.2653547729773921,1.1416485296880532,0.7210198784769495,-0.28351312407068213,0.8818707588387513,0.6620506442572986,-0.16664329408558837,0.6998195603329459,0.5772284218625736,-0.09960604370256747,0.6226655653906771,0.5482015758760282,-0.09776985157345723,0.6037954003294224,0.5460535709097792,-0.10674012017760327,0.5983678348704539,0.560155992430015,0.2075471698113207
-0.013967065780580878,0.7241030500192399,0.6866352911600505,0.029295626451955173,0.2591317999536571,0.7490837339254773,0.026424332692891014,-0.10726948042536714,0.7564937214742382,-0.002939091602663515,-0.11556255484411346,0.5845392836271371,0.06244599265518115,-0.12319005089958332,0.6091823002097694,0.0018075517453183011,-0.1977066973040586,0.8522951956765751,-0.21348587950098133,0.6904014522165853,0.7286757735492806,-0.19716459348856571,0.24456300701937342,0.7563443553243134,-0.16973074947374064,-0.11987010886542597,0.7593743170292251,-0.14901103353519407,-0.12319828062192267,0.6047329065391235,-0.21052880034972193,-0.13376620892298213,0.6254748455695761,-0.15260130887744608,-0.18614753111948987,0.8058504334230313,-0.11187149107835151,1.2135843975656915,0.7465924989495967,-0.11728424154006073,1.4768763235233404,0.7173658606035438,-0.12122092750862709,1.3379093192667957,0.6385890393039877,0.02224942998427243,1.1349779993813653,0.7240853006555388,0.06583299851072946,0.8567848711213261,0.697005770635569,-0.034884695006191735,0.7106951940624038,0.5457047219643563,-0.13113431552888327,0.6192830717827931,0.5411329179007971,-0.12715403803280445,0.5970615275324044,0.5715721733041752,-0.09428849860688131,0.564092710135491,0.5741644215775701,-0.2655489693757703,1.1425637795293928,0.7207338380221058,-0.2836840590687146,0.8827872861226606,0.6618219909902896,-0.16665066121629216,0.6999362894577625,0.5771890381221676,-0.09963030584854654,0.6217766684026826,0.5479806241541547,-0.09773043448329027,0.6039632286629799,0.546042267432548,-0.10663689199037485,0.5976223925126052,0.5601175078557485,0.2264150943396226
-0.013695245644844117,0.7245697558458382,0.6864383466926243,0.029229829313777184,0.25909646913675777,0.749207665358221,0.02642527299309672,-0.1073219424450328,0.7564745274643112,-0.0033043167579068313,-0.11512166374124815,0.5831365851699454,0.06246993922448993,-0.12370183661461484,0.6092559162469567,0.001860369371559202,-0.19752552213016952,0.8522685519587593,-0.2133765508517504,0.6900072661384499,0.7303638486663907,-0.19711953008896155,0.2450576085065037,0.7566519872265545,-0.16987837197643826,-0.11959899122250181,0.7588976810797877,-0.1489157434420821,-0.12355269814533812,0.6053104882244528,-0.2104757727280601,-0.13393923709175284,0.6257736736850156,-0.15260164755255198,-0.186182204803988,0.805885774111316,-0.11200314339498468,1.213654715870417,0.7465856830907758,-0.11729287246351733,1.4768552664428494,0.7174542088932394,-0.12118561913412396,1.3381750705904778,0.638869207716213,0.022259130970381902,1.1349912440167642,0.7241207933828887,0.06532624655092656,0.8567036817742284,0.6981655125015742,-0.034820858732387855,0.7103284847018104,0.5458006108955764,-0.1303693462547744,0.6172690113594861,0.5437455596607468,-0.12771589821376042,0.5960741441320803,0.572641460389425,-0.09425188006826048,0.5639319524477262,0.5742236800386289,-0.26569748506942703,1.1435362190072902,0.7204720093660321,-0.28374041340551864,0.8831984531953647,0.6616891175052171,-0.1666284349532092,0.6998571177253956,0.5772231789933024,-0.0996120806140449,0.6209425052870541,0.5477752122762172,-0.0978252094561469,0.6040894620224767,0.5460405854874346,-0.10673593453720764,0.5971827854213568,0.5592995075666907,0.2452830188679245
-0.01324006789005222,0.7247117921229193,0.6864329526274383,0.029081471752822913,0.2592174106941922,0.748947576282023,0.026417911384284305,-0.10729014425144633,0.7564982161107422,-0.003385632386161255,-0.11542632365186055,0.5827898885609074,0.06258160529167694,-0.12458457828368612,0.6094283087592309,0.001903002020321537,-0.19733226657842587,0.8522809214653959,-0.21324364333657417,0.6895436307359097,0.7319696454897067,-0.1971156458536375,0.24565683508724115,0.7568719951960651,-0.17019997529140896,-0.11973902695567593,0.7588923346248746,-0.1485926041151874,-0.1246000056487784,0.6069393480868862,-0.2102288001764362,-0.1347333137460276,0.6270606910758982,-0.1526027985246469,-0.18621904547745127,0.8059262358755654,-0.11215027692391549,1.2139673027234879,0.7466161306203147,-0.11728974011687598,1.476850624748002,0.7175137493672368,-0.12127544627334155,1.338736733743809,0.6387115993745506,0.022266023654744005,1.1350019101289774,0.7241436184505564,0.06507111068459889,0.8571708202623143,0.6984804748251094,-0.03471014758213034,0.7097157977346469,0.5459723226380703,-0.12941585930327384,0.615603974765597,0.5459344002097777,-0.1280498929927172,0.5957168542959035,0.5728481331265192,-0.09412734742426936,0.5634529157907024,0.5743553195257936,-0.2657392105925147,1.1443245181550181,0.7207431210592514,-0.28371339219772834,0.8831275113424597,0.6616787243972988,-0.16656128041113608,0.6994740428871444,0.5773400696731695,-0.09962858618707428,0.6202917584402572,0.5475962918740275,-0.09810339704849333,0.6039731072832024,0.5460233851993156,-0.10702364522824565,0.5972796345242581,0.5576330890351737,0.2641509433962264
-0.012700759482498242,0.7244691318687958,0.6866670704759218,0.028850380391281072,0.25948714760418057,0.7483136152346328,0.026403865100516944,-0.10718948981373466,0.7565513331462637,-0.003161444538321454,-0.11645544616218348,0.5835185652572207,0.06275958041712305,-0.12565922980532032,0.6096269964085983,0.0019398810036738148,-0.1971190372654365,0.8523159721176023,-0.21304920532182803,0.6890323623627057,0.7333574089076402,-0.19712116619452436,0.2462618491668665,0.757017023468401,-0.17068476555264817,-0.12026972737273839,0.7593649266927299,-0.14809977480633557,-0.12616549337622104,0.6093491892531326,-0.2097990268628431,-0.13612026575270847,0.6292790904728411,-0.15260941132444095,-0.1862617747564026,0.8059717724119292,-0.11224015364049555,1.2144657915822419,0.7467115083180171,-0.11728063195501709,1.4768644178253734,0.7175493681247885,-0.12137115748244348,1.3394520036989477,0.6385728189061012,0.022269833195744493,1.1350087466635777,0.7241481408484778,0.06517483695063209,0.8579817328038033,0.6983117344886633,-0.034570962730601396,0.7089555938166394,0.5461952899833541,-0.12839295509936838,0.614617383361297,0.5473339760805799,-0.12815924231728723,0.5957275787528372,0.5725409168189826,-0.09389012999167291,0.5626810384900224,0.5745522144972932,-0.26559086939565907,1.144689821463207,0.7218961288242515,-0.28364510737101123,0.8826334895491997,0.6617752746989612,-0.16645117874025508,0.6988181259473519,0.5775214017489787,-0.09974799298597854,0.6199426530321405,0.5474361810931574,-0.09852678528343649,0.6035581932120431,0.5459742294825674,-0.10741038987183125,0.5979111922938671,0.5553303720935844,0.2830188679245283
-0.012236962900684739,0.7238935530348066,0.6871185441711791,0.028571036467940097,0.25984557977817047,0.7474289551122805,0.026391796004563352,-0.10708582698028057,0.7566019238430732,-0.0026230131725003287,-0.11813851955968775,0.5853732498600478,0.0629951417807758,-0.12676467960226218,0.6098280610353086,0.0019804493423523084,-0.19685960511894582,0.8523524867524546,-0.21280325427575675,0.6884407615627796,0.7344957856372791,-0.1971013717497983,0.24676221198121923,0.7571100467045772,-0.17127204812795527,-0.12107729920756695,0.7603243478992253,-0.1475947485426943,-0.12775962230445076,0.6117905652101246,-0.2092617066174851,-0.13785531907224197,0.6320343873528853,-0.1526259721226335,-0.18631405286214012,0.8060179819487081,-0.11228983890776806,1.2150346974955981,0.7468194401761277,-0.1172728372990905,1.4768930106998421,0.7175710338308807,-0.12141897703656801,1.3401845737819762,0.6386524600616017,0.022270891591897435,1.1350113354684912,0.7241378055810788,0.06566340916427232,0.858878431167426,0.6981884059233765,-0.03442029411452743,0.7081536484028984,0.5464318130224335,-0.12749046464722835,0.6144723302469272,0.5477988832838308,-0.12813696161658283,0.5958625772489343,0.5722288719007802,-0.09362280820721038,0.5617340241190707,0.5747590842943244,-0.2652384599633165,1.1445216499091098,0.7238352501405456,-0.28354651069978576,0.8817890236787908,0.6619433175141775,-0.16630836129357202,0.6979949348069752,0.5777482363962919,-0.10001260479896996,0.6199171358679054,0.5472773700990492,-0.09902348552206727,0.6029162549498216,0.5458833951837729,-0.10787754856870516,0.5987589753570319,0.5529313424206324,0.3018867924528302
-0.011894926972699865,0.7230730982188216,0.6877644347655543,0.028311371087891557,0.2601814617202059,0.7465361746854804,0.026392086183232705,-0.10705425196247147,0.7566184057971571,-0.0018344578238074392,-0.1203067916265312,0.5881363959735535,0.0632879979773358,-0.1277929849616972,0.6100551632102355,0.0020311417826613426,-0.1965298610405494,0.8523832938482436,-0.21255126856256223,0.6877139832950001,0.7354457426153695,-0.1970506473266243,0.24711478956795602,0.7571641136787501,-0.17185265130363145,-0.1219920428078419,0.761672871799142,-0.14726455012860276,-0.12880155009907432,0.613379535234365,-0.208692488080088,-0.13968198954546773,0.6349226068176459,-0.152650122945231,-0.1863680069545358,0.8060561929536484,-0.11233687660018535,1.2156325768359202,0.7468640192058831,-0.11726854097429962,1.476928695203331,0.7175831126117914,-0.1214406398371391,1.3408229205868798,0.6388356436663778,0.0222698708557566,1.1350109480102806,0.7241249162285255,0.06646932853560636,0.8597191757467569,0.6983381109879392,-0.034273885118172226,0.7074084353623212,0.5466467896827867,-0.12696713766428053,0.6150190359416228,0.5476006293514765,-0.12806732802018198,0.5959884686955703,0.5721338178987633,-0.09348850585224244,0.5607216278796988,0.5748929741300316,-0.2647463976860418,1.1439552688083672,0.726233040489855,-0.2834241560357863,0.8807625115997141,0.662141406568761,-0.16614726376180788,0.6971169840862432,0.5779999095793207,-0.10047289773604993,0.6200855416264651,0.5470838682699009,-0.09953121786280922,0.6021560191052792,0.545747870043343,-0.10852331234690588,0.5994391719469325,0.551190679862073,0.320754716981132
-0.011599306023838546,0.7221273478850669,0.6885743892036952,0.028131475749119284,0.26039611372483773,0.745855231128637,0.02640955106804589,-0.10713992027158362,0.7565755117481356,-0.0010491474548148675,-0.12242461060316967,0.590847136216183,0.06361032452459872,-0.12864020054872077,0.6103106430814903,0.002095629776563332,-0.19613583471620602,0.8524058345915231,-0.21232554178805962,0.6868460978507666,0.7362513276606839,-0.1969829552723063,0.24732333674114496,0.7571946037446046,-0.17232639485977902,-0.12287545646163156,0.763164844455707,-0.14717994534084158,-0.12908107004750308,0.6138018992667437,-0.20815790238084228,-0.14137747545199975,0.6375997408553532,-0.15267411076789317,-0.18640936096888427,0.8060797727700727,-0.11240346898506992,1.2163137247827087,0.7468183536738335,-0.11726621173543189,1.4769613374262933,0.7175890123707784,-0.12148228251524085,1.341282394082327,0.6388944068810678,0.02226746724690981,1.1350099843416837,0.7241201610526078,0.06741267876092996,0.8604396337016886,0.6986396193071461,-0.03415194191324744,0.7068231448424523,0.5468091423137046,-0.12693737633998148,0.6158679085455107,0.5472345251638592,-0.1279980819839487,0.5960450163873219,0.5721610677034086,-0.09360296512771014,0.5597456456612985,0.5748996412635721,-0.26421056001667786,1.1432938227522687,0.7287736927855515,-0.28329376703857867,0.8798032289832214,0.6623416883781617,-0.16598973812548587,0.6962946932380447,0.578241081821814,-0.10111322424308036,0.6202654710702513,0.5468283740196994,-0.09999251063491209,0.6013803655980567,0.5455759532174155,-0.10940524155083528,0.599750123253263,0.5506934064978265,0.3396226415094339
-0.011289719336319698,0.72115889178256,0.6895023990333772,0.028035984763709818,0.26048032781983316,0.7454086784820234,0.02644013106689473,-0.10733754155609122,0.7564627373780081,-0.0006284842585023726,-0.12367413720004888,0.592162712273539,0.06384149321246702,-0.12916118668041102,0.6104951055675981,0.0021747940295378148,-0.1957206417635776,0.8524133861643028,-0.2121396392579448,0.6859190578163734,0.7369170974670819,-0.19690903560361278,0.24739483761212042,0.7572092974463207,-0.17267329254920544,-0.1237089805530808,0.7645872478242793,-0.14724935492618263,-0.12888647372618056,0.6134996022196607,-0.20773143791460602,-0.1427119593107479,0.6397048115185554,-0.1526937054203878,-0.18643138252208788,0.8060856032966587,-0.11249019567113047,1.2171470116636975,0.746716405711825,-0.11726404591327466,1.476984398584067,0.717593069482692,-0.12157015570850599,1.3415577272057637,0.6386924956049962,0.022264959715163457,1.1350105210186303,0.7241212960405982,0.06822796722297103,0.8608989428867834,0.6988933567993056,-0.03407668242075315,0.706494565151955,0.5468896000032518,-0.1272133816015965,0.6167505853614669,0.5469944390525586,-0.12795139232095487,0.5960459353750756,0.5721809205268631,-0.09397804726137338,0.5589865105814784,0.5747887450198131,-0.2637140111094792,1.1427557510472286,0.7311639592004682,-0.2831817151376622,0.8791821052277873,0.6625157102794432,-0.16586232494464578,0.6956434690575718,0.5784362089616962,-0.10178940841356397,0.6203707095205523,0.5465301271559783,-0.10034054629317476,0.600687303007896,0.5453878472852371,-0.11043281644392634,0.5996700199771609,0.5516131269874834,0.3584905660377358
-0.010949706608221338,0.7202020750596794,0.6905092734802605,0.02798497218101728,0.26049667039440205,0.7450501612913356,0.026482118728467736,-0.10763257370647403,0.756302089272164,-0.0007568176914354444,-0.1235680003919078,0.5914717163452761,0.06380084113870578,-0.12926171432824976,0.6104740278375801,0.0022578627423000468,-0.19537232237204552,0.8523993757095755,-0.21200328806318103,0.6850352747050055,0.7374262622190821,-0.19683102841407646,0.24732222779499335,0.7571977544123365,-0.17297272951268505,-0.12458731821592547,0.7659707394075125,-0.1473309422275697,-0.12863917428105098,0.6131100481386946,-0.20748560371232394,-0.14346940834001054,0.6408889378020141,-0.1527124227815041,-0.18643958670045574,0.8060722661993043,-0.1125806037958891,1.2181495895534709,0.7466110129009003,-0.11726086557037213,1.4769992736328268,0.7175978681699734,-0.12166095054300313,1.3417367891570524,0.6384133718643481,0.02226406139760473,1.1350146915000034,0.7241185363348238,0.06870305333104823,0.8609250413490573,0.6989854223296539,-0.0340564875077968,0.7064438117132399,0.5468794529457788,-0.127504967517644,0.6177077530565299,0.5468744825412568,-0.12794015171714418,0.5960848389627084,0.572164505314497,-0.09457133956891449,0.5586898488149465,0.5746100271399414,-0.263322409727629,1.1423956342509818,0.7330704092004621,-0.28312387850456505,0.8791093020458363,0.6626122504138227,-0.1657859852654559,0.6952646460921927,0.5785693443116509,-0.10232866577358711,0.6204124191372288,0.5462388464309477,-0.10051509857469816,0.6001738255285197,0.5452110554638403,-0.11145828478641147,0.5992372888083572,0.5537194475017815,0.3773584905660377
-0.010573591571559682,0.7192570618153256,0.6915766665173441,0.02794902710375302,0.2604940778905176,0.7446435260039468,0.026552650861863078,-0.10805391573470689,0.7561769794358163,-0.0013193047300252012,-0.122311046304202,0.5892970932332434,0.06339924452462703,-0.12904276445078214,0.6102228882438899,0.00232700341961177,-0.19517559126400985,0.8523630802204828,-0.21192511290930321,0.6842253017363686,0.7377389281018684,-0.19674886101099456,0.24708693686593244,0.7571444671794413,-0.17335524093182889,-0.12558328481951772,0.7674961191415837,-0.14735884072652952,-0.12851355937767428,0.6128947631644025,-0.20743777841041006,-0.14360037287078367,0.6410705215270847,-0.15273606489711403,-0.1864456487355544,0.8060395918794827,-0.11266060471799533,1.2192904928008543,0.7465394005177597,-0.11725493629967715,1.4770118617521275,0.717603201282971,-0.12164439691864737,1.3419362114427482,0.6385361593288039,0.0222650524411937,1.1350238755856221,0.7241090863434722,0.06874588291886735,0.8605152897179869,0.6989072432370991,-0.034073914888853696,0.7065590750172764,0.5468114604501799,-0.12770844112072233,0.6187313529636022,0.5467890256452537,-0.12797920442166227,0.5962281606809672,0.5721614196701074,-0.09531221556064223,0.5589663414281226,0.5744170606678962,-0.26309290600857305,1.1422158023039448,0.7341755167588233,-0.28313894896675673,0.8795772856741958,0.662598778941795,-0.16576388478137713,0.6951757933164702,0.5786489134066446,-0.10263505717793207,0.6204134514413424,0.5459959037975932,-0.10051962453593484,0.5999122477355392,0.5450720221232493,-0.11239543078648467,0.5985019781216497,0.5564321168884144,0.3962264150943396
-0.010187021030973908,0.7183188347755386,0.692700010396851,0.027951445303681377,0.2604468656590123,0.7442116242713759,0.02667668916092119,-0.10863531581962875,0.7562044823135576,-0.00206852931172326,-0.12049203258371254,0.5865686142831106,0.06269638270770683,-0.1287259020929942,0.6098148486639337,0.0023746343475597193,-0.19514938512070806,0.8523069447730149,-0.21190582586464068,0.6834852855379576,0.7377992105999205,-0.1966674688620068,0.24668060021201355,0.7570422292988931,-0.17388257184278508,-0.12663226796626142,0.7691941043873315,-0.14734684137974197,-0.12845257366502355,0.6127693850319551,-0.20750754587271558,-0.14334749843836064,0.6406411791552297,-0.15276612618317192,-0.18645850992525623,0.8059896266133616,-0.11273241895781727,1.2205377329845017,0.7465273192365729,-0.11724416286181655,1.477025346242595,0.717608093265766,-0.12143553622603082,1.34223018678989,0.6394220738295083,0.022266358463567892,1.1350367875132168,0.7240983908917431,0.068340446003826,0.8598404404325771,0.6987095283657514,-0.03410183303807965,0.7066764759579036,0.5467393300874083,-0.12793420096289035,0.6194914522702206,0.5467104226112165,-0.12805556666901388,0.5963773157521033,0.5722236002966072,-0.09608474326059847,0.5596497883226486,0.5742662556742766,-0.2630408782757466,1.1422023617424872,0.7344132756333036,-0.28322841770401513,0.8803779966555478,0.6624942846280597,-0.1657765197742553,0.695256445932699,0.5787058093152629,-0.10271155921167444,0.620381563916708,0.545825150286435,-0.10045132814026525,0.5998878839360027,0.5449871049381245,-0.11321353442662048,0.5975926896934863,0.5590300046468978,0.4150943396226415
-0.009835372875343529,0.7173820179387713,0.6938741128902884,0.028027580581076086,0.26031574869137086,0.7438848821034009,0.026843159046284665,-0.10930657476151609,0.7563954343234743,-0.0028165049315758877,-0.11862205837980781,0.5838790937654526,0.0618131110771554,-0.12843847053878282,0.6093164178978157,0.0024040262394325294,-0.19527434352334258,0.8522316143325495,-0.21193439436998074,0.6828576924207534,0.7375754782877875,-0.19660074733255795,0.24614859777585965,0.7569014467389495,-0.1744719915177548,-0.1275771260523681,0.7708556783000968,-0.14732227984218585,-0.12838749147371506,0.6126342309667819,-0.20757638065378184,-0.1430747805460732,0.6401867673383049,-0.1527994989604429,-0.18647884111044977,0.8059294112486838,-0.11280338418494312,1.2218443379943154,0.7466029880605913,-0.11722821223143387,1.4770379809952447,0.7176118833008167,-0.1210400444662198,1.342611662988647,0.6410435623659694,0.022266732238151288,1.1350508985290342,0.72409096075088,0.06756497056238109,0.8590612223428808,0.6984446207656547,-0.03412874075566469,0.7067210399912158,0.5466962691486499,-0.12828525897911622,0.6196423676060987,0.5466843755307675,-0.12811509146504718,0.5963154821333932,0.5723413577455778,-0.09674155718139638,0.560447916478416,0.5742189870599493,-0.263099401372043,1.142285224827098,0.7341425268492228,-0.28341774131958314,0.8813378875469505,0.6623305513280419,-0.16579590670779726,0.6953361650907934,0.5787704664562866,-0.10265763682572417,0.6203261098806535,0.5457313359817731,-0.10041844015524184,0.5999744818499082,0.5449544346886831,-0.11386226697199045,0.5967848194126136,0.5609564288869497,0.4339622641509434
-0.009542571570134578,0.7164687097229103,0.6950754031899,0.028130089404577674,0.2601767588157661,0.7436921178596487,0.02699398333010918,-0.10989584394918621,0.7565864451194123,-0.0034721777401103032,-0.1169777518793132,0.5814683474761113,0.060865198166723714,-0.12818098290855406,0.6087806652333191,0.0024186967413139717,-0.1955396909956943,0.8521359135829851,-0.2119858305149015,0.6823661978150369,0.7371303709982409,-0.19656146804741048,0.24560906917331576,0.7567529922532775,-0.1749867014501923,-0.12829502007328417,0.7722382133145731,-0.14729608266217595,-0.12831753073795887,0.6124880137152742,-0.20759252088014288,-0.14295627584069506,0.6399867317417447,-0.15283110433661456,-0.18649964504378852,0.8058713722698256,-0.11286703609839194,1.2230741939083054,0.7467796456415305,-0.11720922344950513,1.4770468106888284,0.717613791654734,-0.12052681809373961,1.3430115413035537,0.6431253099240382,0.022266392211723496,1.1350644749731131,0.7240860469467538,0.06665239825321573,0.8582636670873207,0.6981533267313647,-0.03415728705724852,0.7067161313489357,0.5466857539004322,-0.12866023061888995,0.6191310609265052,0.5468341584011613,-0.12810576416782793,0.5959026598754577,0.572477750223249,-0.09716454360738054,0.5611961336347384,0.5743146147051783,-0.2631647665695585,1.142370486539396,0.7338773927190244,-0.2837106474018333,0.8823917809496519,0.662126656244414,-0.16580621768414627,0.6953434098499535,0.5788438550611525,-0.10259984291745101,0.6202608975334488,0.5456951223456021,-0.10044171079535119,0.6000307683935893,0.5449533854333046,-0.11425866850364061,0.5963745485601596,0.5619408546822593,0.4528301886792453
-0.009320928700231018,0.7156424938659566,0.6962514838738425,0.028160184470252536,0.26016720131515003,0.7435437093683912,0.02707536524741086,-0.1102752599071049,0.7565905441164557,-0.003977701167428561,-0.1157170102124625,0.5795530809436003,0.059965893740539476,-0.12794352365568448,0.6082902911040817,0.0024205717244532893,-0.19590576160880135,0.8520236459704906,-0.21202225753576473,0.6819283821530753,0.7366505102301739,-0.19653786548647142,0.2451809579569995,0.7566276133192344,-0.17535521223548206,-0.12874637173547454,0.7732366059071827,-0.14727037074481078,-0.12826117880680218,0.6123544094345947,-0.2075789457227354,-0.14294338431204243,0.6399638163182755,-0.15285604643358236,-0.18651338998691316,0.8058277153145876,-0.11290578423085063,1.2240275666229026,0.7470181040122172,-0.11718982903850633,1.4770509316392795,0.7176139967002755,-0.11997471648153202,1.3433539641499819,0.6453578881486366,0.02226598362415716,1.1350760502561563,0.7240800110270511,0.06591110618303767,0.8575263722718605,0.6978758299076665,-0.03418775144159064,0.7066995175348308,0.5466986199149254,-0.12885689626002356,0.6181143432156251,0.5472303078122986,-0.12801717268044568,0.5951548150837523,0.572656930381687,-0.09733510568581444,0.5618685231473088,0.5745351491319288,-0.2631868714644811,1.1424157672578237,0.7338370511863752,-0.2839648898601607,0.8834347748971096,0.6619147646968404,-0.16580622647194315,0.6953109207566481,0.5789079337246172,-0.1025914360451416,0.6201966187140537,0.5456830063794481,-0.10048434206032088,0.6000147537585749,0.5449544040412759,-0.11436431905230882,0.5963934317410788,0.5620543769330306,0.4716981132075472
-0.009201804234790334,0.7149743414617671,0.6973394523206304,0.028103093353459258,0.26030928524788544,0.7434044605362592,0.027071678262146227,-0.11043210220962224,0.7563443301079735,-0.004273533895621193,-0.11498467243165447,0.5784012499880749,0.05923613438608285,-0.1277558310365077,0.6079404995773692,0.002412216430239695,-0.1962525076069006,0.851912961125764,-0.2120169396838169,0.6814344404000555,0.7363285836515935,-0.196497730110109,0.2448895729643924,0.7565315841168879,-0.17558414426217403,-0.12894702120138624,0.7738520640165044,-0.14724769346566932,-0.12822359893616694,0.6122434231213624,-0.2075673066230804,-0.14295013191702433,0.6399815874751918,-0.15287415654110995,-0.18652131404217936,0.8058029580551639,-0.11291113597621985,1.2245764111182977,0.7472289831611192,-0.11717155381637695,1.477051067043425,0.7176155843274963,-0.11945172424032618,1.3435804635542206,0.647456413161887,0.0222656830621753,1.1350845811679982,0.7240699950552729,0.06553671828819038,0.856954020639509,0.6976511690371736,-0.034213691148047065,0.7066861467410739,0.5467252269866776,-0.12882255294002667,0.6168771954723682,0.5476152921411568,-0.12788511130366215,0.5941568087093895,0.5729915163327511,-0.09734725085404934,0.5623869977121172,0.5747884487306347,-0.26317818948260474,1.1424265288289002,0.7339195642825662,-0.28394345945236243,0.8842327333822774,0.6617603759089332,-0.16580043741770076,0.6952813287573198,0.5789524105963266,-0.10261472931146652,0.6201425955931913,0.5456599933995107,-0.10052640369287144,0.5999679868433297,0.5449329578657576,-0.1142610363267588,0.5965323670121244,0.5617359070699968,0.490566037735849
-0.009221187182804041,0.7144707604174826,0.6983002320044615,0.028043452365045823,0.26050853763205706,0.7433125423337194,0.026980992402221664,-0.11039865093704408,0.7558608551777694,-0.004351348903114361,-0.11481356333125771,0.5780788200293026,0.058787050836722594,-0.12765669806705388,0.6077842571353599,0.002399892937215963,-0.19646173172009967,0.8518258849850996,-0.21197922022426083,0.6808716727422325,0.7362037841354288,-0.19643080681429423,0.2446782957789624,0.7564532140688904,-0.17572742517822243,-0.1289501479800654,0.774107131522043,-0.14723058162033284,-0.12820278672132887,0.6121659038812685,-0.20756535765846937,-0.1429466890753216,0.6399930668827737,-0.1528909560837378,-0.18653716745441398,0.8057935746117452,-0.11289544834954188,1.2247499860371112,0.7473410076990559,-0.11715542268823798,1.4770475579931568,0.7176234443892768,-0.11902393665958472,1.343657244873668,0.6491312768917119,0.022265213374517034,1.1350906268524832,0.7240557524844617,0.06550337799606681,0.8566423968271086,0.6975097879916932,-0.03422849408158851,0.7066775214181396,0.5467600919064594,-0.12869006475645545,0.6158169353886848,0.547455877820573,-0.12777656786748778,0.5929989614458377,0.5735313733797659,-0.09730657072433917,0.5625590232203508,0.5749515715431852,-0.26316538120021815,1.1424020638813963,0.7339550437032503,-0.2835208037817642,0.8844699575064586,0.6617507680825476,-0.16579420186418203,0.6952664737756066,0.5789766584241788,-0.10264443867090847,0.6201062117783298,0.5456079879261791,-0.10056690559839832,0.5999293813971998,0.5448878526905359,-0.11410487609813161,0.5964675003462584,0.5614852432083143,0.5094339622641509
-0.00936356602483826,0.7140429498481037,0.6991252350598864,0.02805726652391688,0.26067073523527173,0.7432737579595812,0.026792711170392718,-0.11017770636781105,0.7551079272790172,-0.004306465406839729,-0.11499067792511203,0.5782547796053025,0.05865054629899229,-0.12764754083691793,0.6077860408621807,0.002396766161426768,-0.19655150887871417,0.8517626823350491,-0.21193660356584795,0.6802991561192168,0.7361794615196251,-0.1963647185514267,0.24448787183955906,0.756382750963996,-0.17583669852987327,-0.12881643430497597,0.77401507703164,-0.14721787860285854,-0.12819429133884214,0.6121283194841248,-0.20756793399628007,-0.14293814062737698,0.6400028362919016,-0.15290779878280475,-0.18658916773112344,0.8057950145022443,-0.1128798137349317,1.2246919443653326,0.7473587516962559,-0.11714267265686928,1.4770404495260614,0.7176405637818408,-0.11875830701620421,1.3436128420437246,0.6501112135511755,0.022265411983747818,1.1350954452647013,0.7240391746113981,0.06559200564362441,0.8565976613937649,0.6974586922515593,-0.034231479956252336,0.7066717174252037,0.5468019724437376,-0.12860631385138283,0.6152672844297962,0.5464173434183528,-0.12771766400818507,0.5918449543876719,0.5739890667865158,-0.09722786645812706,0.562249444135474,0.5749616933476847,-0.26317902318733244,1.1423465983540664,0.7338085088400788,-0.28273595973972804,0.8839021943178816,0.6619525841592149,-0.16579106386372522,0.6952600731161312,0.5789855641981901,-0.10266000630904253,0.6200734377685904,0.5455684305715857,-0.10059414384812985,0.5998982186690736,0.5448670998169204,-0.11399835564079475,0.5961797346837011,0.5614667485542697,0.5283018867924528
-0.009537620346184522,0.7135851045103219,0.6998156709741092,0.028134627137620813,0.26075186580523524,0.7432625482726654,0.02650855330509846,-0.10974003663151104,0.7540127097467738,-0.004270338568824949,-0.11519308105909207,0.5784511210542094,0.05871420728666692,-0.12767505230289966,0.6078198161169306,0.002406961682891316,-0.19660167979647072,0.8517150402628517,-0.21189937513460713,0.6797275818395336,0.7361560179084533,-0.19633131350897817,0.24429730702602961,0.7563170224468359,-0.17587961236047542,-0.12854232032520846,0.7735854838677841,-0.147207624700373,-0.12818852523068905,0.6121149034238164,-0.2075727556128651,-0.14293362042484603,0.6400146855919676,-0.15291567938533854,-0.18670994197413235,0.8058063123032287,-0.11287323127425816,1.2245717701691663,0.7473390906441912,-0.11713404005653005,1.4770313199002296,0.7176663191217856,-0.11868011758605812,1.3435499519785004,0.6503238866965988,0.022270032154095176,1.135099538639459,0.7240233790669879,0.06558441641816362,0.8566921750876088,0.6974734801829614,-0.03422712208681675,0.7066682533555992,0.5468478117268369,-0.12861046947566987,0.6153916389775329,0.5445828716636395,-0.1275801761780785,0.5909939789315383,0.573801125035163,-0.09707584731211896,0.5615422090675993,0.574849683046618,-0.2632495800101463,1.142324376841039,0.7334522691885043,-0.28171672800649,0.8825612145055354,0.6623514193220383,-0.16579148578882436,0.6952507388658831,0.5789966848069926,-0.10262663036347341,0.6199951063885984,0.5456627940148939,-0.10057833631245645,0.5998485973008627,0.5449817194135669,-0.11395166831847123,0.5958560286426612,0.5615551746598728,0.5471698113207547
-0.00963017913209624,0.713089812586561,0.7003761877902269,0.028217911974761492,0.2607371724408295,0.7433410249576973,0.02616598444790984,-0.10908398885856098,0.7526252990325148,-0.004296962791495529,-0.11526484377483642,0.5784627831184114,0.058798193766303325,-0.12768303551049606,0.6077831519041534,0.002412649161848767,-0.19660037187535423,0.8516947245932436,-0.21186232657682533,0.6791221418992277,0.7360998076651158,-0.19633886423119223,0.24411616727218205,0.756258456703707,-0.17575183732918984,-0.12806290825171926,0.7728296036784547,-0.14720261666600412,-0.1281765424786791,0.6121009621000655,-0.2075835279913965,-0.14293753815683194,0.6400238237609209,-0.1529062741896607,-0.18689166006152752,0.8058251724692655,-0.11287147971827313,1.2245259909766149,0.7473330045299535,-0.11712889152741635,1.4770231363729756,0.7176977545162782,-0.11871875588381459,1.343548897460117,0.6500655737807857,0.022281344765686772,1.1351032004730093,0.7240121047672667,0.06551607536663887,0.8567729687546363,0.6975264276815378,-0.03421999407506929,0.7066684560386144,0.5468900625225881,-0.12866003254890065,0.6161967770185605,0.5422408236736858,-0.1271654982305321,0.5907682508680804,0.5726236495690273,-0.09684874746664476,0.5606682718413784,0.5746826073884755,-0.2633507004970255,1.1424236608067244,0.7331437620512316,-0.28063739918724395,0.8807690707712681,0.6628484221987874,-0.1657947169317013,0.6952293031321336,0.5790321693190688,-0.10252519302993669,0.619839864740582,0.5459602307908753,-0.10050383813812841,0.5997707346652059,0.5452930928799781,-0.11394040789104885,0.5956315511297305,0.5616248573721202,0.5660377358490566
-0.009586783096809798,0.7126700632411882,0.7008183582758047,0.028299950811649113,0.2605889135310637,0.7437144264611922,0.025818316090209566,-0.10827813256939191,0.7511818609029062,-0.004357571932796893,-0.11524748823605484,0.5783738540619766,0.05881400220721641,-0.12767436203211255,0.6077137638244708,0.0023995837939483388,-0.19651219393188402,0.8517107187472222,-0.21182854165715392,0.6785152376561236,0.7360311552461136,-0.19637956959186967,0.2439607508926459,0.7562152389359444,-0.17540617877914638,-0.12735050069261827,0.7717482473495669,-0.1472098196263188,-0.12815708589107705,0.6120779678528369,-0.2076046571190654,-0.14294932895935147,0.6400272010300769,-0.1528849808950536,-0.18705750334592802,0.8058394973746795,-0.11287080282381495,1.2245971175436332,0.7473542354125662,-0.11712560687617773,1.4770182519576076,0.7177311968245057,-0.11875203926951444,1.3435747803212026,0.6497911846591469,0.022285908376508734,1.1351068064308898,0.7240059155740954,0.06565482444567114,0.85681293007853,0.6976166328425715,-0.03421366943263743,0.7066700800827349,0.5469254873293885,-0.12875269704948453,0.61745662156835,0.5396875833457098,-0.1265179082991839,0.5913201204917197,0.570581168796175,-0.09658301562199867,0.5598195010339966,0.5745013474197216,-0.26338044061984595,1.1426545126531882,0.7333636916929656,-0.27967989576572855,0.878949966192704,0.6633268154399685,-0.1658011022456829,0.6951940077196761,0.5790958893375928,-0.10242741847752862,0.6196930137471794,0.5462329399639296,-0.10042987053953165,0.5997149692944899,0.5455771657031075,-0.11394841341310008,0.5955363487684113,0.5616442972748142,0.5849056603773585
-0.009427529260945117,0.7124491478622604,0.7011402163091122,0.028437623231994433,0.26023645839558496,0.7445733149869382,0.025501448788365216,-0.10742984498202934,0.7499168957007697,-0.004408246917312843,-0.11521714633411458,0.578304401786537,0.05878905532674117,-0.1276878682207453,0.6077064130578228,0.0023761156693257422,-0.19638957423467282,0.8517415243614256,-0.21180746382606613,0.6780197842395164,0.7359823924628157,-0.19644979976920995,0.24383601059580826,0.7561949651581061,-0.17489640224081465,-0.12644903791580778,0.7703376610418684,-0.1472325976548465,-0.12814014905489238,0.6120616330603194,-0.2076372301555673,-0.14296002997982615,0.6400189324590709,-0.1528699761921521,-0.18710170667145123,0.8058324695022611,-0.11287110441157075,1.2246930065750414,0.7473799929049709,-0.11712289538045773,1.477017576587223,0.7177636194587853,-0.11872874586889565,1.3435554598726211,0.6497058359838949,0.022243916430996935,1.1351095601051546,0.7239967354307516,0.06618527111985636,0.8568757072969146,0.6977569016422915,-0.034212246846169664,0.706665429427827,0.546960875370732,-0.1290115586434108,0.6187542260481583,0.5372080690885439,-0.12598013040403483,0.5925552094362224,0.5680190309190926,-0.09633124293912018,0.5590905109162361,0.5743197518884553,-0.26325006397884454,1.1429459225814602,0.7344218461876899,-0.2790029894108535,0.8774984927947587,0.6636951484517297,-0.16581117194382156,0.6951482619133971,0.5791746432753001,-0.10248481784716844,0.6197368038137229,0.5460028237645964,-0.10048171904316393,0.5997708692517175,0.5453567335411069,-0.11397437418315162,0.5955693679427387,0.561615760017019,0.6037735849056604
-0.009194772818146763,0.7124620169803764,0.7013046053993445,0.02868593504979282,0.25964820028713403,0.7459066086018977,0.025229683975593883,-0.10663185265534732,0.7489051532120273,-0.00442720218687144,-0.115206807882821,0.5783021688589725,0.05877031961965101,-0.12774143351068865,0.6077777498045696,0.0023559363778525074,-0.19630956648379025,0.8517572160335272,-0.21179801729602274,0.6777324112471627,0.7359680093963268,-0.19655238763388244,0.24373214283249572,0.7561980368164922,-0.17430746826628063,-0.12543214046023704,0.7686736987016588,-0.14725862037471135,-0.12816307550137954,0.6121089659299821,-0.20767543393916066,-0.14296136086964228,0.6399917615625506,-0.15287935170781072,-0.1869518618780046,0.805796400182774,-0.11286973784110241,1.2246539402157288,0.7473758770107894,-0.11712053889819879,1.4770224029316987,0.7177907731047841,-0.11871121155968456,1.3435236337170835,0.6497241540221397,0.022129756847082682,1.1351100914910788,0.7239766235616418,0.06698135111609413,0.8569696129942468,0.6979375409154033,-0.034218210824484396,0.706648525602174,0.5470030613290594,-0.12955382402616397,0.619724066642955,0.5351325690538702,-0.1258566082625973,0.5942201647395937,0.5652655403690446,-0.09615995637299679,0.5585415830810122,0.5741547453084416,-0.26295532369121033,1.1432295151446223,0.7362421061306121,-0.27872573664699263,0.876709097489462,0.6638890263097341,-0.16582346775379203,0.6950968961345141,0.5792543999349471,-0.10280007272189996,0.6200885719277667,0.5449533807154976,-0.10074127674738105,0.5999806495960138,0.5443073656024959,-0.11402552370796547,0.5957336219999283,0.5615388661560884,0.6226415094339622
-0.008919318402862475,0.7126916306274541,0.7012692665457011,0.029050354271652007,0.2588876496343333,0.7475279603855969,0.02500535342380771,-0.10592068360595093,0.7481231928764693,-0.004415453746052823,-0.1152224794771843,0.5783681477867926,0.05875876947291737,-0.12783031902619138,0.6078937453692433,0.002344078616658516,-0.19628198780271164,0.8517499275882565,-0.21179350949882297,0.677667115282969,0.7359844382796322,-0.19667916323694107,0.24363773545103254,0.7562194459978206,-0.1737034055449763,-0.12437906766435974,0.7669757158722906,-0.14725382086018046,-0.1283064841614093,0.6123403289890246,-0.20769853253061568,-0.14298967976588092,0.6399859063310427,-0.15291315785530135,-0.1866147604538884,0.8057355524948248,-0.11286183218277801,1.2243867858579287,0.7473245490833602,-0.11711858637844297,1.4770360099256035,0.7178028552635404,-0.11878093823582092,1.3436052759533932,0.6497359844622218,0.022019692481082986,1.1351096078129637,0.7239612565243082,0.06774227152185955,0.8570561267464256,0.6981174679141606,-0.034229446578100814,0.7066208788114599,0.5470485091918849,-0.1303209577408101,0.6201625471048732,0.5337980973113233,-0.12620347046334263,0.5960477367338708,0.5626444206748809,-0.09614677176062067,0.5582325369845874,0.5740305924170065,-0.26255128504297853,1.1434933689096352,0.7385199204329007,-0.2788602054490105,0.87668982465955,0.6638786626803291,-0.1658369387822628,0.6950478643842672,0.5793223208869613,-0.10335436398671405,0.6207149574758903,0.5431537573654504,-0.10118116884822141,0.6002648326505456,0.542482481067972,-0.11410235592500166,0.5960112680460067,0.5614199427845166,0.6415094339622641
-0.008618974898765314,0.7130889994716282,0.7010762406237787,0.029485873734288612,0.25806797862647846,0.7492285142000866,0.024823637081824702,-0.10527005722302514,0.7475551948857219,-0.0043851771392354,-0.11525923327388345,0.5784818771141118,0.05870371410384352,-0.1279423886328312,0.6080285180741017,0.0023423201507813984,-0.19625178879483993,0.8517326833069523,-0.21179668748959182,0.6777869387263382,0.7360256078487983,-0.19680697327121105,0.2435544597185148,0.7562523827897024,-0.17312256005238427,-0.12336967578437949,0.7654632057419055,-0.1471944789592749,-0.12861125821498895,0.6128153366260586,-0.20766883338128284,-0.1431587679933268,0.6401403006458509,-0.15295058276803628,-0.18617655602755828,0.8056609652972953,-0.1128449149036499,1.2239158025233052,0.7472288532160185,-0.11711623842606661,1.4770612603653124,0.7177887402465597,-0.11889675176760872,1.3438917961264476,0.6497553613699036,0.02208245620723881,1.1351119850922886,0.7239897625205225,0.06830347222212524,0.8571731345401168,0.6982585486849573,-0.03424058905322325,0.7065891870515925,0.5470874974655406,-0.13118650220736477,0.6200286695690858,0.533307631563839,-0.1269362916513807,0.5978062768490476,0.5605317042353773,-0.09633090677981684,0.5581748061171454,0.5739633775331103,-0.2621062198408363,1.143782742159801,0.740918287038229,-0.2792504462467516,0.8773260397085144,0.6636934206571345,-0.1658553058083162,0.6950119715248254,0.5793663862106375,-0.1040580706097636,0.6215007115689418,0.5408998778401836,-0.10171513478023075,0.6004520275865762,0.5401540153031751,-0.11418072612964837,0.5963134931574797,0.5612871744428436,0.660377358490566
-0.008288476212888696,0.7135113856429774,0.700893234065431,0.029938262618978057,0.2572698542425491,0.7508822174605525,0.024680814379757318,-0.10465784415120616,0.7472003706804837,-0.004348485939841553,-0.11530232746291671,0.5786110004935653,0.058567046738709994,-0.1280515356124505,0.6081500110240226,0.0023540786454431593,-0.1961560592364786,0.8517198750382744,-0.21181140349104857,0.678068264538368,0.7360928367317683,-0.19691647353048014,0.2434876352661896,0.7562873836430486,-0.17259281409223093,-0.12246378038967018,0.7641692509174223,-0.14713032598208292,-0.12890148870718687,0.6132645684487943,-0.20757370854809007,-0.1435062435528698,0.6405443983940177,-0.15297224301071058,-0.18573524102427438,0.8055849305792594,-0.11281882898510298,1.2233175195478525,0.7470965750789984,-0.11711224772344864,1.4770975578580896,0.7177440246167048,-0.11888400098540736,1.344384422252727,0.6498732411058444,0.02243441405050184,1.1351190190709342,0.7240905969704323,0.06866195740064371,0.857389622182535,0.6983462545219218,-0.03424693811432253,0.7065597252508654,0.5471151091503565,-0.13211074622572158,0.6195229382570862,0.5333473023742998,-0.12797042845798598,0.5992811614532112,0.559279403503806,-0.09661896468114325,0.5582732319035199,0.5739600368637677,-0.26167942308299486,1.1441099206633185,0.7431215748372919,-0.27963558005366496,0.8783363261644024,0.663440497430116,-0.16588443374604162,0.694997081528913,0.5793821690051718,-0.10481263399143471,0.6223311405095161,0.5385211569304867,-0.10227556093526256,0.6004745825471808,0.5376528950939867,-0.11422116020030984,0.5964983945673259,0.5611809203543013,0.6792452830188679
-0.007913115734577925,0.7137951479801676,0.7008691447671755,0.03036007886657846,0.25655276810895855,0.7523784901300746,0.024581504891526565,-0.10412198906185326,0.7470442249061315,-0.004312078583989999,-0.11533298259269227,0.5787255884001566,0.0584391119108136,-0.1281310888729684,0.6082437080623643,0.002377922729555158,-0.19598924920292762,0.8517152219088469,-0.21182739656212035,0.6784937785054704,0.7361885176831189,-0.1970033802753563,0.24343706393938866,0.7563160386322684,-0.17212598887802566,-0.12167361662615443,0.763004192969267,-0.1471766102333559,-0.12881015095242587,0.6131294730008595,-0.2074916571922042,-0.1437257847685137,0.6409113281658744,-0.15297694855228444,-0.1853413183265058,0.8055155540340863,-0.11278488897138125,1.2226502094833298,0.7469342304905044,-0.11710594293359872,1.4771397730979603,0.7176733203411586,-0.11859647507314786,1.3450289907104442,0.6501544430898316,0.02305486525266115,1.1351274932017037,0.7242610967526191,0.06875945328216887,0.8576558651974673,0.6983709547567637,-0.03424694447213686,0.7065346383162618,0.5471344952925907,-0.13303573220763626,0.6190389957739285,0.533442409990879,-0.12921723788132222,0.6003268326260517,0.5589688855087551,-0.0967938322518848,0.5583736118376694,0.5740267453635627,-0.2613143830900205,1.144306382054801,0.7448260935351945,-0.27976489375013314,0.8793784719610434,0.6632726959049915,-0.16592430375247014,0.6950014870762875,0.5793758706650891,-0.10552253721367777,0.6231036508983379,0.5363272127564584,-0.10282847387423617,0.6004985198107173,0.5353481195946139,-0.11421299997913126,0.5965076786223973,0.561118966550183,0.6981132075471698
-0.007515512718508116,0.7139287609974314,0.7009478082031534,0.030691518278704297,0.2560070753685654,0.7535159484975684,0.024534075724181318,-0.1037235105315636,0.7470659139421115,-0.004279102450344431,-0.1153425763418288,0.5788127234474095,0.05852609436892135,-0.1281799410027142,0.608347130915014,0.002403415709213746,-0.1958203825392504,0.8517134075721249,-0.2118283699039347,0.6790142817020848,0.7363059275574115,-0.19707264865675883,0.24341342777061786,0.7563397747519348,-0.1717120994514888,-0.12098029151628642,0.7619211399533375,-0.14741411818137068,-0.12808424841403515,0.6120260963874947,-0.2075562211449803,-0.1433184108388324,0.6406330472212419,-0.15297387657290507,-0.18500344354520362,0.8054547209309215,-0.11274772319381224,1.2219715445346688,0.7467565928391005,-0.11709747062205145,1.4771787050753116,0.7175907898967469,-0.11803130407866347,1.3457471640055994,0.6505922368384783,0.023841485503760307,1.135132024751612,0.7244791268294283,0.06847346688867689,0.8578404768835217,0.6983221989352375,-0.034241517859343595,0.7065142356900544,0.547148819810542,-0.13376424095414768,0.6189103672920815,0.5333956531566868,-0.1304649743301794,0.6009410437425048,0.5592257205588417,-0.09668051592689822,0.5583848396833714,0.5741651577161331,-0.2610480224814149,1.1440853066844028,0.7457873861637982,-0.27948630388506224,0.8801587269464429,0.6632978984852645,-0.165965567516085,0.6950051090483277,0.5793632782576954,-0.10608597136777836,0.6237081665589821,0.5346211249944431,-0.10332602236230785,0.6007261389347404,0.5336098757175862,-0.11418809711970716,0.5964289064184827,0.5610843892490814,0.7169811320754716
-0.007156311753246769,0.7140410564189102,0.7009429178179396,0.030896392478029916,0.25568949745554564,0.7541596002573485,0.0245430651087953,-0.1034940621372404,0.7472561750562887,-0.0042539551228010725,-0.11533670871025958,0.5788704962967822,0.05896638656272214,-0.12821430057863115,0.6084975808269898,0.0024201143682885434,-0.1957409001618163,0.8517051446142685,-0.21180831876501205,0.679571740059697,0.7364293438011759,-0.19712966856523412,0.24343982674851686,0.7563672564535152,-0.1713427707387148,-0.1203766378060962,0.7609424713697328,-0.14783395814185282,-0.12676419480887058,0.6100165282325952,-0.20783204068823746,-0.14210904217067072,0.6393298569350027,-0.15297040976679488,-0.18471783521138332,0.8053995272143185,-0.11271446578823613,1.2214207461672077,0.7466022879700634,-0.11708769332176472,1.477205017767324,0.7175155330820413,-0.11728373120378166,1.3464448418061945,0.6511289835499756,0.024681852866769327,1.1351301585167095,0.7247171881027505,0.06781978576464656,0.857873618845341,0.6982071880905815,-0.0342312611128304,0.706501691556577,0.547152819802294,-0.13406845737115017,0.6192457884779392,0.5333074337394765,-0.1313454672582578,0.6012199408759868,0.5595057168350417,-0.09625954411459771,0.558319596599164,0.5743625879394993,-0.2609006953177379,1.1433237473973616,0.7459943556627778,-0.27883061297054557,0.8805365689261888,0.6634946789850733,-0.16599113523107017,0.6949632986613723,0.5793674032000994,-0.10641021962688768,0.6240436800380896,0.5336615333937698,-0.10368601723159972,0.601144310430307,0.5327022250454526,-0.11417917066453215,0.5963652794892002,0.5610568479846978,0.7358490566037735
-0.0068631642267770465,0.7142399571170841,0.7007917288947468,0.031003307336739006,0.2555493500661453,0.7544136578254204,0.024608150038219458,-0.10343496972992147,0.7476148091960139,-0.004238183960453536,-0.11532207843410928,0.5788999673560273,0.05972955166341021,-0.1282456774250552,0.6086961655495112,0.0024246854967800704,-0.19582677207259586,0.8516790071822734,-0.21178781338225852,0.6801398369293914,0.7365411108440055,-0.1971762140545596,0.24353016726073784,0.7564042832085153,-0.17102315501485144,-0.11987702351028973,0.7601091218147423,-0.14837412681140602,-0.12507187335403777,0.607437909153882,-0.2082925558899324,-0.14035918594680272,0.6371334818484098,-0.15296921988408593,-0.1844849905731588,0.8053483974770015,-0.11269142293929249,1.2212062045259777,0.7465267509800444,-0.11707818460026553,1.4772129734577488,0.7174645011961804,-0.11646219947663594,1.3470203657944322,0.6516899469046162,0.025469208085326323,1.1351238513840012,0.7249449168209168,0.06704240015021093,0.8577826655268671,0.698059628305446,-0.03421580328808063,0.7064981175837144,0.547140495835378,-0.13384867837149472,0.6199928819409208,0.5332861214370233,-0.13161273666139872,0.6012590560329932,0.5596151616905132,-0.09562015457088262,0.558236405138929,0.5745924415479035,-0.2608299908374384,1.1421389623755516,0.7457881383431388,-0.27798910191911,0.880580349814936,0.6636982341580573,-0.16598779143306722,0.6948485446540903,0.5793999183020941,-0.10647844058153759,0.6240933622486302,0.5334853842758894,-0.10385849812908393,0.6015820444478278,0.5326156177530419,-0.11419083472370448,0.5963377131336388,0.5610328191155629,0.7547169811320755
-0.00659350269759143,0.7145450462959266,0.7006205002064969,0.031062899805014935,0.2554993283952283,0.7544680810003743,0.02472663484428478,-0.10353739658551668,0.7481422184968043,-0.004222461212729928,-0.11529461371626182,0.5789126870528252,0.06069376273309092,-0.12827609473286064,0.6089467630134527,0.002414190233993316,-0.19611606502137896,0.8516317502199677,-0.21181197077844552,0.6807295096295618,0.7366266643498047,-0.1972118361355193,0.24368346444565162,0.756452333815596,-0.17076517191692042,-0.11950698345009898,0.7594564044508587,-0.14896134965980778,-0.12326210133650484,0.6046756547760204,-0.20889845126207945,-0.1384478588875338,0.6344369863876824,-0.1529687944528309,-0.18431111963254765,0.8053084442204238,-0.11268205010698026,1.2214368299719431,0.7465603294616824,-0.11707104638385424,1.4772010327815615,0.7174498464928252,-0.1156534553432842,1.3473923021980843,0.6522056289031474,0.026091579081833793,1.1351155777809518,0.7251293161318189,0.06644972273458233,0.857634414059526,0.6979235328089628,-0.03419604302133941,0.7064950150922569,0.5471226514102375,-0.13318013446151977,0.6210547597636811,0.5333226601865915,-0.13147583054276157,0.6011496176736839,0.5597692973136198,-0.09488349145920846,0.5581798965351228,0.5748228205814458,-0.2607472627514078,1.1407129305951373,0.7456144760973182,-0.2771569713851522,0.8804937385768506,0.6637546561293323,-0.1659743908549552,0.6947364813179571,0.5794353534787157,-0.10639961198793436,0.6239767772353364,0.5337717951543721,-0.10389672983760967,0.6019307181578912,0.5329818383945439,-0.11421121684143176,0.5963276451690787,0.5610118248809565,0.7735849056603774
-0.006302526041285728,0.7149173681458423,0.7005875015938388,0.03109416133699447,0.2555074319478929,0.7543941477856638,0.02489606809099789,-0.10379619306026999,0.7488400863208208,-0.004195029060559793,-0.11524650061300892,0.5789235438922778,0.06172901881874242,-0.1282987535064409,0.6092491441628646,0.0023799335038869273,-0.19654510345292356,0.8515849685478539,-0.2119010436092412,0.6813888802811012,0.7366839551190587,-0.19723562198880773,0.24389238656930204,0.7565113877878613,-0.17058442853783398,-0.1193000584614888,0.7590206394409779,-0.14951729668237193,-0.12158304014250604,0.6021040034726515,-0.20959227777510941,-0.1366529224486175,0.6315965075382648,-0.1529659219751373,-0.18420080379545242,0.8052917650590842,-0.11268516543527854,1.222008810006132,0.7466795732921677,-0.1170680949060201,1.477172409452865,0.7174759069205149,-0.11493605366801651,1.34755537123229,0.652619840387028,0.026446136880603988,1.1351055431674406,0.7252414661677485,0.06615156522136578,0.8574513601689518,0.6978248028424403,-0.034174326171169805,0.7064889592120396,0.547125126702494,-0.1322882242854735,0.6223001480236638,0.5333651447748978,-0.13140821134810618,0.6010216130594993,0.560127687880593,-0.0941745400533078,0.5581537044748452,0.5750213235359858,-0.2606101785893752,1.1392070066474147,0.7456451505775155,-0.2764134402310406,0.8804101990100826,0.6638154246690221,-0.16600336748351646,0.6947949033156791,0.5794222269524447,-0.10632574650586107,0.6238641559087256,0.5340665537260997,-0.10390630373066545,0.6021922490808753,0.5333298286345532,-0.11423039409252415,0.5963264774016988,0.5609880749511438,0.7924528301886793
-0.005993080682330926,0.715287914933613,0.7007756596895158,0.031087119542393724,0.2555935682844086,0.7541479575059213,0.02511752017011226,-0.1042180992843479,0.749720165312083,-0.004157167415907891,-0.11518066771921842,0.5789298448600394,0.06270322017487391,-0.12830466708006058,0.6095548415853101,0.002319031650174248,-0.19696371271519184,0.8515707171574413,-0.2120132623944279,0.682167932557061,0.7367363933810953,-0.1972452981914695,0.2441473018210546,0.7565797216658019,-0.17050086668182568,-0.11928839075487817,0.7588511013929298,-0.14995434957967108,-0.120281495679733,0.600099489545274,-0.21020304088268618,-0.13509204725452306,0.6288563378639076,-0.15296040228220173,-0.18415435082461976,0.8053049077440506,-0.112695264667283,1.2227125594019372,0.7468328958425103,-0.1170701991524084,1.4771356555607522,0.7175348358815087,-0.11442622183405815,1.3476001284353967,0.6528805498524182,0.026510001460755328,1.1350950537181796,0.7252731640840038,0.0660051981256517,0.8571806385486225,0.6977575724403215,-0.03415181249760571,0.7065076359464593,0.5471661587041775,-0.13145450941569886,0.6235372986572688,0.5333807800331833,-0.13157455119753342,0.6010546075076925,0.5603135195484569,-0.09360467401394611,0.5581145066775622,0.5751566941442596,-0.26044913171638195,1.137797991464215,0.7457807837487487,-0.2757529550326662,0.8802709821706072,0.6643302721283653,-0.16610638898058694,0.695142808405275,0.5793244366344612,-0.10630835652000027,0.6238461842204323,0.5341292890984027,-0.10393076143681557,0.6023537394370188,0.5334538683605914,-0.11424646633314424,0.5963469358232921,0.5609613714485464,0.8113207547169812
-0.005677583514108742,0.7155993642994473,0.701206123485497,0.03103215818198192,0.25577847503568196,0.7536780122928487,0.025397054293723593,-0.10482000992297771,0.7508069657691168,-0.004119964934454455,-0.11511267215286594,0.5789199500834944,0.06347036267574992,-0.12829862105010076,0.6097932600920825,0.0022479154385391556,-0.19725906474666494,0.851597320888985,-0.21206860471954567,0.6830394717581145,0.736819225817039,-0.19723780398524682,0.2444408388613232,0.7566546866750911,-0.17053088403704197,-0.11945948929562848,0.7589863679633057,-0.15020073304076037,-0.11954065949475584,0.5989495519799837,-0.2104754293327322,-0.1337971419674165,0.6265049731870401,-0.1529553967908557,-0.1841742574733389,0.8053459455580613,-0.11270681815166964,1.2233986280736213,0.7469841195233254,-0.11707770527729866,1.4771022560879747,0.7176073380800833,-0.1142809577231298,1.3476290240122313,0.6529529069805894,0.02639633686013526,1.135089519798079,0.725249827011822,0.06585552486207663,0.8568177751753603,0.697706098090608,-0.03412960539561202,0.7065826697482762,0.5472342074104748,-0.13087364212944977,0.6245358094392601,0.5333513066129002,-0.13161815055624737,0.6013960799795479,0.5595909311663166,-0.09323977926292866,0.5580156400622786,0.5752156811318758,-0.26031308457395913,1.1366929128575947,0.7458993402557335,-0.2751977075347258,0.8799518037437145,0.6656090308556296,-0.16624493356292971,0.6957629781755992,0.5791436447616508,-0.1062797326290077,0.6239418523911512,0.5339219415023049,-0.10393751062270098,0.6023038863913974,0.5334082425977354,-0.11426280620165244,0.5964235059099707,0.5609461226619812,0.8301886792452831
-0.005373043272295902,0.7158268973656896,0.7018608672378781,0.030947346676634263,0.2560338876651498,0.7530393613507496,0.025736917011108935,-0.10560480814322379,0.7521062076229935,-0.0040916417600691726,-0.11506024956030747,0.5789030962009247,0.06390346799648425,-0.12830056318308622,0.6099300523447424,0.002191237239317227,-0.1974094532925363,0.8516534532734645,-0.21199645793407987,0.6838941872720447,0.7369460113641377,-0.19721526017121183,0.24477316169399438,0.7567333131195354,-0.17065807918805628,-0.1197001606888439,0.75936535652224,-0.15026585351070587,-0.11930907554799589,0.5985836157452559,-0.21026433441573497,-0.13297706582737892,0.6250953686184835,-0.1529525929800829,-0.18426621455607756,0.8054088733174379,-0.11271711961614123,1.2239975761122495,0.7471186314208553,-0.11709076846432259,1.477081293938469,0.7176715049368014,-0.11454570016717425,1.3476747047908468,0.6529068825004029,0.026272922416522293,1.13509425733133,0.72521318935551,0.0657313170039738,0.8565414026973095,0.6976860133042954,-0.03411470102464789,0.7066635796501812,0.5472838260705535,-0.13058382445505182,0.6250668093241362,0.5332962497786886,-0.13100930160018798,0.6019097288417752,0.5577938037501472,-0.09308113506260596,0.5578996564630242,0.5752291630233526,-0.26023236735130684,1.1360799201227576,0.7459575497919589,-0.27479910365787263,0.8794138542365861,0.6675784045675635,-0.16632079298521052,0.6965453865730924,0.5789109651873212,-0.10617524179421228,0.624138322486391,0.5335017528877367,-0.10389301672771424,0.6019180176409281,0.5332876628663028,-0.11428076588699948,0.5965709136451343,0.5609597080209273,0.8490566037735849
-0.00511579814903948,0.7159669816620514,0.7026767652619151,0.030876987582915433,0.2562796489068939,0.7524305693771809,0.0261128492974847,-0.1065136067657606,0.7535231819745271,-0.004074474444467126,-0.11503040472577594,0.5789114809838968,0.0639965085410451,-0.1283215261913873,0.6099903100180182,0.0021588534230369276,-0.19746069032051308,0.851731957142069,-0.21179376731891333,0.6846518243352452,0.7371041114460267,-0.19719389878682536,0.24514551523502232,0.7568059521235322,-0.17082052238712606,-0.11983576240906048,0.7597743707592464,-0.15025059929275664,-0.11928037850749712,0.5985335171265515,-0.2096539687323506,-0.13297585192193767,0.6251987891722973,-0.15294878820650998,-0.18442922793835992,0.8054901651084488,-0.11272497299515438,1.2244601171054226,0.7472237358064451,-0.11710839181197341,1.4770763075577622,0.7177104831801413,-0.11501677298913021,1.34774207696136,0.6529024350837745,0.026228978514348078,1.1351085196224053,0.7251902002066652,0.06570662519048912,0.8565716146806025,0.6977377136581216,-0.03411908477184364,0.7066098705004155,0.5472673555896466,-0.1305024875460527,0.6249954771771526,0.5332907752403546,-0.12954940977227858,0.6020809028025602,0.5558176197429263,-0.09309775194514511,0.5579053793550182,0.5752579278727552,-0.2602103998127762,1.1359929359051832,0.7459568985303995,-0.27451086084632426,0.8787035678940496,0.6699752952719392,-0.1662830568531505,0.6973733386532285,0.5786554952050396,-0.10606792094225742,0.6243188610194723,0.5331715469438637,-0.10381660603238642,0.6012794581923516,0.5331710034395161,-0.11429208646864351,0.5967081522826813,0.5609955534234512,0.8679245283018868
-0.004924558122162526,0.7160689113194879,0.7035317502755014,0.030837765969627257,0.25646708733307655,0.7520481446218201,0.02646561221517559,-0.1074153214339825,0.7548285433552813,-0.0040678310006047515,-0.11501356464462574,0.5789650650323757,0.06393107920808071,-0.12833235616446706,0.6100283503076609,0.002141091772842938,-0.19749726392313174,0.8518278300661669,-0.2115468264443192,0.6853187905855758,0.7372737732686822,-0.19719797018554447,0.24553895144895072,0.7568538633519017,-0.1709643616583231,-0.11978810771883278,0.7599942377659819,-0.1502144884241091,-0.11928901756878957,0.5985446522977855,-0.20887668399784615,-0.13381056471621317,0.6268063883449909,-0.15293749765420606,-0.18465110034369558,0.8055911676167038,-0.11273075291414286,1.2247701579700228,0.7472863007754853,-0.11712711364319883,1.4770853186843362,0.7177171860352172,-0.11543483554693557,1.3478639132539538,0.6528959262898861,0.026277954141411375,1.1351259177663013,0.7251905479905857,0.06572761192539622,0.8569381942962778,0.6978709553975335,-0.03414858646033955,0.7063135479869378,0.5471716866458131,-0.1304849289068366,0.6243977543773016,0.5333967389236021,-0.12756267044417038,0.6013949832372487,0.5548748229027484,-0.09328670671407543,0.5581475346425233,0.5753376328197557,-0.2602248195100436,1.1362112708760266,0.7459122495101913,-0.2741825354101387,0.87791709697754,0.6725328055472899,-0.1662859516565989,0.6981800364735834,0.5783746741452286,-0.1061492645088941,0.6242652834309677,0.533446410839688,-0.10376547926708665,0.6007341896587887,0.5331405813599157,-0.11428255303044121,0.5966747100852816,0.561019118203791,0.8867924528301887
-0.004803357790562096,0.7162213742800795,0.7043052623376306,0.030793832438920726,0.2566172012636297,0.7519124185448611,0.026740697091762907,-0.1082034213485983,0.7558020162200431,-0.004071265509255622,-0.11499283415166006,0.57904727136582,0.06392316972655956,-0.12827428898926363,0.6100591914698713,0.002122628531363603,-0.19759013542085446,0.8519278117704437,-0.21135595207118218,0.6858862013502547,0.7374398318093989,-0.1972270841417326,0.24590649495601571,0.7568676399534715,-0.17108525662743032,-0.11964925279760441,0.7600002349651838,-0.15007215731008303,-0.11961477570140974,0.5990501601017034,-0.20813096671140138,-0.13519910856699519,0.6294017030871167,-0.15291368264185773,-0.18491503285364858,0.8057105170036629,-0.11274116628706196,1.2249985852749632,0.747304092418468,-0.1171418537775667,1.4771033429438756,0.7176941252060189,-0.11579545937556979,1.3480471394759137,0.6524896974264462,0.026406822841646693,1.1351400198753836,0.7252143257072958,0.06570724563656477,0.8575251214776369,0.6980509617414986,-0.034197594574107815,0.705784682292116,0.5470117930012688,-0.13040329170071557,0.6235029014464964,0.5336084087736483,-0.12561035250209673,0.5997301360334203,0.5555310281665311,-0.093686931827926,0.5586396584862761,0.5754536663311155,-0.26024669447108173,1.136417754745575,0.7458443961865073,-0.27374783960721183,0.8771773228071318,0.6749579660239206,-0.16662794706960682,0.6989219684658812,0.578049490087655,-0.10655305389613166,0.6238335135993266,0.5346389945691885,-0.10377675189300409,0.6006007651651294,0.5332285575415989,-0.11424545496767748,0.5963648521725133,0.5609958654421876,0.9056603773584906
-0.004787172081613972,0.7164386387767291,0.7050322724420581,0.030732340393949995,0.2567109581322947,0.7519055314801295,0.026929341522991396,-0.10888198630806528,0.7563965434793963,-0.004083225393143023,-0.11496693489767146,0.5791310301851922,0.06396895917141918,-0.12812475808454243,0.6100414669529649,0.002094507233192573,-0.1977833268002479,0.852007550665243,-0.2112469491438193,0.6862813543213546,0.7376112635372234,-0.1972387897966118,0.24621285768791001,0.7568634470820593,-0.1711918675183902,-0.11956152122887247,0.7599233439571764,-0.1497216492250372,-0.12058572383667125,0.6005581474609717,-0.2075024501542337,-0.13697178872953863,0.6325033446867235,-0.15287784046416855,-0.18520864716264146,0.8058371572751795,-0.11276635207747712,1.2252160686540527,0.7472826952997966,-0.11715005916625304,1.4771259897540725,0.7176390706972531,-0.116309234486355,1.348208008270872,0.6512844808157707,0.026526784452088892,1.135148263465074,0.7252385652048889,0.0656393090960452,0.8582261844723191,0.6982387299006171,-0.03425582442457878,0.7051095552492185,0.5468087847721306,-0.13022950873098996,0.6225005316700037,0.5338806109891626,-0.12411536495711625,0.5973152191985377,0.5576345792760852,-0.094340973382799,0.5593066110132024,0.5755614639035396,-0.260257908962327,1.1364659962039851,0.7457996598169515,-0.27331831027927944,0.8765998654183994,0.6768878217965235,-0.1674357147884734,0.6995102879355022,0.5776814432374183,-0.10725627985794073,0.6230549325681712,0.5366447336527284,-0.10384478909680298,0.6009207821996381,0.5333831260416432,-0.11418691108005087,0.595803779392969,0.5609109449776741,0.9245283018867924
-0.0049147517936108664,0.7166421405785305,0.7058619977024543,0.030701506640958096,0.25666056140059945,0.7519270060189391,0.027046337754847664,-0.10948828470783388,0.75668212049304,-0.004091886028962177,-0.11496343603407425,0.5792142545365156,0.06385969719051554,-0.12792585804805284,0.6099328366894436,0.0020578009028802994,-0.19813181065933608,0.8520369410337469,-0.21116382844776072,0.6864877121264654,0.7378296468925643,-0.19718595925279941,0.24647672666784928,0.7568707018752429,-0.17127742570327942,-0.119592139396216,0.7598756566342407,-0.14923298187964176,-0.12200214717360391,0.6027615292923943,-0.20707957001095162,-0.13893122992940088,0.6355889815790241,-0.1528374533069351,-0.18553237434332795,0.8059561322640219,-0.11280190315068711,1.225274797457668,0.7472243748603824,-0.11715519610867953,1.4771465325325612,0.7175447182957679,-0.11711440349190633,1.3481891503031591,0.6492445566453341,0.02646947826722512,1.1351503997789671,0.7252197842228834,0.06555921729537947,0.8589648917964073,0.698416978393682,-0.034314729457139564,0.7043807729166263,0.5465897218993756,-0.13002227278388842,0.6214884448909248,0.5341616023690114,-0.12330269035657834,0.5944982143487205,0.5608088713725288,-0.09523441659985703,0.5600105598642425,0.5756208417151697,-0.2602399710039613,1.1363920613129013,0.7458820912393083,-0.27304552017446004,0.876270318210304,0.6779844460604674,-0.16854807409062217,0.6998644841301214,0.5772881900529108,-0.1081433339334838,0.6220603958623617,0.5391294127034529,-0.10395000522728932,0.6015530649174384,0.5335339859312052,-0.11411901604004329,0.595092933347978,0.5607690780312606,0.9433962264150944
-0.005144768602151323,0.7167633696286736,0.7067868231340271,0.030732301520242505,0.2564548341878225,0.751961599725102,0.0270934190115942,-0.10998810933768637,0.7566980858627952,-0.004074987960397904,-0.11501240831545506,0.5792975915267251,0.06342592301665008,-0.12774827238101377,0.6097299594246984,0.0020198770785192863,-0.19865485018376486,0.8520064380527163,-0.21101933959314065,0.6865940885621804,0.7381064962379099,-0.19706109166002594,0.24673740495134788,0.756917325292562,-0.17132214544076568,-0.11973665451008901,0.7598859208145664,-0.14880464158056186,-0.1232682326541969,0.6047399538853262,-0.20701593199282267,-0.14060237838144643,0.6378574135770572,-0.15280058989600176,-0.18589865201175235,0.8060602822447099,-0.11282100935470243,1.224827201950214,0.7471285529328979,-0.11716405095192922,1.4771516726492544,0.7174487673369778,-0.11815247579403593,1.3478266036307296,0.6466537399316881,0.02611953594373584,1.1351456382214722,0.7251307383272528,0.06549256168510431,0.8596582321848496,0.6985785972255566,-0.034368291505412346,0.703682548843032,0.5463913752467737,-0.1298454103801224,0.6205580761867711,0.5344142438392943,-0.12330068857761589,0.591628648819871,0.564710008172669,-0.09622008408518153,0.5606155157414192,0.5756349572799737,-0.2601800996458176,1.136262706960021,0.7461632222804632,-0.272973780454785,0.8762110562811866,0.678184366312909,-0.1697408761339877,0.7000502620131739,0.5768751375082222,-0.10908875356126972,0.6209891070454862,0.541745018718526,-0.10407483615056178,0.6023302952195755,0.533684236332272,-0.114053099125658,0.5943362941583029,0.5605887287235318,0.9622641509433962
-0.00535978009220911,0.7167627646841376,0.7076968682332243,0.030797827273721837,0.25619475145401005,0.7520440241277407,0.027073854254918928,-0.1103118895148507,0.7564448972501262,-0.00402317852691152,-0.11510347568053911,0.5793321351931339,0.06263512974123758,-0.12767842124435597,0.6094589533754763,0.0019814105640685903,-0.19923382831057168,0.8519502064204093,-0.21075388614734847,0.6866697271524586,0.7383385497477369,-0.1968886728062916,0.2469726032968259,0.7570262902924336,-0.1712856758281271,-0.11997465833912871,0.7599196693066882,-0.14854359826091787,-0.1240567774098917,0.6059829748344979,-0.20737140424802672,-0.14146969467784531,0.638583400842179,-0.15276509402502755,-0.18631252673179632,0.8061518658609198,-0.11278498284259139,1.2236580373468504,0.7469985382616018,-0.1171829219483807,1.477130616960254,0.7175074675966169,-0.11923945618709747,1.347040215499558,0.6439285365619298,0.02549776513342833,1.1351344072445215,0.7249783516278663,0.06545082994878343,0.8602077639985288,0.6987090072794117,-0.034413457187153745,0.7031264270829859,0.5462520294680328,-0.12971306911080896,0.6198249499688901,0.534664215543883,-0.12406037761637417,0.5890646689157456,0.5688668370116668,-0.0970247928086711,0.5610242952989407,0.5756504240659661,-0.26012301060755816,1.1361493852917917,0.7464457352492375,-0.27303289329592073,0.8763540003185037,0.6778574347124107,-0.170881119255207,0.7002159036128716,0.5764462674287341,-0.10998580683062824,0.6199585929137567,0.5442072812593581,-0.10419018265488958,0.603037205253527,0.5339080035470382,-0.1140010145769319,0.5936236497233344,0.5603915528322863,0.981132075471698
-0.005480660626869777,0.7165929211247792,0.7087202716972745,0.030863600983449438,0.25595412365654574,0.7522005796347963,0.02702056965274489,-0.11044695125465653,0.756002176971344,-0.003962655899312254,-0.1151888022581754,0.5792292209488152,0.06154616314997677,-0.12777591272378047,0.6091572636850271,0.0019352771575366003,-0.1996682791069534,0.8519198529236145,-0.21036345258762568,0.6866941165479555,0.7383762222384214,-0.19668748758294474,0.24707824569366887,0.7572110673930199,-0.17111588016023113,-0.12028388097729598,0.7598808400433509,-0.14839092959736963,-0.12453148285489923,0.6067357254370102,-0.20799407642493367,-0.1412134886015368,0.637507424639124,-0.15272477535267423,-0.18673921310454342,0.8062290264759195,-0.1126478505030879,1.221864970996116,0.7468461949904333,-0.11721984935171081,1.4770988525752653,0.7179205821071784,-0.12015267289922499,1.3458463731877672,0.6415374838558887,0.024708247547993556,1.1351214745505076,0.7247846767502786,0.06542738075042931,0.8605209747809748,0.6987882649041669,-0.03445139721749746,0.7028715172576125,0.546194956315835,-0.12957951285493888,0.6193912959111674,0.5350112911744189,-0.12518522817693298,0.5872173412438688,0.5724308566426453,-0.09737793288409541,0.5611250033334916,0.5757034008739585,-0.2601719902542984,1.1361639009684097,0.7462676884021868,-0.27312170247520684,0.8765796477636414,0.6775124815992197,-0.17183971853424335,0.7003509005906832,0.5760470311871195,-0.11074936112638506,0.6190656882978625,0.5462967458603927,-0.10425884833747691,0.6034251587510507,0.5342462187154658,-0.1139776601904648,0.5930616295840928,0.5602039831832141,1.0
-0.00549643363195923,0.7162219622676281,0.7102067458646124,0.03092886094552659,0.25571007593407746,0.7524298034589344,0.02697781472857821,-0.1104555797043066,0.7555810825407882,-0.003942607590460171,-0.11522592311798467,0.5789122586498001,0.06037838608507414,-0.12793496466929488,0.6088821919022948,0.001884879451851046,-0.19983636924864745,0.8519371032244318,-0.20987561291364604,0.6866455159048745,0.7382528902663805,-0.1964576030983546,0.24695499352059658,0.7574772803506848,-0.170785220640435,-0.12061528077788508,0.7596556939535279,-0.14826849580121512,-0.12491152752489289,0.6073334035116023,-0.20865858072007573,-0.1398048902565158,0.6349062952712085,-0.1526885624351563,-0.18708959423379512,0.8062727529110514,-0.11239100198792956,1.2197206467011292,0.7466923223960871,-0.11727559162117457,1.4770944475110244,0.7185556125767995,-0.12072480731657631,1.3442354081917796,0.6398695377809639,0.023868064577777404,1.1351132168299716,0.7245712415383803,0.06538281588544437,0.8605755725503657,0.6988073454142569,-0.03448169625698322,0.7030038662003859,0.5462066739388093,-0.1294206968653766,0.6193099696432012,0.5354318102090581,-0.12612407153822203,0.5864593320432347,0.5743744879971872,-0.09714543510314763,0.5608333977258715,0.5757804224903271,-0.2603986224240389,1.1363824963459501,0.7453042381675598,-0.27317454591562945,0.8767456656586968,0.6773426325201806,-0.17239476587799762,0.7002451697138832,0.5757861026381956,-0.11129274354157903,0.6184220451153272,0.5477738404217779,-0.10425613491888,0.6033438807619314,0.5346400070265865,-0.11398766673207492,0.5928001242785979,0.5600939137388719,1.018867924528302
-0.005360502991325539,0.7156629755934725,0.7123778405339638,0.031023374183466096,0.25541541256539013,0.7527161232201224,0.026958736762331303,-0.11040153178680734,0.7553644146768843,-0.003984297039997681,-0.11521053039896165,0.5783991941388549,0.059555832766991196,-0.12788692061430945,0.6087143084301992,0.0018454699370671927,-0.1997275992260288,0.8519892634518763,-0.20930247435031568,0.6865658073589438,0.7382318434958536,-0.19621078150030896,0.24661831532125505,0.7578098019597411,-0.17033311987115538,-0.12091893521586833,0.7592605442488918,-0.1481817791256629,-0.12517469502441678,0.6077414120302783,-0.209243854619768,-0.13769829658336236,0.6315700686933149,-0.1526786102302495,-0.18726795518957057,0.8062561743252648,-0.11210604795326862,1.217511870827703,0.7465544610569559,-0.11731646147715047,1.4771063570291094,0.7186790619362368,-0.12089171704369556,1.3421134954287999,0.6389800721110251,0.02308737519542381,1.1351108478206806,0.7243638689176024,0.06527903662210463,0.860472933902483,0.69878284919594,-0.034497274175178366,0.70332999842383,0.5462349012381744,-0.12936115333916665,0.6195691330175926,0.5354980808955028,-0.12664678408432842,0.5868450067143749,0.5742549639690595,-0.09644956917218687,0.5602526405481295,0.5758233227330316,-0.26078316905800114,1.1367299445158994,0.7436244706083674,-0.27315777468172053,0.8766725883075307,0.6772570343996113,-0.17231114953411727,0.6997133519518449,0.575791718833905,-0.11150611355058794,0.6181711961639462,0.5483212746790072,-0.10416616110143906,0.6027636843984071,0.534997231603078,-0.11399277227256822,0.592947687554658,0.5602044172597256,1.0377358490566038
-0.004999586044886345,0.7150046422303943,0.7150329423649702,0.031170126811283602,0.25505334761525167,0.753037926142429,0.02694283132001047,-0.1102812149972591,0.7553412412633185,-0.0040372313323681006,-0.11519348117540407,0.5779526744122145,0.059441893746336405,-0.12744175380522066,0.6087050328950323,0.001824211818294017,-0.19939459826547679,0.8520565665484826,-0.20863599222274162,0.686536666130438,0.7385389102326232,-0.19599326796710353,0.24623270517692913,0.7581467379508482,-0.16986151523018198,-0.12120602614652222,0.7588929698037348,-0.14814220612712647,-0.12528752694375894,0.6079055759158352,-0.2097118264124529,-0.135689868535836,0.6284924181465084,-0.15270802985020532,-0.1872452290930354,0.8061709393956432,-0.11198655428396334,1.2155101762170017,0.7464350696753551,-0.11727135551223938,1.4770580764762493,0.7173725892952041,-0.12063093673029729,1.3394546073334572,0.6385074169567749,0.02246754337399659,1.135108334424687,0.7241967221672561,0.06517198763764268,0.8603729589851589,0.6987562694090661,-0.03451442884023373,0.7034348913967896,0.5462282681593642,-0.12960775998629384,0.6200479152029125,0.5347096345644147,-0.12696563091749852,0.5880308921254328,0.5726205283298325,-0.09570805962570961,0.5596191984101451,0.5757708715574865,-0.2612494302066976,1.137013770404747,0.7415196374712212,-0.2730614337702048,0.8762307935459115,0.677204594945332,-0.1716036520666093,0.6987991114787587,0.5760822315718541,-0.11131535272649677,0.6183735548149603,0.5477700738842077,-0.1039775545433559,0.6017741943288807,0.5353108810338032,-0.11391353999706286,0.593403319498002,0.5606577913051758,1.0566037735849056
-0.004469396737386805,0.7143726843777553,0.7176337159030263,0.03134189109571059,0.25463845557879605,0.7533851535013762,0.026913436844256542,-0.11006051045521656,0.7554103538592171,-0.004005165833361966,-0.115258723228782,0.5780375103761458,0.0600503797616806,-0.12661832906362416,0.6088220250396525,0.0018153306655065964,-0.19892855961973102,0.8521298542329709,-0.20790338297876612,0.686629170044134,0.7391793205248866,-0.19584307573127724,0.24606717136624504,0.7584052561935105,-0.16946096114262424,-0.12152715711202919,0.7587672102180648,-0.14806733499337746,-0.12549480197072754,0.6082027520468443,-0.21001612943848566,-0.13435308342019137,0.6263569050105792,-0.1527666059678503,-0.18707716377340783,0.8060381064573199,-0.11218297858108442,1.2139844320065147,0.7463327014000622,-0.11707008072857372,1.4769428636655524,0.714230780329555,-0.11999344532860062,1.3364489620078626,0.6378790849792,0.022074805614171078,1.135097347130394,0.7240982859971146,0.06521452085267485,0.8603726512786887,0.6987697457160356,-0.034586606455092955,0.7029937959387215,0.546171530470484,-0.13025578078745573,0.6204981681972926,0.5332196687882351,-0.1274355149799598,0.5895792791949692,0.5703740282260997,-0.09540876391276495,0.5589508190212282,0.5756223801654295,-0.2617208095785126,1.1370857041612117,0.7392828066328292,-0.2729112763002255,0.8754900494363552,0.6772490864368379,-0.1707405289424897,0.6977847168401237,0.5764876583948425,-0.11075379833052662,0.6189337499343388,0.5463021426377073,-0.10370974083916054,0.6006689991770885,0.5356775584579525,-0.11375121363071443,0.5938473001710621,0.5612675982261957,1.0754716981132075
-0.0039806516155681815,0.7137436190234647,0.719873489952827,0.03148753425683827,0.25424888531249124,0.7537916820745125,0.026886077407392375,-0.10976381142519655,0.7555801052562043,-0.0038202954412821853,-0.11546440303833397,0.5789931264861388,0.06110459973351944,-0.12553758116467206,0.6089768107317983,0.001812828311776764,-0.19841137681217783,0.8522119387195605,-0.20719909725237876,0.6868329017238279,0.7400321795244811,-0.19574399167702958,0.2464212734565194,0.758543967459494,-0.1691620605573009,-0.12189873430642378,0.7589792233148454,-0.14783503954090887,-0.12616912307749964,0.6092125860232489,-0.21010789735060825,-0.13381082739730613,0.6253910488045988,-0.15282554488522748,-0.18686861429886625,0.8058924706677606,-0.11270805740397608,1.2131336627769822,0.7462516598896735,-0.11670602535311009,1.4768810343924563,0.7095860545516812,-0.11920874612418564,1.3334093308484474,0.6366196450554393,0.021906266422053622,1.1350733292061541,0.7240742882679798,0.06553258505108667,0.8604700076414009,0.6988340014695889,-0.03467059867035066,0.7019033346070781,0.5460639728859069,-0.13128221205081336,0.6207419812022713,0.5316130882377856,-0.12825726411957666,0.5910489411965889,0.5680213787568223,-0.09575381703441392,0.5578384050025988,0.5753800497877539,-0.26213774985777283,1.1369200703303628,0.7371813344349686,-0.27275594086777893,0.8746977977811135,0.677448546796285,-0.1704458663659302,0.6969943019177819,0.5767755799388135,-0.109962984810848,0.6197654067486449,0.5441889524136221,-0.10343482514209279,0.5998015226574668,0.5360937252445666,-0.1137096662687237,0.5938313590078559,0.5614028365135758,1.0943396226415094
-0.003747931823987194,0.7129143771674867,0.722007857591898,0.031605364300528446,0.2540317278247379,0.7543045360568661,0.026895780757900355,-0.10948439238648539,0.7559497435638176,-0.0034720548466381706,-0.11583277946078831,0.5808634616993409,0.062240016965475486,-0.12432636152505239,0.6090936518488319,0.0018152456314480723,-0.19787941134916331,0.8523079279645196,-0.2066333796214477,0.6870602615175245,0.7409777926597619,-0.1956564340137414,0.2475501531878737,0.7585693001081423,-0.16896204597980108,-0.12228468232260846,0.7595276546705885,-0.14744386690754777,-0.12736229243457517,0.6110197010333165,-0.21000392357382466,-0.1339062202743986,0.6254529396451227,-0.15286134543545316,-0.186708970860336,0.8057605676706743,-0.11347051686103155,1.2129234667534463,0.7461872580608537,-0.11630226810148653,1.476966297930404,0.7043438855972666,-0.11858453242496192,1.330606504115422,0.6345645841536881,0.021920690286254207,1.1350377401475833,0.7241161756601033,0.06615332265838836,0.8605733936935114,0.6989176708395133,-0.03447450358879914,0.7002029788444933,0.545860516590584,-0.13257933069517291,0.6207416912325335,0.5303139766459418,-0.12930847892572417,0.5916222304668395,0.5657649625268066,-0.09653638245862763,0.5556923183161682,0.5748578185362432,-0.26244646754849416,1.136555845614474,0.7355028587602208,-0.27263778824481916,0.8740905158437865,0.677793729610265,-0.17126900245465437,0.6965602616933041,0.5767937270652224,-0.10915249961532279,0.6208545369742756,0.5415183234995111,-0.10324406689368233,0.5991897979093708,0.5362109898448623,-0.11402516924608151,0.5927647383157962,0.5602874424804073,1.1132075471698113
-0.0038610096108113445,0.7117869789230438,0.724427686345325,0.03171984754943209,0.25415351946849596,0.7548768225230589,0.02694863484811386,-0.10928338644471429,0.7565015351755112,-0.002993605469418113,-0.11636193238089228,0.5834308745290754,0.06314822102508384,-0.12314447246196629,0.6091411098385083,0.0018172746212751852,-0.19735934349948067,0.8524159553996716,-0.20628411463505364,0.6872629011163696,0.7419396655623773,-0.19557220376282594,0.24959474611462198,0.7584653052607162,-0.16885823033681216,-0.12263917498017887,0.7603631191280643,-0.1470761885406164,-0.12861180533819538,0.6129122944309446,-0.20982029017773285,-0.13429914087706246,0.6260362376382308,-0.15287746360044166,-0.18662188350202538,0.8056522487631076,-0.11433481861923908,1.2130373822762115,0.7461223799784515,-0.11607665273712531,1.477160177208545,0.6996597620438069,-0.11833015785607756,1.3282442743637797,0.6319013988183613,0.022115597264889764,1.134995662374872,0.7242249820036842,0.06701842965763458,0.8605411574680853,0.6989763642450484,-0.03360297444367896,0.697931321498645,0.5455069931352248,-0.1337786423445116,0.6201994884405789,0.5298856442504051,-0.1301029472928904,0.5900224050738646,0.5638832252183323,-0.09726223577740557,0.552130429171038,0.5737864919499249,-0.2625963548801706,1.1360279944453042,0.7345241940578614,-0.27257801766841805,0.8737730187625592,0.6782388781955548,-0.17339713027128106,0.6963115349484452,0.5764393512551148,-0.10843657875187429,0.6220421820864317,0.5384062483799325,-0.10313016780400452,0.5982781205836766,0.5355705189354201,-0.11460249630293942,0.5900776888550856,0.5572206485692804,1.1320754716981132
-0.00425861396545571,0.7105445975049525,0.7271818778370779,0.03178423615146435,0.2547681721861459,0.7553723927522971,0.026999236251406808,-0.10910702028182756,0.7570283806247939,-0.0024786679785477805,-0.11696329305815972,0.5861368080097199,0.06367700162350404,-0.12226996086943402,0.6091307017422223,0.0018040369394754525,-0.1969027167691479,0.8525307684178202,-0.20619360884511778,0.6874814032253845,0.7429168681483024,-0.19551442212096953,0.2524852821490457,0.758177175862468,-0.1688452617543262,-0.12296602389478428,0.7614185351043318,-0.14693373637672316,-0.129268384917381,0.6138989577140636,-0.20969883757989566,-0.13461422090505826,0.6265377337001488,-0.1528935181713691,-0.18658516738926303,0.8055702106550454,-0.11515662798381604,1.2131337105640794,0.7460471373503834,-0.11618518873630951,1.4773720545053135,0.6965092903820126,-0.11850889246323318,1.3264986586297247,0.6291957065997045,0.0225291883969721,1.1349527472857486,0.7244072874521568,0.0679891643334305,0.860291660205272,0.6990029918117966,-0.031890567002265585,0.6949571752234704,0.5451196931732677,-0.1342085119422852,0.6183411531404964,0.5309636670833483,-0.12997590295503852,0.5852115798188154,0.5625868616148519,-0.09726355404850894,0.5471524353653537,0.5721574302644201,-0.26256816500625335,1.1353738530843236,0.7343332793587997,-0.2725656466539177,0.8737506813448216,0.678720454755194,-0.17667707532004895,0.6956735740537956,0.5756431329513043,-0.10767844966821043,0.6228582375065511,0.5354267161822596,-0.10289699767829963,0.5960333390017999,0.5342532334299952,-0.11495717970676021,0.5854613959623598,0.5518505061408289,1.150943396226415
-0.004774751106503022,0.709476534223762,0.7300195814489505,0.031695661413940354,0.255956232908662,0.7557780690198735,0.026992516865210838,-0.10884473573652967,0.7573181169046395,-0.002080683193922056,-0.11743379266392348,0.5881554409904628,0.06381230282239835,-0.12205123826954498,0.6090934499344407,0.001760278248037872,-0.1965542779655214,0.8526459460166658,-0.20633289483585474,0.6877475515527971,0.744017045283483,-0.19548113866499578,0.2558853376457836,0.7577444887568539,-0.16889476408082038,-0.12332988031992723,0.7626358566459893,-0.14700321146028653,-0.12903909052736418,0.6135514063496377,-0.20970148998371804,-0.13468096141808877,0.6266874846762066,-0.15291983620005967,-0.18657670524591077,0.8055169494742355,-0.11580068120033624,1.213119942423876,0.7459685384685155,-0.11663756091867411,1.4775561719367192,0.6954559428862793,-0.1189871666479087,1.325572362623977,0.6273235891268367,0.023165521568128622,1.1349155853627106,0.7246465273687539,0.06888234499329776,0.8598400077987721,0.6990353863606396,-0.029494449106639425,0.6911139998552389,0.5449950421853872,-0.1333099922482513,0.6143599071977358,0.5331926840710223,-0.12844723105777317,0.5772207077748797,0.5615696333040582,-0.0958767187042487,0.5411991831088414,0.5700038691714153,-0.26240176989831404,1.1347083162208835,0.7346608159774036,-0.2725365886348602,0.8739958685328995,0.679113338932555,-0.1806406717350745,0.6937327893384384,0.5744765297395168,-0.10670081592993712,0.6225979172311966,0.5336530683598455,-0.10228276567301256,0.5914139719344512,0.533145618414845,-0.11477023603730063,0.578592036731035,0.545330030737285,1.169811320754717
-0.00523334292787736,0.70873043072558,0.7327023147753863,0.03141701966860912,0.25764599311222447,0.7562732479593749,0.026906653787841895,-0.10843047717214016,0.7573059599697116,-0.0019370201181171352,-0.11758443549127438,0.5888357905406254,0.06362533668611643,-0.12263007337752187,0.6090595899925454,0.001684939523455096,-0.19633043182197693,0.852743626800081,-0.20660273339528498,0.6879991326497794,0.745395443528025,-0.19542086853351984,0.25936815742540587,0.7573650158663394,-0.1689550197204803,-0.12378562545648054,0.7639786124202269,-0.1471212039941081,-0.1281122622886396,0.6121632016068541,-0.20980842100458874,-0.13454224415105553,0.6265568718698358,-0.15295386671815325,-0.18658643217471954,0.8054870819715927,-0.11615772649937237,1.2130858260329078,0.7459048259053718,-0.1173527721496686,1.4777204083161424,0.6965726896866394,-0.11942406917914591,1.3256536192366837,0.6270482308259264,0.023962347289869512,1.1348892984085324,0.7249070758852312,0.0695633030414892,0.8591912593250126,0.6991004734216418,-0.02664523948322081,0.6864890364004654,0.5454168409924396,-0.13108369808707854,0.6079510973232426,0.5350162713958994,-0.12548876718847726,0.567172349645738,0.5599602813726511,-0.09273207269857175,0.5351706071093331,0.5669816480204086,-0.2621909423076727,1.1342614692198842,0.735034854201223,-0.27240875771848927,0.8744443018299947,0.6792877294978987,-0.1846945143025675,0.6898226734953072,0.5731868675509126,-0.10563907719366196,0.6206870352908451,0.5340040294777156,-0.1012514653094156,0.5841833590779673,0.533225297763282,-0.11469139318487338,0.5689600007855508,0.5407335154973398,1.1886792452830188
-0.0055341135762606575,0.7082635902543348,0.7352303262292875,0.03102289440318036,0.259654142333149,0.7569539439453962,0.02674694418824572,-0.10785090864082485,0.7570335904158353,-0.002112476887884388,-0.11738097449005783,0.5880082883175726,0.06331411143467557,-0.12376611866133402,0.6090783600361531,0.0015922842776854708,-0.19625085571367676,0.8528150573271314,-0.20692183965942462,0.6881620423149322,0.7470508576536915,-0.1953030482429925,0.2626724542798897,0.7572342395086686,-0.16899063994826632,-0.12433001151015532,0.7654255352020284,-0.14724254595518277,-0.12679898016262162,0.6101555845358225,-0.20997378967920227,-0.13431178029815316,0.6263015446868667,-0.15299187853458532,-0.1866102371096216,0.805467480746038,-0.11620351589338734,1.2130826613800876,0.7458713369098953,-0.11821228335283651,1.4778717425617531,0.6992507299027206,-0.11949207551997562,1.3267092672207117,0.6285146265826933,0.024822688868828713,1.1348652810251971,0.7251970480493779,0.0699873957379703,0.858291164235965,0.6991763796971524,-0.023397532036966845,0.681221260927934,0.5466811155511992,-0.1279572471003799,0.5993588994562071,0.5349999306144622,-0.12136639571077514,0.5566571644525246,0.5567646222540785,-0.08773993813062293,0.5301823039418763,0.5628203830884483,-0.2620740373270421,1.1342448732862827,0.7351403567963863,-0.27223333611583356,0.8749647502372542,0.6793512628093769,-0.1884532006222003,0.6842814755107827,0.5720087083517429,-0.10493838444399187,0.6172976026087869,0.53626351109097,-0.10025153576744628,0.5753502203245049,0.5343020181183384,-0.11640371795469488,0.5568395229238419,0.5407642502605663,1.2075471698113207
-0.0056595538922139255,0.7079859298873099,0.7377345793973835,0.030622433927212728,0.2617948622573947,0.7576692702749909,0.02652434880686243,-0.1071116175357706,0.7565598456746431,-0.002598865502545561,-0.1169404196894746,0.5859475355027706,0.06314295246155197,-0.12506424219885562,0.6092065972572638,0.0015050271508481616,-0.19633612290599006,0.8529286877507113,-0.2072619083801287,0.6882916719053682,0.7487305051612986,-0.19516237918630147,0.265650230562661,0.7574140529524556,-0.16902820204153413,-0.12494447211988481,0.7669452892432503,-0.14745160889467368,-0.12528914111792713,0.6077423067496661,-0.210143927517795,-0.13411806990835018,0.626066480691876,-0.15303352612151072,-0.18664634876801822,0.8054500361654188,-0.11605669559331622,1.213079756263901,0.7458570388281563,-0.11906114486492764,1.4779548830952856,0.7022981573807323,-0.11911482212836788,1.3284255800970326,0.6311538802464589,0.02563593115302998,1.1348174148751788,0.72561837704576,0.07016516295967429,0.8571538307812623,0.699232751340627,-0.019685548743476222,0.6752334108015585,0.5491234936273268,-0.12410035160552924,0.5891924497459426,0.5328384893875174,-0.11603331253208785,0.5474279679022844,0.551085648461154,-0.08078524902734158,0.5270697763963709,0.5578946890052424,-0.2621941360016211,1.1346570621134335,0.7349494991870091,-0.2722883099543622,0.875420895708809,0.6796979499527847,-0.19183073726921984,0.6784889951718551,0.5708564455098403,-0.10513234164452538,0.6135741374292544,0.538817842452107,-0.10028531853388802,0.56651229167618,0.5349159666819557,-0.12157640736322767,0.5442294136883293,0.5451939284952685,1.2264150943396226
-0.005626071179047315,0.7078492739532727,0.7401838397025929,0.03026383964235682,0.2639243638135126,0.7582126565467624,0.02625093075216745,-0.10624813474973242,0.7559167857291805,-0.0032989306739964284,-0.1164219522097308,0.583258806199911,0.06317835136325219,-0.12630388618435118,0.6094319301279136,0.001451963511367315,-0.19657290108086142,0.8532082452683554,-0.20762231884466856,0.6885076547307944,0.7501715483943164,-0.19503715041174935,0.2680801899483746,0.7578706429636894,-0.16914340009419396,-0.1256223936756966,0.7684811767493727,-0.1478129267164876,-0.12365465730401985,0.6051081989781982,-0.21026848295085343,-0.1340559057350657,0.6259607570210372,-0.1530793110117294,-0.18669300538152808,0.8054351332231116,-0.1159036942875323,1.2130748344674285,0.7458250334608876,-0.11972863549870927,1.4779059544594821,0.7046139083713824,-0.11846420789395135,1.3304622126969283,0.634115114484181,0.026270424729605446,1.1347404002393557,0.7262203154210236,0.07014174889265373,0.855970980602074,0.6992876842035111,-0.01544660910866219,0.6685799076559485,0.5528140624936477,-0.11888027356046998,0.5783972627790765,0.5289405103346474,-0.10879985472445333,0.5412892283320894,0.5420735934243337,-0.071763675488944,0.5260021000910535,0.5528496370866288,-0.2626014180323426,1.1353065041238088,0.7346155891516031,-0.2728963494455905,0.8757426931551762,0.6806578946066808,-0.19489624176867062,0.6739212578619268,0.5693411246520351,-0.1068050237972742,0.6106325658394998,0.5401574554914852,-0.10268852512117757,0.5588320218746416,0.533934009052439,-0.13076649777950033,0.5338473948698194,0.5513496489024463,1.2452830188679245
-0.005463203630527602,0.7077897558607478,0.7423001655542382,0.029922598367610062,0.2659484397163423,0.7585028846269655,0.02594265611687394,-0.10533806562070534,0.7551094963938563,-0.004043965486726003,-0.1159145971616522,0.5806304278087658,0.06318872910211845,-0.12743238486984115,0.6096428538275677,0.0014548268276776727,-0.19691377310816569,0.8536471509029586,-0.20802088869980795,0.6888033493118646,0.7512931528171749,-0.19492647967094434,0.2697450034204135,0.7585294069431222,-0.16939380323868644,-0.12634704135306407,0.7699670415342035,-0.14835028385895868,-0.12191991777334862,0.6025824676590115,-0.21032722365478118,-0.13411646006883765,0.6259982965619597,-0.15312916504514057,-0.18674671996981745,0.8054239384991718,-0.11584854370590153,1.2131587092390435,0.7457577826805745,-0.12009215207788193,1.4777811860824073,0.7057506953858856,-0.11785117868768857,1.332675864779331,0.6367686751196922,0.026601986503354436,1.1347018563798548,0.7266942713314775,0.06998650948126514,0.8549893839098939,0.6993897474069799,-0.010530418347198062,0.6617249854736884,0.5573747821303527,-0.11122427954009849,0.5683196337467558,0.5235298667769565,-0.09899156193697418,0.5393605956866891,0.5294405308952275,-0.0608788946800493,0.5263993060743721,0.5481876233779281,-0.26323426546496814,1.13602371487929,0.7342696740003899,-0.2741506002706303,0.875861214579445,0.6822231742822878,-0.19788607698305485,0.6711582717233155,0.5674699138674301,-0.11061561000305664,0.6083058714024149,0.5406126210776788,-0.10867989770773023,0.5527017295581478,0.5317307336306362,-0.14343101779314762,0.5270840190542805,0.5567290621659523,1.2641509433962264
-0.0052189884127436525,0.7077459157635354,0.7437076442444619,0.029563306427167313,0.2678406155543731,0.7585611536096493,0.025615436452931607,-0.104460535678714,0.7541445174464938,-0.004678344096943372,-0.11545363518231885,0.5785411851854124,0.06289951812976155,-0.12835895091218183,0.6097004868640175,0.0015023065956134632,-0.19727839965900698,0.8540342428657747,-0.2084641143831244,0.6890574979041696,0.7520464296848928,-0.19482643471316574,0.2706087711157971,0.7593030936518467,-0.16978497144187868,-0.12709194512343583,0.7713478329711421,-0.1490276584430036,-0.12028296976126866,0.6006093301716077,-0.2103331725683468,-0.1342265618554523,0.626123028017781,-0.1531822130453617,-0.18680505328159436,0.8054157259538787,-0.11588647135755942,1.2134851040611094,0.7456766829133772,-0.12015863302403007,1.4777081251593827,0.7059147765794325,-0.1175800786724468,1.3350381325958014,0.6387549964180426,0.02661725080933275,1.1348214998924153,0.7264095524944263,0.06976707389820344,0.8543008819589876,0.6995340909831483,-0.004723691492613147,0.6552643573841688,0.5621498097491977,-0.10066530587950188,0.5606116700146891,0.5162306786760967,-0.08678527614117952,0.5411557154438892,0.5143522965083684,-0.048528317518302846,0.5271160818471021,0.5446031982954194,-0.2640249055016045,1.1367815601031166,0.7337488166840146,-0.2758843093952577,0.8756805739485972,0.6841475610036749,-0.2012300364203413,0.6698079522240997,0.5661801507923095,-0.11702668774350311,0.605562889770151,0.5414918819707568,-0.11882558211624916,0.5479568930143957,0.5295300913536982,-0.15860973821502578,0.5233169506056531,0.560758717781415,1.2830188679245282
-0.004949923200182421,0.7077657141688054,0.7441334373922457,0.02917190628453352,0.26966098180477593,0.7584300909463593,0.025280191830145828,-0.1036581825426544,0.7530452598516467,-0.005096990877745106,-0.11517058182851492,0.5772478784731712,0.062233744352008534,-0.12892581682914012,0.6095275205636315,0.0015500687045353792,-0.1975706089029875,0.8541514623135137,-0.2089323091208211,0.689201391027505,0.7523143552944411,-0.1947615954630459,0.27082896591223915,0.7601399796996853,-0.1703086858907399,-0.12783888653414027,0.7726049371996947,-0.14970920893197967,-0.11919017162679504,0.5995367269945115,-0.21031441692728406,-0.13434351742532918,0.6262869129988337,-0.15323042058260677,-0.18686988564221865,0.8054186238844229,-0.11598340466639376,1.2141937130505926,0.7455990700009425,-0.12009980465218972,1.4777103430279352,0.7057295031357533,-0.11778368660441746,1.3374558438253494,0.6398035508150128,0.026482268164484124,1.1351855484184192,0.7248964671585816,0.06956031305350305,0.8538260651236211,0.6996361560128177,0.0019140061106315553,0.6497094617965524,0.5663789090990401,-0.08777838397758593,0.5564375635033427,0.5069820473472115,-0.07304242307233144,0.5444945387786304,0.49966630933425576,-0.035078822900427464,0.5268440774800565,0.5431803663816884,-0.26495125826641996,1.1376199275394678,0.7326392339815831,-0.2778321424044287,0.8751861082818864,0.6861493374587652,-0.20528565589482878,0.6691168175892135,0.5665376028162102,-0.1259296469043274,0.6018088848099725,0.5431520381493162,-0.1325699992332448,0.5441512187717377,0.5281719852023106,-0.17509094196007377,0.5209746276443065,0.5643653657285108,1.30188679245283
-0.004717736218490087,0.7079995642599664,0.7435030065775264,0.028742744615827348,0.2715229731181916,0.7581353765021768,0.024944717515665567,-0.10294807651659936,0.7518403038583757,-0.005246586613897434,-0.11528866249069152,0.5768064012286755,0.06130004592478197,-0.1290706539794862,0.609138047832843,0.001556055888434034,-0.19773989085710664,0.8539336418001974,-0.20943348274800985,0.6892831131873038,0.7520365474811265,-0.1947631544073328,0.2706282671147689,0.761042828413708,-0.17099087584545494,-0.12860461605262508,0.7737976112612472,-0.1502396134079012,-0.11895907015379388,0.5992963943033484,-0.2103029132092013,-0.13444403742944153,0.6264327730403461,-0.15324435394326597,-0.18694439870187624,0.8054605475005009,-0.11611847823578422,1.215306859242974,0.7455136175882271,-0.12011340548081756,1.4777124921077345,0.7057765017333031,-0.11842610816488464,1.3397458003253062,0.6398262105736191,0.026404101932776924,1.1357796486115967,0.7222201173563378,0.06947550116428253,0.853467704871529,0.6996400848706321,0.008888030782862988,0.6454455663710754,0.569314534096713,-0.07354412849655054,0.5554451083337543,0.49748195057786954,-0.058662094222193484,0.5465438030977432,0.48891298771635433,-0.021081676682898093,0.5246342043653244,0.5447356548969604,-0.2659766165219366,1.1384980403725395,0.7307417849012362,-0.27972894983702756,0.874473765746246,0.687977539318861,-0.21011137852846726,0.6683091967813447,0.5687451270335726,-0.13664756920082496,0.5970737677242997,0.5451436207285623,-0.14819302967488845,0.5406940234586393,0.5279145733680513,-0.19123298952661263,0.5188389458883775,0.5683924749723963,1.320754716981132
-0.004581434608253249,0.7085765319339863,0.741895815095096,0.028276885731273974,0.27348893014556985,0.7576823855180512,0.024617136101939822,-0.10234545744711177,0.7505541240146341,-0.005157716102729479,-0.1158901721443625,0.5769461375786115,0.060289133272806376,-0.1289333187889909,0.6086144701172999,0.001506558501552237,-0.1977935803969411,0.8534142857492881,-0.20999031356009148,0.6893852455035376,0.7512980604674842,-0.19482439790846867,0.27012276961997506,0.7620326382964713,-0.17185763040064983,-0.12946081764410028,0.7750275127415037,-0.15051503804136243,-0.11952745893737714,0.5994052481840343,-0.2103292182775311,-0.13444921867536555,0.6264204465099336,-0.15318403392226926,-0.18702820993810734,0.8055699877774236,-0.11627623465996115,1.2166988495407132,0.7454075837446357,-0.12019426751966789,1.4776896276040705,0.7060174989948066,-0.11938221985713371,1.3417136025123093,0.6391696522264065,0.026394375958680938,1.1364647283306961,0.7190172880721784,0.06959459352761682,0.8532058557593345,0.6996169233249361,0.015586449588953832,0.6425705930854735,0.5705801579568066,-0.05879932551641456,0.5559565241757954,0.49064328894144366,-0.04446583925865137,0.5454602625380505,0.4844394434220056,-0.007388229433318072,0.520387618135156,0.5489765210653132,-0.2670145788615078,1.139256644791879,0.7282987099448147,-0.28130637999851044,0.8736776012100168,0.6893649967131361,-0.2155039528104301,0.6663741197696993,0.5726468644462058,-0.14824438121340344,0.5914365925666439,0.547338069896166,-0.1634746656742994,0.5369167686984612,0.5290580766861979,-0.20533859557766793,0.5161912551697991,0.5731381300263971,1.339622641509434
-0.004564237354245965,0.7094998698312961,0.7395004102540765,0.027784160552303497,0.2754988481441155,0.757058570614593,0.024304595415305958,-0.10186256818026627,0.7492120265061046,-0.004920082340664484,-0.11683225431752295,0.5772267303037685,0.059389068312921574,-0.12873596921580346,0.6080558286699537,0.0014075127275102513,-0.1977717214895434,0.8526370854766726,-0.21053111578688727,0.6895366757377749,0.7502577302371473,-0.19488782992853915,0.2692792135149589,0.7631165801459981,-0.17283954222125295,-0.1304497072418997,0.7762756452521056,-0.150482807982764,-0.12072319780709741,0.5995942426233319,-0.21039965510280928,-0.13428702107165494,0.6261384458809948,-0.1530545322732289,-0.1871131358697241,0.8057304899877852,-0.11643874180361227,1.218182665241157,0.7452876186992397,-0.12014257917077537,1.4777010438693783,0.7058684257196263,-0.12042214163466997,1.3432533380202383,0.6384898529627956,0.026273854837229382,1.137028400856763,0.7162211200521601,0.0698944060332766,0.8530340737355455,0.6996859271193343,0.02166691063790252,0.6407856116706089,0.5706814833962071,-0.044472047063556897,0.5561664747009134,0.48861771790737357,-0.0314049477799431,0.5412025693356524,0.4865174736115916,0.005151505497359071,0.5149570512147454,0.5546269660339469,-0.26794951485175744,1.1397622273276793,0.72570405409714,-0.2822970171209183,0.8729279089191171,0.6900468404427063,-0.2211621744102274,0.6622729359067158,0.5785411894711012,-0.15972384550795232,0.5848484143023894,0.5500258265343485,-0.176618900150011,0.5324201298504572,0.5321027598225734,-0.21656174116613214,0.5121882823004098,0.5794808271823848,1.3584905660377358
-0.004643679743168094,0.710674340888383,0.7365582980708939,0.027267527861936314,0.2774011055234817,0.756240074932425,0.02400864701126832,-0.10148385774515686,0.7478468597827622,-0.00460596995534515,-0.11792308242604752,0.5774269159358688,0.05871455130105228,-0.1285934904399958,0.607545168218538,0.0012659878846026365,-0.1977476725179459,0.8516377829749276,-0.2108963857152966,0.6897566360088045,0.7489708786996497,-0.19488759614189427,0.2680402926318348,0.7642821889363219,-0.17377877782429968,-0.13147683954505038,0.7773300065622353,-0.15020020008331855,-0.12250166641395435,0.6002031358620705,-0.2104549916035748,-0.13409728204697074,0.6258147603259708,-0.15292835252935771,-0.18718543306985477,0.8058763438662386,-0.11658953943235928,1.2196001625490704,0.7451682520853078,-0.11980073285903042,1.4778022514221822,0.7048877765454468,-0.12127339261303166,1.3443920154189568,0.6382088886313899,0.02590330181276368,1.137303440521924,0.7145716629248643,0.07034608114824423,0.8528862638174998,0.6998462347174956,0.027122786809104432,0.6394579948649592,0.5710070611098973,-0.0317953931384293,0.554941220145709,0.4920411552468259,-0.02036257634479513,0.5346999969416394,0.49429306312147064,0.015994008719589947,0.5095164708199358,0.5606550237054765,-0.26865836150667805,1.1400684165556088,0.7231777649024453,-0.2825741129035021,0.872323021187412,0.6900059691726698,-0.22691840912026806,0.6559011981629436,0.586655113657782,-0.1701077084172889,0.5774516519398029,0.5532843542247969,-0.18666970078246375,0.527591302702702,0.5369302418176063,-0.22546689850708596,0.506148733802236,0.5887899943898407,1.3773584905660377
-0.004763282746403558,0.712033463797082,0.7331966345098058,0.026720151551321444,0.2790496370005615,0.7552261123152504,0.023725181391203908,-0.10115772044540418,0.7464998028767335,-0.004271033111978149,-0.11905024629768227,0.5775970743554812,0.05828766964926462,-0.12850969781159866,0.6071596961570401,0.0010875110011349803,-0.19776588522088545,0.8504584371570219,-0.21098054943196,0.6901240169162629,0.7473099355995313,-0.19480284702603584,0.2664074824256206,0.7655043609926356,-0.17454663350506325,-0.13237929767984455,0.7779458481475385,-0.14980069852970676,-0.12481377832660391,0.6016438086783692,-0.2103856105192016,-0.13423552024914753,0.6260175538177335,-0.15288352873160174,-0.18723723326539235,0.8059482467645781,-0.11671534581187357,1.2208231186124463,0.7450624851201176,-0.11917600186302951,1.4779953680821847,0.7031172321648111,-0.12179566198503172,1.3452069168981091,0.6381621227419066,0.02529980883899091,1.1372273846995336,0.7143914586860098,0.07109657120035814,0.8527248620416157,0.6999126495289951,0.032178365656345104,0.6378743140601337,0.5730836162697241,-0.021832103177262002,0.5518594006239607,0.5006833027605554,-0.011521864523602487,0.5267876038753213,0.5066833685492163,0.025130074481082704,0.5046846523783917,0.5672817274081988,-0.2690492333511796,1.140336657893495,0.7208438541443287,-0.28241299578866175,0.8718986823525879,0.6896891930727463,-0.23281556668678896,0.6485381378989218,0.5962195917708764,-0.1786808970339355,0.5700025688306309,0.5564149134374347,-0.19342814190893004,0.5235240266542095,0.5420172277858857,-0.2334468170143011,0.4988283150811785,0.6005874598696888,1.3962264150943395
-0.004847166553119647,0.7135528887123692,0.7294218354158433,0.026159736787588178,0.2803885099716833,0.7540692700999844,0.023453350693636403,-0.10084166730937219,0.7452131320518494,-0.0039864502079525535,-0.12012982973738101,0.5778166232401918,0.05808508652651772,-0.1284726712908751,0.6069592064735085,0.0008725007018592973,-0.19772806019737563,0.8491434458960975,-0.21080544946649074,0.6906971019329085,0.745100238194325,-0.1946604278386161,0.2643928654783342,0.7667576571377468,-0.1750901254099232,-0.13304809690415573,0.7780030313275281,-0.14933047108790432,-0.12742214437991908,0.6038757463273885,-0.21012251913585972,-0.13496620404079956,0.6271738234041794,-0.152945256464852,-0.18726679150247955,0.8059276067885018,-0.1167988673677054,1.2216831126469747,0.744990345193842,-0.11837357107996432,1.4782492655606825,0.7008651969174504,-0.1220279071051083,1.3457190235057075,0.637822809346042,0.024560392170822676,1.1368212612745876,0.7156988382599634,0.07235383667955969,0.8526305563403781,0.6997201413852625,0.037172606280767795,0.6356496351068694,0.5777666745305746,-0.014718819790056042,0.5471097488248658,0.5138034770807203,-0.004103886388846678,0.5183626296028027,0.5217636406857334,0.03309206550897073,0.5003451857504526,0.5755049330353336,-0.2690586816842216,1.140590085983392,0.7191270162622391,-0.2824379577596162,0.8716782018455699,0.6896182612714011,-0.23887381104496305,0.6420099716199845,0.6057227295223648,-0.18526240171301825,0.5636964703683904,0.5582599115033886,-0.19735838982308612,0.5211005572645973,0.5453273196257806,-0.24145456401589693,0.4925855648510085,0.6116050638993084,1.4150943396226414
-0.004841877968966235,0.7151273262713941,0.7254206641077117,0.02565034817070158,0.28142480697122313,0.7528446267913447,0.023202874351186842,-0.10054901465097353,0.7440229003572802,-0.0037998616389132334,-0.12102133163211336,0.5780651375826913,0.058068968645952,-0.1284736248320635,0.6069385216881155,0.0006015182294947978,-0.1974164388990615,0.8476852641363889,-0.210439851391856,0.6914262515999666,0.7422903918249834,-0.1944990652537928,0.26198243362705764,0.7680109160346285,-0.1754037169426626,-0.1334182986383663,0.7774919538855452,-0.14878856163209897,-0.1298823159410495,0.6065692662326958,-0.2096873572547717,-0.136261217971221,0.6292461349762332,-0.15309561696716203,-0.18726728983625512,0.8058184571084929,-0.11681759656156854,1.2219635642722289,0.7449762963337325,-0.11751903968555583,1.4785274408910916,0.6984315225057338,-0.12212517945765011,1.3458952709470513,0.6367915961488839,0.023777631975422597,1.136185791539896,0.7181786151622152,0.07404981908552172,0.8526614539168668,0.6994918998656681,0.042419600605599656,0.6329175405789429,0.5849371527219034,-0.009467186349804063,0.5414833386500606,0.5297355208594394,0.0030017567936356515,0.510723294369203,0.536509961112892,0.04047918225346114,0.49613815776549686,0.5858225505257666,-0.26861059094485834,1.1406766706979496,0.7187643865128968,-0.2830886518214639,0.8717744530956864,0.6896213678496009,-0.24489711922995033,0.6373582099308137,0.6139969105522836,-0.19012526726989845,0.5591174655837814,0.5585999743171177,-0.1994724119073786,0.5201931544868065,0.5462981222347018,-0.2493610250420138,0.48955115002481525,0.6182385443032586,1.4339622641509433
-0.0047357913137030805,0.7165850502149896,0.7215890606425961,0.025272753269003037,0.2821427422729163,0.7516032146692192,0.02298811592538356,-0.10032598624892768,0.7429585834504697,-0.0037057790964284787,-0.12155192846521337,0.5782633205228709,0.058160383944452915,-0.12849002280708177,0.6070181075060569,0.00025152999523491044,-0.1966979512568518,0.846015294597398,-0.20989006459556273,0.6922182833142557,0.7390367075474551,-0.19434497295001438,0.25921613325685877,0.769213510332672,-0.17552015935278073,-0.13344245316549289,0.7764544158528156,-0.14827424314055335,-0.13175609996143606,0.6093922850665148,-0.20915283233380577,-0.13790472961077183,0.6318804657740689,-0.15331091849238784,-0.1872289585180694,0.8056268457341749,-0.11675982759074319,1.2215375696469288,0.7450333017148909,-0.11674654069219614,1.4787992439361903,0.6960180841784418,-0.12230726311610124,1.3457280891606818,0.6350409923042786,0.023040781755835738,1.1355023562549706,0.7210564429284989,0.07581786403791552,0.8526879102313203,0.6997947225416635,0.04810405502650117,0.6300565207496446,0.5937260978252952,-0.004697323768775907,0.5360816728938725,0.5458481021300623,0.010369790990807926,0.5048525880205685,0.5484744688368377,0.047559744335228665,0.4917824729554607,0.5979142938346904,-0.26768934161290703,1.1404897767281919,0.7201252609346622,-0.2842975933776056,0.8723517969516698,0.688796157873462,-0.25058229042786606,0.6343373025516253,0.6208283054297533,-0.1936675590560533,0.5556788138875266,0.5586238163410733,-0.20095873343134102,0.5198880274450578,0.5462300649374592,-0.25646866900252174,0.4899407176669627,0.6194844943308482,1.4528301886792452
-0.004515636798130135,0.717845294625863,0.7181302525826311,0.025088508456489272,0.2825171344442934,0.7503747844340909,0.02281410244713864,-0.10019380826904864,0.7420306016351284,-0.0036785056108740843,-0.12165920203817397,0.5783563592166263,0.05825874242354267,-0.1284959519113115,0.6071011311726012,-0.00015600880909146094,-0.19567498702788336,0.844153685244295,-0.20910993828722713,0.6930167527980916,0.7356698460129314,-0.19421612358704002,0.25628915067439095,0.7703004814080767,-0.1755003027554864,-0.13316339308474437,0.775006265122362,-0.1478955536593402,-0.1329712647463212,0.6120238358600005,-0.20858739058193126,-0.13966990957626324,0.6346709798038083,-0.1535810111365904,-0.18715256278601125,0.8053606199534091,-0.11663928463427514,1.220498781352669,0.7451503564030142,-0.11618432389642008,1.4790317062385738,0.6938700002476224,-0.12270466430920324,1.3452592691197987,0.6328491153956421,0.022460175831638396,1.1349632837612984,0.7233898342378594,0.07730291439343465,0.8525151009991899,0.7009736996813786,0.05419715361640773,0.6273549430926126,0.6030494539080595,0.00035975208396288316,0.5317913620774196,0.5593600683674824,0.017850344492952225,0.5007245918828892,0.557279258212813,0.05439017226786208,0.4870351451514916,0.6112863697229395,-0.26644316796594264,1.140106284968698,0.7227394332532308,-0.2857367834086082,0.8734629527064098,0.686519884628646,-0.2556254640212112,0.6321822429773022,0.6265367186443548,-0.19617820226212346,0.5525964282302638,0.5592742915213127,-0.20266324624544818,0.5193481355171077,0.5467143398505159,-0.26235708214048015,0.4923922225538686,0.6173323763993108,1.471698113207547
-0.004175071649628326,0.7189690475155217,0.714874060159355,0.02511418273017417,0.2825746044438376,0.7491777585383542,0.022666312291757487,-0.10011973388170556,0.7411984298752196,-0.0036868509899000736,-0.12149028962848268,0.5783508869888009,0.058316967329852185,-0.12847789462374307,0.6071323793447807,-0.0005560846588318802,-0.19460366877873686,0.8423095707959694,-0.20808804238482978,0.6938173575791049,0.7324634277188744,-0.1941389262719349,0.25353273523049974,0.7711980659202335,-0.17541556960429533,-0.13273855174346696,0.7733739106659456,-0.14763450132265005,-0.13381776849317645,0.6140716770842892,-0.208037082924668,-0.14139282371193337,0.6372954500540721,-0.15390378669648289,-0.18705345681798305,0.8050351037839714,-0.11648245355464584,1.2190770265204591,0.7452916369279207,-0.11588199425209944,1.4791751493780039,0.6924972501349087,-0.12322209791763536,1.3445292457167035,0.6306004863126929,0.02212971470154279,1.13467178155729,0.724644346090634,0.07834690871875144,0.8520979999418796,0.7028462976847808,0.06042843175513676,0.6249948401021798,0.6119506313336983,0.0056351543384236535,0.5289343425228054,0.568520912227312,0.024964787918967474,0.4976186213438352,0.564022911685926,0.06086264197244515,0.481737435781877,0.6253844509737562,-0.2651235121291715,1.1396811114917718,0.7257494832739264,-0.2871262774869506,0.874956340828587,0.6833944894018096,-0.2597446980662974,0.6306589746542308,0.6310222605854146,-0.19789092140329204,0.5498791929765547,0.5601611439135962,-0.2047727924923557,0.5183569961884568,0.5483146381506112,-0.267062216878039,0.49542700738487044,0.6147108298755999,1.490566037735849
-0.0038190404377209386,0.720052168205676,0.7115170532155832,0.025289878498882132,0.282384610607127,0.748018382441821,0.02252493867408818,-0.10005435951972053,0.7404060091859258,-0.003695342872160055,-0.12128302743804928,0.5782807260415128,0.058346370292788184,-0.12843484092010993,0.6071032285511438,-0.0008971533099220797,-0.1937153140574155,0.84072684272372,-0.20689590182297618,0.6946601592320427,0.7294360016216315,-0.19413578727638842,0.251290496261132,0.7718348634149728,-0.17532112950306966,-0.13229957433380965,0.7717818321912266,-0.14742078855087937,-0.13456798063960673,0.6151486279873928,-0.20755621523666756,-0.14290782758426385,0.6395279648571832,-0.15427246050341784,-0.18694823659563514,0.8046742317565332,-0.11630301205329749,1.2174287079677784,0.7454191859954749,-0.11574764469209198,1.479187038408948,0.6924507671761262,-0.12367944437084424,1.3435793599438897,0.6286149572700643,0.022032630898841554,1.134591878720028,0.7249710230343606,0.07896697690350846,0.8514959681659886,0.7050602019216226,0.06646344249823855,0.6230705677794899,0.6196265672457693,0.010776827399804706,0.5272803413597985,0.5734182084409578,0.03123375266139894,0.4948377403462148,0.5697155951414168,0.06657628005839042,0.4760646785837496,0.6389373765905996,-0.26395905069625564,1.1392876460601638,0.7286005131036187,-0.2882853071503585,0.8765149615790779,0.6809084551365274,-0.2628340128547839,0.6300804526384131,0.6336896328894205,-0.19919990736414828,0.5479902274765858,0.5606011890581946,-0.20699681891480143,0.5171685969967619,0.5505914191147803,-0.2707920054921261,0.4982758032723404,0.61331895701101,1.509433962264151
-0.003666948014047794,0.7210353691311433,0.7080369596826525,0.025502128073201125,0.2820689527908648,0.7469312013131033,0.022407681221992624,-0.10002969797920483,0.7397277348896998,-0.003688399417700612,-0.12115981138613287,0.5781638403903673,0.05836572191523884,-0.1283728114219584,0.6070283146207041,-0.0011659287918185037,-0.19311713889382554,0.8395175070854612,-0.2056665824238044,0.695562720959712,0.7264782261357774,-0.19418992957179293,0.24980318897992343,0.7721781289752804,-0.17521968874899083,-0.13183844107068193,0.7702954527453486,-0.1472356218734006,-0.13534031827908063,0.6151703742769284,-0.20725305174220002,-0.1439222511593519,0.6411407086079746,-0.15467349795417373,-0.18683991144642026,0.8043073238971746,-0.11610967754919577,1.2156440759875153,0.7455092899476896,-0.11559170832694265,1.4790808553097174,0.6937369535123346,-0.12400973024360415,1.3425166446744519,0.6271856182540145,0.022030813740169852,1.1345909942484482,0.7249571604641003,0.07927335345076425,0.8507074923779618,0.7075952479184805,0.07208564273874529,0.6214650494284075,0.625728896024365,0.015606588427588552,0.5263793992560594,0.575654395169052,0.03630007977370195,0.4922397506420643,0.5745009165036876,0.07111172535483487,0.4707319686484268,0.6499657747106126,-0.26311690031271723,1.1389118470897985,0.7310822495964988,-0.2890786485848138,0.8777522781028724,0.6802036197729372,-0.26497095114205027,0.6304327366085298,0.6345578226554357,-0.2005246522932363,0.5471168616139854,0.5605919399594101,-0.20905247089819828,0.5160442760759499,0.5528714908320947,-0.2737415744244728,0.5005789937645233,0.6133145955310431,1.528301886792453
-0.003890916101037506,0.7216897573181454,0.7049017607777004,0.025685355276417618,0.2818119890043616,0.7460103358793209,0.022375218693552888,-0.10017241186503854,0.7393903920463414,-0.003674125946594212,-0.12110269403711338,0.5780067675464605,0.05838414577008789,-0.12830170209543426,0.6069274314812269,-0.0013649837019461036,-0.19279364632946988,0.838683950193195,-0.2045235711173773,0.6964666327006508,0.7235723276739816,-0.19425636152787887,0.2491562425560898,0.7722444421359647,-0.17507784827090916,-0.13127679211014565,0.7688592814727396,-0.14711672280699556,-0.13614539168545842,0.6145708897084369,-0.20724350171858216,-0.14410576030512898,0.6418223288567464,-0.15509358236587756,-0.18672275107242672,0.803957596127204,-0.11594890775146313,1.214017556217559,0.7455393800881799,-0.11526538857385937,1.478916306007628,0.6958171007438445,-0.1242280724926266,1.3415359991704476,0.6265812505267596,0.022040060527264593,1.1345907475501735,0.7249399524839815,0.07937189075972212,0.8497213451210324,0.7107071539810403,0.07705276992650853,0.6198006484685041,0.6308907165074469,0.020115026219742704,0.5258917443925528,0.5770601375842902,0.040044613326970735,0.4902748108775462,0.578280019444803,0.0743875610915049,0.46681987484807075,0.6570624399733791,-0.26267761715655813,1.138558736523495,0.7329883343412862,-0.28938575225398755,0.878251717460741,0.6815175607269454,-0.266178128583202,0.6311040451685055,0.6347570892282601,-0.20179247049835147,0.5469495492414951,0.560796135357428,-0.21083210013609005,0.5150160642891438,0.5549279240981128,-0.27596518280275256,0.5019591787552858,0.6144808140442354,1.5471698113207548
-0.004494707040276824,0.7219382016489304,0.7026505093803328,0.025862375828246742,0.2817282319809198,0.745355891643317,0.0224605930277595,-0.10054975444233735,0.7395219111745901,-0.003663766352253522,-0.12106529353229716,0.5778282468881518,0.058405867955467455,-0.12823003687336493,0.6068141825370901,-0.0014967442720460954,-0.19267696517786986,0.8382002689518224,-0.20351957591800232,0.697307250141114,0.7208158933268978,-0.19430924384273998,0.24928015786895055,0.772061918530516,-0.17486948723247894,-0.13059945706611056,0.7674230180487807,-0.14710124404461825,-0.13683799346786404,0.6139859334413915,-0.20752796970801551,-0.1434028077900667,0.64136536095399,-0.15552321523603801,-0.18659761078579484,0.8036292255116829,-0.11591558848419822,1.213126559703821,0.7454900753956406,-0.11476257475608703,1.4787408623812943,0.6981890291591779,-0.12431464052490762,1.340936137221978,0.6266476585664958,0.02215619446561451,1.134662255812092,0.7246113879043441,0.07937723336854544,0.8486893410255835,0.7143458997511383,0.0809280394990903,0.6176658667413921,0.636358364419802,0.024262831748067593,0.5257123439857325,0.5784446359318249,0.04262992628861623,0.48948220556287203,0.5815192324709595,0.07650819317412322,0.4650404444781382,0.6603563690187881,-0.26258155810356765,1.1382990706810112,0.7340579243336677,-0.2891541776244905,0.8776221312738858,0.6846149159525232,-0.2663743848555358,0.6315465434080527,0.6355312029496167,-0.20241281835735522,0.5469160355925584,0.5621761211717644,-0.21217194143637838,0.5139997679561206,0.556980167113504,-0.27732822370609567,0.5022681583993671,0.6169673488809675,1.5660377358490567
-0.0053095363834225195,0.7220255653031075,0.7013391045331885,0.026049389766249126,0.2817392783677025,0.7450096732102582,0.022621279084455936,-0.10106494137631857,0.7399752837487988,-0.0036613669721916047,-0.12103061782189045,0.5776598409852928,0.058427383653397516,-0.12816141099851638,0.6066967203882211,-0.001563748349287376,-0.19271651653936867,0.8380491169467885,-0.20264355910208906,0.6980864101084648,0.7183591319058567,-0.19435287241778806,0.24996944170428914,0.7716537220346296,-0.1745761379954605,-0.1299000151845773,0.7659706617298236,-0.14713650736650036,-0.1372038842989426,0.6137064102795674,-0.20799265745391685,-0.14206528349936207,0.6398587020032075,-0.15595469359448996,-0.1864752437225734,0.803312983077338,-0.11606909341609067,1.213449071739022,0.7453807611164471,-0.11418176308274564,1.4785721204950308,0.7006092436843065,-0.12423750764163208,1.3411122412302623,0.6265798869614073,0.022505121701281217,1.1349152518202426,0.7235014371845987,0.07949915630136353,0.8479119509543258,0.7178941418832709,0.08336736491342372,0.6150865882611333,0.6427713412177353,0.02785238036314558,0.5259586860101478,0.5794845350299324,0.04437157555287047,0.4899412591629102,0.5848073755131811,0.07748985662028449,0.46515292803268665,0.6610192248017355,-0.2626670474509412,1.1381919044191053,0.7342466698885906,-0.28853241244132477,0.8756838990307052,0.6891505177865966,-0.26557869143356105,0.6316573031582803,0.6372623726962168,-0.20199952262408838,0.5466669459752506,0.5653041457737029,-0.2127783142780471,0.5130017206889186,0.5591703087570866,-0.2776874198359232,0.5018457588543085,0.6208302714755141,1.5849056603773586
-0.006062812307675802,0.7222199893880553,0.7006457370406037,0.026187773978392462,0.2816747304537369,0.7449519803097171,0.022798550244752115,-0.10158021628352354,0.7405191522492602,-0.0036652744171243217,-0.12100301154253752,0.577535794946631,0.05843839508832554,-0.12810173695016716,0.6065953980696903,-0.001567385020816666,-0.19289808487116117,0.8382261167445872,-0.2018443921866807,0.6988165170998117,0.7163703521379288,-0.19438804915222824,0.2508957477155741,0.7711031841983971,-0.1741767795817197,-0.12929889125932145,0.7645164764925333,-0.14709949476305612,-0.13712611146931492,0.6136447703460514,-0.20853710044286644,-0.1403452758550188,0.6375189574527127,-0.15638197259496184,-0.18636425449913996,0.8030018564806353,-0.11631373652558996,1.2149528128296296,0.7452849218545919,-0.11363275222727015,1.4784207338437652,0.7028779930602428,-0.12400907728601451,1.3423524685129309,0.6255388972162523,0.023063416453701968,1.1353644214268719,0.7215387865699334,0.07993058249486598,0.8475931950032679,0.7207589549688982,0.08451868420519795,0.6126164696285745,0.6497208830413307,0.03062109370694152,0.5267669243809165,0.5798775870896802,0.04554874512565851,0.4911655771256021,0.5880631130589642,0.07737017426208923,0.46636691776372496,0.6604030131838285,-0.26278419652881724,1.13819879978036,0.7339170577500458,-0.2878250753048942,0.872685159057437,0.6944628334597599,-0.2640346831781843,0.6314755656267066,0.6397634965038287,-0.20076942741416906,0.5462620343167295,0.570007281346463,-0.2124583292242966,0.5121057863041721,0.5614103473672323,-0.27707638537918733,0.5011848028822852,0.6255326570265242,1.6037735849056605
-0.006522426057460173,0.7225291913689338,0.7002948259879497,0.026221929243120556,0.28146445042782486,0.7450935268076633,0.02299736080919073,-0.10208327914874904,0.7411066096079294,-0.003672596371961636,-0.12099210993026878,0.5774821147417315,0.058432539588139695,-0.12806406643404758,0.6065439464666664,-0.0015034010777437606,-0.19324678099919437,0.8387281702508296,-0.20103775443413355,0.6994440273205775,0.7149710514916313,-0.19438394716674617,0.25171334574749515,0.7706015501961393,-0.17366327942509646,-0.12883243799617075,0.7631158323717561,-0.1469428293871548,-0.13660284287783628,0.6136630960578506,-0.20910106976507561,-0.13844940187421992,0.6346440995466844,-0.15680816484128215,-0.18625257562235656,0.8026893109455745,-0.11642790010609222,1.2171648943731594,0.7452828005757197,-0.11320397185372028,1.4783040491650012,0.7047014643989096,-0.12359929718981674,1.3445860826086469,0.6233903639343215,0.02371637966443524,1.1359419569484732,0.7190023532560564,0.0806637401280941,0.8476127426621403,0.7231418793408979,0.08491549365255369,0.6108696607929863,0.6563141559131156,0.032488786133023057,0.5279750875765284,0.5801815462907804,0.04632382905870808,0.492508278646273,0.5907818309240969,0.07648187329800246,0.4680328183200946,0.6597689219116996,-0.2628553647782477,1.1382280343135498,0.7335779827177923,-0.2872387645160928,0.8693435203380798,0.6993343882393844,-0.2621141165208517,0.6308842978456186,0.6428839647468956,-0.19916124051109,0.5458660895694776,0.575612255101964,-0.2113168380472753,0.5112883001538003,0.5637209013862335,-0.2756644565434402,0.5005142632282343,0.6302160883701088,1.6226415094339623
-0.006616247748214288,0.7227834067422123,0.7002072415828288,0.02620036753518626,0.28114280236328837,0.7452528875636276,0.023266702246363593,-0.10266327660607258,0.741887256997426,-0.0036830162585538657,-0.12100029243348988,0.5774970478634451,0.05841386851453005,-0.12805601630746555,0.6065538023144162,-0.0013611905688126794,-0.1938291983611186,0.8395472575448804,-0.2001752225493626,0.6998976205576797,0.7141163212218614,-0.1943169584848982,0.25226498024588895,0.7703164524472922,-0.17306426116479023,-0.128454112144959,0.7618405813803866,-0.14673963607227533,-0.13573959776187508,0.6137066316207224,-0.20959094552541496,-0.1367526859036523,0.6318261323610335,-0.15724850199337326,-0.18610645905208298,0.8023678620942181,-0.11625140730739789,1.2195700397724651,0.7453968987333379,-0.11296098501645074,1.4782418808819238,0.7057692073704785,-0.12289395381985982,1.347422474227274,0.6206460690064357,0.024427664383995074,1.1365617308394997,0.7162803593998259,0.08155690747620897,0.8476423928841371,0.7257854976140726,0.08510649227941383,0.6101986387562488,0.661712621354607,0.03368710213725448,0.5290614352330515,0.5812377026491674,0.046863388333042294,0.4935436486558422,0.5928237276976083,0.0754249095971368,0.4697292459557968,0.6601106173409272,-0.26287476977769275,1.1382380191386008,0.7334491697564298,-0.2867973954681308,0.866509288114059,0.702425129444852,-0.2601402966206857,0.6296986416887588,0.6464537325288052,-0.19755580851536506,0.545572994769547,0.5810400365705651,-0.20975829182453157,0.5104265041383883,0.566226672947989,-0.273693347430467,0.4997878692266846,0.6342595394244833,1.6415094339622642
-0.006416331806820774,0.7228654601934191,0.7004200960372178,0.02624643667522024,0.2807058037102006,0.745252046233575,0.02361513156316844,-0.1033638167689892,0.7430291431555615,-0.0036983298838193747,-0.12101668242519002,0.5775454470179219,0.058391214189905886,-0.1280683818245657,0.6065956706833817,-0.0011305269004452218,-0.19471645018649456,0.8406849856301029,-0.1993070679292958,0.7001924484396558,0.7135488445199945,-0.19422617806981984,0.252576552532079,0.7702362117196114,-0.17245189288608515,-0.1281208345166201,0.7607128749321145,-0.14656944941300645,-0.1347862673449184,0.6137798394690489,-0.2098932589175063,-0.13566947039674773,0.6297084171126571,-0.1577064017174628,-0.18592051024756748,0.802057409808569,-0.11578393170024201,1.2218319475413142,0.7455852792509804,-0.11291257550819678,1.4782387414991547,0.7059965960740568,-0.12183009092445957,1.3503894878517193,0.617945496578642,0.025257404322893418,1.1371416561825027,0.7137763702422597,0.08248478064179796,0.847490852090697,0.7289577195808432,0.0855514286522013,0.6106730368069748,0.6654502367706605,0.034604974181809495,0.5294848371924495,0.5832740500865194,0.0474506029673831,0.49399672080967066,0.5945707081307193,0.07474892129453153,0.47113641904517983,0.6617736046490627,-0.2628750908402171,1.1382457187348973,0.7334424316393302,-0.28646370360359,0.8646499641933001,0.7032263210780898,-0.2583493692064362,0.6280264468511744,0.6500414520777889,-0.19639068939315546,0.545492128173087,0.58495379721981,-0.20833659425179585,0.5095027822771523,0.5687708793661923,-0.2715350461280993,0.49886747552020455,0.6375327514330258,1.660377358490566
-0.0060433219667026805,0.7227936404483944,0.7009201884774444,0.026427866924925394,0.28011144536612587,0.745065846535317,0.02398716434749116,-0.1041232425902077,0.7445166914393059,-0.003717912523034687,-0.12102382128126744,0.577586646126603,0.058371770921066685,-0.12808244826203713,0.606633481706156,-0.0008110246594828997,-0.19592052916357808,0.8421421447311246,-0.19853730662286453,0.7004102814560226,0.7130001938666305,-0.19416167907337814,0.2526093665440164,0.7702383497341696,-0.17190285165735325,-0.12778793576241773,0.7596486553016939,-0.14643197343010725,-0.13407831750858037,0.6139713753371243,-0.20994744112798108,-0.13531795468515712,0.6285271509099055,-0.15814484299635695,-0.1857664270935489,0.8018121927834779,-0.11511209110420284,1.2237048256897902,0.7457923538405,-0.11297927246786199,1.4782688519365557,0.705706888757526,-0.12049425654073714,1.3530795722373812,0.6157232734428251,0.026210120082727995,1.1375982508930176,0.7118859531822974,0.08334914225844495,0.8471898093657939,0.7321879585252511,0.08661695719937956,0.6120822030647276,0.6674999975977429,0.03549752611991627,0.5290978755612653,0.5859006055950677,0.04834027584828021,0.4935906406426477,0.5964108403659408,0.07480480328815536,0.4720249966654325,0.6644285665284237,-0.26288172331450405,1.1382687410778458,0.7334368165752373,-0.28623443376237145,0.8637235199917924,0.7025113034443725,-0.25701428603396637,0.6264813906323146,0.6528627833532876,-0.19609889177039627,0.5457325432958776,0.5864113738033077,-0.2075247407967399,0.5086727717623203,0.5708633367480928,-0.2696353873657025,0.4977148172128554,0.640053942724884,1.679245283018868
-0.005594629421098396,0.7226075468393566,0.7015446065900506,0.02669094816596093,0.27940816631470555,0.7447984029828515,0.02432212382235634,-0.10485373732495976,0.7461063619586602,-0.0037370847467640207,-0.1210147283131493,0.5776058139496338,0.05835924988547523,-0.12808600749769034,0.6066577697349713,-0.00042141253092351297,-0.19734568891367288,0.8438319970487362,-0.19795853441132524,0.7005798750609625,0.7124425854911122,-0.19410626460969044,0.252241186409352,0.7702356260656252,-0.17143720233935736,-0.12734307891870458,0.7585271378488813,-0.14630651129310482,-0.1338465664269034,0.6143981735285098,-0.209770936343924,-0.13551662560283295,0.6282128841108842,-0.15849806495586538,-0.18572877681182182,0.8016743020157188,-0.11433047875911284,1.2249315195986,0.7460192996632682,-0.11305021059997278,1.4782936217452576,0.7053901424384772,-0.11909320973493465,1.3551933177253297,0.6141976392763613,0.02716509506475845,1.1378559739952046,0.7109294206906485,0.0840860950520276,0.8467952712463942,0.7349636754934009,0.08842268239586237,0.6139488237421672,0.6680992333112329,0.0363604968509636,0.5281686301589222,0.5886244322114246,0.04960365495510427,0.4920796902833838,0.598487376696291,0.07585036178596291,0.47223008589661664,0.6675016602623292,-0.26288870683769394,1.1383028178545718,0.733404186491651,-0.2861817862334414,0.8634961851116765,0.7016282245535713,-0.25642948914508784,0.6258117616890647,0.6539840672367895,-0.1968395368792469,0.5463406875637855,0.5853545252448193,-0.20754436878220245,0.5081352433700331,0.5720148977297481,-0.2683145539721427,0.49649777540611895,0.6415445317218315,1.69811320754717
-0.005125616691989271,0.7222974397637226,0.7020659349512038,0.026943061280551434,0.2787452419087153,0.7445542409885751,0.024600153446494324,-0.10551747509222785,0.7475341030476036,-0.0037515586447908937,-0.12100391921486409,0.5776126697818716,0.05835160208267763,-0.12808037610345346,0.6066734942789782,-4.977062947729904e-06,-0.19878169309723673,0.8455311553000696,-0.19760553208217396,0.7006818987003004,0.7119748416219168,-0.19401948811977404,0.2515236480011861,0.7702040119398081,-0.17103190784131794,-0.12674360178841243,0.7573940218578912,-0.14626648745681112,-0.13405532127680872,0.6149641723251942,-0.2094740736266694,-0.13595062548791315,0.6285835018601702,-0.15871105273911115,-0.18580595350234486,0.801648285515899,-0.11354449827662594,1.2253675089991407,0.7463645440668734,-0.11307711993705816,1.4782961527741698,0.7052743361799683,-0.1178720056608944,1.3565633071292973,0.6135089790788517,0.028002898475475435,1.1378984333903812,0.7109497985152519,0.08471837748455413,0.8462879019778138,0.7372689649837548,0.09073791517610488,0.6156411805701274,0.6677263551074283,0.03707693085799335,0.5270676504085888,0.59110413283959,0.051210247407942666,0.4893649183816447,0.6009734188953071,0.07801977833334436,0.47177524781000113,0.6705252076548393,-0.262854542405394,1.1383330783654966,0.7333848713972464,-0.2863793620761312,0.8637925984148043,0.7013327981482071,-0.25664847357632337,0.6262739823802921,0.6530109458286653,-0.19833364656625602,0.5472183195100776,0.5824655130181312,-0.20832886208101362,0.507961529347046,0.5720967638441904,-0.26765739523910154,0.49536133743028404,0.6417197556493031,1.7169811320754718
-0.004658581936444306,0.7218952188461426,0.702355555324359,0.027145290870685235,0.2782785864358279,0.7443870735454965,0.024830393383129812,-0.1061049819445115,0.7487019787924465,-0.003760699291106709,-0.12101238723365687,0.5776203030420871,0.058344831003871986,-0.12807311517358658,0.6066762317503541,0.000388276479182698,-0.20000077301613575,0.8470256886175375,-0.19741441102158885,0.7007552968001123,0.7115561246849464,-0.193915456553326,0.25075376701130736,0.7701600073682173,-0.17070610177840398,-0.126196553150432,0.7565174987602363,-0.14644810270353037,-0.13440265356779413,0.6152155191397488,-0.2092200586788609,-0.13627318660191273,0.629181682055644,-0.15875994079415062,-0.18594027696240858,0.8017257117379905,-0.11289284073385278,1.2252073488027897,0.7468872979963357,-0.11307598784519768,1.478286877428325,0.7052920168153392,-0.11698990480054,1.3571828056364572,0.6136432828600203,0.02873018637348157,1.137811682580279,0.7115536607215887,0.08530065555561886,0.8456853373220052,0.7393380161949457,0.09306530375098285,0.6166005457575959,0.6671489436900377,0.037627338965135926,0.5260419146276186,0.5930788451328789,0.05311845220203923,0.4857044993293073,0.6041984226327215,0.08109241229004568,0.4710559858249363,0.6731887799219616,-0.2627391622533535,1.13833931857889,0.733454043150715,-0.28671448562385327,0.864496529809058,0.7013858668421566,-0.257387689245572,0.6275498531264584,0.6505115515195424,-0.1999267243867333,0.5480559328950007,0.5787812091097961,-0.20954347165139353,0.50802588757947,0.5715023211569175,-0.2675584198016141,0.4942406902996055,0.6409147196811262,1.7358490566037736
-0.004203913780836094,0.7215042730558276,0.7024608582786035,0.027294175643068005,0.2781124818663535,0.7443037678465778,0.025022415125393906,-0.10659677064183802,0.7496314566620996,-0.003766859165773884,-0.121041946365743,0.577632821408527,0.05833865675656379,-0.12806712290650207,0.6066509602376223,0.0007356500261598551,-0.20090386258271198,0.8482822632748517,-0.19725656836108002,0.700878441856844,0.7110803749788293,-0.19384420308211298,0.2502675593167919,0.7701436383793812,-0.1705464253497823,-0.12599822621257567,0.7561975234746812,-0.14685993145750928,-0.13436843796335052,0.6144662092271426,-0.20910751965455282,-0.13624841526404638,0.6293948933973148,-0.15864089865970915,-0.1861007647705877,0.801906337677627,-0.11250961422561165,1.224936256799537,0.74732158396481,-0.1130674156328837,1.4782828916245843,0.7053321332534501,-0.1164418312405861,1.3572713329106938,0.6141717412725922,0.02940769142396099,1.137723903777489,0.7121779643454598,0.08579911626994044,0.8451261675608366,0.741100916741743,0.09485682882010946,0.6165745287453557,0.6670500447181238,0.03810721512832013,0.5252092741228217,0.5943063943066376,0.05521382228147628,0.48175379768903553,0.6083378838485956,0.0844444200815068,0.4705326065745848,0.6752270521767095,-0.2625881363656012,1.138296992855349,0.7336774872996994,-0.28688476035923693,0.8655330601654091,0.7010899024751104,-0.25829780650446504,0.6292137590872395,0.6474554234621896,-0.20095297949599616,0.5485500774983822,0.575349684100728,-0.21069446156000407,0.5081366920690458,0.5708548532946658,-0.2678406700346775,0.49315187931785537,0.6399936045242184,1.7547169811320755
-0.0037778125657544626,0.7212091811329978,0.7025162636958587,0.027386884086661747,0.2782552731173449,0.7442760634748824,0.02517448316426648,-0.10697209194020994,0.7503484816724573,-0.0037741077057600147,-0.12107729601935589,0.5776499125189232,0.05833036456781618,-0.1280596183164311,0.6065881458006339,0.0010457772371083713,-0.2015363942894911,0.8493862787231579,-0.19705448902670444,0.7010592542966185,0.7106251346352741,-0.19383151467030268,0.2502225858091659,0.7701793847008,-0.17063927296916348,-0.12626942919100373,0.7566252906491645,-0.1473187492558518,-0.13330501605424258,0.6121218306475702,-0.20913524609632855,-0.13582893528100082,0.6289113641735177,-0.15835919842180146,-0.18628790834976325,0.8021928718688668,-0.1124269877605388,1.2249333664492492,0.7471130271823458,-0.113054136770666,1.4782933232196425,0.7053535565559113,-0.11614910599856898,1.3572175905506638,0.6144844379646417,0.029995710416551857,1.137695357100014,0.712545109304366,0.08610112877178536,0.8447826660311315,0.7421611730930124,0.09577795366709438,0.615770494683655,0.6674037669023326,0.0385865571722388,0.5246453206211201,0.5947198220043455,0.05728106606145003,0.478126096959877,0.6130990621354665,0.08740635783777195,0.4702664932962909,0.6763747689574835,-0.26256146261778496,1.1382059462989533,0.7339911002775432,-0.2866559111198641,0.8668545326006358,0.6999860909329403,-0.2592083944673486,0.6310435690311246,0.6443990668327906,-0.20113949665931277,0.5486260263138577,0.5730559591324536,-0.21137339728519408,0.5082080521420534,0.5705229576755362,-0.2683295403408203,0.49234378175128674,0.6395744209120686,1.7735849056603774
-0.00338309983661772,0.7210326424603554,0.702605744302868,0.02743179122272811,0.27860560843642174,0.7442682835232779,0.025279069677030554,-0.10722329331013565,0.7508526422990921,-0.0037856829228970924,-0.12110828365473453,0.5776749197369091,0.05831090453018348,-0.12805075695874601,0.6064996864368752,0.0013278574389492728,-0.2019947203562192,0.8503830359520609,-0.19683706461990838,0.7012226634775343,0.7104577812405497,-0.19387185235954799,0.2505697428404645,0.770242411174011,-0.1709877278719515,-0.12690771213275182,0.757814471813215,-0.1476285506052296,-0.1307543434593175,0.6080714363225999,-0.20926188985871602,-0.13510628419700826,0.6278529891692983,-0.15794858595132233,-0.18650196655049184,0.8025727764575684,-0.1125194215852186,1.2251857761108673,0.7458898569699965,-0.11303293724643149,1.478318671517987,0.7053553837951652,-0.11605764307383976,1.3572417813505195,0.614480457732302,0.030363204531353716,1.1377075831911438,0.7126947018753158,0.0861550904274114,0.8447221074789222,0.7423209241762829,0.09587721152688264,0.6147310940046822,0.6675249824403554,0.03899313505916421,0.5243710730843374,0.5946242785484033,0.059104898634042,0.4749856124322477,0.6178233728139758,0.08966587133783915,0.4700779753124701,0.6765767104313396,-0.2628588728933986,1.1381424481209945,0.7340423946197674,-0.2860356755473089,0.8683773004729576,0.6980848437283637,-0.2600286542261104,0.6329438006513545,0.6414534172818211,-0.20059642190652188,0.5482917277987343,0.57254938753482,-0.2114386686346777,0.5082291742837713,0.5705751679958333,-0.26884256572888476,0.4920031831106043,0.6394907152440167,1.7924528301886793
-0.002995369932755232,0.7209651277190589,0.7027317719735646,0.027443841877909242,0.27904064219663016,0.744266737480264,0.025330503468145277,-0.10734945531107197,0.7511339549405334,-0.0038020167937394666,-0.12113367285246182,0.5777004398253612,0.05827424462223648,-0.12804519542136872,0.6064057795220139,0.0015715809627939621,-0.20236674343095748,0.8512442210474621,-0.19668118902906018,0.7012995856345259,0.7107951145996807,-0.19395257213700784,0.2511882237673188,0.7702780575113722,-0.17147912393482595,-0.12766660394123117,0.7594751259391368,-0.14772468077877932,-0.12677321946899295,0.6027912492629868,-0.20942857835737216,-0.13431680407685875,0.6266526990822266,-0.1574850083166628,-0.18673228871216363,0.8030109646853498,-0.11259904427916789,1.2254308379637395,0.7437423721899075,-0.11300445637924922,1.4783555500499128,0.7053439330278388,-0.11606420006124579,1.3571565009260558,0.6146629695852694,0.030447970718325168,1.1377292232424732,0.7127280027298071,0.08605763102175432,0.8448486838317701,0.7419130366244555,0.0954916259839183,0.613928753215069,0.6668297122951691,0.03917193567190305,0.5242613927024028,0.5945708768065351,0.0605353073802922,0.47233938119182767,0.6217846553812986,0.09126171884973736,0.4699086061981022,0.6762159312487664,-0.2635923896539185,1.13824768686238,0.7333180818697762,-0.28520286015338403,0.8699777006045444,0.6956601580675614,-0.26055811348814983,0.6347431925383609,0.6388528283424606,-0.1995251062343758,0.5475036313225158,0.5739082426867387,-0.2109764718877482,0.5081909077421813,0.5709546850357313,-0.2691934225312019,0.49216510055221213,0.6390711056467934,1.8113207547169807
-0.0025994797246085,0.7209968951464611,0.7028607768841169,0.02743251781424695,0.2794892499534932,0.7442913656770729,0.025325921163880508,-0.10734805847777577,0.7511838129986681,-0.003821721386250829,-0.12114967140741698,0.57769255013947,0.05822460719620591,-0.12804420547950887,0.6063122769217393,0.0017571968867699914,-0.20269614875822475,0.8519165419491014,-0.19666043158515567,0.7012834183957157,0.7116099709349866,-0.19405401085125995,0.2519529552075109,0.7702541636153049,-0.171957876357117,-0.12833900728861708,0.7611322028205824,-0.1475968407930103,-0.12198907582727961,0.5970907585861063,-0.20956627957659002,-0.13379627155087856,0.6258616456777057,-0.15703890287585354,-0.18696199066165825,0.8034647101569588,-0.1125772674332568,1.2254819328089137,0.7410499396469032,-0.11297493639545614,1.4783982824804698,0.705323382249779,-0.11604147328823367,1.3566150496401475,0.615500230197287,0.030351188827440923,1.1377482096173066,0.7127072100295669,0.08596330886952092,0.8449972983236694,0.7414819152665426,0.09493463293305968,0.6135644279091819,0.6652629875378091,0.039131003108676427,0.5241060113249587,0.5949975200469428,0.06146698226142813,0.4704889911529795,0.6243496685674231,0.09235042835442675,0.4698169237047564,0.6758880110371546,-0.26466152793753317,1.1386038462276753,0.7316022309740207,-0.28433360139248326,0.8715322999719499,0.6930116482737001,-0.2605271483707017,0.6360973980344287,0.6372851981822034,-0.19814655195833386,0.5464015257726847,0.5763960257084948,-0.21013323817674032,0.5081750961014405,0.5713760429968352,-0.26922460567740664,0.49282561612200565,0.6378955916381363,1.830188679245283
-0.002208842575476211,0.7211233440782566,0.702969470550862,0.02742533920592405,0.2799229803417791,0.7443860448798953,0.02526450473486532,-0.10721680948874626,0.7509984855983355,-0.003842247007830213,-0.12114873554868658,0.5776215390962798,0.058174813552288436,-0.12804393557932353,0.6062233774185178,0.0018705201062234195,-0.20295311469920263,0.8523491852469979,-0.19681064132462675,0.7012129136693892,0.7126747970013264,-0.19414845543564369,0.25273060678055637,0.7701870725555842,-0.17234767542979462,-0.12889742320927272,0.7625020480112064,-0.1471549424926994,-0.11744302526478195,0.5918510478125126,-0.20964910438448583,-0.13368703227730167,0.6256979800279785,-0.15662142091345618,-0.18717095618948532,0.80388651728513,-0.11248029650710353,1.2253071178543706,0.7382200253196712,-0.11295375517593592,1.4784366809867562,0.7052972572417497,-0.11607930736130245,1.3554813559337509,0.6170263060383496,0.03024056249614543,1.1377644650006433,0.7126709132994181,0.08593781667142517,0.8450889986465496,0.7412669364464043,0.09432875679130984,0.6136845120413255,0.6631022750353266,0.03910376874153698,0.5238102179933738,0.595886228370786,0.061837102352011064,0.4697699323299408,0.6252092705093503,0.09308262373805487,0.4698160155526083,0.6759287820120674,-0.26578003425162744,1.139118727271024,0.7291486800239186,-0.2834641522960578,0.8728863049972791,0.6904311305087119,-0.2597850614177549,0.6366594422821312,0.6374663200732754,-0.19677996664236339,0.5454169521207903,0.5790477709018867,-0.20900031237635874,0.5083893331093731,0.571321566266227,-0.2687759392832098,0.49381483788283964,0.6361474209709164,1.849056603773585
-0.0018466327590049292,0.7213349552429676,0.7030786130934654,0.027479125819754743,0.2803699768331436,0.7445934056269387,0.025147286742921594,-0.10695726996475963,0.7505807637480377,-0.003858218640168029,-0.12112696782975009,0.5775030350879928,0.058141816937025054,-0.1280397085819636,0.6061594587162416,0.001902581215401988,-0.20306682700857812,0.8524938435538464,-0.19707701956358267,0.7011424620782597,0.7137484754663814,-0.1942211073508811,0.253446085433825,0.770117776561469,-0.17266927210452548,-0.12935618101368626,0.7635992936576524,-0.1463015638769615,-0.11419184220338119,0.587851970448805,-0.20969994526155566,-0.13379881436530106,0.6258649718987491,-0.15620742994841763,-0.1873348127087039,0.804216682848455,-0.11234683578128857,1.2248409856826392,0.7355970277977184,-0.11294822420104328,1.4784576763112232,0.7052696588167165,-0.11646140165455515,1.3538647282991094,0.6189949138422444,0.030193183080161556,1.1377809581043539,0.7126304418622196,0.0859544391904695,0.8451469849795584,0.741177337216483,0.09368974129488428,0.6142430593422601,0.6606786311076389,0.0392233141307029,0.5234977238983235,0.5965489055230453,0.061640351254463766,0.47009804640433606,0.6245890284288821,0.09354057906631777,0.4697628650690204,0.6762636849177986,-0.2666764151667643,1.1395756149015959,0.7263567362608017,-0.2825382161524468,0.8737982343774223,0.6883188332596852,-0.25842971622551747,0.6363178735011126,0.6393794647644748,-0.19571560849210423,0.5448763357953945,0.5815343797316821,-0.2076432921606688,0.508993142313779,0.570425462612641,-0.26764768897443425,0.49479875839388965,0.6342913832100887,1.8679245283018868
-0.0015460956310383023,0.7216137801167939,0.7032762984404821,0.02763584126799057,0.28090755318850696,0.7449280215838932,0.024975633831784118,-0.10657199077061748,0.749935121580898,-0.0038628168452293664,-0.1210916017515463,0.5773800040576108,0.058138211011878486,-0.12802861618049746,0.6061402881819068,0.0018502495795839847,-0.20299551530763985,0.852327757574207,-0.19732556692222197,0.7011234418632845,0.7147068450277095,-0.1942780733840627,0.25412072412567643,0.7700764700331814,-0.1729608199408867,-0.12961937468662701,0.7645195762404178,-0.14521693693292623,-0.11271635211298026,0.5854870003368409,-0.20973103270000304,-0.13389952725606052,0.6260129558166507,-0.15578446113551167,-0.18743606268942006,0.8044212483015237,-0.11219679977480021,1.2239401156808347,0.7335120161609081,-0.11295904109221677,1.4784528483667696,0.705243750333873,-0.11730893139532506,1.3519614407351943,0.6211321662797302,0.03018568129331689,1.1378001997359508,0.7125786577326896,0.08598004533665643,0.8452054867464089,0.7410926229634511,0.09299528889847744,0.615019203407734,0.658295672105156,0.039273307822833226,0.5234022605419931,0.5960605470158197,0.060889962063116615,0.4711969273972312,0.6228963410009289,0.09366820525033714,0.46947930506951974,0.6764936448894686,-0.2671978861113251,1.1397772009422045,0.7235869026153465,-0.28158314304632154,0.8740339030340368,0.6871699690521791,-0.25675266513163825,0.6352042749800436,0.6422922234205571,-0.19502338107589967,0.5446479569746857,0.5840902210855294,-0.2061882630831825,0.5099623851863688,0.5687146762860191,-0.26571368341825186,0.49553736658232844,0.632662212595884,1.8867924528301887
-0.0013507728309682665,0.72194014519034,0.7036713293209277,0.02788733208244369,0.28157761042088103,0.7453706567222348,0.02474843142958714,-0.10605838656135477,0.7490574801148042,-0.0038549448081178182,-0.12106063337829112,0.5772755633429169,0.0581627478800704,-0.1280093257843637,0.606157117359897,0.0017368768102910285,-0.20277726851745947,0.8519323120369712,-0.19744263617663663,0.7011846082761667,0.7155345047848676,-0.19433151947683341,0.2548056661843072,0.7700740487580995,-0.173222989407077,-0.12959040042593362,0.7652880739223445,-0.14444341669595429,-0.11262337153398469,0.5844301884567018,-0.20974318225541344,-0.13393499711178233,0.6260617556809798,-0.15535794858647725,-0.18748145820856632,0.8045332160250641,-0.11207183144172578,1.222573963238408,0.7322771411733549,-0.11298048561000507,1.47842389030833,0.7052211623809166,-0.11848743408406498,1.3499895742894692,0.623218133172096,0.03018440339271683,1.1378213524172724,0.7125157556821079,0.086005205724699,0.8452653441938273,0.7409938173515767,0.09220757034893493,0.6156603703472877,0.6562684278094112,0.03889595534104334,0.523713508725195,0.5941139365334658,0.05952977602460535,0.47312568139998773,0.6201025096428925,0.09326437588026848,0.4691140638866425,0.6760795050584721,-0.2672348070471512,1.1396099524763177,0.721385763181872,-0.280697577432171,0.8735637379390286,0.6872258931371715,-0.2550636274669096,0.633553727846268,0.6454945587197887,-0.1945353973901708,0.5442214498614653,0.5867433569595386,-0.20482314993981404,0.5111466047285119,0.5664607765223049,-0.26311554357464856,0.49586989654148456,0.6314020548578163,1.9056603773584904
-0.0012696235541633238,0.7223067007783422,0.704244119962912,0.028192784950883218,0.2823497911568741,0.7458811898740091,0.024459552760874425,-0.10540726337878555,0.7479302331306781,-0.003841530426951018,-0.12104487021442559,0.5771863147544933,0.0582046528264806,-0.12798107939946052,0.6061743827477777,0.001623967422421252,-0.20251811571883954,0.8515257640989525,-0.19740899088648078,0.7013209668071185,0.7162517864712024,-0.19438629810114244,0.2554990844455611,0.7701066943825778,-0.17342022253799208,-0.12932447492179439,0.765882503453007,-0.1444700352436808,-0.11311805715645502,0.5839144305671953,-0.20975378953902954,-0.13394091292431828,0.62605652533829,-0.1549376466613319,-0.18749894282761762,0.8046185388776309,-0.11201172618398891,1.2209394120567412,0.7319672140468458,-0.11300498844433576,1.4783797554654758,0.7052023624827526,-0.11980641309278667,1.3482332392067808,0.6249368304611169,0.03018221937125143,1.1378399043360277,0.7124548928191741,0.08602685597865936,0.8453064786329884,0.7409156379323909,0.09134580582063972,0.6159402837075668,0.6549024453268623,0.03794560124216462,0.5244917499333901,0.5911012469878418,0.05745779765836237,0.476274674633747,0.6157961074789793,0.09206559254495306,0.46921955907947366,0.6746767237715362,-0.26672245553475615,1.1390724287755105,0.720489140010123,-0.2798761827853366,0.8726042814811128,0.688148427554634,-0.2536059051716485,0.6315906114817098,0.6486169539426168,-0.19398391338700033,0.5430315140185495,0.5891800044692703,-0.20369172957741977,0.5123739056954716,0.5640030660691532,-0.26029436207541473,0.4955919167128585,0.6306590775026324,1.9245283018867925
-0.0012522231610105072,0.7227246737589289,0.70479308216079,0.02849504070823347,0.2831688549028125,0.7464081695257432,0.02410263740164695,-0.10461870323865637,0.7465480667992566,-0.0038298819278713373,-0.1210346596423163,0.5771110080759027,0.05825570749543674,-0.12794827813116713,0.6061691083441697,0.0015697918290043047,-0.20229963492101868,0.8513104216262429,-0.19725593964950805,0.7015086331723126,0.716869921648954,-0.19443803552688743,0.2561338109817984,0.7701590766666466,-0.1735220759040228,-0.1289755010110041,0.7662998104540166,-0.14525657615665394,-0.11381928409416148,0.5837057173448729,-0.20977659579768207,-0.13394774356489636,0.6260363949345862,-0.15453467020387857,-0.18751189115951794,0.8047120565777642,-0.11195886216923492,1.2193658693476865,0.7322315136322936,-0.11302675394643774,1.4783298103344318,0.7051867191150213,-0.12108311059923349,1.34702739615203,0.6257632072941033,0.03018212640189788,1.1378505178013656,0.7124110656651845,0.08603890562869523,0.8453103141949282,0.7408807048364039,0.09048322141195336,0.615928212775585,0.654284934359157,0.03653049818393131,0.5256477614574598,0.5875540856104668,0.05471369736813694,0.48083995126675777,0.609879334294601,0.08990527826851238,0.47028617055596766,0.672299109046326,-0.26577303892702164,1.1383049592354675,0.721324850826607,-0.2790282978504548,0.8714591346385934,0.6892483347068001,-0.2525659016315945,0.6295347760556667,0.6513778441207425,-0.19317848469749474,0.5407443956820162,0.5914924163701701,-0.20280629900506097,0.5134867456026766,0.5617096313577955,-0.25775809856659937,0.49462011967496433,0.6307014474328503,1.9433962264150944
-0.001243319701437845,0.723209546193775,0.7051023981954685,0.028725256483469186,0.2840176439981269,0.7469107927071648,0.023695080657288058,-0.10374393205560359,0.7450012277739155,-0.003820949554073908,-0.12101660108716139,0.5770691144929028,0.05830969317315569,-0.12792544786132953,0.6061587618041634,0.00157652731650121,-0.20213037056485617,0.8512948026980705,-0.19699700382537794,0.7017295951011779,0.7173859555041509,-0.1944800472066357,0.2566399363238713,0.7702135366534959,-0.17353755333595597,-0.12865238086732572,0.7665687722978216,-0.1463289523756607,-0.11492991783749384,0.5844945840686258,-0.20980603742938614,-0.13397337432392112,0.6260319328556181,-0.15416086783769994,-0.18751824220797048,0.8048029708183194,-0.11176116680952033,1.2180906759469547,0.7325533718732271,-0.11304197599925181,1.478280974740811,0.705174047551072,-0.12217425780011631,1.3465460031654537,0.6254407885810849,0.03018474709531538,1.1378492872014392,0.7123931748007546,0.0860385061656504,0.8452776835542004,0.7408716074990569,0.08961406527437443,0.6158779280209048,0.6541024650192961,0.03478575286647953,0.5271034991793542,0.5839222021513426,0.051578093212858195,0.48650480262216905,0.6029401909438952,0.08689644931584356,0.47232441878428877,0.6692171878468529,-0.26468304944424215,1.1375308088223364,0.7236327112380174,-0.2781630633130623,0.8703618516490815,0.6900215041109583,-0.2520307247628478,0.6276798559368273,0.6534151982461948,-0.19209062049103326,0.5373902005533504,0.5944549016880725,-0.2021258949376118,0.5143317789912656,0.5599572057084011,-0.25579679926835086,0.4931261331112827,0.631642023158259,1.962264150943396
-0.0012299786927085221,0.723766542289636,0.7050916515481493,0.028840490533940527,0.2849322269094307,0.7473901706750037,0.023304070070421175,-0.10289742538927962,0.743520195203528,-0.0038120124856313676,-0.12099276032681948,0.5770833766691161,0.058356588690615115,-0.12792826186680012,0.606173135008651,0.001602628291304837,-0.20201292339345212,0.8513496035199509,-0.196650438137665,0.7019809634829008,0.7177921002937631,-0.19450959260354925,0.25699246137967163,0.7702597885386471,-0.17349788387349305,-0.12839746469136903,0.766716881450796,-0.1472616863911766,-0.11674413606709357,0.5871234043396232,-0.20983061517284624,-0.13402540754422984,0.6260626663931145,-0.15382656438387105,-0.18750096440891412,0.8048662315163243,-0.11130737861030679,1.2170973640746978,0.7326996972944562,-0.113048755039376,1.4782399691064085,0.7051654194032625,-0.1230398347706553,1.3465752015395729,0.6245256232459652,0.03018912889404246,1.1378352354554906,0.7124011057009012,0.08602967088596075,0.8452287954149907,0.7408566187476541,0.08858491823853645,0.615987224232812,0.6538899282584252,0.03275823313096016,0.5289036305575098,0.5806993084427832,0.04848346899892242,0.49262207432128,0.596007960411056,0.08342045067261222,0.4750087053623474,0.6658476324029339,-0.2637681096562556,1.1369702037506275,0.7266036894674764,-0.2774319099505999,0.8694572238912852,0.6903302793343127,-0.25192149726966573,0.6263261711280101,0.6544210217241311,-0.1908639327461517,0.5335351390503397,0.598444843880996,-0.20168790530853883,0.5147768885741886,0.5590383458038363,-0.25443728016552586,0.49143821939192406,0.6330813118392941,1.981132075471698
-0.0012078101727990564,0.7243885682363118,0.7047878026204526,0.028862670172442928,0.28589678084455095,0.7478720478400924,0.023015021265032055,-0.10218684117587572,0.7423279132627193,-0.003803513933501843,-0.12097355287703257,0.577145594805938,0.05838550635883658,-0.12795724523248703,0.60621336150671,0.0016111712428429938,-0.20199539857106377,0.8513763272398082,-0.19627481320851745,0.7022737982667904,0.7180845898193531,-0.1945266585011785,0.2571957642220246,0.7702957489054754,-0.17343389240506718,-0.12823555519971153,0.7667392373897871,-0.1478964071076499,-0.11928336074055636,0.5917173477225666,-0.2098483449201539,-0.1341053746715757,0.6261356903501822,-0.15354174922954814,-0.18745589587339756,0.8048877245410945,-0.11061140453693272,1.2162694276264872,0.7327566184363338,-0.11304717882092863,1.4782163002991269,0.7051611891272607,-0.12360522511559449,1.3466801761216651,0.6238574451997717,0.03019521736008035,1.1378104999331333,0.7124258037322726,0.08600936387156002,0.8451726961175775,0.7408591271002225,0.08726146770002366,0.6162711535543897,0.6534800921024994,0.030529454087788815,0.5310066398330046,0.578468025687552,0.04588612884510829,0.4984728384799072,0.5901736848592378,0.07991190930799533,0.4780014788900195,0.6626594722970716,-0.26319217489491,1.1367812659541319,0.7293994910161442,-0.27700595743501627,0.8688525745941986,0.6902266117846824,-0.25203631741693083,0.6255721868831488,0.6544150956985229,-0.18977262632281883,0.5302626346311733,0.6024634564859932,-0.201546434825719,0.5148103712486246,0.5589638636569627,-0.25357706701145244,0.4899044865303691,0.6343493175836781,2.0
-0.001131273422533663,0.7250454702354048,0.7042468679774467,0.028852566200026797,0.28673707186536435,0.7483481810273845,0.022849395295406583,-0.10166391133275271,0.7414601590398489,-0.0037992939962294015,-0.12096346794132767,0.5772176554376279,0.058390376538054956,-0.12799515942073464,0.6062562423116676,0.0015883105222789747,-0.20213532082444086,0.851357089421811,-0.19593296394301302,0.7026183022026757,0.7182654793483896,-0.19453077609306532,0.2572550991717193,0.7703239513419468,-0.17336748979437977,-0.12817987221339705,0.7665901293118756,-0.14821138467244732,-0.1223204091385254,0.5975027560830045,-0.20987278546319407,-0.13421747534366002,0.626255074681357,-0.15331787402389457,-0.18739767102871432,0.80486374582234,-0.10978506564030324,1.2157203351242036,0.7328528056773228,-0.11303881314925407,1.4782206585237398,0.7051610086095268,-0.12371970704239055,1.3466791153701092,0.6235961624871091,0.03020392706292291,1.137778234428351,0.7124545648159447,0.08595113215002081,0.8450765651490035,0.7410090762449446,0.08577932463249957,0.6166495193472182,0.653028124976164,0.02832884590245832,0.5331328351918514,0.5776795598276757,0.04410433843842085,0.50339983929088,0.5862504731416225,0.0767493176856906,0.48095291507224375,0.6600636792204975,-0.2628997679168885,1.1369773718668603,0.7316108785024694,-0.27693241226911314,0.868616640984014,0.6898324748968152,-0.2521825544150508,0.6253291066496375,0.6538704579483355,-0.18909153998061248,0.5286240869410296,0.6048491051573314,-0.20162276462363285,0.51461788570464,0.5593411008518943,-0.2530855671668748,0.48873444764429674,0.6350850109406515,2.018867924528302
-0.0009396261773522152,0.7256680418510298,0.703517405795387,0.028840459958772643,0.28722970395125613,0.7487564424042202,0.022760932523847404,-0.10136493695258879,0.7408302772086081,-0.0038018313014564157,-0.1209595759433034,0.5772687087106787,0.0583732383459829,-0.12802219766110107,0.6062846734762694,0.0015386906040648974,-0.20243052087633415,0.8513108268888947,-0.19564950094538405,0.7029927760318881,0.7183338441398959,-0.1945210555309026,0.25717215434015883,0.770348036306201,-0.17328588275273088,-0.12821146169731978,0.7662280542943716,-0.1481913115619481,-0.12553541593899753,0.6032082406309335,-0.2099205264053639,-0.13436460717078794,0.6264192589233841,-0.15316517371787294,-0.1873350897096476,0.8047950362870959,-0.10896856869168034,1.2157568823678628,0.7330022727372663,-0.11302604089888602,1.478255519457507,0.7051643366218197,-0.12339791843553652,1.346786274610524,0.6232553315724583,0.030216168602071602,1.1377424306236628,0.7124783822463407,0.08583776495324727,0.8449129135482162,0.7414011443369782,0.08451811871356768,0.6170675264473614,0.6527103149516436,0.026458161347298836,0.5349464773841116,0.5781937394887672,0.04319628585941426,0.5068607933906173,0.584596569801973,0.07423578909403214,0.48338058994594413,0.658350367709445,-0.2627365743153924,1.1374027556296307,0.7331714767731512,-0.2770686106431913,0.8687145221722039,0.6893369893108504,-0.2522675587016372,0.6255602659585615,0.6534044238264308,-0.18900380394612015,0.5291381473200044,0.6047209874381745,-0.20175301270282853,0.5144529566702964,0.559652361113346,-0.2528867320561068,0.4879669584737937,0.6353078929434405,2.037735849056604
-0.0006332949535642063,0.726175044619382,0.7026321972622787,0.028805765512360998,0.2873226056090855,0.7490298584038925,0.022734488111836423,-0.10132988552432018,0.7404034956376339,-0.0038093237655730727,-0.12095724132797682,0.577292862254403,0.058344931450280135,-0.12803074372955664,0.6062981662345611,0.0014784853731986658,-0.20280022703608253,0.8512583622096046,-0.19541850037782577,0.7033409617026237,0.7182779865565119,-0.1944975216785068,0.2569532009444536,0.7703676739975368,-0.1731406817223191,-0.12826587902613612,0.7656757087068232,-0.14788382439186082,-0.12853356283961936,0.6076531414586631,-0.2099899815050559,-0.13453028614695137,0.6266042836834422,-0.15308955366091326,-0.18725127798670888,0.8046875166066665,-0.10827326258476935,1.2165201152556475,0.733144915052276,-0.11301023220383216,1.4783016881060054,0.7051660177560493,-0.12277207651883146,1.3472967278080845,0.6224517859963041,0.030231010410380454,1.1377103565489732,0.7124931333534332,0.08574040803342264,0.844772331442267,0.7417778551162739,0.08378374612290382,0.6174568880259123,0.652570769238509,0.02512570653681287,0.5362226673954243,0.5791173104414398,0.043042058794138,0.5084118216638673,0.5851425499092219,0.07254899196147277,0.48478724258695083,0.6576133982999826,-0.26263767699555585,1.137848392441591,0.7340135751230028,-0.27719499815939636,0.86897035578526,0.6889462043458486,-0.25229420967736765,0.6262480125402048,0.6533007336322486,-0.18958750765574905,0.5317099640635623,0.6024163500089077,-0.2018464934241152,0.514422791327302,0.5596880120319532,-0.25303501087056574,0.48772622053570847,0.6351064090746307,2.056603773584906
-0.00028352865803740745,0.7265359327854468,0.701607838265447,0.02872828899008517,0.2871642969888658,0.7491514825553565,0.022808757169232113,-0.10155174865020575,0.7402330921509186,-0.003815381319394435,-0.12095299708661755,0.5772950007050884,0.0583196374151077,-0.12802441878914464,0.606302891852813,0.0014233068800288582,-0.20315185447696107,0.8512118862572182,-0.19522935495247531,0.7036102062326067,0.7180839186014152,-0.19446187128542292,0.2566088785705498,0.7703775488814052,-0.17289209367298827,-0.12827121161915989,0.7649949213193605,-0.14753218609917015,-0.13068748216425558,0.6100000324300484,-0.210058398156994,-0.13467481883249358,0.6267633164319659,-0.1530923097940015,-0.18712066457561066,0.8045535400861477,-0.10778398148644955,1.2179066957015863,0.7332388369380646,-0.11299083236603591,1.4783164975362932,0.7051560776892347,-0.12181144881319173,1.3483141597553314,0.6212381500880759,0.030245358382183896,1.1376904016374287,0.7124955198751635,0.08581164285351361,0.8448540785549515,0.7415585702983009,0.08359488140614676,0.6176842499691989,0.652558924679553,0.024374735938264253,0.536802963442906,0.5795123573578529,0.04343116446235598,0.5079471231152648,0.5872355795992321,0.07177740903386595,0.48501024067154397,0.6576129840462032,-0.26262138987004713,1.1381726989081993,0.7341197974656963,-0.2772066587971598,0.8691706569699653,0.6887903706874072,-0.25229545894224475,0.6272167311912943,0.6534477532857597,-0.19074733201674057,0.5356578435470225,0.5987705231436746,-0.20190257838633185,0.5144740483794152,0.5595529298651413,-0.253660908262383,0.4882720195039787,0.6345216452402325,2.0754716981132075
3.596744196956991e-05,0.7268033533078525,0.7004258158396137,0.02861884800427024,0.28690655670684156,0.7491401747323851,0.022976278554920293,-0.10192000401883333,0.7403646967413525,-0.0038130893177817345,-0.12094291847568583,0.5772841973438859,0.05830614446818169,-0.12800913096511385,0.6063042781045986,0.0013785325577206175,-0.20344304473611005,0.8511721944222778,-0.19508047712055337,0.7037740459600725,0.7177469060253235,-0.19441597783141626,0.2561407709722091,0.7703741989497721,-0.17252964769101314,-0.12820776700818776,0.7642152936733276,-0.14748795625981062,-0.13123666694685457,0.6098173528147417,-0.2101012069820992,-0.13476241202796596,0.6268556608353993,-0.15316154040433733,-0.18695091029111,0.8044167307744258,-0.10757472309104105,1.2197437736084058,0.733281812196124,-0.11296891531751146,1.4782795075232082,0.7051338714158402,-0.12050729072899685,1.3497293392922205,0.6198342519828024,0.03025641948812602,1.1376855785259683,0.7124819032166987,0.08615415741930216,0.8452912563538043,0.7403453264841076,0.08379859345890966,0.6176772951406111,0.6526220594944212,0.024183839984781408,0.5365997211728523,0.5792325440221313,0.0440535847555972,0.5060488459372976,0.5896807781141088,0.07192020512266839,0.48444743252885114,0.65785259916046,-0.2626615044831866,1.1383217270025539,0.7337844460223807,-0.2771402251387871,0.8692247494392698,0.6888848371397295,-0.2522854338747592,0.6282566787008385,0.6536284797342732,-0.19217720686627685,0.5399744125698072,0.5943928867485875,-0.20192712451804512,0.5145322980532293,0.5593617475209056,-0.2548081616037971,0.48965156179604075,0.6336010127127358,2.0943396226415096
0.0002944620073488946,0.7270884845336394,0.6989924768113118,0.028486560862328425,0.28657554590013357,0.7490046316980303,0.023139297406790514,-0.10221280291411931,0.7406823092171617,-0.003799837500968303,-0.12092360419482068,0.5772809555555835,0.05830473613928252,-0.12799085961435758,0.6063083282311691,0.0013417284880234157,-0.20367273600275024,0.8511331999744918,-0.1949781345470259,0.7038257272300819,0.7172689523820425,-0.19435724186066533,0.25553321162397935,0.7703589039306177,-0.17205073429319886,-0.12808054858903511,0.7633210421636183,-0.1479061489923848,-0.12993740513010976,0.6074945633851644,-0.21011214585348986,-0.13478588727168989,0.6268735914280239,-0.15325787962443624,-0.18680448619168544,0.8043157242831859,-0.1076499898242364,1.2218394243449362,0.7332924751473135,-0.11295184680716569,1.478270080446423,0.7051258282971002,-0.11918289061232656,1.3513513402187343,0.618300419701125,0.03026340265321248,1.13769149723871,0.7124524332295321,0.08674255588210059,0.8460507768879427,0.7382101573283519,0.0843048096240056,0.6175394549039427,0.6527707573160849,0.02458933783913081,0.5356212348923148,0.5788555595921064,0.0446680235411607,0.5035854371870213,0.5916252844847486,0.07276393018026986,0.4836929165822769,0.6580054835815414,-0.26268755639331065,1.1383367019943529,0.7334490758256513,-0.2770621992263655,0.8691760502736069,0.6891493017937662,-0.25225744661819904,0.6292606535721685,0.6537312502347016,-0.19351323126580852,0.5438635724616218,0.5898534537202348,-0.2018975637998611,0.5146106804879809,0.5590870749798096,-0.25635340086328173,0.4916096339881864,0.6324095838040155,2.113207547169812
0.000499050453100558,0.7274556946804123,0.6972185831151002,0.02831302913363952,0.28616739341574915,0.7487447605140366,0.023194584549484424,-0.10221241603340826,0.7408850990115242,-0.003774043482055693,-0.12089923859640284,0.5773103919075079,0.05830915323473792,-0.12798081897050273,0.6063249583189764,0.001310375557788761,-0.20385000248593077,0.8510934288726314,-0.19493104900815808,0.7037816920668893,0.7166571049836639,-0.1942769543329565,0.2547734172992266,0.7703369779584128,-0.17144187896150714,-0.1278531230492634,0.762300900060628,-0.14859881835203748,-0.1275850207553278,0.6044377260174499,-0.21010709050358953,-0.1347329995268241,0.6268089085513785,-0.153327573473346,-0.18674689598295013,0.8042766558027061,-0.10788138389491736,1.2239482308681473,0.7333121766580184,-0.11294990975598301,1.4784303318171692,0.7051758739160472,-0.11832805708973981,1.3530832900006955,0.6166110416590209,0.030266656209800902,1.1376997635029678,0.7124149727067342,0.08747635315322053,0.8470028381755434,0.735501508171216,0.08509547112870436,0.6174537317504094,0.653052175097459,0.025629787415375777,0.533951891811119,0.5790845948603275,0.045337114884168195,0.500844919535534,0.5933833290591112,0.0740113962768463,0.48290224745841714,0.6582682683214882,-0.2626742802934651,1.138326931024585,0.7332985010964297,-0.27700350663962603,0.8691018184126523,0.6894469224452539,-0.25221521989514395,0.6301723861241533,0.6537700904783678,-0.19452615374929677,0.5469106474124371,0.5861519049053913,-0.20181077093789704,0.5148073869974854,0.5586823329442229,-0.25806283227137355,0.4938700152090434,0.6310034083912378,2.1320754716981134
0.0006812039794110714,0.7278193016904738,0.6952554570776343,0.028074488196778533,0.285730805933026,0.748381270117263,0.023129571581489556,-0.10190370501875076,0.7407828022130305,-0.0037301394792216055,-0.12088128483972616,0.5773722278805936,0.05830999421689457,-0.12799196212421046,0.6063577869478353,0.0012849039538775958,-0.20398129463321307,0.8510606718011143,-0.19495241603729635,0.703694238125868,0.715927726992533,-0.1941720849341506,0.25390243468568363,0.7703227781938827,-0.17070311043260336,-0.1275252249602639,0.7612402566675583,-0.14920139757504802,-0.12558283951472635,0.6023025858696869,-0.21011376335489512,-0.13452612331719183,0.6265759343329865,-0.15334223921750056,-0.18676127891999136,0.8042842359643438,-0.1080862164972744,1.2257831157080998,0.7333895997811948,-0.1129648025523522,1.4787879085914861,0.705302140752147,-0.11830008104550455,1.354896036560072,0.615045660979382,0.030266438756726743,1.1377026528318592,0.7123810026825566,0.08824692014153657,0.8480055860682774,0.732612036556755,0.08599256400777722,0.6174836624134288,0.6534696262519922,0.027233438360468654,0.5318420485875418,0.5803214777024018,0.04635820357064979,0.4974838462529272,0.5960014439684147,0.07564471820777366,0.48176176251702346,0.6592178049772762,-0.2626482429922924,1.1383573679451051,0.7332513187926923,-0.27697065505643287,0.8690524972389477,0.6896513011786146,-0.2522137368311767,0.6309465352545144,0.6537956362195632,-0.19515107514288466,0.5488381002595959,0.5842672852996826,-0.20176512905994612,0.5151283440355776,0.5583366590847886,-0.25969519309343525,0.49618932765309,0.6295149832040108,2.150943396226415
0.0008772280726681569,0.7280384748555259,0.6934831528252785,0.02777510853293462,0.2852972579594303,0.7479731678974644,0.023020528089697945,-0.1014897992913049,0.7405416214553247,-0.003674825592680533,-0.12086278102486034,0.5774124053232043,0.05830317841205639,-0.12801928950418423,0.6063904462213918,0.001266371789437682,-0.2040699030618105,0.8510437845733471,-0.19504551046647597,0.7036336006688857,0.7150922287047266,-0.19406178928838402,0.25304925258102134,0.7703318982473428,-0.1699080964312872,-0.12729274429653287,0.760365623142127,-0.14944390937571086,-0.12497803758827006,0.6020268006016257,-0.21014811713739615,-0.13413111792046783,0.6261021398048828,-0.15331360939950478,-0.18677050872739714,0.8043101392685111,-0.10817463691392173,1.2270885488783614,0.733541629872225,-0.11298465821813741,1.4791998314010169,0.7054726997805056,-0.1191321211956412,1.356600974867237,0.6141540449216418,0.03026250761497573,1.137697093220505,0.7123565490204762,0.08895029399015503,0.8489237860703971,0.7299194714046366,0.08658021840002036,0.6174341989267265,0.6539443209355149,0.029252403143458394,0.5296252484008439,0.5825566446377861,0.04800198989144033,0.493204176488709,0.6001032190270223,0.07788716434656295,0.4799870277448791,0.6612972709356896,-0.2626349013161789,1.138408302372671,0.733220161307254,-0.27697017962086057,0.8690312728884505,0.6897181009740674,-0.2523196624209363,0.6314484215951732,0.6538169568236081,-0.19542961269209802,0.5495275744937871,0.5842031864073589,-0.20193645812073868,0.5153444797124649,0.5584916201484256,-0.2610896099070485,0.4981009281654838,0.6283730893724783,2.169811320754717
0.0010869586993222935,0.7280821209823942,0.6921520916136988,0.027451404555181858,0.2848334081561885,0.7476262747375187,0.022959606268041666,-0.1011946113101769,0.7404795254255844,-0.00364272095767478,-0.1207983538018673,0.5773607849559943,0.05829731516816476,-0.12803247194165635,0.6064029671470926,0.001254720355269323,-0.20411732101358382,0.8510447474841444,-0.1951609307464797,0.7036294417132064,0.714138840376915,-0.19397645146803422,0.25236916236342405,0.7703550673326737,-0.1691985844272529,-0.1274413515758891,0.7598993694166898,-0.14928676305371402,-0.1259187401622074,0.6035622001251106,-0.21017836510458265,-0.13381192774215045,0.6256325038315997,-0.15326714280581127,-0.18674101902568463,0.8043519435327726,-0.10817328220177289,1.2277764617334637,0.7337341330476239,-0.11299345633116004,1.4795081930617504,0.7056320564813979,-0.12043968066771443,1.357849587320866,0.6141234022556405,0.030254849303591624,1.1376846732798063,0.7123394475187523,0.08948798613332282,0.8496421247386412,0.7277682586317868,0.08651658492140424,0.6169625339710083,0.6543542473289532,0.03152421139419212,0.5274711382092164,0.5854971754520972,0.05036013453139454,0.48811152663320256,0.6054694013154598,0.08073864793925026,0.4776010667865611,0.6643965232960599,-0.2626399196716318,1.1384456757048926,0.733200962146404,-0.2770083044025639,0.8689820678201929,0.6896959591813292,-0.25252052331847225,0.6314302705532593,0.6538411892845764,-0.19546589124833788,0.5491370148255484,0.5849932499725654,-0.2024330436786312,0.5151644031214903,0.559486615037663,-0.2621645991342641,0.49893000981737584,0.6282347510485953,2.188679245283019
0.0012545151285094647,0.727999136532838,0.6912399542453144,0.027147158923157208,0.28429294859807686,0.7474476710745255,0.02300335678098386,-0.10114405825172573,0.7407937803351682,-0.0036631046903505475,-0.1206436420258137,0.5772263460585663,0.05830643113970884,-0.12800223175132452,0.6063990996112985,0.0012498069912191268,-0.20412406998865953,0.8510595866847196,-0.19521748558080249,0.7036255366451284,0.7130713581094275,-0.19392693590833282,0.25192298710426403,0.7703554035926343,-0.16868120094474517,-0.1280327185827102,0.7598871493408749,-0.14886308812300114,-0.12779680092898404,0.6061500608604389,-0.21012176070695948,-0.1340367428697634,0.6257395387665321,-0.1532168532996873,-0.18669759388724144,0.8044240111243656,-0.10815061213775515,1.22800243575859,0.7338878984101003,-0.11298744114184378,1.4796597421037854,0.7057372980812229,-0.12167550376809133,1.3584233690029963,0.6145182239845663,0.030245420250181843,1.1376683377384897,0.7123244422239166,0.08979717092585277,0.8501191124470072,0.7263712997709126,0.08584993372546457,0.6159074373936071,0.6545991698000727,0.0338491527651161,0.5253976921571843,0.5887551180968394,0.05330818963727274,0.48264442473119346,0.6114981809507675,0.08375843203798375,0.4748936125834975,0.6677822097406222,-0.2626582277378104,1.1384627210919105,0.7332121340485722,-0.277073081621652,0.8688462124767167,0.6896774677769961,-0.25273689300338226,0.630817308972117,0.653984687830038,-0.19535738183631818,0.5478556814316867,0.585684835007133,-0.2032235067150184,0.5144879160774645,0.561294457834,-0.2628951996966982,0.49828606343234366,0.6294565979042739,2.207547169811321
0.0013104690607887437,0.7278375790855585,0.6906514966126776,0.026880580804382326,0.2836770435136129,0.7474195109559454,0.023161375571434478,-0.10135961800965974,0.7415504981670115,-0.0037308933517262205,-0.12041821739158191,0.5771102776166999,0.058336294308880036,-0.12792767302444483,0.6064004518262626,0.0012519084134358094,-0.2040915404438335,0.8510823998395303,-0.1952288759663331,0.703515332018084,0.7120056822121332,-0.19390188955312232,0.2516530190060017,0.7702973157497162,-0.168365044309785,-0.1288708829557104,0.7602402491529605,-0.14833150902822612,-0.12984311192752868,0.6088591195837982,-0.20990416249617488,-0.13501832256271287,0.6268404844676808,-0.15316800847029663,-0.1866681447490772,0.8045363137820819,-0.1081542084318739,1.2279906802724248,0.7339233587589251,-0.11298833190772206,1.479668201322582,0.7057623522649361,-0.12249869240904199,1.3583368671775093,0.6147868760113928,0.030237577003550398,1.1376514447705253,0.7123087034788906,0.08988552247348819,0.85039130172774,0.725713231250277,0.0849101548572185,0.6144216381816697,0.6546288861170367,0.035991921796991955,0.5233930839742794,0.5919680941982174,0.056494739135264094,0.47744939495668803,0.6174952199894401,0.08634891007540071,0.472337665800207,0.6704677872733933,-0.2626824077977569,1.1384679253885837,0.7332525472395341,-0.27713653642792424,0.8686916656833276,0.6897230651420448,-0.2528999864379641,0.6298633233091192,0.6543803437392129,-0.1951703449012711,0.5458352290747072,0.5859867027434027,-0.20419307087189068,0.5134169209222497,0.5636312571175812,-0.2634349562898986,0.49643163548255753,0.631745957113552,2.2264150943396226
0.0012182258195366502,0.7276520899901696,0.6903584450271334,0.026631436888493065,0.28305143976006336,0.747366449297759,0.023397489814393626,-0.10175515023498329,0.7426781076329231,-0.003821879305584707,-0.12024319338625672,0.5771097809099057,0.05838409337842676,-0.12782830029461986,0.6064143398099553,0.0012609239243807748,-0.2040239920650903,0.8511086211545451,-0.1953436581813409,0.7032267831025732,0.7112042334520989,-0.19388849553063772,0.2514719216389232,0.7701668167512481,-0.1681952924700134,-0.12972834752998283,0.7608024176419932,-0.14778294745415183,-0.13162500817439748,0.6110896255506459,-0.2095155443836577,-0.13657152536044728,0.6288778717628154,-0.15312644746406656,-0.18666829964502982,0.8046931454378463,-0.10817716463741045,1.2277430487192496,0.733830067429305,-0.11303093545310544,1.4795274534091818,0.7056807467273599,-0.12276485932350956,1.3575990415584727,0.6147540669148223,0.030232691110433918,1.1376383434625938,0.7122930374046657,0.08980943226071164,0.850440781102554,0.7256818540437235,0.0840042482707693,0.6127770771584797,0.6544477966501872,0.03772185501735767,0.5214506460483668,0.5947285653131134,0.059364656377604685,0.4732124820864162,0.6225385571107026,0.08809282303167465,0.4704221634471214,0.6717914396886306,-0.2627071662014847,1.1384698085634062,0.7333080904693026,-0.27718363700614695,0.868716604970069,0.6898134494481732,-0.25298075656732066,0.6288781377617241,0.6548213191404603,-0.19496982669731322,0.5433749684103518,0.5860905381273125,-0.2052053224877811,0.5121257241064411,0.5661671092893761,-0.26415489728192243,0.49405821000481964,0.6344373790085558,2.2452830188679247
0.0009718168463983545,0.727482218360614,0.6903741724239038,0.026357372793796435,0.2825214112283599,0.7471189203257274,0.02365071095567381,-0.10219510005826953,0.7439469457294803,-0.003909249086698315,-0.12031438564585921,0.5772467656361187,0.05844634873194861,-0.12771969267318264,0.6064210872423492,0.0012758927975287126,-0.20392558770228703,0.8511366549778643,-0.19570374609604113,0.7027548496842103,0.7109507427622332,-0.1938766296288365,0.2513136274101838,0.7699783857313303,-0.16809661861472452,-0.13048881185870617,0.7613264153401086,-0.14727543956988567,-0.13302926860183342,0.6126558686075084,-0.2090034918474891,-0.13837971168273477,0.6314951465011238,-0.1530953350119943,-0.1867049229414984,0.8048865337579653,-0.1081732380772647,1.2270366504218073,0.733668079725649,-0.11310258478748458,1.4791937232660086,0.7054773172230997,-0.12239710958970135,1.3560402408548233,0.6145352557625013,0.03022958415151661,1.137631750148326,0.7122818310934331,0.08960349006918278,0.850110168800242,0.726319819297644,0.08329418566666322,0.6111630254466465,0.6541243831843895,0.03883506072218457,0.5196518199542449,0.596416617419933,0.06130169176158379,0.4704910280582173,0.6254951477379944,0.08879177358422694,0.4693908681955752,0.6715806704310111,-0.2627284612171237,1.1384704738792941,0.733369207793502,-0.2772251684619825,0.8690709509709486,0.6898790145999734,-0.25300015451847735,0.6279755483148382,0.6547138209046683,-0.1947632175108375,0.5407942863610601,0.5862722989512139,-0.2061242245345163,0.5107833245069752,0.5685934486539486,-0.2653554725012687,0.49177447399651686,0.6369789032428229,2.2641509433962264
0.0005783554668590263,0.7273214674506561,0.6907124788365004,0.0260209780141228,0.28217965778513554,0.7466367228622574,0.023873747562521752,-0.10258824144862112,0.7451212447952397,-0.004020698981329827,-0.12069184351758475,0.5774635481613565,0.0585162468736483,-0.12761475869576486,0.6064089645161812,0.0012952971928189604,-0.20379517972413774,0.851166627883571,-0.1963165109950111,0.7021487423674031,0.7113312159650291,-0.19385300676233097,0.25111917527855665,0.7697750654552699,-0.16801139572024867,-0.13115301368832682,0.7616010173492879,-0.1469079561765969,-0.13403406113372646,0.6136651932395646,-0.20843914997757795,-0.1401860347798569,0.6343014902810447,-0.15307154365841896,-0.18676449091678038,0.8050768471861148,-0.10810868754725056,1.2257128762231038,0.7334992114291596,-0.11309698839149246,1.4786905901758514,0.7052033695614153,-0.12151351930966148,1.3534873553966724,0.6142259340262837,0.030227682824325086,1.1376300870829377,0.7122830088823003,0.08925915971189763,0.8492490059759282,0.7277799464342121,0.08281374025675531,0.6096840248469552,0.6537790864684658,0.03917895283686304,0.5182140004895117,0.5964528959269508,0.061883299033852424,0.46959232476149715,0.6254380528455568,0.0883772562610125,0.46912484329868864,0.6699333663156135,-0.2627410099633683,1.1384665182599356,0.7334294891035611,-0.27727755132424003,0.8697492391664675,0.6898528611699367,-0.25302024388981426,0.6271233778177284,0.6535834960055841,-0.1944933389896059,0.5383804212285063,0.5866467555616415,-0.20682295028502318,0.509562500932007,0.5705867986874725,-0.26694758309831756,0.48985998340604975,0.6390985956013262,2.2830188679245285
5.30014492137465e-05,0.7271458814163221,0.6913905831630278,0.025615593302518155,0.28204842430296084,0.7459522513826572,0.02405115431530932,-0.10291178650380557,0.746102773219071,-0.004284512823167403,-0.12111200560108637,0.5776359074154466,0.058569401437592476,-0.12756061545399736,0.606437722746714,0.0013187537770954975,-0.2036277003944465,0.8511998587276669,-0.19705290718591884,0.7015155401756248,0.7121143987214075,-0.19381307453568775,0.2508744937660419,0.7696054466818094,-0.16793860233402694,-0.1317212988840363,0.7616299431224057,-0.14676250451512401,-0.13461180649261853,0.6143868900015484,-0.20789797950687036,-0.14177973147886108,0.6369431557354372,-0.1530507909402921,-0.1868147041185044,0.8052030683481578,-0.10798600487144483,1.2238552588225318,0.733352558400826,-0.11288131491541936,1.4781985735529224,0.7049866321596941,-0.12050696207209499,1.350085461716701,0.6138645299581805,0.030228090910711547,1.1376293221719607,0.7123032764364735,0.08877761328254513,0.8478873443804089,0.730043896890033,0.08249749194128655,0.6084808193737528,0.6535196563902376,0.03868795692419544,0.5173288625392836,0.5948720188930395,0.061057028693742105,0.4703386591244367,0.6222731906650145,0.08688917095179197,0.4692492297497319,0.6671970229013298,-0.26274087050490263,1.138453739371583,0.7334758591604398,-0.27734528770948463,0.8706478050064325,0.6897018457333673,-0.25308891697931335,0.626327841641132,0.6514549922807511,-0.19420740029628952,0.5366633392998149,0.5869822282667886,-0.20719998198090084,0.5086813700967044,0.571813228205561,-0.26845195784193676,0.4883907834556426,0.6406689886300571,2.30188679245283
-0.0005888831175639708,0.7269439583327167,0.6924362025223831,0.02516952279298837,0.28207309439741596,0.7450937488210915,0.024187368123047382,-0.10318042000216818,0.7468942653232904,-0.0048253852085311,-0.12123831348233632,0.5776155408107001,0.05855524683736143,-0.12766562866856757,0.6066611545542274,0.0013488235191540545,-0.20341956524205418,0.8512402555051568,-0.1977431695429519,0.7009850853350971,0.7129276736921291,-0.19377169724440868,0.25065284097240326,0.7694937947159802,-0.1679142210404378,-0.13208845422116544,0.7615560819314255,-0.14672441245762705,-0.1346883144535323,0.6148678484085234,-0.20745493847181212,-0.1429330091056454,0.6390587616287627,-0.1530328656275555,-0.18683054836057056,0.8052386869149744,-0.10782932585171834,1.2217192055178028,0.7332424714198871,-0.11240440410423708,1.477920792186869,0.7049333858367657,-0.11981940663038498,1.346392520633393,0.6135395260512209,0.030231505596396036,1.137626248722182,0.7123423121857091,0.08820516032218093,0.8462135268925197,0.7328450163072916,0.08218220414237123,0.6077442114608975,0.6533748777335342,0.03744072132008941,0.5170018158261891,0.5922995441160157,0.059138045181061416,0.4719536824176261,0.6170280129890923,0.08459959641865072,0.4692657498728181,0.664091010693142,-0.2627298486048558,1.1384285045910691,0.7334934453140814,-0.27742377995760226,0.871635714626352,0.6894460392676607,-0.2532391055402031,0.6257963482054185,0.6486979031962163,-0.19409728364145384,0.5362335876171908,0.5867564789402553,-0.20723783902835777,0.5083319151465762,0.5721090320604538,-0.2693647879796325,0.4874492433870778,0.6415201548762364,2.320754716981132
-0.0013349866630776586,0.7267174200115749,0.6938536888618894,0.024715810291508752,0.2821971782997896,0.7440859359977532,0.024289175706088368,-0.10341701022920691,0.7475096006005828,-0.005618702765706615,-0.12102935137371992,0.577324459075038,0.05844238087015829,-0.12798784533065882,0.6071531460282232,0.0013894199115283118,-0.20316843448314656,0.8512914977244573,-0.19829533217563589,0.7006225224989805,0.7135727097707166,-0.19374608522447667,0.2505387448939813,0.769436146150398,-0.16795817375578553,-0.13214162353249387,0.7614759238192259,-0.14650225806466102,-0.13421398631782783,0.6147755528961821,-0.20717538441874633,-0.1434385807789351,0.6403051807250285,-0.15301932561242748,-0.1868133670501851,0.8052250980021076,-0.10766609577267724,1.2196033662877952,0.7331833117431523,-0.11170875976655226,1.4778735639241294,0.705043917020319,-0.11962800838366716,1.3430838759900365,0.6133319699531201,0.030237579813276738,1.1376198170275857,0.712393469543263,0.08761324155334188,0.844455107450578,0.735819037427481,0.081580269021586,0.6074975425151394,0.6532996220674253,0.03570983597593724,0.5170778428087296,0.5893627793214801,0.05666667692862093,0.47347394016451505,0.6112100780873193,0.08209922510466303,0.46862340874915454,0.6614715056513307,-0.2627156648160357,1.1383847999857735,0.7334932645968761,-0.2775071831186328,0.8725728663080632,0.6891537093866924,-0.2535394659454753,0.6258590698307683,0.6457249283814122,-0.19429215119908327,0.5371577666032136,0.5855572171664492,-0.20706685829756757,0.5084560907023188,0.5717399095966231,-0.26954258502120904,0.48715746992175235,0.6414123136270061,2.339622641509434
-0.0021487660940492093,0.7264795169916743,0.6955398759598295,0.024266791790098954,0.2824237138740199,0.7429699640447058,0.02435407935439635,-0.10362249583202619,0.7479481931115163,-0.006471428930001213,-0.12066163381162953,0.5768223999369357,0.058314525051459495,-0.12830825938652868,0.6075998245007986,0.0014420754122101299,-0.20286857868384736,0.851351318342859,-0.19870727860236273,0.7004122693260465,0.7140781852361191,-0.19373718916102334,0.250533816172691,0.7694140207922612,-0.1680643417825126,-0.13191002538561258,0.7614089308441919,-0.145967404469842,-0.1333641120111239,0.6139502776174764,-0.20708358811302505,-0.14331747803301323,0.6405856024258014,-0.1530080785159645,-0.18678086543701494,0.8052244329461336,-0.10751936223116135,1.2177762749226604,0.7331825850913254,-0.11087953933672678,1.477919753968471,0.7052626133244726,-0.1197019689196801,1.3405339902287456,0.613219846830326,0.030246593264657062,1.1376111294764177,0.712448513328845,0.08707448739952145,0.8428241496431527,0.7386009683635882,0.08037841232558207,0.6074643502051119,0.6532210290357627,0.03388784460766525,0.5173137437924319,0.5864379120263248,0.05418981325889333,0.474309869422771,0.6057724153490556,0.08000858030977051,0.4668886355286878,0.659845865817847,-0.26270595266157953,1.138315775520029,0.7335254959478059,-0.2775898388796416,0.8733144352444994,0.6889061484844722,-0.2540374171245339,0.6266672804579688,0.6429058977328607,-0.19475377517652953,0.5390114627653407,0.5833299039085961,-0.20690653745492868,0.5087155702956718,0.5713068629753628,-0.26914761425989564,0.48753795544625006,0.6403164682555577,2.358490566037736
-0.002945719620382703,0.726257015001099,0.6972489981856268,0.02381919499043153,0.2828008273808471,0.7418043796740257,0.0243708894492084,-0.10375928801441964,0.7482135208687825,-0.007120964929539762,-0.12026207000497931,0.5762774792510846,0.05836094119150212,-0.12817516886221725,0.6073813700131607,0.0015044619116933926,-0.20251868524365535,0.8514125670091433,-0.1989941698843193,0.7003238527784017,0.7145217646672023,-0.1937344523080291,0.25056992563239994,0.7694054220106123,-0.16822058138601648,-0.1315628331841731,0.7613618474879835,-0.1453184034773572,-0.13248260028093853,0.6127679727453733,-0.20712892674688496,-0.14294088859957027,0.6402577896437747,-0.15299593482825874,-0.18674900815536694,0.8052545962541049,-0.10740563653334889,1.2164339159028295,0.7332277265818659,-0.11000458333770263,1.4779616308660386,0.7055571833572187,-0.11959502654699034,1.3387455813892728,0.6131570680472014,0.03025981226093405,1.1376027167066634,0.7125001819684063,0.08666433807716412,0.8415395069299034,0.7408082145172472,0.07851377402480003,0.6073268766893456,0.6530794530116271,0.032318485418869225,0.5174925318176216,0.5838122457206029,0.05210991697160158,0.47436114975305477,0.6010033264534951,0.0786000045284026,0.46400481444584996,0.6591612723665188,-0.2626967885584256,1.1382304696541312,0.7336203691202543,-0.2776632403419568,0.8737405033964939,0.6887557226367191,-0.25463039153313466,0.6281225139211895,0.6406310913243346,-0.19537351734873623,0.5413117679402556,0.5803311793655228,-0.20688505280368358,0.5088462525390893,0.5711963044725306,-0.26835286831190186,0.4885192566450618,0.6385760272502762,2.3773584905660377
-0.0036377947394154175,0.7260773570730248,0.6987458045644195,0.02336536549328612,0.2833968981610011,0.7406525042769511,0.024341844837219302,-0.10380929039983339,0.7483161420677685,-0.007366967163142848,-0.11987658007002953,0.5758894353809273,0.05871588826843522,-0.12729607289857592,0.6061114462820568,0.0015691274865776896,-0.2021539195255168,0.8514673845628572,-0.19915865085730203,0.7003501038930054,0.714929467788656,-0.19373011162751383,0.25058780025111327,0.7693964245239554,-0.16842410161622806,-0.13129311448658756,0.7613517954272375,-0.14482099322938002,-0.13179596781870884,0.6117297669708021,-0.2072123917759381,-0.14271662058935808,0.639879388264807,-0.15298496812099285,-0.18672594799090608,0.8052900376087583,-0.10733084435823376,1.2156703274292877,0.733289119645238,-0.10918118252763709,1.478000505684392,0.7058935331274023,-0.11906198848540994,1.3376552728017528,0.6131709476474592,0.030277584222326348,1.1375977203293037,0.7125422604679496,0.08645457224248407,0.8408123452721354,0.7420845969465749,0.07634155953807165,0.6069924656727161,0.6528590919571038,0.03120256410942432,0.5175209699344652,0.5818033804034992,0.0506712666932268,0.4738003697961261,0.5972061807529112,0.07779321498154279,0.46042822149095775,0.6589498568469043,-0.2626895242002416,1.138161009321567,0.7337261234805674,-0.2777203309397825,0.8738258338014347,0.6886998157891107,-0.25506454071045176,0.6300530447458422,0.6392708534000175,-0.19601999648468937,0.5435261546028068,0.5771683911413249,-0.20691631599731125,0.5089305365355878,0.5711954460583886,-0.267274664525696,0.4901151018335026,0.6365563992158922,2.39622641509434
-0.004201324643128002,0.7259465152180852,0.7000015542643848,0.022903409520977705,0.2842642631984554,0.7395539880654463,0.02429797549012288,-0.10382464639080602,0.7482637042910051,-0.007145449949296602,-0.11957900635543561,0.5758107716383327,0.059360998351774004,-0.1257412847815392,0.6038986063802633,0.001622238782131061,-0.20186117042320256,0.851504706293114,-0.19921959452861723,0.7004959475171838,0.7152911849968968,-0.19372475581868015,0.2505852601538916,0.7693883437292436,-0.16868226866314773,-0.13120722103712773,0.7613847376818239,-0.14457908386265017,-0.13136209919350517,0.611059138065613,-0.207265375822944,-0.14271013882980987,0.6397192506442843,-0.1529805874473145,-0.18671256892092272,0.805303865591626,-0.10728778585763396,1.2154790170243142,0.7333433305871789,-0.10858163025510736,1.478049796722929,0.7061744555075785,-0.11826812233019934,1.337333498147857,0.6132938845318432,0.030297935757305383,1.1375994374572447,0.7125703662094763,0.08646147307916116,0.840690954915436,0.742356553681844,0.07446797606072647,0.606527998708701,0.6525931925503212,0.03057173635499258,0.517379608933862,0.5807015642368293,0.04993530294275075,0.4729706354701131,0.5948316816088526,0.07738438043066426,0.45698507461725885,0.6587071510761047,-0.26272962428136726,1.1381350305638738,0.7337555187277547,-0.2777654648388997,0.8736839201526845,0.6886866110132736,-0.2551344933205225,0.6322893104879024,0.6389129187006738,-0.19652818641594333,0.5450777654743987,0.5747438563625389,-0.2067832324248868,0.5092323141710079,0.5707613389463032,-0.26604519780813823,0.49238158060298776,0.6344119931224506,2.4150943396226414
-0.004674289321916936,0.7258473837812673,0.7011776715948272,0.0224527246569131,0.28534641136531375,0.7385054946527388,0.024269526591437794,-0.10384017815849697,0.7480771774491366,-0.006509764744235366,-0.11951810430494843,0.5760798421116904,0.060184211965735715,-0.12377415790595317,0.6011009660670166,0.0016504440800075553,-0.2017251983302277,0.8515129870600607,-0.19923169702938226,0.7007621242534359,0.7155914908126704,-0.19372191596041005,0.25059144852470283,0.7693879774993048,-0.16900083411193,-0.1312973852120616,0.7614300968578088,-0.14458206617182076,-0.13120732360388787,0.6108018489944818,-0.20728247123149918,-0.1427598103258597,0.6397051160437675,-0.15298625782360287,-0.18670848480871446,0.8052913039595561,-0.10726713825582035,1.2158148294140927,0.7333864655215685,-0.10842595466863975,1.478082374475914,0.7062712097122361,-0.11759572092331921,1.3378065702662918,0.6134724166110291,0.03031724975784489,1.1376098058528155,0.712583596660811,0.08659976294738664,0.8409272917448684,0.7420464872634307,0.07341210753944682,0.6060373057438067,0.6523452036900578,0.030296724572515227,0.5171066332146816,0.5805468916314528,0.049712172617502715,0.47239830824174456,0.5939562566623708,0.07718105497856395,0.45442972063153164,0.6582678867320646,-0.2628642459697703,1.138157686052233,0.7336719350649021,-0.2778096559568806,0.8734961903588806,0.688659029625782,-0.25488804107113056,0.6345953421476292,0.6391464543368708,-0.19674617275127426,0.5456139763825161,0.5738247848049896,-0.20634488834937326,0.50989185857819,0.569580570486818,-0.26475601758244244,0.4951673034166909,0.6323446703162958,2.4339622641509435
-0.005100966923048317,0.7257638666692976,0.7024373194252003,0.02204329730507175,0.2864564539348937,0.7374657699266944,0.02423985337269184,-0.10380521427617091,0.7477941143640566,-0.0055884938638279605,-0.11982194199171264,0.5766029731358636,0.06105982822106087,-0.1216716519683566,0.5980853659633191,0.0016515282992676237,-0.20176208514709282,0.8514942666912985,-0.1992469516963573,0.7011404286963878,0.7158206909094428,-0.19372287091939655,0.2506226123962584,0.7693965359311457,-0.16937719342698246,-0.13147119824309916,0.7614248625752967,-0.14481119591151656,-0.13138955617739909,0.6110690796304421,-0.20728562959116112,-0.1427703973880636,0.6397131725089518,-0.15300279281696924,-0.18671868725663948,0.8052633376286865,-0.10727379629367556,1.2166764363914202,0.7334224201101274,-0.1087914957598215,1.4780964184046774,0.7061377720136851,-0.11729769601891282,1.3388814889028708,0.6136016087411216,0.030332075249556778,1.1376278557819939,0.7125856280121995,0.08673846711797775,0.8411612649985016,0.7417572215026121,0.07335253225270608,0.6056131908117411,0.6521717498408963,0.030218858921332775,0.5168392083630711,0.5809527263745898,0.04967866709602439,0.47254774417330514,0.5940577010830324,0.07704900096897671,0.4530536658807196,0.6577955470118639,-0.263057423844248,1.138227525206628,0.7335025735243171,-0.27785372889894,0.87341751288934,0.6885987753317122,-0.2545639363571558,0.6365579764837644,0.639326611123965,-0.1965893729545317,0.5450375471355292,0.5746787901039421,-0.2056275067215952,0.5108418759722083,0.5677634158598086,-0.2633671933990727,0.4980163304564393,0.6307474083099165,2.452830188679245
-0.005493611372894502,0.7257031963189244,0.7037511092639492,0.021670413032514324,0.2874220986186351,0.7363351023631614,0.024156503064822688,-0.10368275576842988,0.7474133160407778,-0.004599361562304527,-0.12037785944152664,0.5771897478791232,0.06187099397098946,-0.11970370291869693,0.5952287718417427,0.0016355900617505213,-0.20191284592065312,0.8514643758576161,-0.1992663149434283,0.7016025270307203,0.7159717519687231,-0.1937273640185256,0.2506765111947745,0.7694121632856628,-0.16978843941528834,-0.13160470616648431,0.7613256093389656,-0.14527662143520942,-0.13195191973428236,0.611979497032676,-0.20728825137822787,-0.14275594875430087,0.6397150693260569,-0.15302828893544845,-0.1867459730762796,0.8052294803224883,-0.10732327961703128,1.2180827428303251,0.7334518566241415,-0.10952621909363686,1.4781822987230036,0.7058676133058903,-0.11734066588225289,1.3403665821785704,0.6136274040656061,0.030340318740729677,1.137650957568169,0.7125835244444132,0.08680935535231324,0.8412387282173849,0.741730599384085,0.07411751367061994,0.6053141060941991,0.6520921689393459,0.03025479589578353,0.5167050081582384,0.5813394479507826,0.04964003196017311,0.47340004236569067,0.594390748755257,0.07695719342034654,0.4527087914866223,0.657490459805164,-0.26321938526913735,1.1383414544694597,0.7332953079315775,-0.2778850599618538,0.8735591676299059,0.68852065408213,-0.25434926571189465,0.6376748534290032,0.6391537021401776,-0.19607848415201057,0.5434688788254586,0.5770277760910425,-0.2047471652169244,0.5119208784594359,0.5656182498206199,-0.26176139185733605,0.5003769969279911,0.630023396091395,2.471698113207548
-0.005839693028474119,0.7256873927158207,0.7048727155942187,0.02128523627309352,0.28820262038198285,0.7349835772477424,0.024006722794604047,-0.10349942439458723,0.7468421251154778,-0.003817485487682174,-0.12082731211460772,0.5776255782508074,0.06251384027901212,-0.11814183220801261,0.5929700137179135,0.0016181905020659772,-0.20207637953532606,0.8514367905017641,-0.19925576748384266,0.7020890083540372,0.7160387818347282,-0.19373592507476678,0.25074787108881247,0.7694351004709481,-0.1701791727661584,-0.1316202497554855,0.7611594511097592,-0.14595601929314644,-0.13277660703922117,0.6132637730819152,-0.20728637478789252,-0.14277364171770093,0.6397643402702063,-0.15305552887727836,-0.1867775161473478,0.8051921112566672,-0.10742205044218187,1.2199590271218745,0.7334747738918366,-0.11040384298959566,1.4784534153154065,0.7056056041338503,-0.11754134584145354,1.3423419890797668,0.6136023804349282,0.0303406775687598,1.1376762669290672,0.7125817935112679,0.08682621618887185,0.8412155033363553,0.7418353476816604,0.07542314467535927,0.6052045400107255,0.6520985529857055,0.030314161648955062,0.5166925013547459,0.5813497464480248,0.04961909015799018,0.4744065133385044,0.5946120593009018,0.0769093195428191,0.4530358938222252,0.6573898149602045,-0.26329353111149695,1.1384791856431407,0.7330741357417294,-0.27788912836055385,0.8739698594970884,0.6884463225022841,-0.2542562665080289,0.6376949615093357,0.6389268545299589,-0.19535840320123637,0.54135448976915,0.5801324550605014,-0.20382061363717507,0.5129821868678629,0.5634218271142412,-0.25991445950048964,0.5018643568597057,0.6304142125771179,2.490566037735849
-0.006121747629901836,0.7257313808441476,0.7055390531792373,0.020862794929398465,0.28882040346295146,0.7334269042415223,0.02383673684414859,-0.10324063672284806,0.7459549496703076,-0.0034214271092683035,-0.12094810298334352,0.5777816557097173,0.06292504621794721,-0.1171747534426181,0.5916749627567918,0.0016108043710014565,-0.20217134509118528,0.8514153954926217,-0.1991925403820693,0.7025396331529619,0.7160226844536539,-0.19375040054844017,0.2508362856621175,0.7694674537089042,-0.17049510248582722,-0.1315162357018048,0.7609968944575466,-0.14665965980305434,-0.1334841166104597,0.6140538262373008,-0.20726586890817625,-0.14288544481334126,0.6399450672383125,-0.1530736183835315,-0.18679035385312273,0.8051529927916591,-0.10755893046889542,1.2220992214312443,0.7334900685996134,-0.11127491697372266,1.4789370432065299,0.7054264456855015,-0.11777270128769801,1.344982010424712,0.6136257072749244,0.030332422325266173,1.1376995020713716,0.7125766064967907,0.08682723299299722,0.8411443535322585,0.7419219141172669,0.07707715568047155,0.6053417901606961,0.652179997962167,0.030268309056099535,0.5167510107835674,0.5809809684894827,0.04973653973913189,0.47494059321110615,0.5950169984323088,0.07683712971774437,0.4535893323493431,0.6573654638800581,-0.26327149022391944,1.1385941130506068,0.7328322261497416,-0.27785728279574845,0.8746083306130417,0.688406387271955,-0.2541960965330934,0.6367304404954527,0.6392323437331301,-0.19463052833761083,0.5393201164787806,0.5831064837302968,-0.20294470802673908,0.5139048760765393,0.5614020332282237,-0.25803288671477265,0.5022112519103625,0.6317859842599995,2.509433962264151
-0.006312538308623328,0.7258443969489258,0.7056283934028786,0.020454964353534735,0.2892563451241344,0.7319038071823939,0.023672578151845397,-0.10283201887093968,0.744755813940964,-0.003387273622754871,-0.12086667388774706,0.577700344833236,0.06311091688608747,-0.11677167345454559,0.5912789811389498,0.0016134955835611765,-0.2021904667332683,0.8513966767757333,-0.19907853218137034,0.7029356339030769,0.7159330593069799,-0.19377213484528782,0.25094220141513557,0.7695124267888499,-0.1707271487989616,-0.13132194395605584,0.7608797922667114,-0.1471127620482279,-0.13359669156039036,0.613357239151106,-0.20723532927221378,-0.1430585914076754,0.6402055910667328,-0.1530759824586588,-0.18677144625188688,0.8051150324405603,-0.10771167851902419,1.2242264906192892,0.733488476179207,-0.11205650299444969,1.479568322911489,0.7053356614248927,-0.11796455573123366,1.3481746212058823,0.6137501905881351,0.030317407580588818,1.1377150648191443,0.7125597779292752,0.0868349134112821,0.8410237664385752,0.7419606491032882,0.07893053290129717,0.6056997557372766,0.6523314826257511,0.030114175018580797,0.5169470280862767,0.5805742493400319,0.05005675428825235,0.47472821202099574,0.5960374847553441,0.07664109834072622,0.45398104420716445,0.657230734919136,-0.2631664127065756,1.1386415708175046,0.732583872915544,-0.27778891193443345,0.8753522825112371,0.688440628706821,-0.25410511597728913,0.635028360621423,0.6404369654937061,-0.1940471000952465,0.5378206408425537,0.5853316222163316,-0.20221205118368285,0.514569553777613,0.5598075057943092,-0.25646439917656927,0.5012435620616357,0.6334501953460532,2.5283018867924527
-0.006378116174708931,0.7260365681382728,0.705121830608365,0.020142119224110133,0.28946408724709133,0.7306800714244177,0.023492251601115618,-0.10225460481382859,0.7434235158393974,-0.003535495507978739,-0.12080096548882915,0.5775471253047801,0.06311386074265181,-0.11672924743275338,0.5912232673068529,0.0016184004617099531,-0.20217485501411556,0.8513740332325108,-0.19892617618769787,0.703294585199821,0.7157802570676332,-0.19380050738928928,0.2510645835251949,0.7695725055279801,-0.170894466025651,-0.13105592298318386,0.7608046429808255,-0.147263946725222,-0.13294204099069598,0.6109732242796688,-0.20724774261156506,-0.14309584991234822,0.6402446118835914,-0.15306333854761045,-0.18672519704685456,0.8050812197446436,-0.10785421839297507,1.2260559451737925,0.7334555713191031,-0.1126745062536264,1.4802446836015724,0.7053463572321022,-0.11797843017775717,1.3514926699217253,0.6139866308484759,0.030300560779648766,1.1377199974937044,0.712528709270378,0.08684367150608643,0.8409159065810464,0.7419657588310675,0.08075902857065617,0.6061999986737923,0.6525475973032921,0.03008397287375625,0.5173390250007438,0.5806938285660613,0.05055933880600308,0.47382698747603075,0.5977246833776524,0.07632772036063212,0.45409543471375113,0.6568444637630089,-0.2630013837163084,1.1386602023257366,0.7323820646952022,-0.27769320745657733,0.8760302521871026,0.6885677393868251,-0.2539648291527696,0.6328674168775377,0.6425325876547829,-0.19368290818053072,0.5370229165440483,0.5865349310472316,-0.2017051528190234,0.5149113183607583,0.5588260674913127,-0.2554875042915057,0.49919696148915144,0.6345564805817292,2.547169811320755
-0.0062976159471377635,0.7262985053517527,0.7040633046171447,0.019961434786197538,0.2894348124502718,0.7298725954431516,0.02328496122130831,-0.10158677415349897,0.7421582652550942,-0.003672850941008087,-0.12082191095707123,0.5774606657419808,0.06293696552042172,-0.11696919739242895,0.5911508680760154,0.0016190572722665575,-0.20215525838819218,0.8513459178286618,-0.19874287932537876,0.7036492618417167,0.7155686721720442,-0.19383448367887623,0.251206329178325,0.7696450866702398,-0.17100436991052526,-0.13071674534963068,0.7607512470325595,-0.14728851056511802,-0.13187653991996154,0.6078612759978841,-0.2073306670694758,-0.14287313162715143,0.6398790625717542,-0.15303914942882368,-0.186664253690969,0.8050568211313918,-0.10795751214862967,1.2273494136292806,0.733400147514988,-0.11305218027479863,1.4808658974675462,0.7054832747897419,-0.11765757253159759,1.3545320140933157,0.6143462443005034,0.030286590302485594,1.137716370188278,0.7124882349831088,0.0868206345997383,0.8409665028882878,0.7419646894389569,0.0823605837240041,0.6067823307885951,0.6528080386894908,0.030481531145580665,0.517747498615942,0.5817387805304876,0.05125541948876072,0.47236461212719016,0.5998423594243987,0.07611551485538895,0.4540408975759676,0.6562450545687337,-0.26281091292602554,1.138803187506367,0.7322322599469325,-0.27759391937984734,0.8765162769529452,0.6887680539652269,-0.253730766636042,0.6305861675334204,0.6453448400488593,-0.19354470852312788,0.5368267898304308,0.5867343765154468,-0.2014535252860424,0.5149900807708595,0.5584242846846685,-0.255275260278715,0.49675101833031376,0.6347403445573171,2.5660377358490565
-0.006066888789146269,0.7265679374245444,0.7026518190210321,0.019906055013828097,0.28920258111000063,0.7294841622298356,0.02308606382705877,-0.10098126016801692,0.7411159322217741,-0.0037207994193029295,-0.12089246750602846,0.5774717874038089,0.0625406299737061,-0.11766514664982801,0.591439510711649,0.001614266032920435,-0.2021392543343846,0.8513201267261278,-0.19852724336534508,0.7040330184910134,0.7152991550295541,-0.19387443985683184,0.25137327388675346,0.7697259209881968,-0.17105112393887806,-0.13028977579609347,0.7606925339197761,-0.14730887629047434,-0.13092172211380862,0.6052861185750414,-0.20743084244503252,-0.14254471607921265,0.6393584799193158,-0.1530077766031215,-0.1866009703437019,0.8050479574631375,-0.10799559303456147,1.227984399979948,0.7333931781004168,-0.11316129829688049,1.4813491302307495,0.7057177895273812,-0.1170365846529477,1.3571792164249226,0.6148011650188753,0.030277473729924786,1.1377089544455115,0.7124443007349424,0.0867209558505185,0.8412575233622747,0.742052218584916,0.08372786568971216,0.6073563192025244,0.653075112958165,0.03141586087536352,0.5178541191122445,0.5836810504449519,0.05221900845471189,0.47050337994628655,0.6021458072486117,0.07635831557248235,0.45388220690087966,0.6557956727490316,-0.26265443594521787,1.1392244703093215,0.7320660059078046,-0.277535405245978,0.8767881731971785,0.688994439401851,-0.2533617168057828,0.6285420955806292,0.6485757985961079,-0.1935679746905962,0.5369224536075822,0.5863137111713924,-0.20143596093925453,0.5148988612327138,0.5584606368192784,-0.2558996237147647,0.49455207440562193,0.6341535085267572,2.5849056603773586
-0.005695380564159497,0.7267595853533868,0.7012433060441055,0.019966437995674963,0.28879868435508205,0.7295014592828145,0.022971988511673525,-0.10065853402191421,0.7405043564858608,-0.0037110456675303054,-0.12096645701841639,0.5775487296228017,0.061915960797123554,-0.11897669534849901,0.5926571727625586,0.0016065584368224627,-0.2021268354566427,0.8513072195562963,-0.19827500002543066,0.7044423974293996,0.7149671902264044,-0.1939197576396502,0.25156421797647,0.76981549165279,-0.17104538668676617,-0.12977624697702222,0.7605999919140399,-0.14733928115374392,-0.13024219932317108,0.603755418864452,-0.20752095160072537,-0.1422006203389696,0.6388242183385927,-0.152975098803323,-0.18654707065463588,0.8050577164976008,-0.10797788497162178,1.228022678071282,0.7335431925925009,-0.11309130245465382,1.4816307410098404,0.705953668820698,-0.11638562501661054,1.3594943032418063,0.6152296769170389,0.030272954314803924,1.1377018487950703,0.7124010898923507,0.08652942801393781,0.8417488950490808,0.7423072011703387,0.08496651956920218,0.6077831123794422,0.653309964304832,0.032765653121928,0.5174866162401377,0.586201540129473,0.053439077766491455,0.4686300064368438,0.6044228088686732,0.07728906224143164,0.45363983479576875,0.6560620863956494,-0.26260272102212207,1.1399256941285691,0.7318749765124437,-0.27755394539563927,0.8768286948722019,0.6891810045939587,-0.25296986666057175,0.6271152385262675,0.6515665119001058,-0.1936590965464253,0.5370599266047477,0.5858310853936751,-0.20165217644730796,0.5146182647123791,0.5589543737751543,-0.2571995020650999,0.49291078166747604,0.6331160149189037,2.60377358490566
-0.005215925752414585,0.7268663976250155,0.7000524197813203,0.020153143347930322,0.2882322180825463,0.7299552202020677,0.023031395492545997,-0.10081721283542308,0.7405685072296335,-0.0036964308291113452,-0.1210185968021379,0.5776611700839842,0.06112155141138478,-0.12082165570007367,0.5948844710925276,0.0015990967121499956,-0.20211835772793665,0.8513107960151727,-0.1979801408439237,0.7048171861879796,0.7145497874894986,-0.19396317540111233,0.25175741998055545,0.7699100925217017,-0.1710328873962832,-0.1292143941279095,0.760466306510075,-0.1473651689016432,-0.12974987222413872,0.6032029555138314,-0.20768689072001134,-0.1415712713710036,0.6378471800295131,-0.15294545221288908,-0.18651336999977108,0.8050865515407266,-0.10798006992566134,1.2277462499623888,0.73380642024047,-0.11299656808729897,1.4816976570032059,0.7060998164898111,-0.11597285276218972,1.3613736268407617,0.6154776324322955,0.0302703075657908,1.1376962096945467,0.7123615600923094,0.08631904438140803,0.8424160136340878,0.7425057664602167,0.08608285519090614,0.6080007454172869,0.6534913666298061,0.03435270822633285,0.5166710245995798,0.58891635932383,0.05473348835799274,0.46732152044397374,0.606389900240922,0.07886952777527481,0.4535048539890668,0.6574344549828414,-0.26265175706103944,1.1407097781915305,0.7318219810613578,-0.2776286818658,0.8765920270540618,0.689271587861991,-0.25279363759060897,0.62658268829288,0.6533736928248675,-0.19376821585913162,0.5372001993004821,0.5855967438290917,-0.2021372689908726,0.514062220999655,0.5600542766404392,-0.2587534484154236,0.4919277676335049,0.6319745562339356,2.6226415094339623
-0.004689453678116101,0.7269503122321318,0.6989597507256353,0.02048633063333055,0.28751292452466415,0.7309289366200503,0.02330573862100827,-0.10149682969110727,0.7414306369976542,-0.003703055273524691,-0.12104215848675799,0.5777910196861777,0.06025634451593575,-0.12294631358506597,0.5977806311401721,0.0015930992658620955,-0.20211346885253667,0.8513251629530412,-0.19763837793456895,0.7050758096348821,0.7140075105114332,-0.19399093616413793,0.25190192028311487,0.7699913992927871,-0.1710637709569215,-0.12864589775303603,0.7603090821757654,-0.1473403325802151,-0.1295251263214876,0.6037410244905506,-0.20801069645144502,-0.14041845116524324,0.6360445644401294,-0.15292064005833617,-0.1865043039781023,0.8051319962707371,-0.10807724428557974,1.2275389052410404,0.7338417888834188,-0.11295721817153687,1.4816291802219528,0.7061405926790976,-0.115843514600871,1.3625104526122658,0.6154818156215369,0.030263720110539516,1.1376905530769597,0.712326261300438,0.08623540566187665,0.8433194024343399,0.7421099227791884,0.08693236391909279,0.608089633533378,0.6536214384548016,0.03603865749831217,0.515529165791119,0.5914657254828712,0.05585727665129217,0.46697933723123397,0.6077324662378465,0.08088880120177344,0.45378108874249967,0.6599306328732059,-0.2627063531409642,1.1413029338125869,0.7320804561642957,-0.27769932447092144,0.8761258985169109,0.6892697038821936,-0.25295839889718547,0.6268692959686507,0.6533421884600568,-0.1939101602681737,0.5373442306221209,0.5856075102469802,-0.202889338526921,0.513218017470052,0.5617893171377836,-0.26010306839201286,0.49165669578720556,0.6310302772250768,2.641509433962264
-0.004180062508593735,0.7270339356822605,0.6977667050821177,0.020961148615673247,0.286673256693717,0.7324384614672568,0.023741441375411565,-0.10253343393687478,0.7429581489301527,-0.003730758045082075,-0.12104806845825372,0.5779172897994529,0.05943042613909183,-0.12505788250181324,0.6009051898308697,0.0015875933817186018,-0.2021103040403854,0.8513406057460501,-0.19727640514801523,0.705167190958809,0.713332305126681,-0.19399429880566,0.2519440656832507,0.7700365809399274,-0.17114538170916507,-0.12807822408234695,0.7601453141328954,-0.14724699972170163,-0.12974811011834245,0.6054948622184574,-0.20841646935292846,-0.13903781360688916,0.6338763004180816,-0.1529055225900762,-0.18651755744538862,0.8051838573728939,-0.1081963449932922,1.2276269010081848,0.7333461886052968,-0.11295739577843972,1.4815521893072254,0.7061239245062919,-0.11590148600874495,1.3627608972115535,0.6153029249851344,0.03024959487432355,1.1376839493661337,0.7122944654339043,0.08639496753502507,0.8444716211827745,0.7407583244372125,0.0873663462409397,0.6082098499432901,0.653721173748993,0.03767069597299744,0.5142704293854122,0.5935241766751719,0.05666543476048094,0.467542154840462,0.6084665133791946,0.08311719893954964,0.4545661914652054,0.663256322271002,-0.2627237536379229,1.1415604377564281,0.7324750874013652,-0.27772050902589684,0.8755634891167096,0.689236098353615,-0.2533844866675658,0.6276657223080767,0.6515396655689241,-0.19410099352766635,0.5374205072278982,0.5857761890254611,-0.2038321717281311,0.5121734947715053,0.5639843344102062,-0.2610115449481755,0.4921485434220432,0.6304544275383588,2.660377358490566
-0.0037351819359781324,0.7271399290629531,0.6964434454498651,0.021516418221619066,0.2857902146816176,0.7342534276351018,0.024203996842275047,-0.10360960044674754,0.7447315393762642,-0.003766426591444068,-0.1210545648438686,0.5780172865049406,0.05875998300873906,-0.12685923647243572,0.6038367586928921,0.0015808815205567263,-0.20210885308908208,0.8513515519922512,-0.19697448268924178,0.7050990991272477,0.7126335554450409,-0.19397854160479355,0.2518773694719919,0.7700356543117528,-0.17125056249839787,-0.1275047678854857,0.7599810428412543,-0.14715355777825462,-0.1303839310431823,0.6079911360948752,-0.20871451810407374,-0.1380798479955209,0.6323670667820739,-0.152909142361391,-0.18655312146990893,0.8052291534713182,-0.10811103473241046,1.2279807331899653,0.7324792469301438,-0.11296543756655947,1.481549145588057,0.7061027240908722,-0.11611021976052449,1.3623096916630217,0.6150423866613064,0.030240469278734916,1.1376769613604751,0.7122683965542914,0.08683418676974172,0.8457296513727656,0.7386288964754928,0.08741183979084305,0.6085129098307116,0.6538182256171249,0.039021730834728124,0.513195154171679,0.594818425174765,0.0571638355853791,0.4685841225282557,0.6091520923486768,0.08530125855767293,0.4556598244612562,0.6668850401789753,-0.26278188973775957,1.141514981472976,0.7324664455836735,-0.27766965855607195,0.8749822665500536,0.6892384883923549,-0.2538976277385964,0.6287265772032846,0.6486769563847448,-0.19428768998000304,0.5373125406561641,0.5860371463587971,-0.20484595490237253,0.5110607721956429,0.5663588880477923,-0.2615103875287241,0.4933760735106677,0.6303061983499072,2.679245283018868
-0.003389199278859889,0.7273534164259526,0.6950636409672832,0.022059589139766717,0.2849865538218644,0.7359895800005063,0.024558958859810708,-0.10441875912052774,0.7462164568969375,-0.003795161761221655,-0.12106516036502703,0.5780862805953432,0.05835134241279985,-0.1280712979967183,0.6061582468532293,0.0015721165727651688,-0.2021127338266,0.8513601128756718,-0.1968217595243003,0.7049084208211989,0.712145180464284,-0.19395708469196354,0.25175554127876404,0.7699990860273912,-0.17135772942143196,-0.12693493075137768,0.7598230292707328,-0.14710513418862484,-0.13120091310366633,0.6103227225288651,-0.20881056864207143,-0.1378484262754434,0.6319965942392596,-0.15293583578286712,-0.18661532172883905,0.8052664392284132,-0.10765791981830472,1.228398974182963,0.7316476395463789,-0.1129708764497524,1.4816236830806295,0.7060977406925086,-0.11650496761416734,1.3613530931009574,0.6147537082909403,0.030275102124899922,1.1376690174172135,0.7122563519686249,0.08751064392213126,0.8468999377395678,0.7361649874172811,0.08727671256744579,0.6090773085272612,0.653926959307451,0.03982886879636982,0.5126070803586973,0.5952466619524344,0.05740659314973601,0.46965927976592825,0.610411464601701,0.08705978391484107,0.4568190210102582,0.6701719927309322,-0.262965259524454,1.1412438758365369,0.731632360235517,-0.2775459590272406,0.8743870426829027,0.68932497231776,-0.25432917692658147,0.6298605399378197,0.6456450172548625,-0.19438830974180382,0.5369284168582129,0.586338798931555,-0.20579650694926196,0.5100194222926937,0.5686111269336824,-0.2617254669244949,0.4950084804955511,0.6305198058342957,2.69811320754717
-0.003134629408478279,0.7276938977021007,0.6936925169601857,0.022527905147800162,0.28436090395167934,0.7374219635399175,0.024760264895865632,-0.10486595191875775,0.7471487463514275,-0.0038076622662668942,-0.12106417253234947,0.5781361344646426,0.05823039850008604,-0.12855883566643758,0.6074888466843635,0.0015619061095886071,-0.20212381010744246,0.8513699519531819,-0.19685176074358532,0.7046134878041924,0.7120409259158307,-0.19394097438445912,0.25165341181224005,0.7699545834366706,-0.17146041854966687,-0.1263907599439883,0.7596814866372948,-0.14704999614126502,-0.13195616411403333,0.611845501095227,-0.20880426850688266,-0.13799253823645682,0.632211857432154,-0.15297854285425994,-0.18670214334902238,0.805306311555606,-0.1069188480855135,1.2285419835248865,0.731074922025621,-0.11297281270157428,1.4816929206809617,0.706086319298147,-0.1170871711669198,1.3598572289141344,0.614444224002845,0.030378581694142648,1.1376578803086186,0.7122654151305976,0.08826429757169613,0.8479267680659792,0.7335271253122602,0.08717602251186854,0.6098783105414789,0.6540379363185497,0.039943378828125514,0.5126973161866623,0.5950454186376153,0.05740372676166708,0.47048117718829496,0.6123751481159747,0.0879692020220901,0.4579809986830137,0.672544403260708,-0.2632792480065239,1.1408158539578757,0.729992252221038,-0.2773822987646446,0.8737836486536652,0.6895052659835322,-0.25456785817900135,0.6308204598435001,0.6430445997137623,-0.1943722987627849,0.5362765327803354,0.5866388340097608,-0.20654264203875008,0.50919454230408,0.5704189884101769,-0.26173873101224354,0.4964696810495925,0.6308712741623154,2.7169811320754715
-0.0028974817493945537,0.7280384153976853,0.6923746109080643,0.022907373319872054,0.2838976726717649,0.7385489435046768,0.024859877246728782,-0.10508274009751367,0.747710220338238,-0.0038042991679430394,-0.12103717728382588,0.5781704734419578,0.05828458284011291,-0.12848241560644452,0.6077252015760795,0.0015515660994714485,-0.20213790532196843,0.8513804820519653,-0.1970287165270888,0.7042338271749661,0.712242779362145,-0.19393276114757732,0.25160868754295473,0.769928366453678,-0.17155623444968016,-0.12589281746405992,0.7595633375360544,-0.1469341041962899,-0.13251527217083103,0.6125853946077495,-0.20884685709363346,-0.13798770140721986,0.6321883920938438,-0.15301880735114604,-0.18680057180872042,0.8053596484359502,-0.1061509050070156,1.2280408382821824,0.7307919293918363,-0.11297130542931266,1.4816188541388637,0.7060163967565258,-0.11779978066880498,1.3577486708433575,0.6141211038107192,0.030476190302636763,1.1376427345839781,0.7122794613423425,0.08884259766684308,0.8488817946600175,0.7305374408609963,0.08717590235361419,0.6107583291333641,0.6541173595051998,0.039465030987993865,0.5134095982483178,0.5946762587221277,0.0572059091754647,0.47087450934306346,0.614827060728254,0.08786573777667958,0.4592226308252356,0.67368166112087,-0.2636828623678855,1.1403685435079143,0.7278440887038922,-0.2772313013632666,0.8732186462572871,0.6897276001821345,-0.25458774503005877,0.6313317124731154,0.6411450965351049,-0.19425597555434587,0.5354496260471066,0.5868920793549058,-0.20696450778557185,0.5087191469642249,0.5714716571466342,-0.2616394369756102,0.4973658023922223,0.6311181321637827,2.7358490566037736
-0.0025964602993693298,0.7282509126311499,0.6911475631840183,0.023211855126770195,0.28348088960014306,0.7394157663231583,0.024937034614339562,-0.1052624296180189,0.7482241240388184,-0.0037885540683190305,-0.12099884939546945,0.5781741970511639,0.058349542664533585,-0.12821318207221027,0.6072815708645874,0.001542262899698539,-0.2021488242147026,0.8513892745799271,-0.19725562361626064,0.7038235232212833,0.7124922368365947,-0.19392544226346775,0.25160128244138236,0.7699254961599,-0.1716437363221428,-0.1254457557323153,0.7594675882796794,-0.14675156583181276,-0.13296747059627917,0.6131461859964759,-0.2089628466245036,-0.1377361611753808,0.6317734816928577,-0.153024766904456,-0.186897318224169,0.8054338848313763,-0.10557706184548146,1.2267413940397423,0.7308159492003142,-0.11296573165674872,1.4813134912159744,0.7058594146531095,-0.11856867331914195,1.3551919569786433,0.6137996209029488,0.030404093075953542,1.1376251818855114,0.7122573385873231,0.0890465193819287,0.8497515258941367,0.7271939548499836,0.08721499600036453,0.6114642670909979,0.654119359801186,0.03866248742644757,0.5143945270352356,0.5944890461028018,0.057002838989681615,0.4707875832873155,0.6175112685236086,0.08699905259505189,0.4604830748016019,0.6736689107238165,-0.2641330410848606,1.1400963227879932,0.7255074154157537,-0.2771428382442574,0.8728095934050463,0.6899095695977076,-0.25445251242823064,0.6312005899998023,0.64009815490073,-0.1940631640795378,0.5345738048531882,0.5870457596160374,-0.20704366468682106,0.5086228629631796,0.5716769352711317,-0.26154777626942904,0.4975623440421266,0.6311553379800556,2.754716981132076
-0.002208843183427983,0.7282835861772237,0.6900431133207067,0.023452993590411433,0.28302677251936165,0.740037002661038,0.025033629847833343,-0.10551504644420877,0.7488267236153984,-0.0037577742679827603,-0.12100914774706209,0.5781270961504906,0.058356471901675915,-0.1280244863870881,0.6067984390589036,0.0015348868897721636,-0.20215429597262236,0.8513947868614273,-0.19741659250329188,0.7034361355066127,0.7125979616089423,-0.1939100459830417,0.25159397236189374,0.7699352945012452,-0.17172630381640583,-0.12502268927199284,0.7593836931985626,-0.14652303557129798,-0.13349840680851466,0.6139956851072602,-0.2090813790401916,-0.13746322525344096,0.6313222891805366,-0.15296385971114704,-0.18698791896500944,0.8055319755487472,-0.10529211215428463,1.2247762280435526,0.7312010835916816,-0.11294571041946327,1.480795174875792,0.7056727389397612,-0.11931349814482062,1.3525800769219567,0.6134950187821429,0.03005360066428514,1.1376065492532004,0.7121696185813221,0.08882198031567662,0.8503662560182896,0.7239263291032066,0.0872297687996707,0.6117835089675479,0.654019971778526,0.03777755449948572,0.515179606864471,0.5946289772838003,0.05699067125455409,0.4702990154036023,0.6199943245689141,0.0858700601883608,0.46130072488458784,0.6730316008029124,-0.2645830307968827,1.1401118586966914,0.7232758797184003,-0.27715292334602426,0.8726835222487055,0.6899898754994795,-0.25429741143561013,0.630495920745378,0.6398821876442036,-0.19382259703992324,0.5337930707897244,0.5870657158850705,-0.20691892911894336,0.5087511351184653,0.5713528863822669,-0.26152460233771174,0.4969799234194469,0.6309830923424378,2.7735849056603774
-0.00175314250441011,0.728135131884358,0.6890857616962021,0.02361960499089087,0.2825764762287517,0.7404256077620431,0.025147711399138194,-0.10584150983421749,0.7494838506267941,-0.0037110783228794155,-0.12111888397580907,0.5780477887440798,0.05834025404992663,-0.12794306927994464,0.6065720345199217,0.0015300562907489047,-0.2021572697502906,0.8513955280698249,-0.1974520192284773,0.7030811888239539,0.7125599565806772,-0.1938886617181288,0.25157935852788116,0.7699467035486793,-0.17181061778787493,-0.12458398953460144,0.7592996425363545,-0.1463217101605628,-0.1340281974857425,0.6147201176242688,-0.20920642399032124,-0.13713370555089555,0.6307831854303123,-0.15284563390731676,-0.18706892881654857,0.8056374068658051,-0.10532344390753015,1.2224237659385648,0.7319374291541991,-0.11288506936578618,1.4801406273398974,0.7056046818846462,-0.11992493757121375,1.3502634946814736,0.6132283168467008,0.029449249713577152,1.1375868057654224,0.7120225193196632,0.08824630113147078,0.8505902082216135,0.7211846758657422,0.08720860464205368,0.6116259149309322,0.6538391889064787,0.036948498009043124,0.5154348169941115,0.5950768754596027,0.05717247314485244,0.4694681753495646,0.6216225056848399,0.0849560978337501,0.46106465090641635,0.6724506342001468,-0.2649659580656678,1.1403530681676222,0.7214830986782734,-0.27725475543460915,0.8727916165269817,0.6899271673725627,-0.2542483241502131,0.6295749001389498,0.6401104759178315,-0.19357861932492118,0.5332208577514604,0.5869740555859759,-0.20678690975928307,0.5088774796263222,0.5709936591619296,-0.2615513740841871,0.4957550919558753,0.6306533226068048,2.792452830188679
-0.001236936942933864,0.7277981298895182,0.6883002220503442,0.023692181846133004,0.2822419606674138,0.7406009740777406,0.025260370528229114,-0.10618531520738843,0.7501415256174679,-0.0036675150104205517,-0.12125203829486068,0.5780371308000813,0.05834630653309014,-0.1278866436551243,0.6065143329679118,0.0015279718151107074,-0.20216186538350145,0.851390438939636,-0.19735918931743124,0.7027428180653641,0.7124745821569597,-0.1938801671756214,0.2515926789767148,0.7699490875547038,-0.1718943182713621,-0.12414841821341359,0.7592218913811989,-0.14625690353646945,-0.1342051344669346,0.6144962705827721,-0.20942900472003892,-0.13642428742677964,0.6296503404350141,-0.15273528521271543,-0.1871305000642023,0.8057110032096784,-0.10567965437348312,1.2200088959706517,0.7327731626142735,-0.11277879212203318,1.4794385571012312,0.7057179475608191,-0.12027852184873833,1.3483523528147967,0.6130291249662645,0.02867826832170367,1.1375657143161935,0.7118385215780823,0.08750089101964065,0.8504867336727336,0.7189788304722412,0.08716866347238147,0.6110323466632074,0.6536291957227849,0.03621950355730805,0.5152219122224861,0.5955155581191689,0.05737077800561585,0.4683656941001972,0.6218766717017885,0.08451170239523698,0.45968591804381154,0.6722950225040369,-0.2652058137461325,1.140617629509892,0.7204667354681782,-0.27738743657160186,0.8729018703351739,0.6897075242895576,-0.25432050392802236,0.6287512976138563,0.6402665258266077,-0.19338871158843143,0.5328802747063048,0.5868521000795386,-0.20673747431293532,0.5089039431413712,0.5708346149810206,-0.26157074710461536,0.49439972565429524,0.63028376395078,2.811320754716981
-0.0006520681099374814,0.7272765999203178,0.6877234587957263,0.023663932640650823,0.28210398330981346,0.7405715125736538,0.025365094197596746,-0.10650929433042079,0.7507979039837833,-0.003656223215737238,-0.12121340849968236,0.578239316952371,0.05837405848430321,-0.1278383559943098,0.6065297430137748,0.0015285149612252794,-0.20216926794176956,0.851380680236766,-0.19714165876632322,0.7024169220339962,0.7124043687760943,-0.19390528973805066,0.251676156461926,0.7699334737158412,-0.17195964256347263,-0.12382164583398483,0.7591808528408859,-0.14639932108776968,-0.13371728210232695,0.6130895466960933,-0.2097600085388767,-0.1353159611241258,0.6278913881274643,-0.152699961626756,-0.1871656420085121,0.805722730256336,-0.10629504037074367,1.217897993387411,0.7332754876789234,-0.11271012548207382,1.4787966707349562,0.7056991854418044,-0.12032953975754651,1.3468286106204101,0.6129239774894264,0.027809899494603274,1.1375442780914216,0.7116298791347839,0.08680126424564658,0.8502355877939579,0.7170561092466768,0.08713142231304966,0.6101795687872885,0.6534415825996909,0.03556758080507011,0.5150242720957885,0.5954024790856877,0.057346621948847876,0.46741974249060514,0.620554652475688,0.08452305510144331,0.4578101673564249,0.6723980096320697,-0.2652721192882007,1.1407286470161409,0.7203207558210251,-0.2774939735506733,0.8728853949708758,0.6893911020066011,-0.2544354654704212,0.6280535002502021,0.6401591165522045,-0.19330440622839984,0.5327417853323775,0.5867841323842072,-0.2067414238742306,0.5088716587024192,0.5708142473003667,-0.26154174065745034,0.49346183400160276,0.6300098097334154,2.830188679245283
-2.6939258702063373e-05,0.726623300483017,0.687403919072535,0.023538311129192607,0.28217467728463114,0.7403203112034484,0.025485026410309405,-0.10685785925276362,0.7514904497743601,-0.0036960807507347214,-0.1208513375619386,0.5786755478324321,0.05837225737054984,-0.12789374134666923,0.606692231491367,0.0015314054632274965,-0.20217949108042163,0.8513698441694056,-0.19681842292134083,0.702111536838937,0.7123557334290704,-0.19395575886565675,0.25179349785653055,0.7699088944442086,-0.17198630558201375,-0.12371618369747865,0.7592028486831806,-0.14675279846582803,-0.13248057329020416,0.6108420888638044,-0.21005833228874352,-0.13430889234651566,0.6262933027639311,-0.15276352353218972,-0.18717498130344318,0.8056705292422875,-0.10696700774819162,1.21645250175356,0.7332910838387579,-0.11281513202259047,1.4783410218271533,0.7050124038566052,-0.12018972176239912,1.3457232267405275,0.6129090647183968,0.026922513658568403,1.137527020268035,0.7114071410970935,0.08630031681564213,0.8499480259437635,0.7154364671758638,0.08711137885471576,0.609312320335253,0.6532944549677637,0.03496957164350031,0.5153808221713605,0.594407063347975,0.05688949033222282,0.46740519762610444,0.6177475951092646,0.08483494975739633,0.4562535318954216,0.6722804392858105,-0.2652246764765795,1.1406938743870985,0.7206904934996472,-0.2775605754943705,0.8728737689017122,0.6890849349128171,-0.25452651878638577,0.6274137074377667,0.6399227748798323,-0.19332014225379304,0.5327536539669321,0.5867895625233377,-0.20674960662293626,0.5088356629129579,0.5708268846504024,-0.26153511788697276,0.4931792833172203,0.6299011751709651,2.849056603773585
0.0005479791822925462,0.725927779057948,0.6873877247731194,0.023326518263872636,0.2823989879175275,0.7398025928844263,0.02564837485761087,-0.1072857124783787,0.7522098776046791,-0.003821512751852614,-0.12012585962829882,0.5790426007462606,0.058293973432887655,-0.1281340555104984,0.6070714395635914,0.0015359779824502778,-0.20219414281612594,0.8513620734660483,-0.1964472229799232,0.7018298639375988,0.7123141746286937,-0.19399070775646515,0.25181660686008484,0.7699041830501053,-0.1719661508793759,-0.1238665724385982,0.7592775147817714,-0.14726338951430248,-0.1306855124871104,0.6081589304526668,-0.21017529956101674,-0.1338961575339243,0.6256382755543076,-0.15291753916250156,-0.1871585187745341,0.8055608595637755,-0.10744016400761974,1.2158836482216206,0.7331250128001421,-0.1131228094818797,1.478159307629255,0.7035740301830673,-0.12003495685709975,1.3450726320868271,0.6129384496528357,0.026201270158259515,1.1375218435536838,0.7112143717880548,0.08606555255240964,0.8496415333538577,0.7144727767249608,0.08711245107651042,0.6086480842494673,0.6531799286643987,0.03442395230772621,0.516494454060928,0.5926044761587319,0.05592420290727412,0.46882768343060177,0.6138486996593134,0.08528155750776018,0.4554402817573505,0.6715805628974769,-0.26516404314678954,1.1406404589847223,0.7210426003873702,-0.2775887454954887,0.8730605999054614,0.6888555078754182,-0.254578552425406,0.6268835555118877,0.6397160170410754,-0.19336101711049597,0.5328174878040406,0.5868272933299149,-0.20674301389922847,0.5088129879376345,0.5708390991347863,-0.26171575835506056,0.4935467098868195,0.6299589668840897,2.8679245283018866
0.0009805163109066206,0.7252503666073475,0.6876906381641198,0.02304780162298606,0.2826781816043725,0.7389702796732512,0.025833813516680425,-0.1077049734876655,0.7528274498238119,-0.004100859949415565,-0.11904309084198564,0.5787691552744741,0.05819951678770463,-0.12838949465175942,0.6074116552511406,0.0015413300929186394,-0.2022138564865783,0.851358572101971,-0.19609457826646076,0.7015673850601923,0.7122691065303739,-0.19398082983226628,0.2516618894012571,0.7699364161477131,-0.17190616374148943,-0.1242226682733372,0.7593659925961272,-0.14784589067451495,-0.12867905487913547,0.6053752751801376,-0.21012279095696504,-0.13402420327463693,0.6258451726742891,-0.1531459878304682,-0.18711441200447756,0.8053940920203991,-0.1076011058666898,1.2161126131267888,0.7330853941191908,-0.11350330185847762,1.478229170579513,0.701943890182994,-0.11995049966771987,1.344844019088049,0.6129641022243368,0.025912401117455353,1.137534663506543,0.7111264937701359,0.08607675062453121,0.8493583008119028,0.7143566611379579,0.08713413853521795,0.6083604787758277,0.6531036592864901,0.033887440195121604,0.5182036865384682,0.5902525702419907,0.054563640559571996,0.4715281192637325,0.609427048413073,0.08567564177566486,0.45544409914219086,0.6702519345146013,-0.2651384075322511,1.140638488052063,0.7211410402900754,-0.27758595331260894,0.8735042546219651,0.6887161450714322,-0.254595684318348,0.6265823156118624,0.6396018597611697,-0.19336629181609966,0.5328575656149124,0.5868591245041097,-0.20672395595839343,0.5088050297010263,0.5708564031090603,-0.2621583901284261,0.49446837776336566,0.630160014470887,2.8867924528301887
0.0012460469927178253,0.7245986451527784,0.6882223271747352,0.022714519013402046,0.2829468160494083,0.7378044640587608,0.02597339578427106,-0.10795346095458311,0.7532279399506864,-0.004589493781630198,-0.11762792168437178,0.5773903962543482,0.0582551453863701,-0.1282486120810051,0.6071524671188738,0.0015470475432043805,-0.20223567047202565,0.8513558148567939,-0.19580950166261762,0.7013205875949375,0.7122183615533363,-0.19393766118280326,0.2513831335265103,0.769991629824114,-0.17182295458251115,-0.1247032879081009,0.7594518133881725,-0.1484179641244805,-0.12677022505047458,0.6028205067337964,-0.2100301751380867,-0.13427389848424828,0.626249026693582,-0.1534348908321264,-0.18704472075967749,0.8051696658311492,-0.10755905070976787,1.2168287904420425,0.7331974054836286,-0.11380491220792277,1.4784128063440183,0.7007229701410822,-0.11992620144455507,1.3449682802305059,0.6129817825944921,0.026190008157694344,1.1375641928112945,0.7111862328053975,0.08620998356498352,0.8492043000160888,0.7147629631108058,0.08717262219256183,0.6084946985006644,0.6530780991143079,0.03327564327832783,0.5202039620528864,0.5876238157461369,0.05304777070060793,0.4749200414979715,0.6050996758552537,0.08582092539116323,0.45626887633671753,0.6684644275079372,-0.26513331302373766,1.1406695082186293,0.7210775654913666,-0.27757703238048903,0.8741590722500227,0.6886601699333478,-0.25458245075180524,0.6265503523298849,0.6395770635271859,-0.1933381622112296,0.5328686454959639,0.5868811613686643,-0.20669887700173378,0.508810912194638,0.5708846883419662,-0.2627330146048482,0.49574247411500566,0.630463878898306,2.9056603773584904
0.0013868326616557625,0.7239957037970813,0.6887540448603902,0.02232745893080086,0.28320783692526363,0.7363270546601252,0.02602476280015407,-0.10800992761152547,0.7534697660565669,-0.005272385109190319,-0.11596940839641587,0.5749085329815824,0.05858536728134671,-0.12740779408759795,0.6058971872449285,0.0015529348431635632,-0.20225611186346235,0.8513486539520418,-0.19562379805218819,0.7010919698799319,0.7121661783665424,-0.19388972496230794,0.25108896865762825,0.7700470561420256,-0.1717303904413954,-0.12526409980068712,0.7595608581511281,-0.14890522050632168,-0.1251983973232607,0.6008566414620509,-0.20998225452657995,-0.13439426550719544,0.6264458398549051,-0.15377320611725104,-0.18695471253960352,0.8048930896770123,-0.10750476019425781,1.2177510739617599,0.7333922265088808,-0.11396264831656444,1.4785557441452193,0.700130989368019,-0.11993889531864366,1.3453522710535626,0.6130180564920575,0.026899768766021848,1.1376031669725635,0.7113603233866559,0.08632925979595807,0.8492364431452653,0.715109051704797,0.08721155005746864,0.6088500623982547,0.6530753223174188,0.03258635696693088,0.5222168335620503,0.5850493683581018,0.05164540893774733,0.47843245491599584,0.6014876519538741,0.08562189971562068,0.45789577697648554,0.6664692001653441,-0.26512523772935287,1.1407004825544012,0.7209870148257234,-0.27758430636377374,0.8749602465353525,0.6886569656451682,-0.2545519427835818,0.6266826032038247,0.6396023746768015,-0.1932950062908632,0.5328368906606078,0.5869068189431343,-0.206671287654453,0.508823277667662,0.5709197222455341,-0.2632102601534498,0.4970139466961327,0.6307896159690634,2.9245283018867925
0.0014700784546712031,0.7234970383042634,0.6890810665786055,0.021905800809771087,0.2834586014775507,0.7346526293172784,0.025996856125678557,-0.10795992417826113,0.7536130367989662,-0.006026093691270483,-0.11431769543159259,0.5719241197386056,0.05919119690091606,-0.1258667225832553,0.6036645028788812,0.0015579061504761523,-0.20227489147702277,0.8513340064447449,-0.19553116276586185,0.7008891120343225,0.7121234866453985,-0.19385659799533017,0.25084044195964944,0.7700945516518805,-0.17162948081820573,-0.12588750814122004,0.7597066800435635,-0.14923396454042698,-0.12418922127040274,0.5998158485036995,-0.2099751170231748,-0.13441392782140396,0.6264752705556382,-0.15415022226407651,-0.1868464151364812,0.8045782674068684,-0.10752271543676689,1.2187830991062265,0.7336394486398206,-0.11397257951216988,1.4785957252510065,0.7001648005645928,-0.11997905570146394,1.3459253300794116,0.6130883203278732,0.027777238194471088,1.1376431977053154,0.7115777977037498,0.08641822461434964,0.8494056992028849,0.7150404051263366,0.08722991800109,0.6091425317317731,0.6530434347849982,0.031966412549000345,0.5239643644622143,0.582960856036619,0.050564736163718926,0.4817057385461886,0.598997895673965,0.08513556226551255,0.4600888326065477,0.664547812025442,-0.26510891984409996,1.1407206186595062,0.7209202338438891,-0.27759504094761067,0.875842106312004,0.6886325739642638,-0.25452398584366276,0.6268157804260779,0.6396358939411816,-0.19323453070823632,0.5327286423608073,0.5869368422404123,-0.20664293442066828,0.5088346192813099,0.5709499729385903,-0.26342921853762863,0.4978277718120492,0.6310231498304991,2.943396226415094
0.0015504593720631343,0.7231182852465519,0.6891968019327823,0.021506165010662173,0.28365070155653493,0.7330262832104175,0.0259050049264666,-0.10783632009407902,0.7535383724772415,-0.006633477243461157,-0.11312409611617669,0.5693722654754738,0.06001493056443522,-0.12377645424776745,0.6006675848792058,0.001560339905547634,-0.2022934191199682,0.8513117374376877,-0.19547732792711972,0.7007242562933573,0.7121010193695416,-0.19384500388657672,0.25063170700017956,0.7701343555972748,-0.17150237859570405,-0.12651812727836542,0.759842294614739,-0.14935307801426556,-0.12390195028493176,0.5997492018955785,-0.20997617676212446,-0.13441677756484263,0.6264729989248905,-0.15455294287990615,-0.1867159346843254,0.8042417298387871,-0.10757392700993793,1.2199079304106988,0.7338881338553307,-0.1138347041695878,1.4785550715548106,0.7008310442108324,-0.12003590511407697,1.3467008564103702,0.613183423846914,0.028637686899991632,1.137677120684042,0.711793715494576,0.08653254497170709,0.8496335881394522,0.7145899673799474,0.08722565084806211,0.6092997622270121,0.6529802017252724,0.03160168432891716,0.5251157010672994,0.5817607062647692,0.049893243943140514,0.4844044021594536,0.5976015598050786,0.08454389849324642,0.46228222568123,0.6630042652925916,-0.2650911207183024,1.1407332994412258,0.7208760793397561,-0.27754835424143737,0.8767192904133847,0.6884597762767727,-0.2545086054000905,0.6268742075850966,0.6396586896607088,-0.19314767396858332,0.532598894658629,0.5869392224391355,-0.20661611258169446,0.5088477727063501,0.5709666281141766,-0.26332985921646485,0.49790071417068904,0.631093924671706,2.962264150943396
0.001651610111493812,0.7228275339210897,0.6892191929396085,0.021185736442444147,0.2837470619939323,0.7316729861017663,0.025761635873998677,-0.10766783061601184,0.7531394397462473,-0.006899746853482344,-0.11281343125941107,0.5679759427543689,0.06097227567767931,-0.121360564096037,0.5972070477067453,0.001559256689253922,-0.20231163981849706,0.8512844204992371,-0.195405419998312,0.7006136096302766,0.7120999959318032,-0.1938451484954095,0.2504166655932992,0.7701611978437424,-0.1713200469610317,-0.12707819186078687,0.759871381322345,-0.14928483363872289,-0.12425903289399592,0.6002394274012204,-0.20996696042633176,-0.13442405317101722,0.626481801471411,-0.1549684826743313,-0.18656109339932353,0.8038941970327607,-0.1076067452178022,1.2210440824633166,0.7340399242412143,-0.11355173445117556,1.4784694109431376,0.7021220283049053,-0.1200911243418123,1.3477102384141748,0.6132777019784537,0.029398480025854212,1.13769933878742,0.7119958343729013,0.08663696767460921,0.8498110067390705,0.7141573264860923,0.08721605575765748,0.6094594852194335,0.6529441888245223,0.031546927235663824,0.5254738530952342,0.5815272179307026,0.04960771408867937,0.4860682843227917,0.5970269572763195,0.08407031140473004,0.463868643058422,0.6621052160735584,-0.265079414692222,1.1407426716092974,0.7208375798952298,-0.27739352251139104,0.8774351087682927,0.6880686892253489,-0.25450189950431035,0.6268856378979719,0.6396687235656126,-0.1930551411099458,0.5326381227826905,0.5868721335863978,-0.20659393918459867,0.5088705798445669,0.5709705047540774,-0.2629088100143759,0.497425624466132,0.631038215183976,2.981132075471698
0.0017711836013686866,0.7226010111563437,0.6892279995434749,0.02095681642497542,0.2837568300347587,0.7306233745824817,0.025606502744292554,-0.10753830846837312,0.7525308078541029,-0.006763653664684355,-0.11345652842745936,0.5680074896474759,0.06187829723786943,-0.11909163670941633,0.5939394304513821,0.0015543202223501044,-0.20232771044535644,0.8512562611480579,-0.19529546864956668,0.7005744603007416,0.7121154598086228,-0.19383826543524216,0.2501762608587766,0.7701686176575667,-0.171090545523197,-0.1275137169826211,0.759706468057919,-0.1491420397826993,-0.1248682777543192,0.6006980735655377,-0.20994930472608214,-0.13442031309478492,0.6264808959495696,-0.1553892714491882,-0.18638945529085804,0.8035399236082381,-0.10762101705501967,1.2220659610465605,0.7340197385049112,-0.11318516173288207,1.4783694935730225,0.703773416928076,-0.12013207090933431,1.3489423453775606,0.6133326300262347,0.02998621768185017,1.1377069736722145,0.7121703496545297,0.08658772752565738,0.8497681882683615,0.7143421988257573,0.08721532937676757,0.6097383782412875,0.6529854917197291,0.03167638419280336,0.5252551501315285,0.5818630833852052,0.04961640918894589,0.48647617416442346,0.5970549506758663,0.08382520914043387,0.4646612107657119,0.6619017276385102,-0.2650765559867587,1.1407490343590498,0.7207948961820514,-0.2772201824312962,0.8777766567665024,0.6877057099904849,-0.25449681395547435,0.6268956086961278,0.6396663461500669,-0.19304372418398766,0.5330885345330767,0.586732961334945,-0.20657876327615904,0.5089059482462029,0.5709657048299477,-0.2622549672668224,0.49685250993024754,0.6309150476633498,3.0
0.0018973472252472867,0.7224399567168011,0.6892335968009675,0.02079750239201318,0.28370496639700893,0.7297841583619206,0.025503542777839526,-0.1074857957565154,0.7519523015855067,-0.006280195419888996,-0.11478472423215817,0.5694158372964001,0.06244589926414002,-0.11768619944704095,0.5918834511537321,0.001545972291756001,-0.20233918185159125,0.8512327978545637,-0.19515070770878531,0.700616581354452,0.7121444169465332,-0.19381337688002803,0.24994945212448808,0.7701575275210004,-0.17089194777372763,-0.12778001571388511,0.7593835020104682,-0.1490506863332842,-0.125266781243849,0.6008561620637598,-0.20993416150381414,-0.13439556513015008,0.6264479625291741,-0.15581323798047256,-0.18621276846287915,0.8031826484741436,-0.1076506674879178,1.2229333322192208,0.7338418502645907,-0.11288284730240006,1.4782979313184663,0.7051494572675181,-0.12016047183350359,1.3503518491911517,0.613309092030039,0.03032521262961596,1.137701462983796,0.7122921059114238,0.08627897188456124,0.8493883645777134,0.715517227034312,0.08722495801639216,0.6101263270444227,0.6530942213931927,0.03180127352221085,0.5249409314444373,0.5822221526681142,0.04976819479966019,0.4860636342956106,0.5974295524337688,0.08372757856854335,0.4649786798766628,0.6621155297559403,-0.26507540297706744,1.1407476354729051,0.720779148718425,-0.27727575381917896,0.8776793436122348,0.6879068131643133,-0.2544905469408549,0.6269195497697181,0.6396515995554838,-0.193235785008908,0.5340670666271697,0.5865458164068931,-0.20657046885611913,0.5089506969327718,0.5709521442238108,-0.2616308458057748,0.49638328533206677,0.6306947587348696,3.018867924528302
0.0020182606258749847,0.7223543623953608,0.6892249146471955,0.02069187550580022,0.2836041826019178,0.7291024432769814,0.02549240604155193,-0.10747354548539434,0.7515880008840987,-0.005560721334239776,-0.11646070040307517,0.5718501068052768,0.06244872113319586,-0.11769317661539283,0.5918235738726367,0.001536211117085874,-0.2023443242773483,0.851220646595085,-0.19496814827419762,0.7007204976676912,0.7121856867325331,-0.19376479685573378,0.2497755157854365,0.7701329423107589,-0.17081183007885495,-0.12785613231310558,0.7591035078292699,-0.14904763227005577,-0.1253035096623299,0.6008016140731598,-0.2099275878189611,-0.13435628222675247,0.6263852561918452,-0.15623741559393053,-0.18603769192984665,0.8028320905730193,-0.10772573591606965,1.2236950793628945,0.7335836456053784,-0.11277294714244579,1.4782886142683496,0.7056973174244912,-0.12018121221254918,1.3518298850526684,0.6131996526812495,0.03043042407954888,1.137688413762278,0.7123548683812635,0.08573191513185358,0.8486991711461156,0.7176050822542843,0.08724167571819327,0.6105632186666949,0.6532242062024751,0.0318057697953186,0.5248047544635426,0.5823705264827344,0.04990319504676033,0.4855865406275721,0.5978105371958136,0.08364097571304113,0.4652192021030206,0.6623759667046982,-0.2650527421131369,1.1407227343486979,0.7208964187846083,-0.2777835601297852,0.8772834238129048,0.6890339450028363,-0.2544831228665504,0.6269418831950307,0.6396230566583575,-0.1936631870721806,0.5353424359907648,0.586301119571291,-0.20656653312199005,0.5089975481791695,0.570927601598117,-0.2614102754802126,0.49598471331866906,0.6303171160261245,3.037735849056604
0.0021225149110962738,0.7223515376750851,0.6892007498301141,0.02064662403798001,0.2834550904153351,0.7286109053649488,0.02553821791603697,-0.10748109415809763,0.7515227656624552,-0.004767221490500256,-0.1181930811528291,0.5745954967968642,0.06188099513776832,-0.11910670923610771,0.5937516053120541,0.001527801976019545,-0.2023423166860382,0.8512228360022662,-0.19474617843966383,0.7008284785046643,0.7122335322249975,-0.19369258187487035,0.2496798048942827,0.7701052203506695,-0.1708685265769981,-0.12780159371893623,0.759077957905848,-0.14908461166860684,-0.12516594165754846,0.6006948869932007,-0.20992764394072827,-0.13431240438567046,0.6263077891632435,-0.1566517148897933,-0.18586789624779038,0.8025031268000073,-0.10784187721959987,1.2243349805346253,0.7333117150162138,-0.11282738216740512,1.4783285651071847,0.7055322642908287,-0.12019655640952864,1.3532248128037234,0.6130414564863071,0.03043686859560002,1.1376746508913311,0.712387998443067,0.08504227529168229,0.8478146750201897,0.7202647144740176,0.08726323319587867,0.6110336173173943,0.6533506073789089,0.03168834941314383,0.5248023512045421,0.5823916971314494,0.04995538848136932,0.48541969443074257,0.5980254492995121,0.08354517855086807,0.46544409901541184,0.6625369180164713,-0.264992851730539,1.1406620942372725,0.7212230793667942,-0.27874582585196034,0.8766432815829366,0.6910017827831985,-0.2544732662691078,0.6269203351631526,0.6395774887094746,-0.1941916680681091,0.5363728254836589,0.5859817211451905,-0.20656412922002867,0.5090372668268525,0.570893286181926,-0.2618033796513427,0.49569786928667436,0.6298104143834482,3.056603773584906
0.002196489278685404,0.7224362906689163,0.6891700592457534,0.020684886755952578,0.28323912712716914,0.7283879890990037,0.025549524944802882,-0.10750785255573954,0.7517443436833217,-0.004085614075347775,-0.11970753775402845,0.5768009002740366,0.06096305466578144,-0.12137615786640817,0.5968975366260967,0.00152185900441233,-0.20233019671487606,0.8512341784702568,-0.19452075720332918,0.7008879655086578,0.7122745232150265,-0.19361482680324726,0.24969300198356278,0.7700891717281768,-0.1710222245032764,-0.12774360189057626,0.7593750199897592,-0.14911440092619832,-0.12505616958267804,0.6006158275507062,-0.20993108307062372,-0.13426737759687396,0.6262263035212451,-0.15704065329679187,-0.18571011607497728,0.8022088575545648,-0.10796421798021857,1.2247574738168179,0.7330599517155769,-0.11291396076330967,1.478374715630862,0.7052164367538709,-0.12021238208741819,1.3544381245718629,0.612884442315689,0.030431736531929543,1.1376652892901031,0.712410127008767,0.08430371267061695,0.8468571976072634,0.7231038519326545,0.08728723152932538,0.6115552670563931,0.6534832707834443,0.03157266244351714,0.5248281916015043,0.5824062732703792,0.04995760532243518,0.4854693861818197,0.5981197183062249,0.0835259679088988,0.4654439338491748,0.6626146291065549,-0.2649418837589222,1.1406049675815984,0.7215440650347735,-0.2798694563039184,0.8756551796611434,0.6934548710959507,-0.2544604577489719,0.6268261016061137,0.6395187120514706,-0.19462137829778434,0.536736618064091,0.5856496233290076,-0.20656230671107495,0.5090618741310611,0.5708559836383311,-0.26262994130796724,0.49557265439537646,0.6292960935594785,3.0754716981132075
0.0022236403069769706,0.7226159960081803,0.6891334659753412,0.0208208349583872,0.28293575091246537,0.7284899012817714,0.02543828667357166,-0.10745707566726968,0.7520576242171291,-0.0036496346211715657,-0.12076719715750728,0.5779288527550824,0.05998521920086391,-0.12379672948967428,0.6002895013750855,0.0015168722172072989,-0.202302198740971,0.8512460145676725,-0.19434723453043096,0.7008998415780004,0.7122942213030377,-0.19355283655342778,0.24981343232565417,0.7700892262737885,-0.1712368268118414,-0.12781089080007596,0.7599447998688876,-0.14913015311544991,-0.12501770571421475,0.6005795337690321,-0.20993821973446172,-0.13422479861011585,0.6261509785532476,-0.15739181099517385,-0.18557228372990553,0.8019580269406118,-0.1080692972325126,1.2249479567982147,0.7328631322385164,-0.11295585086575272,1.47840428703684,0.7050827984717625,-0.12023437771114992,1.355424878668501,0.6127611653551197,0.03032055330570249,1.1376628132506867,0.7123898527221162,0.08359388106430954,0.8459480710532334,0.7257335264954294,0.08730994968511538,0.6120662178861899,0.6536223719543088,0.03166072111484164,0.5248559255263833,0.5824470887378546,0.0499573622714484,0.4855585400961287,0.598164667435092,0.08365397819244838,0.46505630533079756,0.6625959640525517,-0.2650033333348896,1.140645251257201,0.7213575792823752,-0.2807060479705451,0.8743107392177599,0.6960084356044489,-0.2544536097770758,0.626727480106052,0.6394713301982814,-0.19483419449882433,0.5364063589205734,0.5854267436094481,-0.20656285641013503,0.5090651782520947,0.5708257110304514,-0.26345751773140613,0.49547208774084567,0.6288990407187773,3.0943396226415096
0.002195677823368436,0.7229020512231702,0.6890569431293261,0.021018049289047186,0.28262131409825486,0.7288638510203634,0.025165522957784132,-0.10712733102659294,0.7520875502281285,-0.0034916704517724984,-0.12124810427826424,0.5780185568702546,0.05913769291728461,-0.12590657526998042,0.6032892178855978,0.0015098734831303878,-0.20226079731666105,0.851255082900538,-0.19423912446186004,0.7009014611550325,0.7122863377128779,-0.19350792721963184,0.2500265242826832,0.7701003228663617,-0.17150140611625223,-0.1280756598598191,0.7607173943109616,-0.14914130391585068,-0.12502275391229123,0.6005864735747087,-0.20994999803127967,-0.1341949104149603,0.6260977724105636,-0.15769978324056136,-0.18546027601289258,0.8017561659695543,-0.10815798004568622,1.2249896952248134,0.7327636378291456,-0.11296359816816337,1.478422446872344,0.7050984026314255,-0.12025980268629899,1.3561404684432063,0.6126870190402005,0.029964529723842503,1.137666948947321,0.7122880162800511,0.08299851956428114,0.8452214172350514,0.7277668935647792,0.08733566942587045,0.6124094670023474,0.6537333069237764,0.03208371985229119,0.524883416352083,0.5825033041909599,0.04997069036980434,0.485619818878252,0.5981766448046576,0.08389949874126004,0.464324093015966,0.6624544698257024,-0.2652530291066032,1.140858070672254,0.7202721308969535,-0.28101566050460547,0.872748975750878,0.6983461581583286,-0.25447026061413136,0.6267831002833115,0.6394743288036405,-0.1948123466434047,0.5355655197355241,0.5853904429202295,-0.20656870981188985,0.5090439724845887,0.5708088321281742,-0.2639547027170341,0.49516998166729764,0.6286677619883647,3.113207547169812
0.002134606754560814,0.7233052676308852,0.6888634435656449,0.02119616463486529,0.2824824253946218,0.7293227613909072,0.024762712744131884,-0.10642684081988274,0.7516098121585284,-0.0035341022430875712,-0.12123231563232402,0.5775985605983114,0.05851013961172289,-0.1274790585989824,0.6055595535023852,0.0014961984945225785,-0.20223505269881026,0.8512629664576861,-0.19417362613857114,0.7009236271017665,0.7122522397244483,-0.1934647265330261,0.25035713361493867,0.7701193198941435,-0.17181217247310376,-0.12851686596053924,0.7616536350615946,-0.1491519535357302,-0.1250562748584714,0.6006371570218303,-0.2099627607827446,-0.13418747766427433,0.6260780358170591,-0.15796131254838172,-0.185381702999664,0.8016083764517581,-0.10822640905422437,1.2249278552338343,0.7327651261111129,-0.11296463051960359,1.4784302312266615,0.7051488804492292,-0.12029084908941445,1.3565774704480944,0.6126607787449843,0.02934985823576114,1.1376754252873165,0.7121058753075287,0.08260671764025163,0.8447956265973983,0.7288816561105199,0.08737943851631444,0.6125007384594555,0.6537853875237276,0.0328115594244105,0.5248541763804357,0.5826066351715935,0.0499893943529445,0.48565143310843994,0.5981569838221075,0.08415113580516578,0.4634092920776032,0.6622159925727789,-0.2656851376286297,1.1412531271582615,0.7182416164754989,-0.2809840222486476,0.8711380292843272,0.7002067352504485,-0.2545213908812559,0.627105083795531,0.6395493096534948,-0.19457444673665952,0.5344234829232917,0.5855273621663273,-0.20658055345601278,0.5090037060357426,0.5708027608068182,-0.2640264712955286,0.49452841465676084,0.6285789777862374,3.1320754716981134
0.0020877308925808524,0.7237962243706972,0.6885234761720586,0.021304664774034296,0.28262579892874606,0.7296772617012133,0.024297900698912356,-0.10553471905347585,0.7508699481587537,-0.003635396223953074,-0.12099661080467622,0.5772423351340786,0.05817030441289128,-0.12834209433622587,0.6068212204112153,0.0014705695495692806,-0.20227076607141106,0.851270909941665,-0.19413884654892877,0.7009738751058133,0.7121953634600143,-0.19340540785785176,0.25081609727738907,0.7701440997830866,-0.17216441533326743,-0.12904733286570327,0.7627397772284911,-0.14916205937853141,-0.12510622614799863,0.6007105516624093,-0.2099704476090916,-0.13420228070453763,0.6260898304750963,-0.15816920837067214,-0.18534897635093245,0.8015265365282197,-0.10826206163298246,1.224739038600397,0.7328027834828799,-0.11296551354093237,1.478404346768804,0.7051813484369783,-0.1203653313165125,1.3567813350201874,0.6126607050422267,0.028567661127796073,1.1376851020574286,0.7118742013262793,0.08244784540891281,0.8446923454278652,0.7290279124625458,0.08742770661407276,0.6124265179060946,0.653789764857872,0.0336938640982489,0.5247010536374006,0.5828642016037399,0.05000334588668509,0.485658345150607,0.5981177964725568,0.08430859840984789,0.46244293319314045,0.6619452903342767,-0.2662128598129042,1.1417800268638862,0.7155301924466129,-0.2810142569186173,0.8696415989998065,0.7013959940160954,-0.2546022781392195,0.6276781787346329,0.6396859857860838,-0.1941564360585542,0.5332685597546771,0.5857722742858137,-0.2065962470707565,0.5089580915710142,0.5708012631909585,-0.26369274095644735,0.4935824746426321,0.62860696040875,3.150943396226415
0.0020822739491267728,0.7242519381815826,0.6881855057039343,0.02134838285630543,0.2829637582579203,0.7298723601332502,0.02383479117300213,-0.10477425996896361,0.750404743884148,-0.0036927226087254657,-0.12080640013008065,0.5771365251669082,0.058118021216617556,-0.12849580728530574,0.6070476005441159,0.0014350301544853105,-0.20237295534659405,0.8512819738071995,-0.19413627947704892,0.7010293871671142,0.7121247791444834,-0.19332319738171716,0.25133514570497006,0.7701800320217509,-0.17255464086493685,-0.1295865072485061,0.7639599995697962,-0.14917678874854737,-0.12512503883550044,0.6007490813659827,-0.209969360502474,-0.13422257882292554,0.6261253250463499,-0.1583093309022718,-0.18537288606835578,0.8015311633712866,-0.10827179296623898,1.2244313518823646,0.7327994625540128,-0.1129619749207853,1.4783284236490222,0.7051865979570567,-0.12054349382955953,1.3567977762072085,0.6126653777743153,0.027732089028725926,1.1376927347392132,0.7116268666288756,0.08244034350652077,0.8447837587967956,0.7285969348636799,0.08741552194373492,0.6123303115951718,0.6537796475038511,0.03455609287584255,0.5245275338502123,0.5833033250535686,0.05001369303279454,0.4856423032488882,0.5980713218257061,0.08433424192226352,0.4615048485137278,0.6617080785128266,-0.2666947336490653,1.1423224642586307,0.7127356601529481,-0.2813673438500102,0.8683895011848052,0.7019017002049466,-0.25469570414236237,0.6284092424035999,0.639860003370761,-0.1936504215425825,0.5324578123425944,0.5860680034060399,-0.20661272502920558,0.5089206592200575,0.5707996314782153,-0.2630226825507499,0.49253371001080415,0.628741701320114,3.169811320754717
0.0021090557766924867,0.72453093319814,0.6880679577679293,0.021318312416168564,0.2833477515297498,0.729904813506247,0.02343393237815124,-0.10440262234600388,0.7506176738783524,-0.003690689789597797,-0.12073134875006145,0.5771715124227025,0.05819781361665973,-0.12833330210407407,0.6068001144701668,0.0014025267820017271,-0.20247871504804918,0.8513039170518211,-0.1941492540713943,0.7010305210230805,0.7120649031189834,-0.1932273623677404,0.2518085734380674,0.7702409793013179,-0.17297665458313582,-0.13009531381300174,0.7652815386728177,-0.1492074643354494,-0.12504230363486815,0.600712831964797,-0.20995557714192278,-0.13421070556766407,0.626180449531425,-0.15836159824520582,-0.18545199101031612,0.8016370212514992,-0.10828112867201889,1.2241426170890395,0.7327539063245538,-0.11296509654108605,1.4782602033110568,0.7051767310251731,-0.12079495419791553,1.3566770779973467,0.6126761956600637,0.026952693080604495,1.137696215475314,0.7113943537548075,0.08245838065607608,0.8448859971717678,0.7281590113739005,0.08729715565966989,0.6122782355996925,0.6537679745340444,0.035318239742382906,0.5246361533392976,0.5836212585802841,0.05002365377171511,0.48561342805589286,0.5980231725229276,0.08423317997598898,0.460697068879964,0.6615494760550069,-0.2670355420632825,1.1427252066249403,0.7106388482837234,-0.28198009079705555,0.8674562215837359,0.7018695984312175,-0.25477923170406347,0.6291904273192814,0.6400457812746163,-0.19322536748384525,0.5322125454131276,0.5863740322473304,-0.20662575615002154,0.5089014756584506,0.5707891665447332,-0.26219585066502094,0.49157421843578036,0.6289284631887515,3.188679245283019
0.002159755936032931,0.724617351916456,0.688205575981348,0.02116152060100729,0.28373496139590004,0.729714790963092,0.023139756481953874,-0.10452273896280855,0.7515879709380674,-0.00365287175398059,-0.12068178446878902,0.577257551523455,0.05821551488296707,-0.12835514521804114,0.6068219582690731,0.0013863103166148695,-0.2025168289657726,0.851343583237852,-0.1941272133889671,0.7009160397283103,0.7120521873459197,-0.19313588630906509,0.25218834168153104,0.7703239942954503,-0.17341945075487403,-0.13056428561016822,0.7666612943115917,-0.14924854845827235,-0.12491040908699433,0.6007371275313377,-0.20993188992009088,-0.13414072295463556,0.626252831397494,-0.1583123062313631,-0.1855706981196177,0.8018354958078849,-0.10830109303128371,1.224103163513714,0.7327356010372081,-0.11301734546256914,1.478324458110111,0.7051724304135083,-0.12089541798000158,1.356502600093995,0.612690594221009,0.026339949741193858,1.1376943045017174,0.7112120546978213,0.08244994462369118,0.8449136126001429,0.7279926207378837,0.08712698888465545,0.6122510709249676,0.6537373876323719,0.036002195659406516,0.5252215192384019,0.5832837728204854,0.050023549415451424,0.48560267885248704,0.59798395431189,0.08402464593638623,0.46017623457937884,0.6614952519191132,-0.2672614678596809,1.1428769773922414,0.7097932119277329,-0.28257063441320734,0.8669167426706095,0.7013615715384439,-0.2548469860656944,0.6299143575736683,0.6402103634671261,-0.1930410835568474,0.5324239056631555,0.5866201752008025,-0.2066322893312335,0.5089047152361307,0.5707618886154386,-0.26148203914081747,0.4907722198460916,0.6290706078069683,3.207547169811321
0.002248544699831573,0.7245944924006997,0.6884634512392751,0.020871527492848055,0.2841818035979055,0.7293122572535942,0.02294241488140031,-0.10506075005929755,0.7531226145857538,-0.003594745884038621,-0.12057100574755995,0.5773878714323541,0.058178312580660876,-0.12855442161595068,0.6071416471610283,0.0013902186781094125,-0.2024629436071543,0.8513980612797366,-0.19402136418362084,0.7007053453824261,0.7121084835760159,-0.19307200600289087,0.2525187245091646,0.7704038595122338,-0.1738648404677878,-0.13102120684424173,0.7680622088563498,-0.14926192137310745,-0.1249667356484003,0.6010592512058837,-0.20992897200542107,-0.13406692894173172,0.6263291535927821,-0.15818303791747412,-0.1857063673970823,0.8020893346593863,-0.10832113754448339,1.2244371368160687,0.7327954709132861,-0.11314680781065195,1.4786050900730916,0.7051930509960482,-0.12052427396815157,1.3564017461127271,0.6126903026844512,0.025990936539851295,1.1376844846106617,0.7111223642160188,0.08244186931931077,0.8448912649399495,0.7280314117664966,0.08703700040918783,0.6122058317066714,0.6536726580676275,0.03658754063919112,0.526212601649271,0.5819844360406405,0.05000303613550322,0.48564287950355234,0.5979717794221439,0.0837405341113403,0.4600804862088317,0.6615547043813853,-0.2674330947823188,1.1427455810809397,0.7103705373651024,-0.2829435153169779,0.8667974788627474,0.7002765822946243,-0.2549428943619063,0.63047132222416,0.6403273953522879,-0.19310396234633903,0.5326562694682491,0.5867178569266196,-0.20664541557370927,0.5089094694721594,0.5707498677110707,-0.2610930546821115,0.49020640200595783,0.6291185991731025,3.2264150943396226
0.002401534193376076,0.7245250515616599,0.6887335649574337,0.020552831918318526,0.28472375367934644,0.7288955422939638,0.022781888150832572,-0.10582413544418778,0.7549097390964128,-0.0035314861229627003,-0.12044959017088525,0.5775553319582905,0.058289818954517965,-0.12841179046989784,0.6070412898679983,0.0014120642014994855,-0.20232098718126865,0.851457106202593,-0.1938246143144874,0.7005264694985357,0.7122032841865461,-0.19306109412263844,0.25289308493782237,0.7704666435097616,-0.17428287328277214,-0.1315560554960439,0.7694623118898255,-0.14921768894298598,-0.12531394356453893,0.6015018714237858,-0.20998877986314723,-0.1341177501115291,0.6263793235949033,-0.1580477806130494,-0.1858346269625677,0.802340618680029,-0.10832757869562235,1.2250550438384216,0.7329178865133901,-0.11327138604625542,1.479083266774332,0.7052660232696124,-0.11949798795096805,1.3565309120333446,0.6127032860291463,0.025922669969104917,1.1376661454817998,0.7111402700415316,0.0824632409991857,0.8448656776114609,0.7281261766250902,0.08709423798442142,0.6121495011840362,0.6536216305330506,0.03699635115103386,0.527576115701513,0.5798693304491235,0.049981791311503126,0.4856964015084969,0.5979863747344514,0.08344892247654884,0.46036557163487596,0.6617064183266802,-0.2675610314455851,1.1423605323668682,0.7122358875043873,-0.28307252552764794,0.8669702447901475,0.6985408268955261,-0.2551254590896365,0.630789603164219,0.6404163187376124,-0.19326272877404438,0.532450803602073,0.5866649589795486,-0.20670932218671273,0.5088513916721463,0.570865934337176,-0.26107000372770334,0.48999449649749527,0.6290921079198143,3.2452830188679247
0.002637158044830168,0.7244415475010557,0.688996463389842,0.020332270403598238,0.2853443504063969,0.728700830818852,0.02260710853216282,-0.10665434430198262,0.7567122195211489,-0.003491194493014548,-0.12048414656431798,0.5777140754716605,0.058702062283575544,-0.12751855035120963,0.6059270685431682,0.001451841469935636,-0.20208113679398632,0.8515187659671327,-0.19354747185511229,0.7005524758924103,0.7122315527986556,-0.19311767207982256,0.25340689432283214,0.7705241797048515,-0.17464715103139086,-0.1322553947004289,0.7708511642399596,-0.1491221940006437,-0.12580668476436802,0.6015512030332637,-0.21009366559084175,-0.13443332735567382,0.6263657009144633,-0.1579952754837527,-0.18593366835903374,0.8025360439356692,-0.10830447119924147,1.2257626602930978,0.733045398342792,-0.113209315219432,1.4796808982432816,0.7054231942184216,-0.11785304059887519,1.3569682494652078,0.61280503128431,0.02602964654874329,1.1376527617767818,0.7111885637416988,0.08251185202892164,0.8448643336857885,0.7281844547476494,0.08713260866978292,0.6121635690929591,0.6537343281382831,0.03720555842908796,0.5294362002003078,0.57734337229049,0.050002314241890194,0.48562867961862743,0.5979829448439157,0.08324824950547702,0.46075682470926815,0.6618841251164786,-0.2676699561446075,1.1418266667316697,0.7148576029050577,-0.28286491442228884,0.8673114506918119,0.6962279034709067,-0.25533002920598963,0.6309096068182953,0.6405268495580869,-0.19338857573673948,0.531720805705098,0.5865486126863753,-0.2068548578908296,0.5086818814132869,0.5711929235909209,-0.2612824710599613,0.4900639333659874,0.6290268115743775,3.2641509433962264
0.0029287434941519808,0.7243940050325762,0.6892676335505369,0.020256107244645702,0.28603579455559314,0.7288080136305332,0.022413952032971352,-0.10750775518760923,0.7584538730851853,-0.003499820719532338,-0.12079602180771759,0.5778089073229776,0.05938958231186814,-0.12590781735685944,0.603809238840938,0.0015127206888952084,-0.2017195200307401,0.8515920803558394,-0.19320446153590126,0.7009005749822352,0.7120673128670283,-0.19324271257663028,0.2541051302766136,0.7705902402795075,-0.17496575584827354,-0.13307856219940573,0.7722320401463173,-0.14898272336823448,-0.12646245340782658,0.6012665302168166,-0.21014795933701552,-0.1351319200247123,0.6262608724960935,-0.15806270050715648,-0.18599247345226938,0.8026570656786398,-0.10823154309008606,1.2263753800305253,0.7331198999896067,-0.11283300156869908,1.4803160214091422,0.7056675571551497,-0.11571688519721979,1.3576431818231778,0.6130017764755842,0.026183436079233124,1.137679085186366,0.7110848559044192,0.08256803520819478,0.8448938873457291,0.7281760514578545,0.08686243645026231,0.6123079739678297,0.6541026436932138,0.037241793478491575,0.5316785079305517,0.5747685795403938,0.050071998855493544,0.4853211480798617,0.5978754051302702,0.08317391941172617,0.46100684075807685,0.6619954374326482,-0.26786170017724154,1.1413241894075146,0.717301039444497,-0.28217027678906526,0.8678382914166393,0.6935533262342229,-0.2553252933387746,0.6309400208976574,0.6406716068718902,-0.1935155565260022,0.5307950348347028,0.5863393796502471,-0.20699572417083423,0.5084991087254589,0.5715218945406155,-0.2615133337949651,0.4901435900283859,0.6289642011279502,3.2830188679245285
0.003189190677999415,0.7244433154484622,0.6895484169510975,0.02030712774229773,0.2868106295252416,0.7291655546502386,0.02222409854562343,-0.10839735410338927,0.7601234895898843,-0.0035683137577529056,-0.12139275089704231,0.5778215604573327,0.06023050313884191,-0.12386455196978331,0.6010569482436416,0.0015924406849096842,-0.201249556914651,0.8516791696919361,-0.19286577380635195,0.7015231926753844,0.7117128852096559,-0.19342992892095484,0.2549297509947557,0.7706636747466524,-0.17527553891480843,-0.13388862156141945,0.7736268723423604,-0.14879465741557915,-0.12743362808898973,0.6012353986555109,-0.21008173017079468,-0.1361736593308288,0.6260818580269373,-0.15820780432084988,-0.18601829697616287,0.8027265272690676,-0.1081089244605368,1.2267824799926677,0.7331168410021847,-0.11216034199528807,1.4809153938457564,0.7059635229004202,-0.1132353308898208,1.3584513280467507,0.6131617443929942,0.026337181301091528,1.1377655900919104,0.7107224639934977,0.08261256251212082,0.8449405413664711,0.7281186821552565,0.0862886047841932,0.6125487829331739,0.6544278826532085,0.03717358865513046,0.5337520169717214,0.5723287167333655,0.05012027786047238,0.4848049235476607,0.5975492323026157,0.08314774730364363,0.4611207789819691,0.6619833152557695,-0.26824931245289396,1.1410339361891895,0.7186111850598099,-0.2811359800790234,0.8684954165591398,0.6908902101913322,-0.25488873790216027,0.6309046659269637,0.6408136650180025,-0.19375622468213793,0.5301178650062714,0.5858036010048339,-0.20693408419988166,0.5085448355668499,0.5713636420758539,-0.2615704960028213,0.4901024010714292,0.6289850080335839,3.30188679245283
0.003331743672462889,0.7246126014236207,0.6898205318749552,0.020456425475989984,0.287670253595094,0.729727976410457,0.022042274924154042,-0.1092991338839999,0.7616482241179506,-0.0036960189025918347,-0.12225141284641339,0.5777644245792568,0.06110208843111616,-0.12169015845198035,0.5980729770890612,0.0016786957843674365,-0.20074614400282298,0.8517677686508373,-0.19265087539010153,0.7022162884572142,0.7113552860857956,-0.19366031815596368,0.2557946903095144,0.7707284313385739,-0.175583335176257,-0.13459649059468465,0.7750093822838299,-0.1485542568695829,-0.1285635485884312,0.6016117403355615,-0.2099334002217792,-0.13725138715425048,0.6259042096602951,-0.1583425920026889,-0.1860330792193906,0.802786173267233,-0.10797638492288403,1.2270188339900705,0.7330525856569852,-0.11130018517823381,1.481403484497789,0.7062612709158096,-0.11066104209180744,1.3593761664386814,0.6131596064404087,0.026432604422020167,1.1378431390893025,0.7103879465110224,0.08263343064490103,0.8449746760853918,0.7280796660511875,0.08580522177761016,0.6128419776773673,0.6540833810427632,0.03711268441092255,0.5350209192266723,0.570221044373478,0.05004547179339566,0.4842157320656275,0.5969628399375477,0.08311821538344663,0.46119128846960467,0.6619013520164015,-0.2688467112853115,1.1410531843574945,0.7182748851499432,-0.28028505881641,0.8691054832663241,0.688709475223977,-0.2539741801506753,0.630725483738605,0.6409102008672372,-0.19411075327363497,0.5299426602051002,0.5848627299894037,-0.20653301403035945,0.5090124120618844,0.5703382472160407,-0.2613233391124873,0.4900787493029084,0.6292030157355287,3.320754716981132
0.0033351764408054985,0.7248708508833296,0.6900683565274598,0.020678893734514134,0.2885624465437371,0.7304890630953015,0.02183641316073888,-0.11012905637252586,0.762930066767505,-0.0038665896960537517,-0.12333213696160257,0.5776486333417395,0.06189848787973991,-0.11965496784926899,0.5952251411556923,0.0017579581896460083,-0.20028892276205892,0.8518426393222285,-0.19263686454140064,0.7027888104545365,0.7112041275198253,-0.19390375750636227,0.25670638387919154,0.7707610564097293,-0.17583479359361395,-0.13517901089467593,0.7762171983102195,-0.1482818789183893,-0.12945103289544868,0.6020280072217997,-0.20978817432719052,-0.13799786494425814,0.625807949707845,-0.1583984839951884,-0.18605714518459796,0.8028640236067134,-0.1078876335627704,1.2272310070895858,0.7329631523656491,-0.11037854907406769,1.481707574301391,0.7065182490841649,-0.10837232513874229,1.3604207178134748,0.6131581857980273,0.026307774493191438,1.1377538372734588,0.7107401170619443,0.08261903962516243,0.8449529144215846,0.7281941499357678,0.08575340052188762,0.6132091965795201,0.6526957017158932,0.03709944143794561,0.5351376683645922,0.5689268665251496,0.04985410825803921,0.4836116312939337,0.5963742536312384,0.0831725681115485,0.4612040345308379,0.6618910954220951,-0.2695359435343591,1.1413592897458968,0.7164349436668,-0.2800923152111652,0.8696035480260549,0.687368483118475,-0.2526956676048009,0.6303497856448462,0.6409412236539073,-0.19440643733933155,0.5301852190665871,0.5840349830645503,-0.2058272318208527,0.5099299415943939,0.5683931327751559,-0.26069409625608564,0.49026905262230736,0.6296983878186402,3.339622641509434
0.0032244104827208464,0.7251954142957634,0.6902859681969684,0.020968830622481546,0.28935319859500697,0.7314245867206047,0.021565417145998276,-0.110811573128823,0.7640033021366164,-0.004045813666276678,-0.12442415469659066,0.5775037478802425,0.06251096135469854,-0.11804246103006057,0.5929170522834382,0.001823994453026239,-0.1999092149801916,0.8518954919284918,-0.1928229669790229,0.70318070173323,0.7113405938439845,-0.19413219617982264,0.2576993737061777,0.7707527441950746,-0.17599732116332167,-0.13563344076522613,0.7770906860375668,-0.14806190983788953,-0.12983579469343637,0.6021964482466031,-0.2096889005064927,-0.13822838269653032,0.6258247248086044,-0.15835810572874326,-0.1860983729182834,0.8029642685824193,-0.10786480046632874,1.2275511311970624,0.7329195896018337,-0.10951852431641285,1.481808315195644,0.7067124587544547,-0.10670245963880387,1.3615003184971182,0.6136014651838009,0.02583856794488254,1.1373924631379466,0.7122207964392935,0.08254761136544841,0.844842354295866,0.7285578551508773,0.08613471968995584,0.613691058552698,0.6504403518057841,0.037117806832754674,0.534110358912646,0.5689667777321115,0.049738096175194674,0.48294844493476435,0.5963048702636424,0.08341415627494872,0.4611665576277576,0.6620226451165132,-0.2701547234960816,1.141826332551889,0.7137760732042837,-0.28053273850839955,0.8700340080144567,0.6868644241736039,-0.2512320942096054,0.6298088774304422,0.6409066602208195,-0.19438139975821112,0.5304127155420406,0.5843831351536393,-0.20494203320710783,0.5111836164561322,0.5657597799842157,-0.25969446641883437,0.49074968968943844,0.6304615031968696,3.358490566037736
0.0030369127964942066,0.7256105435148138,0.6904719316406842,0.021348097249894032,0.2898972531733761,0.7324823136645308,0.021219574790736894,-0.1113141777064831,0.7649520701362438,-0.0042011373557692185,-0.12509170234632677,0.5774117515158647,0.06284189904187826,-0.11712296948312731,0.5915611085176039,0.0018758771552324278,-0.19960434468275218,0.8519261589920617,-0.19316459169763187,0.7034260538494136,0.7117439170732875,-0.1943245365676213,0.25872403734216887,0.7707191725667133,-0.17613383612191286,-0.13596772066022825,0.7776715229985406,-0.14799770446527777,-0.12979031430058863,0.6021579430669488,-0.2096352091700155,-0.13792808665163678,0.6259477574469567,-0.15823391543826343,-0.18615630149947254,0.8030865857761944,-0.10787972451159678,1.2280404762364145,0.7330701228394875,-0.10884652637569392,1.4817844651733099,0.7068484975949324,-0.10573756826319242,1.3624861391576797,0.6148014745989463,0.0251185039433518,1.1368354363833972,0.7145186567383008,0.0824153165235646,0.8446948404694652,0.7289548554065068,0.08682320242069877,0.6142852072774846,0.6477574576712706,0.03723802390456374,0.5321306068301391,0.5703331053872276,0.049960289364986976,0.48222068713522376,0.5970855485142174,0.0838846151284425,0.46124212182965535,0.6621958798577974,-0.2706426421614304,1.1423093041885921,0.7110508313036632,-0.28112618466514305,0.8704325277983314,0.6868536491473332,-0.24977428163413015,0.6291767689854407,0.6408123109916551,-0.1937803388953745,0.5299091575150013,0.5870296512730184,-0.20396407723303425,0.5125128521498948,0.5630073786688445,-0.258427546680054,0.491393128256046,0.6314168275989273,3.3773584905660377
0.002839114856587416,0.7260832636554813,0.6906216280275919,0.021839167186440064,0.2901425340999584,0.7336195347871365,0.020818956235046572,-0.11160188340533933,0.7656281703824632,-0.0043081841426723605,-0.12496880560666214,0.5774539309229506,0.0628819694646752,-0.11695932740305576,0.5912933474939851,0.0019135354733805534,-0.19936843160891274,0.8519378652456969,-0.19360402951104122,0.703556709203138,0.7123650319029263,-0.19446753487470142,0.2596859574239328,0.7706796248430706,-0.17628169836173327,-0.13614073643962532,0.778044725596826,-0.14812320610410012,-0.12962373961519016,0.6021596816604783,-0.20963153005998122,-0.1371785489000588,0.6261416758975274,-0.15804105390294884,-0.18622720993340697,0.8032355672026539,-0.10789451784725687,1.2287033263250737,0.7335187214089902,-0.1084752155868638,1.4817531295137845,0.7069486885362122,-0.10530537695049114,1.363334176910368,0.6166661251382821,0.024409028379552278,1.1362872945137465,0.7167781878929795,0.08230451315611276,0.844669898313719,0.7288507899793875,0.0878496104622033,0.6149394349644866,0.6450558469436638,0.037535779777675804,0.5293541369021472,0.5725321280162621,0.05070381296807511,0.48141340745247446,0.5986658912408802,0.08470263495058403,0.4615728868300769,0.662299632812207,-0.27105429581376184,1.142727808087873,0.7086686896797709,-0.28149402731134004,0.8707975429798369,0.6871106500642878,-0.2485253338552218,0.6285279117140216,0.6406713025716648,-0.19244363407183246,0.5279438796657362,0.5925820124411727,-0.20293099712275836,0.5135480068208581,0.5609646925738161,-0.2570245872132096,0.49185450441284134,0.632468775219668,3.39622641509434
0.0027045111156479285,0.7264720044055378,0.6907190537923589,0.022440731740752715,0.2901338814965918,0.7348129692846448,0.020394471832376655,-0.1116656214479951,0.7657441773379398,-0.004341275977213828,-0.12409218888603188,0.5776219552695316,0.06275874895566787,-0.11724574936816562,0.5917113484986575,0.0019372658557703292,-0.1991991263003107,0.8519324433828098,-0.19409814751053553,0.703537742293237,0.7131500555790113,-0.19455143437929429,0.26051750378908445,0.7706386406102856,-0.1763393911669842,-0.13605601759984395,0.7781222841875479,-0.14843103860926887,-0.12950350904446684,0.602257237171726,-0.20971186471363448,-0.1361415534273987,0.6263129390193521,-0.15779093173089606,-0.18630305900390542,0.803404081125536,-0.1079409882408287,1.2295133900592465,0.7340396327201713,-0.10842963784714266,1.4817616793419364,0.7070464027334744,-0.10518002013685468,1.3641594353751796,0.6188566179700052,0.023931843088855764,1.1359179119935543,0.7182815566428888,0.08237056073133728,0.8449226174025941,0.7278314567340468,0.0893453100789828,0.6155796536895107,0.6426926038130597,0.0379249151353844,0.5260161999461389,0.5750974978942063,0.05203058958644305,0.4803255982129824,0.6009844183678823,0.08602594513501258,0.46204555283316145,0.6625055392508499,-0.27141291097561526,1.1430518156316303,0.7068113017487012,-0.2817542413713207,0.8710186118869685,0.6878232316199281,-0.2476856016724391,0.6279385901353582,0.6405279371052901,-0.19042280547168766,0.5242626713942705,0.6007907566211714,-0.2019223397406923,0.51397981369472,0.5603047423516203,-0.25562345834822403,0.4917455594204473,0.6334886492940814,3.4150943396226414
0.0026472888577374065,0.7266934476403337,0.6907565819095137,0.02312982002622184,0.2899607931486183,0.7360439184360266,0.01998556521326425,-0.11157844201928867,0.7652714902155631,-0.00429121969396028,-0.12283771991199789,0.5778215374545802,0.06263969803163746,-0.1175313927391662,0.5921659869142339,0.0019485503353500672,-0.19909457390022178,0.8519119472260709,-0.1946166291396585,0.7033097083422184,0.7140530882066609,-0.1945639417390808,0.26120106918803615,0.7705922946049539,-0.17621361211100803,-0.1356595092607489,0.7777630489697149,-0.14892927241360718,-0.1291913678259355,0.6020078610253864,-0.209896879418841,-0.13502011136113334,0.6263219856525145,-0.15749405164310742,-0.1863733189574231,0.803568068395811,-0.108118412300264,1.2304199954144477,0.7340863803240876,-0.1085876343773472,1.4817821544980811,0.7071841735740506,-0.10524771671821054,1.365141763668042,0.6210571693315514,0.023768078485758626,1.1357927422003724,0.7187616083826449,0.08271636422117654,0.8454932325551754,0.7259029056684988,0.09121403284554633,0.6161577890017812,0.6410400897303826,0.038207593402675266,0.5226959540847229,0.5777097718464776,0.053876076500440684,0.4786657385194697,0.6041395563883831,0.08776579326303763,0.4623691685443581,0.6632426736571717,-0.2716527660835403,1.1432508548624618,0.7056774740091087,-0.28224361648966345,0.8709673725014624,0.6892287196880292,-0.24733645161189416,0.6275167582870986,0.6404558720725232,-0.1880285560418063,0.5193911310284877,0.6107003280352066,-0.20108275179612348,0.5136897486228647,0.5612412364828386,-0.2543835562065697,0.4908719167069443,0.6343105694555731,3.4339622641509435
0.002630634004464144,0.7268304544634723,0.690757857085956,0.02386853696317727,0.2897166685320897,0.7372959006022458,0.019634972634803072,-0.11142266780723613,0.7645062154696609,-0.0041784342129932775,-0.12159201994924787,0.5779505722784528,0.06259148076029761,-0.11761186363012523,0.5923298767262403,0.0019488038191808011,-0.19905353173901832,0.8518814857173058,-0.19511216537256595,0.7028891642629246,0.7150558106536599,-0.19449988014482528,0.2617767399079536,0.7705421951704836,-0.17597080957886846,-0.13495044310441995,0.7769766069719771,-0.14955098247021537,-0.12840091038851148,0.6010964348620277,-0.21010614257524832,-0.13409568536584057,0.6261712362345613,-0.1571554815528749,-0.18643294994609477,0.8037122033086103,-0.10848844361683993,1.231309008638119,0.7332038124150071,-0.10876627341716111,1.481781884313934,0.7073857419875598,-0.10544603681828069,1.3663547698891223,0.6230470492222118,0.023923245618669597,1.1359221518349987,0.7181924682561482,0.08332256860987161,0.8463162465726949,0.7233597273269224,0.09300117279147516,0.6166598243394893,0.6404093465544438,0.03820864230513499,0.520037690199843,0.5800891497585571,0.05605014037345829,0.4763499597144671,0.608037588647433,0.08963159307264301,0.46238747808490527,0.6647778100451454,-0.2717255502668844,1.1433091133242703,0.7053534506158361,-0.28307597484366354,0.8706825846537705,0.6912237782203421,-0.24731182705061378,0.6273687011373884,0.640483197941152,-0.18569555864215614,0.5143772074124763,0.6209474249553939,-0.20050583860209162,0.512782962957452,0.5634971607944236,-0.2534501430578388,0.48934916594040523,0.6348232804667867,3.452830188679245
0.0026277283927807205,0.7269939055623659,0.6907528996368355,0.02461339213627764,0.2894460381726631,0.7385570762253489,0.01936673284674511,-0.11122545568794127,0.7637367881505772,-0.004032445213737046,-0.12056642019263472,0.57796237073258,0.06258217202693946,-0.11756038896614486,0.5922756586378227,0.0019380310914962123,-0.19907515088132582,0.8518468594243189,-0.1955351524861965,0.7023676398862253,0.7161617310175328,-0.19436796588303418,0.2622925891595801,0.7704951249870469,-0.17573333713313574,-0.13394298065318366,0.7759547575423796,-0.150094558201112,-0.1272002325080188,0.6000371046774574,-0.21016884535870997,-0.13375814060167385,0.6261855622889888,-0.1567584458548901,-0.1864891904985546,0.8038560923330513,-0.10903322682010458,1.2320273531686492,0.7312829814937287,-0.10887502203236005,1.4817563952864765,0.7076287592681261,-0.10567530894868848,1.367771914682715,0.6246276831501734,0.02438675204835844,1.136297300901145,0.7166118779275348,0.08409538685191728,0.8472758121089352,0.7205715114875361,0.09430007306126625,0.6170706513802855,0.6407470171083209,0.03790544959679215,0.5182083910116274,0.5821180974841323,0.058277940688085755,0.4736082915851994,0.6121932547060498,0.09147878793149689,0.4621808398499333,0.6669814570638116,-0.2716858091221666,1.1432659884433611,0.7055778906968342,-0.28412668465582624,0.8702396588794968,0.6934776715087417,-0.24734516081593322,0.627448675887476,0.6405451495303082,-0.18379683462044039,0.510271761855236,0.6298241853936953,-0.20012989503446582,0.5115808485611892,0.5663692127250307,-0.25289394954862376,0.48760302548572926,0.6350779817646252,3.471698113207548
0.0026324457783593602,0.7271892725730776,0.6907306603244461,0.02533143280619407,0.28911753984774524,0.7398121927852503,0.019149681386294554,-0.11100116359906308,0.7630013008821274,-0.0038797967129637193,-0.11987452418814656,0.577875614879325,0.06257012723782159,-0.11749885087878499,0.5921684318586159,0.0019159524441652444,-0.19915788605154863,0.8518105969847156,-0.19587273630868088,0.7018230651886209,0.7173677068444998,-0.19418308319620015,0.2627488835265199,0.7704579168356762,-0.17552537866592954,-0.13271098475178417,0.7749095804666364,-0.15042616886345422,-0.12572872210058883,0.5994620805446195,-0.21000185167911492,-0.13415284639353037,0.6267095993477511,-0.1562706767536764,-0.18655773639497694,0.8040425418336324,-0.1096958815481262,1.2325128061197212,0.728554501373444,-0.10893089907245329,1.4817184020136844,0.707869333060476,-0.1059134857576921,1.3693642542704836,0.6256201771182819,0.02507841805314731,1.1368482222533751,0.714292040465627,0.08492588897199077,0.8482366741459828,0.7179091942204294,0.095235496555791,0.617408334455918,0.641461888132101,0.037535400208013686,0.5169705651068776,0.5838952748329688,0.06026690754241598,0.47081425407872957,0.6160136046095623,0.09332039878833615,0.46176792020185264,0.6695329691382779,-0.27163871410981877,1.1431949116448454,0.7059006528731051,-0.2852384473341417,0.8695266686011083,0.6957019027065321,-0.24742388364921256,0.6275074596140291,0.6405675379930681,-0.18259065897873294,0.5078295148787959,0.635628837862339,-0.19982049175938768,0.510472835177045,0.5690387257833173,-0.25270724702217306,0.4862165198862875,0.6352482590168987,3.490566037735849
0.002632449228504974,0.7273731507172778,0.690612056860785,0.0260087767969627,0.28867163199735135,0.7410372256777751,0.018908992511973362,-0.11076651170525266,0.7621821257010691,-0.0037447187324125527,-0.11963373374390715,0.577736733118362,0.06254319258423145,-0.11748057309239571,0.5920942352893379,0.0018829966043162497,-0.19930069905487732,0.8517711577973864,-0.19615277744508897,0.7012855095357104,0.7186463515694618,-0.1939669439041739,0.26313460706134917,0.7704400346991138,-0.17528546823598315,-0.1314019970413068,0.7738748889403168,-0.15059162396869138,-0.12399247942683579,0.599323769773109,-0.20971093085767417,-0.13490530553129482,0.6276345726904541,-0.15569832512424442,-0.18664449136821176,0.8042873860019855,-0.11036789531308641,1.2328404751034814,0.7256409716421457,-0.10897037920644875,1.4816821857647946,0.7080793659235937,-0.10627592358641724,1.3710337952088745,0.6259511358440288,0.0257801788758934,1.137399240356268,0.7119481810886641,0.08570780823467022,0.8490566051318212,0.7157588570727355,0.09620137958660974,0.617749938241044,0.6418528193313086,0.0374326919858185,0.5161432473769385,0.5855999678748671,0.061748583938271984,0.4683150918038777,0.619215926769525,0.09506903616339238,0.460934767759827,0.6722095843010778,-0.2716352889147031,1.1431499849957811,0.7060789038156008,-0.28628118452572787,0.8684043677544475,0.6977081077442572,-0.24777532719443146,0.6273312988458747,0.6405590509945686,-0.1822045738654161,0.5073635676502223,0.6375545187443084,-0.19953208880937,0.5096843568560699,0.5709999396139942,-0.25281250937067473,0.4856434945244953,0.6354541740028299,3.509433962264151
0.0026075800623522882,0.7275402697290868,0.6902920241369913,0.026640654078396206,0.28809138953749214,0.7422035466778825,0.018613857488556294,-0.11050009412114029,0.7611837311339416,-0.0036412526919254685,-0.11986102142531663,0.5775921454456604,0.06251988751716021,-0.11747853107876165,0.5920325339807128,0.0018390919293736685,-0.19950572948738957,0.8517257939449456,-0.1964083253889264,0.7007671726646795,0.7199544047144222,-0.1937434360268832,0.2634468895017411,0.7704414754923424,-0.17496314160514198,-0.1301470745510187,0.7727385846811066,-0.15055955457652878,-0.12221702668266064,0.5993952173051743,-0.20945060817275055,-0.13553273220316656,0.6285359408182795,-0.15511437223624036,-0.18673516641110802,0.8045532823784657,-0.11087680423710375,1.2331061082339965,0.7234336074263581,-0.10900666504381373,1.4816565332563887,0.7082452335929273,-0.1068067929605101,1.3725297582733738,0.6256739785532736,0.026230311935102835,1.1377458953904498,0.7104324541887796,0.0863354086952908,0.8496012116002922,0.7144860804465526,0.0971793990711681,0.6181359220815925,0.6417021767226396,0.03775732582049707,0.5156537339000397,0.5874870508295973,0.06251787845014087,0.46642933638995077,0.6218680535179285,0.09650902454893523,0.4596266001138496,0.6748450580437451,-0.27165711573900375,1.1431643334643082,0.7061470115929023,-0.287049970614367,0.866968787512358,0.699308931432238,-0.24841856983642166,0.6269957556664257,0.6405929686572042,-0.1825808010440337,0.5086955898818061,0.6361558882640627,-0.1993097553032635,0.5092120546501397,0.5721544887564731,-0.2530495729901695,0.4860348091561314,0.6356608427385034,3.5283018867924527
0.002565918296947939,0.7276996440173205,0.6897690543625825,0.027205047184691244,0.2874553443884148,0.7432839142244846,0.01831415656485796,-0.1101424862063906,0.7599900030478837,-0.0035773462369270365,-0.12029831404782365,0.5775099019245968,0.0625502341259853,-0.11738253071017013,0.5918475368512236,0.001782682563597983,-0.19978029204391926,0.8516737012784765,-0.19662513394586353,0.7002691566521648,0.721257666964694,-0.19351533509620772,0.26365153547091535,0.7704442013033221,-0.17456220661441116,-0.1289944733819272,0.7714357422346327,-0.1501125559744512,-0.12089359198369008,0.5997132799681625,-0.20928684702251793,-0.13586927655973746,0.6291228705245244,-0.15460489342097525,-0.18681185253733856,0.8047869308110186,-0.11106743288496615,1.233296611157459,0.7226412569589626,-0.10903850242918395,1.4816433192408063,0.7083528645218877,-0.10737776329760079,1.373529544195531,0.6249960186725629,0.026334318185934624,1.1378168181315496,0.7100563393598046,0.08671879078078432,0.8498018162915428,0.7142130962455155,0.09771441263173869,0.6185130644272855,0.6412390843204542,0.03848395939009919,0.5153218926842087,0.5898486250833028,0.06253454276096734,0.4654707785746068,0.6238325703441377,0.09747248770952793,0.45829710775977706,0.676967502223064,-0.2716786486379106,1.1432567220893746,0.7061673199551888,-0.28726035751315326,0.8654479692100571,0.7003103760609144,-0.2489967989741661,0.626776029179231,0.6407394779305228,-0.18345348457078436,0.5112697652427834,0.6328704411581025,-0.1991945860148566,0.5089575207024359,0.5726314737754346,-0.25322696871295997,0.4872665833692872,0.6357582012749179,3.547169811320755
0.002562067060970896,0.7278415492575689,0.6892008197983212,0.027655756698786255,0.2869232865439964,0.7442501114293395,0.018079936462635747,-0.10966837182657581,0.7587019758666534,-0.0035646165549381016,-0.12054203519208304,0.5775723458705279,0.06267101577466098,-0.11711045117479493,0.5914446286950898,0.001711609446592318,-0.20013541796904993,0.8516152538942134,-0.196753950517482,0.6997594360654019,0.722536945766155,-0.19325558291144315,0.2637010873888099,0.7704465034630713,-0.17411326205681238,-0.12793765695509107,0.7700204233463643,-0.14915742440286275,-0.12023939262585222,0.6001456480205829,-0.20922071393448044,-0.1359581370375291,0.6293275442471694,-0.1542107093697829,-0.18687057308762264,0.80496178897445,-0.11087609783828073,1.2332638628667638,0.7234876013473142,-0.10906108101279327,1.4816367089643525,0.7083937030727905,-0.10784660174557992,1.373679005277313,0.6245290324460891,0.026231842396278238,1.1377207643545781,0.7103799116775786,0.08684220886992627,0.8497365979652121,0.7145890113597076,0.09747866365702171,0.618803179026298,0.6407146485246359,0.039414293455584115,0.5149494469142117,0.5926753585999802,0.061932286618075705,0.46568559049844416,0.6244956915281167,0.09789617832539177,0.4575701521031566,0.6778009303503942,-0.27171300986000957,1.1433789358303321,0.706069080412359,-0.28678714105633124,0.8640110413008576,0.700706834045377,-0.2491195949543833,0.6268465780042081,0.6410310342436741,-0.18438586273309446,0.514319348431464,0.6292240417736896,-0.1992233410781068,0.5089219584984962,0.5725587751859518,-0.253203247530713,0.4889878031968261,0.6357067215767273,3.5660377358490565
0.002646856750728427,0.7279823539678417,0.6887985366536457,0.02796134236712214,0.28659204635510727,0.7450584856070128,0.01793174819321682,-0.10915180097655872,0.7575594910480155,-0.00358686416580208,-0.12046422060143844,0.5777804288585294,0.06280632936085703,-0.11684358110982172,0.5910885076662066,0.0016251005377730268,-0.20057442738967343,0.8515498070789448,-0.1967911869216516,0.6992040026901192,0.7237580657142225,-0.19292969138496815,0.26357006877048667,0.7704818289879268,-0.17363638691906308,-0.1269652043093366,0.7685921983393142,-0.1479037294808609,-0.11994760653445569,0.6001349616853114,-0.2092446521917124,-0.13583284816412927,0.6291480859209108,-0.15393099603853,-0.18691635532946632,0.8050755277355202,-0.11034747426829952,1.2328407765906666,0.7256922618678612,-0.1090633385518382,1.4816315551552788,0.7083747672941962,-0.10815348673963593,1.3726360347253754,0.6252774156596004,0.026129043258844964,1.1376144049933434,0.7107513238547554,0.08679685036852097,0.8496031341636218,0.7149833685725505,0.09656997164424411,0.6189685075754456,0.6402373844440796,0.04012964650425721,0.5146079166412887,0.5953661951298629,0.06087858880683655,0.46706385823276336,0.6234960789564936,0.09772004830647732,0.4576414140325069,0.6769180128973024,-0.27180129966144434,1.1433923831716728,0.7057502361953949,-0.2858207844595975,0.8627330292860546,0.7008167949223251,-0.24865858175292455,0.6271915407875874,0.6414574787386644,-0.18494439252874015,0.5171226018810922,0.6262461766763803,-0.19944120320555092,0.5092689035746905,0.5718938897932028,-0.2529076285998034,0.4906910065164245,0.6355767428884798,3.5849056603773586
0.0027873774983254163,0.7281722687863635,0.6887502586502348,0.028129179987602365,0.2863940349092958,0.7456440037700757,0.017834483646160783,-0.10873350067905689,0.756811566010411,-0.003569999225216428,-0.12034278807342985,0.5779782993286259,0.06276896332120126,-0.11701471787848639,0.5913672933650979,0.0015285146125484904,-0.2010656819630364,0.8514796830335173,-0.19678703490126337,0.6986200181420938,0.724862602402353,-0.19253033276559722,0.26325568390279563,0.770580084332964,-0.1731387830589107,-0.12611398950491087,0.7672267014991728,-0.14662593975456806,-0.11973216673140814,0.5991344043866675,-0.2093557380395217,-0.1354761241445128,0.6285687572931055,-0.15375936691392156,-0.18694910044514612,0.8051236485571975,-0.10963391547355647,1.2320218096979192,0.728543629865041,-0.10901915946833568,1.4816435482433572,0.7083026339151761,-0.108281525083324,1.3703440210434463,0.6278705965481275,0.026104563301896255,1.137563562679394,0.7108892006189746,0.08669066112820337,0.8495712154448927,0.7149547987249587,0.09532269456425535,0.6189995015778704,0.6398553488019999,0.04020792473650503,0.5146130440690095,0.5969355631588619,0.05950020175776971,0.4692095747923797,0.6212654030328639,0.09680654663398158,0.4581904270471722,0.6746829618362614,-0.27192393888915034,1.143129516444731,0.7053695885120139,-0.2846777565680697,0.8616227591636285,0.7010398182380677,-0.2477068571478389,0.627799118229569,0.6419534625265244,-0.18495878532651394,0.5193439701798687,0.6243196865323525,-0.19980336148644443,0.5101544803474447,0.5705220293360449,-0.2523376610844206,0.49193822256752856,0.6354432759371721,3.60377358490566
0.002875754797848601,0.7283998691251863,0.689177816573961,0.028168616577322447,0.2862211537333005,0.7459404300530758,0.017765578689385136,-0.10853828635216822,0.7565487027347908,-0.0034433392733621434,-0.12051316619118187,0.5779135169008764,0.06242138609008195,-0.11793228800707684,0.5926797171938891,0.0014373125250780373,-0.20153105134889496,0.8514157752348053,-0.19676731637955086,0.6980481168268988,0.7258196761336199,-0.19208747837016932,0.26278571677103213,0.7707391307205446,-0.17262444550407238,-0.12548573636693994,0.7659640772893714,-0.14542958963848635,-0.11967948963088201,0.5970667806610722,-0.209541432342915,-0.13490001095205453,0.6276355334885501,-0.15371234798511446,-0.18696030943183486,0.8050911079834394,-0.10892924293308348,1.230978947226817,0.7312051966196287,-0.10891682698930005,1.4817029453714297,0.7081654415620859,-0.10821927767142614,1.3672172997256429,0.6319486316423801,0.026095479924625242,1.1375473152819635,0.710872321155863,0.08656053267553412,0.8496753485244867,0.7144809898391073,0.09402727968457691,0.6188876263408778,0.6396131837075909,0.03949795661583566,0.5151947564020146,0.5966385637944793,0.05788225819841347,0.4716203556461662,0.6184031516765875,0.09502509624673161,0.458882865380961,0.6718617966154984,-0.27190363449888655,1.1424792645612731,0.7054884716680991,-0.283566401122954,0.8607404552509639,0.7015018588653436,-0.24642117577103118,0.6287749529662028,0.6424045465463369,-0.1845642972434185,0.521141853137638,0.6234595788555626,-0.20013740536226504,0.5115676470853527,0.568468000051003,-0.2515551242966795,0.4925773984065264,0.6353090709134842,3.6226415094339615
0.002871002174945486,0.7285632685955258,0.6900051721720706,0.02806332491581158,0.28606415361034326,0.7459190416502549,0.01774520127399571,-0.10865242878907932,0.7567099006462464,-0.0032266896931735173,-0.12109803421225758,0.577500169994313,0.06178068449724968,-0.11954834229278938,0.5949471698979077,0.0013683171168515538,-0.20189632621740752,0.8513715246019684,-0.196707492413788,0.697509267705281,0.7266658513137443,-0.1916426867985268,0.26222140013585093,0.7709300811090245,-0.17210193138579555,-0.12513892494240691,0.7648161556490309,-0.14430994883989792,-0.11967009340181531,0.5942864738776399,-0.20974640631924932,-0.13426996653747594,0.6266275289613732,-0.15382235981350945,-0.18694243954025827,0.8049787089833472,-0.10837083725461757,1.229911007388566,0.733117159763641,-0.10883246319647744,1.4818091531221291,0.707949806535853,-0.1079640307574834,1.3639333591761935,0.6365634472198285,0.02603200211052814,1.1375372565633872,0.7108278212747099,0.08644954314051911,0.8498106024948093,0.713958379810228,0.09285095655624001,0.6186531787368243,0.6395233242659248,0.03810773604229095,0.5163622582983373,0.5944932156128524,0.05609462544203181,0.47403124258994966,0.6150414035572657,0.09252375016452613,0.4597566026689728,0.6690194773035167,-0.2714864137415789,1.1414856305268288,0.7067263020755392,-0.28259199459369533,0.8602187369730565,0.7020496672725117,-0.24496112160903968,0.6301948285851726,0.6427015990814989,-0.18397396132097435,0.522805431143825,0.6234766918379556,-0.2002916037994,0.5133849078827277,0.5658823814071916,-0.25067129155564194,0.49275057546578405,0.6351783161151567,3.641509433962264
0.0028689245895895943,0.7285741459017858,0.6909857139693661,0.027817902837636146,0.28596261903698983,0.7456575135598607,0.017790948907649404,-0.10909681676603214,0.7571373653146085,-0.0029830706918176028,-0.12213749654873488,0.5771527278846105,0.06095851321577817,-0.12159902246317592,0.5978103743842323,0.0013257162257870082,-0.2021470573501707,0.8513502525177533,-0.1965864064756719,0.6970429792078886,0.7274746905815737,-0.1912269048148745,0.2616348681698759,0.7711096473261424,-0.17160776650976217,-0.12502934210429537,0.7637718936072466,-0.14335762409581226,-0.11910537594438773,0.5912404995162355,-0.20987985608043558,-0.13387360224463515,0.6260040795584396,-0.15409106132401132,-0.1868929208857211,0.8048191922128952,-0.108031840716618,1.2289515627402903,0.7340946862604316,-0.10892081006350074,1.4819156905059598,0.7076672780312255,-0.10757219127193329,1.3610707382549245,0.6408559244453331,0.025959193037952355,1.1375382994076937,0.7108179205609266,0.08646594919076109,0.8498194999395359,0.7139703294388369,0.09188099963491284,0.6183919663548975,0.6395294617974053,0.036272685606351635,0.5180619460155493,0.5912848843460757,0.05428106977211039,0.4763083513656599,0.611185245395608,0.08980402194187576,0.460948074081943,0.6664325404138771,-0.2705749590948678,1.1403891013300205,0.7092017989465835,-0.28184868027094906,0.860085785822501,0.7024822107288182,-0.24356757475806234,0.6319123317828531,0.6427895705730089,-0.18330857420870741,0.5243233194347445,0.6238691731010838,-0.20023536546966247,0.5154464161307001,0.563010294909439,-0.24983886395872457,0.49274683552644305,0.6351208972046214,3.660377358490566
0.002973510304914967,0.7284297279490375,0.6919595604727251,0.027503895978950185,0.285929296089933,0.7453733880425484,0.017884831533914885,-0.10974080926161826,0.7575895542109242,-0.002710472433974143,-0.12369645274780147,0.5775740357049781,0.060075168574367135,-0.12379449332526768,0.600865771884819,0.0013032748330922318,-0.2023053627762803,0.8513443946034386,-0.19641018377273534,0.6967562931629168,0.7282760295019134,-0.19086235031562565,0.2610940374795181,0.771257217135381,-0.17120347779113682,-0.12511132045808648,0.7628144757352965,-0.14290340508880905,-0.11770132388658927,0.588261123240034,-0.2099050269877668,-0.13382407742820698,0.6259404119418945,-0.15446726029329802,-0.1868110436431921,0.8046459304371465,-0.10794556075656986,1.2281653624469806,0.7343183180443003,-0.10928472756231439,1.4819735905188156,0.7073549369339958,-0.1071958742644265,1.3589149275367811,0.6440951750172391,0.026005604154482942,1.1375874200145868,0.7108755893029157,0.08670071695424425,0.8496221119103162,0.7148071438002703,0.09115395137043325,0.6182370758549094,0.6395466630397999,0.03429434188620073,0.5202317987379134,0.5880057192069853,0.05266282043190182,0.4782470004992285,0.6072039683490079,0.08733291357892226,0.4622309848597308,0.6643112931674025,-0.2693039096289617,1.1394938132205916,0.7125003750023149,-0.2814221562507078,0.8601878016076174,0.7027086091972004,-0.24260741988296908,0.6335368285719579,0.6426727991254231,-0.18259743908864642,0.5254201184913956,0.6240191508871588,-0.1999658749586403,0.5174491347696188,0.5603883714059193,-0.24922134113472172,0.4928046021168763,0.6351868807659186,3.679245283018868
0.0031953052063491416,0.7281832757925701,0.6929433448185927,0.02720802051373926,0.28597527630689373,0.7452732724640351,0.017971828582186777,-0.11038704735090585,0.757918352509483,-0.0023694629076133136,-0.12564154655872511,0.5789372301038412,0.059241942427459525,-0.12585742234364092,0.603716251375588,0.0012969831287662518,-0.20238182870876434,0.8513497440100407,-0.1961575035844997,0.6967849539242938,0.7289566967384447,-0.19056399009154734,0.26069199660219494,0.7714013218845291,-0.1709170943803579,-0.12534422435452625,0.7619505321310709,-0.1432781072002892,-0.1160305770266082,0.5857011484857247,-0.20987817723495134,-0.13392741554652554,0.6261237956487005,-0.15489102964276064,-0.18670054899090557,0.8044652257274976,-0.10805228174760101,1.2275847190398448,0.7342748752514836,-0.10989986143271879,1.481966190545746,0.7070549992004027,-0.10698196845178531,1.357501305435783,0.6454912181226009,0.026264085950856775,1.1377089222165406,0.7110095195555082,0.08720824640773558,0.8492276926666094,0.7163612124438807,0.09061494672230297,0.6182324125828617,0.6395295615474902,0.032521047258915026,0.522586973692226,0.5852496330878525,0.05138038995483818,0.4796761652137759,0.6036993320552887,0.08527009529247626,0.46317034331378676,0.6629002271360968,-0.2678697437810948,1.138962859310873,0.7162208367001466,-0.2813191720081226,0.8603293871754747,0.7027648556327645,-0.24233562905359785,0.6346677023130775,0.6424044086439694,-0.181787444632239,0.5258299350798117,0.6237289940236616,-0.19942260243848242,0.5188529044619807,0.5588532648693791,-0.2489074068193019,0.4930007619719185,0.6353110947212873,3.69811320754717
0.0034931416581369945,0.7278733815268432,0.6939896538070808,0.026975126547939876,0.2861275053963683,0.7453686034301501,0.018017555824665927,-0.11098834060061828,0.7582327577215487,-0.0019751218425376666,-0.1275603331781044,0.5806259164909446,0.058577665627791625,-0.12749169946563693,0.6059503444756773,0.0013100086881149108,-0.20237574232953678,0.8513713734456163,-0.19576277674639397,0.6971884543095992,0.7292820763898247,-0.19033620649585983,0.2605511199492676,0.7715646777060303,-0.17071967843763614,-0.12559244543504985,0.7612244135858595,-0.14431808284610234,-0.11497061344792783,0.584178961536554,-0.20986030141583392,-0.13396876320682913,0.626208198104149,-0.15533172274461865,-0.18657136597599286,0.804272028834158,-0.10815943828062186,1.2272972880919926,0.7342565899423659,-0.110666482954488,1.4819020789365194,0.7067940740382127,-0.10690926693742786,1.356776741369034,0.6444125356409927,0.026794116198097073,1.1378349289894842,0.7112020621761336,0.08804468609840649,0.8486240878305966,0.7185649080211008,0.0900839492539604,0.6182894227597858,0.6394732998962853,0.031287107118879526,0.5245477522132671,0.5832260171282025,0.05041613568574829,0.4805847648247703,0.6010524851084793,0.08372472746410098,0.46371579810782204,0.6623512033655228,-0.26637280729400065,1.1387280270139521,0.7202874663462937,-0.28141810011062807,0.8604248520367813,0.7027443600876093,-0.24259914754759795,0.6351855997608398,0.6420736097986308,-0.18078857835873463,0.5254136343276317,0.6234619340776223,-0.19856319945727638,0.5191055470136509,0.5590712768700603,-0.24883512091745807,0.4932769524131425,0.6353773125146259,3.716981132075472
0.0038250523389277147,0.7274956609050688,0.6950994100544887,0.026824176901476385,0.28645203969275124,0.7455514636013367,0.018077914898242446,-0.1115679947839735,0.758674822537139,-0.001628204700855422,-0.12901375706440987,0.5819281999628094,0.058196851473124915,-0.12842383346163308,0.6072090622249162,0.0013485529099657647,-0.20229935142221162,0.8514060282617637,-0.19520207504393375,0.6978720565705714,0.7291269019402867,-0.1901844960463468,0.2607655373220924,0.7717144107332614,-0.17057499382196697,-0.12569097273397878,0.7606977145611467,-0.14550311522742043,-0.11487777693623508,0.5843186292299559,-0.209859190552885,-0.13392259335778703,0.6261464646240271,-0.15576004691991555,-0.18644031281721762,0.8040805710785092,-0.10804384297145103,1.2274109856460813,0.7339606983169682,-0.11147509022611324,1.481796327837111,0.7065806706843848,-0.10679153044339879,1.356659790934717,0.6408140995663247,0.027666640850384505,1.1378130495381227,0.7114314955261956,0.08920603735177293,0.8477650422060143,0.7215473712353178,0.08940222429063716,0.6182913068333532,0.6393835219168199,0.030760761978932627,0.5255927238026293,0.5820749063606965,0.04974660066836242,0.48100239503680203,0.5992160385537844,0.08296685409467175,0.46426908635311415,0.6624803223931617,-0.26485253044065205,1.138552664415546,0.7246978492195202,-0.28154611989138867,0.8604894338586481,0.7027180749909246,-0.24298311939847048,0.6352072352018155,0.6417755557115303,-0.17956544828415427,0.524184347820708,0.623964986539535,-0.1974865021677697,0.5180554382302562,0.5610392869815459,-0.24883773110921897,0.4934746593721131,0.6353623856851565,3.7358490566037736
0.004160861559878659,0.7270574450919031,0.6962419763179366,0.026734172301063383,0.28708404408130667,0.7457733329800328,0.018245896979077934,-0.11200141620001161,0.7591523599648503,-0.0014747297165337567,-0.12971984832673436,0.5825682644879523,0.058132032026750824,-0.1285913884306069,0.6074314421436863,0.0014096957810996382,-0.20218304620298597,0.8514358172133493,-0.19452420912358664,0.6986396375622963,0.7286392234893238,-0.19011394064009907,0.26137773115781743,0.7718122344197288,-0.17046487479611283,-0.12559690235847348,0.7603947736746779,-0.14660159948494803,-0.11537997551679206,0.5860777458845761,-0.20986423526824893,-0.13385400008371512,0.626036056570589,-0.15611510476767335,-0.1863314277280462,0.803931179565396,-0.10760264460239619,1.2278441204506954,0.7329061258969508,-0.11222269520298794,1.4816643318597773,0.7064174530876519,-0.1064365952755088,1.3569255467951304,0.6355143032503743,0.028875627777997015,1.1375336426457046,0.7116802597960445,0.09056643975051304,0.8466799768796056,0.7252554497466228,0.08859321319470803,0.6181969365903344,0.6392714340869272,0.030811792539570282,0.5256578449085975,0.5817684705151733,0.04940125994502209,0.48099527553645605,0.5979898610649492,0.08312972714886885,0.4651374404588795,0.6628472117590587,-0.26341702633799935,1.1381833538171202,0.7291939988731166,-0.28161210812416115,0.8605459021270603,0.7027038714851712,-0.24322225049507437,0.6348275572895649,0.6415753709989248,-0.17813307466048003,0.5223291306761709,0.6256145447499936,-0.19643150713404448,0.5161001674281225,0.5640429286776178,-0.24878399458111694,0.49339493761232384,0.6353671140621946,3.7547169811320753
0.004488250629804985,0.7266174655090245,0.6973880353015589,0.026636356670415764,0.288066081543919,0.7460375136001482,0.01855778882176597,-0.11213084885365404,0.7594584814563321,-0.0015913296734026195,-0.129619770456908,0.5825410864697729,0.05826451450775982,-0.12829295709372818,0.6070415750159402,0.0014708405126500164,-0.20205454652354482,0.851454005168564,-0.19379036330555213,0.6993630465317292,0.7280643212993029,-0.19009200184307018,0.26236091900468783,0.7718559540936799,-0.1703643375406414,-0.12537787813143533,0.7602441922499706,-0.1477040474041096,-0.11595710683374517,0.5887335733533894,-0.2098713027053535,-0.1338069417631024,0.6259479740798009,-0.15634011340483794,-0.18626134590070706,0.8038574342644406,-0.10687953086065394,1.228316613929528,0.7309880267450068,-0.11280567954542725,1.4815314333960983,0.7063025433123411,-0.10577571201458441,1.3572484478494644,0.6298625936803368,0.03025604153871425,1.1370062772984773,0.7119196304763248,0.09191726790966334,0.8455127104927505,0.729230542988663,0.08778594760075989,0.6180768402014758,0.639162606222582,0.031096946488996496,0.5251733143119912,0.5818773044360509,0.04929735922987799,0.4808940576024382,0.5972503038175148,0.08394554838780979,0.46622543870297517,0.663168819772833,-0.26223767841986717,1.1374660065482673,0.7333581090589867,-0.2816174867499484,0.8605890416263768,0.7026952957899868,-0.24331781028974758,0.6340988758810355,0.6414874462479826,-0.17654677973629324,0.5201706555441075,0.6281922784204038,-0.19561808294555688,0.5139044668464015,0.5671267407375016,-0.2486579803577499,0.4929362601998909,0.6355008037773342,3.7735849056603774
0.004812733789052642,0.7262323355254958,0.6985284818243426,0.026512973068465312,0.2891498313327282,0.7463073846321497,0.01899687612494782,-0.11197193389376756,0.7594788350145584,-0.001927918940628935,-0.12888186132834467,0.5818258289062724,0.05840938920099858,-0.12797290299433944,0.6066451244815823,0.0015044339200199297,-0.20193562560322956,0.8514727547415415,-0.1930672584501589,0.7000579993750391,0.7274679980349554,-0.1900431469201727,0.263550221118305,0.7718494724510891,-0.17024565845876447,-0.1251389804106899,0.7601369070601387,-0.1487663357184694,-0.11663148643803513,0.5915984759032528,-0.20987682470983735,-0.13379371198598217,0.625910405299688,-0.15643445736414696,-0.18622808934733268,0.8038558191224912,-0.1059860381972145,1.2286134504343118,0.7284693620421858,-0.11313303370809713,1.4814375252439973,0.7062182354643003,-0.10488244350256037,1.3574867055121118,0.6248449453725461,0.031569090017167845,1.1363154964436033,0.7121115159112964,0.09304741506665615,0.8444431216693278,0.7328416190335011,0.08707792723966792,0.6180792107664637,0.639099364459207,0.03133033895558618,0.5246988560058408,0.5818548663852611,0.04922226637623339,0.48122172271763697,0.5966899543674089,0.08500321515375658,0.4672622288906594,0.6634443974680468,-0.26138045641738966,1.1363495713324911,0.73701659943588,-0.2815816904386526,0.860592997169226,0.7026984618226002,-0.2433609586590821,0.6331850639274681,0.6414702104173307,-0.1749667644057228,0.5180927402651967,0.6312174677197728,-0.19509709315393192,0.5120340634160687,0.5696130757826945,-0.24851203893384327,0.4921664214201754,0.6357545825405071,3.792452830188679
0.005142005681460421,0.7258896011631166,0.699698326957944,0.026445203752376148,0.2899686783138808,0.7465177216835475,0.019534862365203246,-0.11162623185663093,0.759210176121104,-0.002399618225062814,-0.12777265330623733,0.5804109817506837,0.058478863044711886,-0.12783770333900854,0.6065104369493315,0.0015039120806312357,-0.20186392525535352,0.8514973289222508,-0.19240400168634675,0.7008021718676454,0.7267164420282249,-0.18991108658893988,0.2647007906975026,0.7717894899933679,-0.1701239388503036,-0.12500910305818685,0.7601056286912488,-0.14955164701771312,-0.11772900960340141,0.5943813523255219,-0.20987814217595102,-0.13381224178401357,0.6259255735983921,-0.15643577086567598,-0.18622552696683253,0.8039040154614875,-0.10503935704882561,1.2287036272956424,0.7257282686733619,-0.11318808642926553,1.4814096535026282,0.7061374174701185,-0.10389934005794571,1.3577507899074235,0.6206924713370924,0.03267719951337211,1.135562789631581,0.7122431877113999,0.09383230578741183,0.843584793883228,0.735689934760993,0.08654714031143307,0.6183209892838437,0.6391247340346387,0.031429728301199694,0.5245412146797184,0.5815178430456748,0.048980684372020716,0.48235891562833544,0.5956767189862253,0.08606340926520284,0.46813929759289485,0.6637389651257786,-0.2607259680720803,1.1349012330960895,0.7403201464661812,-0.28152475552332445,0.8605073076661658,0.702759886037517,-0.24337911901100595,0.6323616721219464,0.6414613828362412,-0.17364499296208843,0.5164800550666557,0.6342546673969915,-0.19479303679362409,0.5107927820366165,0.5712168023420253,-0.2483743104925975,0.4912455400370634,0.6360269400513473,3.811320754716981
0.00546798306160895,0.7255205341147882,0.7009539351707306,0.02650323048110903,0.2904077623698662,0.7466356118683369,0.020152033458756824,-0.11113504335976934,0.7587132628633879,-0.0029667306288577917,-0.12655736411773633,0.5785920819233162,0.05849951003736753,-0.12782410294819485,0.6065402655334908,0.0014814615201756821,-0.2018804479245035,0.8515179380922075,-0.19177390413480022,0.7016455679897259,0.7256551664338712,-0.18971134655330274,0.265707303601253,0.7716792861169905,-0.17002833640694182,-0.12503388122882744,0.7602898461085943,-0.14991669364656166,-0.11911073871056276,0.5969423395184716,-0.20987638882778473,-0.13385524363327908,0.6259803356285222,-0.15636982113476972,-0.18625412869566613,0.8039910663944756,-0.10415255248927316,1.2286285994921455,0.7231352034688853,-0.11307911143561838,1.4814398331393446,0.7060480610887961,-0.10294724546221046,1.3581689347551649,0.6172820978601361,0.03362193644116068,1.1348522074108096,0.7123519972042297,0.09428465490405322,0.8429400527048865,0.737821844217357,0.08629717356754052,0.6188154630331782,0.6392579674701507,0.03141024309672594,0.5247995531350906,0.5810411818699821,0.048465746615885125,0.48438692979193243,0.5937572556523848,0.08703336506667145,0.46892756529056523,0.6640459149339645,-0.26013842108894913,1.1334184660242939,0.7433063825449706,-0.28150383317083777,0.8602911564589024,0.7029807141001467,-0.2433320763844183,0.6318797007887095,0.6414429076138626,-0.17281431991115576,0.5156216621137105,0.6369457176703716,-0.19462353133711677,0.5101787573893877,0.5720192856144363,-0.24823077583900838,0.4903115429579396,0.6362564266614502,3.830188679245283
0.005775683720736752,0.7250872825137895,0.7022566634547976,0.026664964238117955,0.29064488560755025,0.7466770158876678,0.020840767990953628,-0.11053738668536939,0.7580487886038993,-0.003570036052589548,-0.12553696051638555,0.5771049228034368,0.05851391731317634,-0.12783311046180526,0.6065996773992374,0.001448337195138639,-0.20199667935387414,0.8515251647186589,-0.19114935441688655,0.7025526833421741,0.7242829262619348,-0.18950444542299877,0.2666432266530926,0.7715286235192104,-0.16990052001661562,-0.12508410578559886,0.7606642531856933,-0.14994060173015325,-0.12027663971736431,0.5990348389148084,-0.20987396117132995,-0.13391256091504056,0.6260569400006171,-0.15623792939288603,-0.1863095213234369,0.8041130142394848,-0.10344595374715612,1.2284091578877416,0.7210565537220941,-0.11296658475916738,1.481525082403411,0.7059645310916183,-0.10210277652863703,1.3587415574514867,0.6144535193585438,0.03452257337956066,1.134292082793663,0.7125010386370106,0.09448346495533697,0.842471375373929,0.7394451155028623,0.08638725774202116,0.6195007343797124,0.6394826972103164,0.03126348848902624,0.5255704527465882,0.5806446155755007,0.047697871049281054,0.48706440657119054,0.5912413282646989,0.08783822792264892,0.4696382404921967,0.6642976879415255,-0.2596566107892926,1.1323848839542363,0.7455843654279146,-0.28158298525282754,0.860032570928744,0.7033861370261155,-0.24319908166148332,0.6318539224394095,0.6414413936277246,-0.1725753617831118,0.5156213706231476,0.6390014292965343,-0.1945074577295117,0.50994312847911,0.5724875385987741,-0.2480811692400346,0.4894646535814311,0.6364380281196954,3.849056603773585
0.006050546571608667,0.724661359423933,0.7034308822933306,0.026868422898728914,0.29089139351700966,0.7466878185901253,0.02157801104071399,-0.1099258782218442,0.7572164590364355,-0.004078746233706044,-0.1249584512572853,0.576578577069719,0.05853289676525797,-0.12783413181082398,0.6066472173867703,0.0014082886897407785,-0.2021976116642781,0.8515174586511297,-0.19057550122665268,0.7034150836045189,0.722788323489731,-0.18933290890793297,0.2675757241616232,0.7713537913591016,-0.169644903767682,-0.1250038242338706,0.7610349565580562,-0.1498388086531801,-0.12110151282180963,0.600359841955428,-0.20987405396427372,-0.13397396881142348,0.6261397941562652,-0.15603163313915752,-0.18637707480273055,0.8042570572661141,-0.1030327747353599,1.2280653415513725,0.719821044156328,-0.1129300853885124,1.481688090148832,0.7059164420224282,-0.10146155866354406,1.3593752887993966,0.6121626183081348,0.035419546853627304,1.1339767165714503,0.7127248629723861,0.09448984613364503,0.8421930810458925,0.7405132456882554,0.08676694676281108,0.620285799596294,0.6397600628585515,0.030992928143093262,0.5268329423159597,0.5804325724557258,0.04684906232455796,0.4898885065543375,0.5890091546374097,0.08838442891766216,0.4701359508043048,0.6644316860460748,-0.259418072433929,1.1321528285695566,0.7467083955806011,-0.28170737128398804,0.8600084436495065,0.7036785962168135,-0.2430275697291534,0.6322515803381235,0.6414706902576643,-0.1728214729178899,0.5164371471156594,0.6403161307433134,-0.19433640681140132,0.5097387144855713,0.5732706156556631,-0.24796446838924535,0.48882160424683074,0.6365453514677206,3.867924528301887
0.006269958910880141,0.7244015785575437,0.7042860284511615,0.02707069096130829,0.2912405735300344,0.7467113955778356,0.02231300466635386,-0.10936399022490216,0.756189545703689,-0.004381231022454544,-0.1247929977840932,0.5768500203490017,0.05854900159857242,-0.12782540270991355,0.6066682391685506,0.001360739184061874,-0.20246494769400208,0.8514996111624087,-0.1900940597285249,0.7041827049797759,0.7213933126662293,-0.18920413261153657,0.2684984618209657,0.771178902784341,-0.1692816446058641,-0.12475093819367755,0.7612830230331268,-0.14976991995743147,-0.12189948316839945,0.6008478664025328,-0.20987836471036214,-0.1340287626056838,0.6262128291800715,-0.155742402381866,-0.1864469517397528,0.8044134380181255,-0.1029439211858145,1.2277028714142015,0.71951192986798,-0.11294778759871299,1.4818757200565715,0.7059187366222094,-0.10116352639975823,1.359838038055929,0.6108788409058579,0.03625853604402579,1.1339262443042006,0.7130015250493225,0.0943876671649071,0.84212194154114,0.7408862964813865,0.08734958545141575,0.6210640122697706,0.6400525285224379,0.030682945764352876,0.5282469710883811,0.5804038428491758,0.04617100479663405,0.4922918838879768,0.5877963562146592,0.08860470045498248,0.47030170135016847,0.6644621371478241,-0.2594532217218805,1.1327104752442416,0.7467454017965856,-0.2816840005362015,0.860513537427825,0.7033118053346874,-0.24289975980349882,0.6330179915125639,0.6415240063688774,-0.17326853300855208,0.5179438232640482,0.6410527154272205,-0.1940223918677652,0.5092571827834568,0.5747960712300509,-0.2479250317338102,0.48850350198128334,0.6365351479334517,3.8867924528301887
0.006427152478751225,0.7244278906336279,0.7046770551376864,0.027246229872153443,0.29168643261960026,0.7467658161680312,0.023004202800812796,-0.10884591810446965,0.7549832721087595,-0.0044663254540203545,-0.12482603832284944,0.577235412052138,0.058555282567933915,-0.12780499112912974,0.6066482583917937,0.0013034475815850992,-0.2027850777185456,0.8514790766235172,-0.18970190703144943,0.7049216321673428,0.7201972198270727,-0.1891118866810107,0.26938685308883437,0.7710223910286618,-0.16890818886915346,-0.1243421389143538,0.7614218905230785,-0.14969847941563183,-0.12288225755078606,0.6008457524000905,-0.20988215026443877,-0.13406759488757097,0.6262629918201402,-0.15536174830495353,-0.18652624543905014,0.8045980717348666,-0.1030613366709309,1.2275210844423996,0.7197834240020615,-0.11296801406950097,1.4818839833715822,0.705943948291087,-0.10124414396511144,1.3597245680032115,0.6113363364057015,0.03701471238571924,1.1340396037884988,0.7132820838816161,0.09429564063786122,0.8421867135374896,0.7407542847030129,0.08808655508761035,0.6217204399553038,0.6403212446916766,0.030447163859805948,0.5293548207347246,0.5805192758639953,0.04587705767413791,0.49381601008211573,0.5879045225112638,0.08852650268786175,0.47019825582227304,0.6644722285870707,-0.25963706686296806,1.1337401407050316,0.7462250113544968,-0.2813547476229779,0.8616273375859614,0.7019535340985539,-0.24286177606761308,0.6341075003062101,0.6416005144315067,-0.17358291382534774,0.5199051594919178,0.6414437776831003,-0.19356174507784327,0.5083659009764544,0.5770227997019014,-0.24796661955048327,0.4885279492775002,0.636410113527602,3.9056603773584895
0.00654189739881153,0.7247219006754003,0.7044771795439984,0.027378859969395222,0.2921648843207505,0.7468464691717794,0.023642206390413544,-0.1083463008679729,0.7536523844393804,-0.004416643760840947,-0.12491120341421504,0.5773493502577115,0.05855258679366328,-0.12777758049516477,0.6065993902508228,0.001236358100222783,-0.20314476860556066,0.8514599172291374,-0.189400265712672,0.7056841062219529,0.7192053582192505,-0.18905339571166668,0.2701963197420204,0.7708830165430882,-0.16856272154930305,-0.12379684237523664,0.7615024532782027,-0.14953591930502455,-0.12393013143631093,0.6008428267472566,-0.20987925116889114,-0.13409289212540135,0.6262957134860071,-0.15488764494580468,-0.18662814136882602,0.8048393358357959,-0.1031959621242948,1.2275916271059917,0.7201046812273586,-0.11295472478476043,1.4814905784064696,0.7059358480832132,-0.1014954902932621,1.358682162742613,0.6135028288778908,0.03771499287064717,1.1341667709312764,0.7135325534810527,0.09427340635530537,0.8422814386263932,0.740518883268585,0.08894461650057964,0.6221687585604683,0.6404909627113082,0.030335363815630373,0.5299430461990795,0.5807392385998953,0.046074893651796234,0.4941886033371205,0.5893313171382701,0.08828141925614513,0.470020034754847,0.6645227580050468,-0.25980286955656695,1.1348131525116152,0.7456569504248013,-0.28071463566352367,0.8632014076637329,0.6997188086830617,-0.2428819574516193,0.635304679649878,0.6417088705813021,-0.17351373245094914,0.5219957237584003,0.6414645173196221,-0.19302161666860385,0.5071588984828744,0.5795734221338266,-0.24804174370738172,0.48874172332116084,0.6362362391785911,3.924528301886793
0.006603336969412954,0.7251837092842736,0.7036752504919194,0.027469563422336377,0.2926061182687616,0.746939790063459,0.024235015463564963,-0.10783518872957205,0.7522586344241169,-0.004349670253984141,-0.12498016539039708,0.57727644869259,0.0585454377236565,-0.12775650199963215,0.6065508828162849,0.0011682270001079809,-0.20353703706577128,0.8514407614683397,-0.18919702886656212,0.7064139970882534,0.718422529617939,-0.18903694105135277,0.2708657492386017,0.7707470221057062,-0.16822548955176303,-0.12315084048151652,0.7615543674051184,-0.1493358961153733,-0.1247725377998201,0.6009830014190741,-0.2098703797988077,-0.13411637945311217,0.6263292161795047,-0.15435145855994528,-0.18674947647081075,0.8051335159590887,-0.10323950063683546,1.2276477191888584,0.7202188718085591,-0.11289279940566543,1.480639217283658,0.7058520622949872,-0.1015801856663135,1.356649647661298,0.6165336062442139,0.038318895071779935,1.134235422236152,0.713734136592157,0.0942984933088111,0.8423630142441165,0.7403815629152175,0.08986211040279654,0.622429395695248,0.6404310754378216,0.030347343646589253,0.530041507481792,0.5809888446009894,0.04672519845107789,0.49347399527974095,0.5917631456228691,0.08807398675611536,0.4699034914087897,0.6646113844448801,-0.2598637307209066,1.1355842232798754,0.7452663422195789,-0.2798561841227478,0.8650050823617608,0.696970669538263,-0.24289299740027334,0.6362252216096748,0.6418613171175719,-0.17297500702331373,0.5239243996601135,0.6408387425961691,-0.1924842645369265,0.5058636708733647,0.5820099188649073,-0.24809906412845,0.48895591288356155,0.6360832071766568,3.943396226415094
0.006546743792827853,0.7257554381047555,0.7024696946153408,0.02753788402768617,0.29297935315860346,0.7470349840891265,0.024785628923493282,-0.10726101174831988,0.7508563954837683,-0.0043256397830405535,-0.12500114622712286,0.5771880592068654,0.05853405302906516,-0.12775450142943176,0.6065157247404072,0.0011187498597283704,-0.20397946657051955,0.8514175270582865,-0.18907032719546094,0.7070247140429203,0.717868083017063,-0.18907155411206172,0.2713578890688242,0.7706056699602444,-0.16788022929688887,-0.12246048889911398,0.761577128258023,-0.14922956268217558,-0.12515540536727343,0.6010201231980328,-0.20986547672751005,-0.13411940230790148,0.626335954422424,-0.1538324050229395,-0.18686520718250538,0.8054272153456211,-0.10318929896232487,1.2272819218543378,0.7202037957633898,-0.11278537425748547,1.4794471318709044,0.705684196073988,-0.10121336700457328,1.353863565742764,0.6196948430094642,0.038707216070500206,1.1342610505873247,0.7138697923363921,0.09433248108654618,0.8424358280678426,0.7403130151017769,0.09069948013937978,0.6226335426741006,0.6400911634882877,0.030480715839246386,0.5297641696097888,0.5811725016350116,0.047620062053779444,0.4922210923238971,0.5945445704925052,0.0881438710625328,0.46984466237423944,0.6647396604395701,-0.2598275888995846,1.1358841331816618,0.7450836210972275,-0.27889452262692166,0.8668100580160357,0.6940949679609302,-0.2428575705640172,0.6365737830010417,0.6420534860342351,-0.1720395404153787,0.5255409232691471,0.6393882533089745,-0.1920349494573424,0.5047685732409493,0.5839292437708146,-0.24813466156182912,0.4891515836945511,0.635940006284968,3.962264150943396
0.006327089172981998,0.7264310429830633,0.7011724819303705,0.02760881906105038,0.2932779215296447,0.7471284721919531,0.025281250296769375,-0.10657855960094467,0.749482300388221,-0.004330905996855791,-0.12500433044829462,0.5771283714370495,0.05851549211238159,-0.1277777593255568,0.6064866584029545,0.0010961978381287172,-0.20450346930874183,0.8513839606971655,-0.18898946119663543,0.7074933182893965,0.7175520729409985,-0.18914722676471768,0.2716496470227673,0.7704629236949884,-0.1675280981341939,-0.12178691149952162,0.7615732284706578,-0.14926829647400178,-0.12500863827571337,0.6007541196496526,-0.20988741724565563,-0.1340172473530539,0.6261874572856906,-0.15340861271526968,-0.18695235158048945,0.8056606106005094,-0.10307294601563319,1.2263202644388929,0.7202052274733992,-0.11266040925392479,1.4780972825195051,0.7054461562930707,-0.10019537941531298,1.3507293359857648,0.6226478102979836,0.03882549521437195,1.1342723117732443,0.7139409064296254,0.09435651545178017,0.8424973135277225,0.7402602246531738,0.0912209835291061,0.622817583203557,0.6397633638934179,0.03071303125683944,0.5292646845296703,0.5812593616510713,0.0484936842141129,0.49117584195966557,0.5969775555892141,0.08867592617527423,0.4697851153808241,0.6649602142818094,-0.2597314816347981,1.1356837852312645,0.7450956069122247,-0.277958982194601,0.8683800446536304,0.691452603905974,-0.24276431505559737,0.6362790925377779,0.6422463979424876,-0.17087047313637246,0.5268583372951865,0.6372540995410514,-0.19176088234854338,0.5041613923649224,0.5849956466075334,-0.24816776959260373,0.4894251022164201,0.6357334109261181,3.981132075471698
0.005974117649118815,0.7271916347578588,0.7000716767454314,0.02769904017416233,0.2934964603605474,0.7472191306673498,0.025697628275679573,-0.10578841508438701,0.7481524651873143,-0.004344216238789868,-0.12505636196220302,0.5770613730385098,0.05849280232585072,-0.12782531880779963,0.606458503112389,0.0010681083898396466,-0.205095262476766,0.8513322651138903,-0.18899300043684844,0.7078373855385246,0.7174578030304937,-0.18923380582858787,0.2716882839127185,0.7703418404428242,-0.16718412037555447,-0.12119094694072455,0.7615768362877391,-0.14936592378515934,-0.1246652492990068,0.6004471735729852,-0.20995201697858218,-0.1337529502393371,0.6257939374090341,-0.15309745665850658,-0.18701172856200104,0.8058168922598278,-0.10290792369002119,1.2248715785542843,0.7202728273798349,-0.11257701035983025,1.4767726225497566,0.7051582666064538,-0.09843489080898804,1.3476758628238696,0.625115562827618,0.038777459385678115,1.1342782732360388,0.7139839763097555,0.09436554636360667,0.8425350861054169,0.7402161741217801,0.09123650558555194,0.622754130279726,0.6400149182575557,0.030975919609666308,0.5286584209933584,0.5812844927137015,0.0491654781753392,0.4907670054796882,0.5986354465696455,0.08965335827736767,0.46976592830292535,0.665293767368208,-0.25960373515008695,1.1350608668078022,0.7452727509430757,-0.2772037366242016,0.8694719379282686,0.689412424370512,-0.24259556119189887,0.6354479032495692,0.6423956849653488,-0.1696654796029278,0.5280289226690039,0.6348019927818237,-0.19169386189199605,0.5041259127026767,0.5851472614718981,-0.24818405495365314,0.48972670750093733,0.6354611135811703,4.0
0.005545579167359677,0.7280065676348527,0.6993289460347473,0.027811669745863563,0.29363473875777324,0.7473026433076397,0.02600758328615718,-0.10492931398591174,0.7468811976884064,-0.004363090875673425,-0.12518863748669598,0.576960615843369,0.058476613940303346,-0.12789184761711384,0.6064484464299454,0.0009889511070438031,-0.20567540204490398,0.8512612317087763,-0.1891976766219217,0.7080686006846958,0.7175202441522127,-0.1892978644838792,0.27142837091908106,0.7702851384703193,-0.166868056744001,-0.12073867337906766,0.7616249106297774,-0.14936091505374519,-0.1247120776421157,0.6007131409299692,-0.2100134640239516,-0.13349708319221862,0.625416414878346,-0.1528731939227191,-0.18705549306866928,0.8059109636797674,-0.10270769719345882,1.2231566614528522,0.7203567522043708,-0.1125787780189822,1.475643479639205,0.7048487959347185,-0.0960427922798116,1.3450714776981645,0.6267385414722126,0.03873221746908301,1.1342774199533971,0.7140427266116607,0.09436001286925164,0.8425405672293775,0.7401941744238877,0.09080570390833712,0.6221536185271076,0.6412088851785852,0.031174790205653946,0.5279730583438031,0.581273675737777,0.04951012622039852,0.49105879630675314,0.5993155424649032,0.09075954117400825,0.4699716219765898,0.6655996731656497,-0.259469911077561,1.1342104328721248,0.7455561741155385,-0.27678130943200474,0.8699404136230875,0.688297235097918,-0.24235037571239026,0.6342996374899169,0.6424912165883043,-0.16862819920820948,0.5293114141285382,0.632452781739987,-0.19176797555790126,0.5044173617753633,0.5847658978539321,-0.24814498772023053,0.4898065782366951,0.6352320469280061,4.018867924528302
0.005058700578245673,0.7288653676744734,0.6989184918583504,0.027930379670476874,0.2936839700033368,0.7473740353827341,0.026205125466173946,-0.10407087378744326,0.7457044171272607,-0.0043777081761107225,-0.1253136494492854,0.5768489050170108,0.05847538240790178,-0.12796783320052724,0.6064853195484561,0.0008580538070847336,-0.2061674041770167,0.8511842714101133,-0.1896861902137104,0.7082134493484398,0.717688351766714,-0.18932848369027894,0.27096217925962773,0.7703191881257402,-0.16659254726411615,-0.1204664774662202,0.761717274978177,-0.149154451663215,-0.1254819526895326,0.6019455364191891,-0.2099662791200568,-0.13362305313673326,0.6256349520932857,-0.15272087231352857,-0.18708603572817392,0.8059491467410163,-0.10249790584478824,1.2214479571653407,0.7203781424772715,-0.11259814076785801,1.4748429685840507,0.7045666265737704,-0.09335061607200212,1.343187018102945,0.6272833087921043,0.03876557304031358,1.1342666060210407,0.7141261520175626,0.09434338463892084,0.8425104077851354,0.7402091845068551,0.09017074074331038,0.6209727039394306,0.6432615206365258,0.03124088231948846,0.5272245328555899,0.5812223121465723,0.04941968658034887,0.49197377831827793,0.5989905110283578,0.09153511785711788,0.4705713079527247,0.6655999637914747,-0.2593560832244157,1.1333805095370564,0.7458788251054324,-0.2767446992108894,0.8698860506572789,0.6881413821574797,-0.24207995368608223,0.6330963292916169,0.6425440347949901,-0.16791451234202306,0.5308977147137982,0.6305945880421862,-0.19187858691230963,0.5046749260028758,0.584390559296586,-0.2480310408738138,0.48944532542236696,0.6351350006391966,4.037735849056604
0.004487288140054085,0.7297371825044585,0.6987096224355003,0.028024645784215083,0.2936086075198901,0.7474343072932192,0.02633910377531806,-0.1033292419716548,0.7446824661605244,-0.004360941925635531,-0.1252479288301804,0.5767764843280571,0.05848822263300196,-0.1280364858807328,0.6065686290898609,0.0007239665692399046,-0.20654826372721022,0.8511205559379095,-0.19043721325767718,0.7082938030626403,0.7180728148466891,-0.18933810939138623,0.2705178712941845,0.7704146687058291,-0.16637164145418207,-0.12034138413555648,0.7618265347488044,-0.14876557861377065,-0.1268702312636672,0.6040358767839411,-0.20973582137031693,-0.13438674649630117,0.6268487288303425,-0.15265110272052257,-0.18709770508840953,0.8059230529530955,-0.10232155294837009,1.2200868887600735,0.720308082811401,-0.11246471672712371,1.4744181381327637,0.7043715816111848,-0.09078669830509106,1.3421497127999549,0.6269772797201085,0.03884364686020303,1.1342453191703474,0.7142091428594493,0.09432093286515913,0.842447450333385,0.7402659062738812,0.08946261027649915,0.619391904186128,0.6458441428677497,0.031172771602490407,0.5264967437639269,0.5811360261864962,0.04890957608686641,0.493322482891882,0.5978598312935828,0.09166617303356242,0.4715390987719005,0.6651422103005985,-0.2592819980156633,1.132751524340346,0.7461905051340003,-0.27695680214651425,0.8696208099927585,0.6885231875035666,-0.24186285431819404,0.6321017532268546,0.6425580353921541,-0.16755483071101754,0.5327149369949111,0.6295151117978396,-0.19196876271372726,0.5047089406366415,0.5842423354279452,-0.24785005572885507,0.48863875950849084,0.6351487162362982,4.056603773584905
0.003817538711965357,0.7305124312372274,0.6986154322024863,0.02807637905490261,0.2933825477620894,0.7474950149150396,0.02647991346665315,-0.1028352920288306,0.7438762560631756,-0.004291262717584023,-0.1248699133976128,0.5767758449510612,0.05850904660580384,-0.12807880508665337,0.6066576036440491,0.0006334873151883587,-0.20681789494934935,0.8510786785979143,-0.19136491515433726,0.7082777753915002,0.7188947286160878,-0.18932768198434613,0.27022530956747776,0.7705107414954308,-0.1662307186933961,-0.12027726146095377,0.7619271043262419,-0.1482687599594364,-0.1285921568691965,0.6066159271646427,-0.20933268825633888,-0.13574476786960685,0.6289885163526674,-0.15267825843901725,-0.18709053655513552,0.8058408179751013,-0.10222635548126557,1.219441152291913,0.7201780326191974,-0.11205922615587594,1.4743302722390619,0.7043030868751611,-0.08866733796076387,1.3419354031707253,0.626381477605685,0.038913941234015925,1.1342169956792454,0.714265841953479,0.09429727597495047,0.8423646911707685,0.740350435514618,0.08860695564021762,0.6175788262546665,0.6485861256446701,0.03103250984826525,0.5259511137729438,0.5810527334320674,0.048139752617080145,0.49483188170403436,0.5961953268751573,0.09098090465304995,0.47262257500318117,0.6644795224623214,-0.25925794835634325,1.1323927552638293,0.746451661672217,-0.27718767957714247,0.86941252672034,0.6888777892586927,-0.24175513017737554,0.6315530854001495,0.6425362123505287,-0.16746018759640086,0.5345885984192019,0.6292591472388959,-0.19200901128902453,0.5045642718219736,0.5842014657534296,-0.24763374575430744,0.4875839646191189,0.6352040385706049,4.075471698113208
0.0031061865360231533,0.7310519880692641,0.6986679876813924,0.028084670826022326,0.2930372916854884,0.7475741284303662,0.02662973672692072,-0.1026583786413769,0.7433131581893478,-0.004170086648096367,-0.12420600238537577,0.5768482783673825,0.05853317948604549,-0.12808777930132684,0.6067160231896029,0.0005766672954137389,-0.20695576797491944,0.8510557291763794,-0.19237120216216752,0.7081291931539434,0.720228181135029,-0.18929240355010712,0.2699788665884959,0.7705730906691701,-0.16619179544609475,-0.12019843037319797,0.7619981085785418,-0.1477359147386458,-0.13039557244876235,0.6093213636525827,-0.20882046657771733,-0.13747955127368688,0.6317103291549903,-0.15278494103405477,-0.18707091483263225,0.8057451618395669,-0.1022413479342913,1.219753781029926,0.7200345784636173,-0.11140613388725312,1.4745425994045227,0.7043718710749023,-0.08706845017696474,1.3424127696372823,0.6256906015242738,0.0389557580612519,1.1341872714969023,0.7142911726144452,0.09427479555519919,0.8422834060757731,0.7404285179310406,0.08748403730010268,0.6156296045986305,0.6510715300530749,0.030875374544725276,0.525736601319607,0.5810059996594582,0.04728250302619971,0.49626331163866255,0.5941929325047273,0.08931004137538803,0.47345900077688974,0.6641669156285971,-0.2592732085487404,1.1322649138197485,0.7466194108723414,-0.2773208133963197,0.8693229122521715,0.6889731673659396,-0.241756213555388,0.6315046528425523,0.6424860292849032,-0.16750154849018506,0.536501758263616,0.6295029862058668,-0.19187716486784462,0.5044168477253618,0.5841236082456746,-0.24743566146201118,0.4865712420689936,0.6352673120232406,4.09433962264151
0.00244959753844351,0.7313073458295147,0.6989749729868082,0.02804481748339281,0.2926305712982193,0.7476760341606353,0.026728713198452304,-0.10275239741754745,0.7429779679715305,-0.004015361185938773,-0.12336878979793543,0.5769784256265228,0.058557445481113336,-0.12807242521015416,0.606741053125307,0.0005077278738903362,-0.20692660284412856,0.8510454218308404,-0.19337564543411853,0.7078698999438402,0.7219141180104354,-0.18926450234712294,0.2695978442116983,0.7706154893408047,-0.16625146443826364,-0.12013661697728154,0.7620109595563199,-0.14722812282585265,-0.13206477627051813,0.6118247306813424,-0.2082742465748965,-0.1393533088292973,0.6346373293358353,-0.15290793899475616,-0.1870397473217064,0.8056762795615039,-0.10235551440781579,1.2209408306869458,0.7199100275332229,-0.11061632388090986,1.4750822218250987,0.7045721362722859,-0.08592147388419585,1.343391634897133,0.6245445463930742,0.03897495966720199,1.1341619483390641,0.7142967491815031,0.09426259603376319,0.8422209727386125,0.7404654517749298,0.08608268793879903,0.6137270729462749,0.6527915847321869,0.03065698124035074,0.5258788535403783,0.5809838846284812,0.04644948575343541,0.4974588077711406,0.5920094397909327,0.08660945058231245,0.47376458110513103,0.6646108759385947,-0.2592882732033601,1.1322429396304017,0.7466763837968966,-0.2773826975144039,0.8692995474938155,0.6889108506767572,-0.24181148032208372,0.6317188765873101,0.6424185509258691,-0.1675716531733982,0.5384719081806766,0.629759605552428,-0.19140487975511356,0.504471788809109,0.5839904781480515,-0.2473150691593001,0.4859081538224029,0.6353335178623836,4.113207547169812
0.0018759036620854819,0.7313571838937658,0.6995598814047879,0.027955016770068425,0.29220621347608355,0.7477790841504576,0.02672858992941507,-0.10296396332954585,0.7428394886224186,-0.003849840524941909,-0.12248136672421764,0.5771380360617436,0.05857774122950122,-0.12804443139303084,0.6067369994395071,0.0004191933005437717,-0.20673346970902257,0.8510412679925641,-0.19429471218734845,0.7075783815435207,0.723646126922716,-0.18930407348199987,0.26903355552859054,0.7706695782291668,-0.16636553549151273,-0.12021455539267784,0.7619559757670026,-0.14680912692305817,-0.1333699650054952,0.6137785066721728,-0.20776774651709282,-0.1411322965133495,0.6374034727773069,-0.15298335260672433,-0.18699494149534016,0.8056301891852004,-0.102522213807723,1.222591659658948,0.719829964185766,-0.10980846714093889,1.4759799675882452,0.7048795711628943,-0.08514629770108378,1.3447490315720292,0.6226768097960191,0.03898455204215617,1.1341451066205677,0.7142954738626236,0.0942906166905485,0.8421714354507538,0.7404827813467376,0.0845206891259469,0.612161195906619,0.6533466082882388,0.030265163141920626,0.5262870103583711,0.5809399359553105,0.04571486168230457,0.498349388597664,0.5898491365672686,0.08316460835739681,0.4734411827313858,0.6658356303077663,-0.25927853524284966,1.1322437617163943,0.7466701026562572,-0.2774204652697213,0.8693045693840793,0.6888257241052779,-0.24186807996546367,0.6318740473427306,0.6423509326740371,-0.1675993705471423,0.5403572488152086,0.6298137256490954,-0.1906491412984488,0.5049001123245634,0.5838374813831481,-0.2473140026485067,0.4858839921917622,0.6353760618737861,4.132075471698113
0.0013259874773992042,0.7313158921924827,0.700280711097938,0.027847118891258932,0.291823111554922,0.7478631408037574,0.026585244094566498,-0.10313197102751023,0.7428491980366579,-0.0036959633728244528,-0.12166281654800239,0.5772874531466916,0.058590296431992206,-0.12801033787855035,0.6066972318518146,0.0003424386310799662,-0.20643892123648258,0.8510380976320044,-0.19501757121191016,0.7073588868246912,0.7250703570375495,-0.18944710902877201,0.26839087316644517,0.7707254002905934,-0.1664606325931952,-0.12046746204152996,0.7618870945254804,-0.14654665958722607,-0.13409889754584245,0.614859257244013,-0.20737437619287458,-0.142557186244482,0.6396108744477749,-0.15300087156115819,-0.18694299759990904,0.8055788393182345,-0.1026909527567004,1.2242437222623765,0.7198197221649805,-0.1090884563345495,1.4771824555489008,0.7052474717688192,-0.08461928499811644,1.3465577850396553,0.620218109248513,0.038991752737545016,1.1341373890497484,0.7142958089837467,0.09437731288791118,0.8420977955632102,0.7406056176942714,0.08289642323447466,0.611045159947252,0.6529581460766816,0.02965557374427419,0.5268478235004784,0.5808376200415488,0.04513557495140988,0.49896001452538585,0.588039317800988,0.07954211656739918,0.47254450722208785,0.6676494844898399,-0.2592715004436054,1.1323330530609963,0.7466649114724409,-0.2774410594065968,0.8693173837275724,0.6887621923827238,-0.24191267441659714,0.6318381539334117,0.6422873510803883,-0.16751591860775636,0.541948495171579,0.6298098187641795,-0.18992753265489662,0.5057484766061886,0.5836685361169425,-0.24744022559451792,0.4866689675751534,0.6353507752108158,4.150943396226415
0.0007405310185547576,0.731246794467895,0.700948202026132,0.02777840298327315,0.2915757396619144,0.7479488627487341,0.02628089337529685,-0.10316709223277758,0.742887880318261,-0.003574302737572846,-0.12104234858276053,0.5773998965833561,0.05859487064998828,-0.12797767053117992,0.6066263266032142,0.0002988592435373621,-0.20610469694664196,0.8510340624507122,-0.19548871649126007,0.7072669019283474,0.7260181782485223,-0.18967640470994435,0.26782183000896076,0.7707133203989932,-0.1664926132090086,-0.12078047579325912,0.7618718270232409,-0.14646605042508987,-0.13421326102312095,0.6150046959465166,-0.207158356071736,-0.14338440466119062,0.6408898452657908,-0.15299101232959575,-0.1868928003096042,0.8055104720676044,-0.10282989451796154,1.2256182501796677,0.7198897065046208,-0.10856069648606353,1.4785502157785941,0.7056192054247205,-0.08414516482264744,1.3489376150519081,0.617388004122394,0.038997275157498845,1.134137143633076,0.7143052313305044,0.09444979147305688,0.8419784523700005,0.7409346597639523,0.08117144961800471,0.6101124558379333,0.6525987982026649,0.028877591955842052,0.527483888974794,0.5806840739470441,0.04475003347109138,0.4993178242866848,0.5869501947744704,0.07630811785924455,0.4712588661753261,0.6698231213262003,-0.259302889235398,1.132632391271129,0.7466575177207613,-0.27743350464840283,0.8692914323131723,0.6887176189494539,-0.2419437557926087,0.6316950067446268,0.6422159760911444,-0.16725255967653907,0.5431426092077294,0.62995699062586,-0.1895174917370297,0.5068872881183772,0.5834663976838619,-0.24766957138703724,0.488171365445931,0.6352492320445127,4.169811320754717
0.00010548410525473839,0.7312114337449015,0.701415952319413,0.027761481823893625,0.29159423867514556,0.7480806886436128,0.025900946305134596,-0.10302736557800529,0.7428050166131464,-0.0035020163357457838,-0.12073328335915137,0.5774746972020084,0.058595219388800815,-0.1279559103299286,0.6065521893006498,0.0002891357459167598,-0.20574147803540405,0.851030589741673,-0.1957692337003773,0.7072862346918171,0.7266681226115621,-0.18994589839381076,0.2674571846947693,0.7705705947371078,-0.1664806309134292,-0.12103257808946144,0.7619081204067656,-0.14650058251310372,-0.13396933482111245,0.6146057153811921,-0.20713112335406483,-0.14355542705200366,0.6411559971810746,-0.15297859060623298,-0.18684445875019853,0.8054324465392362,-0.10292275520296165,1.2266397910841804,0.7200225634282937,-0.10831580925094192,1.4799060520533422,0.7059439921472879,-0.0836093373720957,1.3517607265209413,0.6144537387797405,0.0389998912228392,1.1341431492961627,0.7143273342983006,0.09435344529340517,0.8418830931138038,0.7412552812433381,0.07933223066425224,0.6089708293023729,0.6532206029698903,0.027991099077869924,0.528127548120839,0.5805192553502195,0.0445472043096303,0.4993474171920269,0.5866846408789914,0.07376348966118937,0.46990246591324497,0.672051828826307,-0.2593729976311432,1.133176404157855,0.7466003898188981,-0.2773976711427719,0.8691964986145472,0.6886810808971835,-0.24194814645761936,0.6316259080715166,0.6421451333152205,-0.1667925835320924,0.5440173326715054,0.6303207317307759,-0.1894847294261584,0.5080502088465069,0.5832571279543276,-0.24795865546950582,0.49001156270489554,0.6351306934161756,4.188679245283019
-0.0005552524494184807,0.7313354606258682,0.7015520030624303,0.027741163131532395,0.2919608891115453,0.7482629598628661,0.02557003557198394,-0.10274205630980499,0.7425861188051611,-0.003491115207285206,-0.12071552457453297,0.5774935537988922,0.058595688882280596,-0.12794869653545804,0.6065033614887777,0.0002995678668528287,-0.20534542717316867,0.8510303188677275,-0.1959372709624636,0.707409865516309,0.7273050607931886,-0.1902174621306682,0.26734494405774767,0.7703113558623278,-0.16646155021142905,-0.1212008818586443,0.7619525733810937,-0.1465435646627341,-0.13373746136570563,0.6142305400137013,-0.2072134757146633,-0.1433217649826458,0.6408024121585686,-0.1529683960646679,-0.18679217167098638,0.8053527953054124,-0.10296344608269292,1.2273615790767536,0.7201762093026587,-0.108357564742036,1.4810628512602884,0.706188453075546,-0.08314736045030413,1.354594535968358,0.6120392983271019,0.0390009625428957,1.1341552711350678,0.7143568322489566,0.093985923025524,0.8419510100184566,0.7410550583132328,0.07758379598825571,0.6075166493477051,0.6550071761214113,0.02704873702707164,0.5286989213511846,0.5803761832104521,0.04445257893875568,0.49896978284219295,0.5868791692498339,0.07191384450737215,0.46878000094851857,0.6738823119348851,-0.2594634909324583,1.1339033434853294,0.7464752625660249,-0.2773461132221622,0.8691266564982029,0.6886265948101871,-0.24191822616664987,0.6318256737556177,0.6421203895219716,-0.1662243702854693,0.5447511339842306,0.6308259478956133,-0.1897738322664626,0.5089178338830191,0.5831182151065433,-0.24825078418375532,0.4917084884963723,0.6350802482622169,4.2075471698113205
-0.0011842702588714948,0.7316817510315972,0.701303495980625,0.02768700347991257,0.2925022694345961,0.7484531383400561,0.025343207524032275,-0.10245522951278306,0.7423858097507682,-0.003549786184343654,-0.12073740368578566,0.5773598408524897,0.05859563273891207,-0.1279506169510689,0.6064810193423456,0.0003092608891192565,-0.20496770270050002,0.8510292866018153,-0.19602637185462135,0.7076286777307054,0.7279700467179286,-0.19044908235196334,0.2673166656143292,0.7700403035128547,-0.16644279088032976,-0.1213260262415854,0.7619806676240025,-0.14654982873297598,-0.13367994542703543,0.6141289369768269,-0.2072893062764753,-0.14305535142715303,0.6404067567517471,-0.1529581255394462,-0.18673241753129985,0.8052700433620145,-0.10295995849918163,1.2278907179504266,0.7203114419025989,-0.10854620769823753,1.4818468022215563,0.7063446728155955,-0.08304449302911904,1.3569210429280834,0.6109970494958704,0.039003645759950745,1.1341725433716578,0.7143812273895136,0.09337200097208156,0.8422687505772806,0.7399734631450705,0.07620394058847213,0.6059888442903149,0.6575503176857324,0.026153641176013515,0.5291547295652442,0.5802657178561321,0.04441850558478028,0.4982715009078582,0.5870130631233783,0.07069104342028154,0.4679831253872692,0.6748805443989123,-0.25956000432165055,1.1347149307459206,0.7462965738982384,-0.27728609193777437,0.8692778810226189,0.6885064149437308,-0.24186558184091161,0.632440680420731,0.6422000574653364,-0.1657064999759967,0.5453666679625218,0.6313244167056059,-0.19031777933108865,0.5092275684232586,0.5831025221558878,-0.24848541483020775,0.4929368736490119,0.6351240929483772,4.226415094339623
-0.001732537244811927,0.73209898598159,0.7008183379605921,0.027643557377620295,0.29283940073548564,0.7486275063757798,0.02521822427561301,-0.1023184170564851,0.7423605932795876,-0.00366969014876113,-0.12053434014623596,0.5769988513670296,0.058589916931013626,-0.12795406976393028,0.6064607167912791,0.00031115287371571033,-0.20470951582725028,0.8510120957938319,-0.19608380436721448,0.7078433124547849,0.7284605593230555,-0.1905823571635073,0.2670344638009797,0.7699046694093374,-0.16641493522448148,-0.12144492326667627,0.7619795803903386,-0.14653999322315475,-0.13372601800980394,0.6141942654708737,-0.20730371700690597,-0.14292807596325605,0.6402351061125241,-0.15295023992692552,-0.18667038167723984,0.8051772755355786,-0.10293274664045166,1.2283337480188408,0.7204232930024412,-0.10869682438862371,1.482171556562791,0.7064289253924625,-0.08342437503968242,1.3584583300706197,0.6116678843217689,0.03900629116811993,1.134190033949093,0.7143887487492315,0.09260918694426173,0.8428126970186409,0.7380642932476223,0.0752326380429725,0.6046809613440763,0.6603636129698134,0.025479931192298605,0.529507996882049,0.580188999135338,0.04449296654753307,0.4974799031194491,0.5868934947968834,0.07009506513815658,0.46740109895018483,0.6749993105942692,-0.2596516807674748,1.1355071157723486,0.7460799118507229,-0.27725460945887664,0.8697410881370231,0.6883745934180117,-0.24181966632211754,0.6334772592867317,0.6424413927267905,-0.16534108024994068,0.5456309288078194,0.6316777607302686,-0.19104564993472722,0.5088661394480477,0.583190339623604,-0.248625738389118,0.49361270472346896,0.6352146621400924,4.245283018867925
-0.00220697124130137,0.7323782139234255,0.700364541886392,0.02764315273592312,0.2928447310667016,0.7488020193142786,0.025184566003201205,-0.10237050312964739,0.7425920258047044,-0.0037832049976006627,-0.12026645482816392,0.5766388339437013,0.05857950823682573,-0.127956560829527,0.6064273762154051,0.00031581661900448625,-0.20461383289497648,0.8509736407648933,-0.19614392779528472,0.7079482568652474,0.7286607118978197,-0.19059539094259637,0.2663596978894901,0.7699530198368763,-0.16638804156796513,-0.12154911609908636,0.7619372162384549,-0.14653674403790232,-0.13377977878229086,0.614277269186773,-0.20727434148925414,-0.14289098753189364,0.6402070729381999,-0.1529524703086423,-0.18662022352319313,0.8050724045814704,-0.10290382079199167,1.2287805708252417,0.720531528526217,-0.10874126055142991,1.4821294917030414,0.7064753749474366,-0.08413772554629334,1.3592991612674896,0.6135566665086878,0.03900310138131191,1.1342000288633727,0.7143789460132957,0.09180227774522151,0.8434974446318666,0.7356314130929348,0.07445446777614312,0.6036937729949381,0.6630269126098953,0.02518599749945266,0.5297420048764069,0.5801387264122091,0.04469203810959138,0.4968218804035207,0.5866571070424278,0.07004313269574719,0.46684887604198944,0.6747053049406158,-0.2597236599210245,1.1361703315351757,0.7458369470035449,-0.27737944684717974,0.8703812217742017,0.6885216402061343,-0.24183212110445168,0.6347705758946705,0.642924297705469,-0.1651930734624182,0.5454001134861908,0.6318420102061131,-0.1917895507414229,0.5079116035978692,0.5833671442788492,-0.24869563016245894,0.49380502351342126,0.6353283635968245,4.264150943396227
-0.0026327482093847776,0.7325196947982355,0.7000948950970398,0.027649916190440035,0.2928271618898637,0.7489850219599463,0.025231074361715605,-0.10259785044769985,0.7431611598584765,-0.003766054337676272,-0.12049525617525138,0.576808305080844,0.05857455378034103,-0.12796016141792987,0.6064005067591968,0.00032877498615062144,-0.20460938500207232,0.8509380971363394,-0.1962149053188525,0.7079505219094702,0.7287896459067054,-0.19054785533250856,0.2655653632349809,0.770047513749119,-0.16638984564056844,-0.12160367002533781,0.7618676539589578,-0.14654056099192547,-0.13381811645962605,0.614333508085064,-0.20723345486563255,-0.14286663027356353,0.6401936518890694,-0.15296928329527068,-0.18659204384584277,0.8049613777254355,-0.10288686298668873,1.229281607929348,0.7206497515163222,-0.10873024987379831,1.4819520496197125,0.7065261085966961,-0.08499863686526749,1.3596478394750506,0.6160508764172662,0.038992700976687056,1.1341986947035745,0.7143628066937919,0.09104851566569161,0.8442262049759357,0.7330169360713288,0.07367296681551194,0.6029379402621954,0.6651165878652971,0.025252047023949176,0.529749743060298,0.5801053668988628,0.04483475846351531,0.49642738516395835,0.5864455288199226,0.0703209752901755,0.4662073387780962,0.674514441219092,-0.2597570678256035,1.136601488000511,0.7455933174860342,-0.2777682940225232,0.8710012117762558,0.6891919454749904,-0.24194267167094224,0.6361015245076618,0.6436833410641323,-0.16540585065273214,0.5449716976642061,0.6318564562912552,-0.19222976987044693,0.5066265572514073,0.5837288335801228,-0.24877914802515025,0.49363074799062,0.6355481289287894,4.283018867924528
-0.003009195063690906,0.7326610267252502,0.6999479228816297,0.027632078683472394,0.29311151450500816,0.7491476455522595,0.025321457466174056,-0.10303724194573613,0.7441259401038259,-0.003528748398713577,-0.12163520701849426,0.5778786120833113,0.058582458450493556,-0.12796750112573455,0.6064157700584419,0.0003451684900561922,-0.2046069811930184,0.8509331613029891,-0.19639683127031943,0.7078724481100438,0.7292819045192097,-0.19052674532689612,0.26505474422291203,0.7699963849418433,-0.16642170882939247,-0.1216422805010455,0.7618150388549391,-0.1465451961870249,-0.13385176393727719,0.6143712474094951,-0.20719721509071454,-0.1428308728435041,0.6401510547645005,-0.15299723156003706,-0.1865828495081059,0.804854264435208,-0.10288404572081875,1.2298015666993611,0.7207730729467798,-0.10872203909771277,1.481825506932312,0.7066057697811388,-0.0859867914557727,1.3595416101002002,0.6190765183912614,0.0389786531544018,1.1341881312586501,0.7143493827671454,0.09044738494119292,0.8449010755530348,0.7305448436735936,0.07286401380844551,0.6023128082249096,0.6662543053818901,0.025426565826583064,0.529436119358664,0.5801246077656911,0.044605871787464973,0.4963177524439578,0.5862901667250155,0.07078004716236916,0.4655213755642905,0.6744770459938129,-0.25974609904180074,1.1367623326807939,0.7453998934157898,-0.27833701552105367,0.8715477997761586,0.6901915400058973,-0.24209516860138044,0.6373482634838029,0.6445135204456796,-0.16605727702375178,0.5448762278574363,0.631719498403324,-0.19216018466362333,0.5054394017472466,0.5843265367680711,-0.2489341185276624,0.49327550857907854,0.6358980173407235,4.30188679245283
-0.0033428205274941003,0.7327948005954107,0.6998495823416342,0.02758417628314226,0.29372697968796746,0.7492143861278865,0.025406367009476353,-0.10371043584868347,0.7453931157693006,-0.003076156193182292,-0.12366047512546713,0.579774294094898,0.05860237771978408,-0.12797617936884864,0.6064873857073766,0.000361436849415415,-0.20459173461077154,0.8509629445767362,-0.19682969221790217,0.7076403336500227,0.7304413018326107,-0.19055414185058211,0.2650250729818603,0.7697203745569103,-0.16645090619658823,-0.12178039877386512,0.7618169771544188,-0.14654938562246544,-0.13388280403887742,0.61439225323275,-0.20717280217414766,-0.1427834340024298,0.6400794995721062,-0.1530305458688118,-0.18658935612775404,0.8047635383137116,-0.10289102874124254,1.230233061774356,0.7208833268387476,-0.10873254849341296,1.4817840541693905,0.7067031337765592,-0.08713745166788517,1.3590067486701563,0.6227187961806275,0.03896185087589149,1.1341720045740675,0.71433681056867,0.09009594625408959,0.8454209252996231,0.7285552271789778,0.07205334608991373,0.6017890810559355,0.6663528576115493,0.025354571547527127,0.5288217422654937,0.5802242149082343,0.043789185805421044,0.49642204259657824,0.5861935158631941,0.07135352790345248,0.46484760147610626,0.6744569202338742,-0.259715181136944,1.1367311646169889,0.7453102464678434,-0.2788831282780279,0.8720619126026323,0.6910897600580193,-0.24213637560927753,0.6384714020765115,0.6449637930007315,-0.1668831654439169,0.5453260136631862,0.6313703410831706,-0.19177079421269383,0.5048502678551223,0.5847955487340281,-0.2490726391658979,0.4930448326031679,0.6360827554973663,4.320754716981132
-0.0036674213721171744,0.732721780685728,0.6999875434478329,0.027440175714886994,0.29455632079359023,0.7490930971145473,0.02547919010791096,-0.10452412422693477,0.746740682425802,-0.0024787453376875356,-0.12625850083015897,0.5821655322058231,0.05863287112597273,-0.1279774261177319,0.6066022578765439,0.00037708630027309664,-0.2046293195943583,0.8510094881358204,-0.19749678659815895,0.707165904250324,0.7321857556609428,-0.19056692863830627,0.2654603482208684,0.7692570426925852,-0.166457703393285,-0.12207149439784767,0.7618817148638897,-0.1465523008728514,-0.13390680616160747,0.61439331161973,-0.20716704319473428,-0.1427334104431109,0.6399959143140052,-0.15306663223268963,-0.1866171249711222,0.8047038714007267,-0.10290341827051233,1.2304749293425572,0.7209617740270787,-0.10875369079153507,1.4817797004332873,0.7067883821111864,-0.08836979192717542,1.358271056044845,0.6266451662288749,0.038939816309084274,1.1341538565050748,0.7143180436207377,0.0900359153459189,0.84570218994247,0.7274017471542225,0.07117797072098558,0.6012892529287502,0.665811940042578,0.024718006635836204,0.5280026405845164,0.5802480773379111,0.0424350377833366,0.496573776307267,0.586184708618978,0.07190127811875077,0.46412236331433143,0.6744782508823935,-0.2596967520837745,1.136643644227272,0.7453339995241579,-0.2792628736881137,0.8725155601422093,0.6916444877650737,-0.24193678994624696,0.6394123525241798,0.6446103154709721,-0.1673472107324013,0.545977128567294,0.6309402130163856,-0.19139524530554636,0.5051444667844842,0.5844854363556156,-0.24901437996511638,0.4931660887621939,0.6357705363666202,4.339622641509434
-0.003992089084873918,0.7322377725084488,0.7007409177652174,0.02709455498251194,0.29547390926758693,0.748803595228409,0.025569581860267296,-0.10532936533761092,0.7479754125572717,-0.0018378577820958191,-0.1289826207570579,0.584740300149317,0.058674851215908944,-0.1279651430774248,0.6067417726918547,0.00039488911524276015,-0.20482458191985814,0.8510418671913885,-0.19825271655047638,0.7064658734091016,0.7341534268758123,-0.19048657014815407,0.2662585031781433,0.7686833286853986,-0.16645539031859014,-0.12243861201447057,0.7619946803135981,-0.1465481368943347,-0.1339279369693425,0.6143881960644035,-0.2071775657560877,-0.1427243258034038,0.6399681307579904,-0.15310414823414956,-0.186666901028859,0.8046858240347254,-0.1029177816371096,1.2305065473781138,0.7210050424564938,-0.10877496756428423,1.48177687482141,0.706839853337561,-0.08950623412508169,1.3576146613039177,0.6302215516175962,0.03891340504887286,1.1341382082660305,0.7142909876367466,0.09019466614560884,0.8457419136819273,0.7272701808272342,0.07015777760963895,0.6007203786055474,0.6652987788170289,0.023358994705397956,0.5270934264661615,0.5800036118889318,0.040802018086120245,0.49660042966229,0.5862791013552894,0.07224143019188375,0.4634373122744535,0.6743120246003165,-0.25969562304814997,1.1365779256260244,0.7454307011004664,-0.2794338606111834,0.872797480296792,0.6918593463623518,-0.24144664907828245,0.6401999400938043,0.6431678973718704,-0.16705264110261955,0.5461979389800783,0.6310850005902979,-0.191105996883913,0.5061206580699215,0.5831848757368864,-0.2487219139029953,0.4935353225635391,0.6352626895979363,4.358490566037736
-0.004268411167593328,0.7312755244091061,0.7023517847622884,0.02654689900971771,0.29630576619434357,0.7485233392262992,0.025694900134527573,-0.10601737522161582,0.7489663010055367,-0.0012690583631758238,-0.13132808321703174,0.5872448368409425,0.058724683189038354,-0.12794122782142858,0.606879597074364,0.0004240184412165121,-0.20520998241775015,0.8510414252414059,-0.1989871853275172,0.7056361304874678,0.736058528582698,-0.1903259900378987,0.26728487907898235,0.7680518723693224,-0.16645663868964833,-0.12277287139243603,0.7621176983381612,-0.14653234694613515,-0.1339536752723494,0.6143995064338335,-0.20717685894257662,-0.14284782758893294,0.6401391579461388,-0.15313825762445607,-0.18673010026838718,0.8047069693371159,-0.10293089008067602,1.2304149004545,0.7210331506480372,-0.10878987022197995,1.4817693947288015,0.7068524265131364,-0.09041448047236,1.3571478441801537,0.6330207247768174,0.038888399086299485,1.1341294702556601,0.7142593906938868,0.09041196473342719,0.8456499117147912,0.7278740065725601,0.06900015905328313,0.600185168615752,0.6652874608084025,0.021326638387008018,0.5262151751482773,0.5795633632757806,0.03902667274489233,0.4964497809034254,0.586391674318623,0.07217635529105798,0.4632824917359173,0.6731611496208171,-0.2596995148529325,1.136535394829088,0.7455578316131914,-0.27943372319672877,0.872837252215609,0.6918624391013783,-0.24055269673618498,0.6411370791238226,0.6402568547077607,-0.1659335560618593,0.5455037308785402,0.6327710464647257,-0.19061515711253155,0.5071576347519281,0.5814192475357982,-0.24820950351509338,0.4939571030023216,0.6351508490702445,4.377358490566038
-0.004456164603325985,0.729930151227168,0.7047563869295066,0.025930274323813174,0.2968383460366679,0.7484199442268038,0.02585487890997048,-0.10653612583783026,0.7496066435893194,-0.0008818045143462684,-0.13283915678240882,0.5893677839219971,0.058770872994731285,-0.12791064899899962,0.6069740478485277,0.0004762683857237108,-0.20568751910971786,0.8510227879766417,-0.19966535064186214,0.7047582260402876,0.7378355770049524,-0.19020954010617458,0.2683797468392049,0.7673657934477044,-0.166436813697513,-0.12300769864534111,0.7621653674142476,-0.14650840041033403,-0.13398603979327853,0.6144372987118348,-0.2071323674592754,-0.14314306481083602,0.6405744377581811,-0.1531594815208074,-0.18681253117677138,0.8047499958128923,-0.10294068661101113,1.2303234643796912,0.7210720642007904,-0.10879480990233081,1.4817602578158304,0.7068379506316425,-0.09109911991233538,1.3568187780366823,0.6350869953795266,0.03887055275308604,1.134129988097229,0.7142255481773985,0.09052110928089543,0.8455685238614912,0.7284367126600284,0.06775083564369419,0.5998846741055273,0.6658290797071228,0.018646678557221436,0.5256100091907062,0.5787775701527754,0.03682784316007787,0.4962463933969777,0.5863079429662952,0.07127376004502473,0.46437937233902293,0.6697409742888581,-0.2597065574922956,1.1364954576178596,0.7456955798183877,-0.2793196108472929,0.8727209184256737,0.691744825814581,-0.23891020676841468,0.6426808908359094,0.6353668625649501,-0.1639852120084828,0.5438990519562585,0.6362503328019385,-0.18934158828735237,0.5076037868161583,0.5800562170612691,-0.24702391384426864,0.494728926948081,0.63474256631596,4.39622641509434
-0.004581875784381129,0.7283807751309186,0.7076586797103067,0.025386902766497896,0.2969215329643281,0.7485255065036165,0.026040800184640136,-0.10689235433812712,0.7499059433343126,-0.0007551174401501679,-0.13321448336731304,0.5907164478703933,0.05880068306848541,-0.12788196695505438,0.6070009129453809,0.000552147217320315,-0.20612729596215984,0.851016172532331,-0.20029490394664384,0.7038922096667986,0.7394979489859996,-0.1902411605477684,0.2693593887199314,0.7666117393000073,-0.1663487423343381,-0.12310981821870676,0.7620311168103433,-0.14648199641546497,-0.13403101904261455,0.6144899714842817,-0.20707419755030015,-0.14341481080751758,0.6409743815488121,-0.15316224580873977,-0.18694033441535382,0.8047909622442401,-0.10294777619145193,1.2302848571473255,0.7211269048989721,-0.10878890778373812,1.4817493667074075,0.70682203805776,-0.09161867261581569,1.3565605078724983,0.6366286504498884,0.03886123346925713,1.1341385182042711,0.7141884864569784,0.0904052788850766,0.8456009134382176,0.728181290077096,0.06639749636349235,0.5998865108642036,0.6665094543817986,0.015094400169160443,0.5258437191540892,0.5764716459466709,0.03362387510476594,0.49647981076305536,0.5854343931744161,0.06885653090455485,0.4673456583733486,0.6626264653617662,-0.2597229579442305,1.136444038834911,0.7458290716456275,-0.2790593032639312,0.8726686705173512,0.691348793320355,-0.23608060792601812,0.645144187594667,0.628276463687035,-0.16098849825311723,0.5420524375122631,0.6403142338970391,-0.1866369436616217,0.5071259699018229,0.5798249256199877,-0.24424437526191534,0.49659548439575096,0.6317149578324719,4.415094339622642
-0.004691932916943475,0.7267652569343834,0.71071050659583,0.024980238273478214,0.2965234590225937,0.7487936456143707,0.026237498462842276,-0.10714293483810253,0.7500436355368781,-0.0008934479321404494,-0.13250082924110254,0.5910907490927922,0.058808734056995784,-0.1278756295772064,0.6069971174394476,0.0006248166506920185,-0.2064437892904452,0.851041446418613,-0.20091865347770624,0.7030864808220361,0.7410185661330371,-0.19040163392336149,0.2700556256721453,0.7658113700091238,-0.1661947109167958,-0.12307341479285686,0.7617111638192032,-0.14644967037382267,-0.13411590489363942,0.6145263602421166,-0.2071101941735933,-0.14327977113410495,0.6407393344590973,-0.15316019436213757,-0.187115624886621,0.8048190486551763,-0.1029545643174041,1.2302766540838492,0.7211824357826054,-0.10877407175635506,1.4817343407654553,0.7068295348631465,-0.0919494079199566,1.3563804517592368,0.637588261682875,0.03885656109719765,1.1341501376854088,0.7141512866552653,0.09003477090305312,0.8458331004603514,0.7268246281936729,0.0647490218241287,0.6002951813430071,0.6663080329521068,0.010382877130846208,0.527627477120181,0.5708413973466345,0.02887339123759325,0.4981692068635085,0.5822720647308413,0.06437158293953574,0.47241856194404935,0.651125214388163,-0.25975051280954314,1.136376095363797,0.7459375285572416,-0.2785768472520681,0.8728494663263637,0.690415351253749,-0.23194984590693168,0.6486314628612908,0.6193794001849725,-0.15659921706335264,0.541194762455122,0.6427495877228739,-0.1820609542486063,0.5058666714369149,0.5808778699781528,-0.23929248545337944,0.49995463492108067,0.6241700632485054,4.433962264150943
-0.004785445086369994,0.7251550947857857,0.7136826615921497,0.024711274251174045,0.2956685485673355,0.7491754677630404,0.0264347975191018,-0.10734439831195614,0.7502140951852253,-0.0011902800726225232,-0.13121129740214205,0.5907989367505767,0.058799847194759565,-0.12791897583925527,0.607056468219919,0.0006536031987244626,-0.20657055504578226,0.8511025200672953,-0.20159970344099548,0.7023289043462881,0.7423412268598759,-0.19061298073128657,0.27041944870782847,0.7650196517023486,-0.1660566283101112,-0.12292496389505908,0.7613548724267103,-0.14640642352797836,-0.1342591542473743,0.6145239651203184,-0.20733425634459512,-0.14249051239496932,0.6394799091767271,-0.15317951857915194,-0.18728487857470882,0.8048484758562653,-0.10296208134420737,1.2302696636661452,0.7212227366357165,-0.10875278594634669,1.4817140594918798,0.7068702971309465,-0.0920361774940962,1.3563042219792434,0.637824941088877,0.038850455940003026,1.1341607801362956,0.7141220335040013,0.0894630192038951,0.8463079186732134,0.724597330394938,0.06239101524404622,0.6015780162911912,0.6636035505446705,0.004483907923848229,0.5312949435855775,0.5608735363197199,0.022283301010916134,0.5024868062625457,0.5746948064289638,0.05760059766476658,0.47940223185132874,0.635823374073794,-0.25978595489008893,1.1362949621174934,0.7460021534572038,-0.2779126510451186,0.8732483961528814,0.6889791638599838,-0.2269145184058711,0.6532169305695694,0.6095911183502768,-0.1507089030860028,0.5427749343063151,0.6414805225904932,-0.17539041804943034,0.5046483936853616,0.5824179058687978,-0.23242751930279454,0.5044886663214736,0.6125048149031173,4.452830188679245
-0.004789151689311322,0.7235676243922682,0.7164959550836959,0.024549881720892952,0.294334162746859,0.749628146328731,0.02663764377910353,-0.10751124998483064,0.7504887524127709,-0.0014809242321654377,-0.12994384410825932,0.590429275272166,0.05878479724232094,-0.12802173875804393,0.6072549947362893,0.0006342538511584232,-0.20646510024501855,0.8511948712483883,-0.20235714937624366,0.7015374909884853,0.7434388719984263,-0.19082465086186937,0.2705317311171783,0.764271270644674,-0.16602896799588848,-0.12271836014054896,0.7611358393907147,-0.14637556351045694,-0.13437985112191722,0.6145124526258138,-0.20775353118705564,-0.14110129981039685,0.6372873132547014,-0.15322159019171994,-0.18737212971990855,0.8049005453930318,-0.10296922176143625,1.2302575518401555,0.7212409678496772,-0.10872725070431716,1.481688897560836,0.7069404751146537,-0.09193924773800655,1.3562856935304732,0.6375669188121693,0.03883935143544576,1.1341711371525278,0.7141038982999384,0.08877255999844783,0.846945383187832,0.7220199445286425,0.05897315723464708,0.6044520784749589,0.6568898420055831,-0.00244421874915568,0.5365590413564643,0.5473345014673793,0.013909998797740242,0.5099651632524629,0.5615093720296859,0.04865928501571143,0.48780951012498897,0.6182423262948727,-0.25982482775961147,1.136206101763133,0.7460154902035288,-0.27715849066881093,0.8737974711669776,0.6872168992989182,-0.22153406523074332,0.6589701982450015,0.5999689979592786,-0.14371506723717367,0.5479242381510532,0.6355242150900903,-0.16655402615534942,0.5048943601885695,0.5829683085087474,-0.22435379642046768,0.5094501510850135,0.5993536587950532,4.471698113207547
-0.004601555916565581,0.7218945816087451,0.7191218643000387,0.024452636096243124,0.29245045606808423,0.7501132731786243,0.026865477011519187,-0.1076141834833245,0.7508526557053077,-0.0016487354306627773,-0.12889310287815603,0.5902876584669343,0.058773960940054076,-0.12815857731630867,0.6075772683774405,0.000611621390663763,-0.20614139730775605,0.8513155229212364,-0.20312922482432919,0.7006165152238072,0.7443676285689605,-0.1910211710489863,0.2704627519420325,0.7635467482312812,-0.1661679744302964,-0.12252705899964844,0.7611537809382609,-0.1464086816581347,-0.13429366733155737,0.6145479373786501,-0.2083144995077229,-0.1393281535994536,0.6344904211638341,-0.15325480528141283,-0.18731986990855243,0.8049827551659089,-0.10297495772983536,1.230244560964661,0.7212375644014886,-0.1087009884841833,1.481660769917833,0.7070308700562505,-0.09180654833556284,1.3562549465595295,0.6372840025386688,0.03882296527656531,1.134183553214628,0.7140893314600243,0.08804445288791407,0.8475797977216002,0.7196492220882145,0.054541485304025916,0.6093691718470963,0.6457643486381498,-0.010425216147240707,0.5425659691153141,0.5325825258814393,0.004203636841997732,0.5199749712072161,0.5437099203990141,0.03816146234742321,0.496917174392089,0.600294178035684,-0.2598606932119455,1.1361140263583829,0.7459848010311931,-0.276313290444799,0.8745023884486515,0.6851132450054799,-0.21609879776398483,0.6655491626000255,0.5914384689373,-0.136298232663248,0.5567501675090254,0.6251603231794073,-0.15591140374707751,0.5077711335970795,0.5814031978211269,-0.21549241357307825,0.513852770867335,0.5883057290378634,4.490566037735849
-0.0042062482700158665,0.7199240576532191,0.721527781143004,0.024412575909555173,0.29001521448520173,0.7506139355383077,0.02713089560463389,-0.10760837141027789,0.7512747773265386,-0.0016599081362230492,-0.12794767241509725,0.5902902044633325,0.05877579229220205,-0.1282805661579601,0.6079360822174654,0.0006230298840628688,-0.2056412651726868,0.8514615721292448,-0.20383640521416105,0.6995085853899345,0.7452215971253621,-0.19120424510198503,0.2701719125430591,0.7628076546189436,-0.16649543104042783,-0.12243954057888695,0.7614927428481485,-0.146533655089706,-0.1338572159845771,0.6146179917365573,-0.20894124353610743,-0.13741143677400086,0.6313674927668712,-0.15326029401138894,-0.18710376377680105,0.8050917670727596,-0.10297932549714012,1.2302333360517745,0.7212166018553493,-0.10867902492073367,1.481633712857802,0.7071298303668943,-0.0917256410766259,1.356241159806789,0.6372162120308263,0.03880122922596396,1.1341988135584562,0.7140628766666675,0.08736277562388567,0.8481335263475331,0.7176774396843286,0.049397859423880947,0.6161311359634677,0.6310355431606873,-0.019747763081584185,0.5480796766441208,0.5194375689631685,-0.006216595276617665,0.5308593226843005,0.5241963485300483,0.02712906205682461,0.5056744860922744,0.5839157556428212,-0.25988276913569924,1.1360249614121902,0.7459302729945061,-0.2753575621199585,0.8752891630163551,0.6827086071967745,-0.21058568304339254,0.6717599290941683,0.5849109131933496,-0.12895791059554065,0.5679751251148872,0.6114779057868482,-0.14443814467336702,0.513299544705307,0.5775128133249579,-0.2055456028870059,0.516714509290645,0.582059538920768,4.509433962264151
-0.0037052361365495223,0.7175947500258306,0.7237187600263333,0.024492381793592505,0.2871269809018048,0.7511331517644346,0.027397178425818614,-0.10748541720209838,0.7517103594628985,-0.0015363893215280403,-0.12701448608589597,0.5902835024625992,0.05879631242936952,-0.12834795388740736,0.6082514596516244,0.0006534592088837908,-0.20498662154441263,0.8516197779989034,-0.20443263346952584,0.6982652432064426,0.7459614383010654,-0.19138754833785304,0.2695314692399109,0.7620477839908595,-0.16697039710840622,-0.12254563049807699,0.7622497855543704,-0.14672229932243333,-0.13307561917948463,0.6146353847574927,-0.20953756457719563,-0.13563876251151774,0.6282208173481245,-0.15325211351686138,-0.1867521066982022,0.8052194606203148,-0.10298244356809877,1.2302241245555396,0.7211834090116582,-0.10866599380071051,1.4816122399342748,0.7072244288260867,-0.09169159793294857,1.3563615190734253,0.6373109009589495,0.03877416175032694,1.1342178827371183,0.7140088903772934,0.08680896113319395,0.8487276555295524,0.7157392521821326,0.04378591872398266,0.6239272599467773,0.6141632069152682,-0.03056981248523033,0.5519615488632169,0.510087775616895,-0.01701033772317187,0.5405423538680307,0.5067788701074173,0.016279665911300728,0.5128578472274775,0.5706538991253896,-0.2598802525874177,1.1359466679471129,0.745874150534724,-0.27435694517607606,0.8759004336974688,0.680385518801359,-0.20478808856797034,0.6758976730470238,0.5813047651300589,-0.1218969463139859,0.5794318739688424,0.5961386385903119,-0.13316977923358314,0.5204195603679667,0.5716829258680423,-0.1938294183926673,0.5175753355342645,0.5812672973747985,4.528301886792453
-0.003199459139851979,0.7151772974871833,0.725738771854962,0.024763699022418637,0.28388881278488187,0.7516655473128759,0.0275788800967592,-0.10728705765797718,0.7520832695778294,-0.001336325865542205,-0.12605860218044196,0.5902514569240044,0.05883456131085542,-0.12835281012855335,0.6084830028354719,0.0006639418964068717,-0.2041796135541985,0.8517724768475241,-0.2048774144856365,0.6970916234678574,0.7463974866750116,-0.19160982842284777,0.26841141137853636,0.7612913731195239,-0.16747771032507094,-0.12288466386762678,0.7633949918513502,-0.14692070479151012,-0.13206681402865783,0.6145401110616079,-0.2099994007539747,-0.13436965879429544,0.6257113748850515,-0.15324366109457346,-0.1863389985145458,0.8053507711763315,-0.10298408467375153,1.2302173792701212,0.7211436437041854,-0.1086634842800503,1.4815984240688753,0.7073047213486361,-0.09167969362338041,1.3566983615230608,0.637470373891196,0.03874414871293358,1.13424370929049,0.7139215423102798,0.08647117794176759,0.8495883665844525,0.7132622136277846,0.03788735001082694,0.6317618375070766,0.5970399386929516,-0.042476577326429205,0.5536361697675469,0.5060178465378413,-0.028215807537944226,0.5471686788527819,0.4951847621142824,0.005693461055874066,0.5177243431362997,0.5612946127484216,-0.25985151672649554,1.135888029886209,0.7458232726884444,-0.27346252183816566,0.8760591557219484,0.6787302791529659,-0.19838187267516882,0.6768348813104845,0.58115142952513,-0.11516161721000673,0.5889617377289924,0.581478773332064,-0.12250888984061954,0.5277420797016308,0.5647650829354046,-0.18012805401241155,0.5168070480895185,0.5849369611824476,4.547169811320755
-0.0026987860753049098,0.7130822586527122,0.7275414825077907,0.025239245774284116,0.28036166678431385,0.7521863523539846,0.02761843734305252,-0.10705258193944156,0.7523057073297894,-0.0011263426557790806,-0.12507910823170998,0.590271880791322,0.058881147753870926,-0.12830718922027998,0.6085961579970086,0.0006602975157659722,-0.20323394171591574,0.8519168235110488,-0.2051211727551184,0.6962166791703843,0.7463938882353737,-0.1919039895302188,0.2667615746303914,0.7605656798385858,-0.16791028783690387,-0.12339644414022648,0.7646940291803883,-0.14708978333991904,-0.13097757328838516,0.6143437374956672,-0.21022272719180707,-0.13387560877579133,0.6247818165745577,-0.15323087470100918,-0.1859306250544365,0.805468708761359,-0.10298451587264829,1.230213441585836,0.7211037454811435,-0.10866851316028281,1.481590898952307,0.7073680225837886,-0.09168648195764478,1.3572502661511803,0.6376531334251612,0.03871556015170491,1.1342800828096051,0.7138096046521694,0.08644726650996964,0.8508901470794211,0.7097277691688519,0.03184605404442711,0.6388859194524901,0.5818548546122503,-0.05454375854250153,0.553327951133049,0.508216816335586,-0.039897083744323936,0.5495505935390121,0.49196375282491833,-0.004747773451400372,0.5205315985876083,0.5557327539200809,-0.2598076131636746,1.1358559484013353,0.7457692138008201,-0.2728701194650303,0.8756042919282885,0.6781755604480963,-0.19103343203751566,0.6747340159501306,0.5841861716465196,-0.1086515017765217,0.5950783632281308,0.5700589369151556,-0.11223423664710014,0.5341591698075145,0.5581955216917859,-0.16494061285069175,0.5156790023794473,0.5908907417727979,4.566037735849057
-0.0022101406045328953,0.7115566364657123,0.7288917907344349,0.025887686402025212,0.2766396409479773,0.7526779283120517,0.027524638672550974,-0.10679422492731257,0.7523148635813764,-0.0009492221364068823,-0.12415143589801322,0.5903762144461593,0.0589222973543026,-0.12822367227880715,0.6085545100261414,0.0006952242725055619,-0.20220074780217404,0.852061819177577,-0.2051406215503304,0.6956997057539474,0.7459525458421269,-0.19224190556242815,0.26465110261466007,0.7598753291945743,-0.16824449667817323,-0.12394332937431302,0.7658993850073493,-0.14721119933450966,-0.12994369898014263,0.6140840097906922,-0.2101218539481738,-0.13409144001163062,0.6259113272289902,-0.15320819314058562,-0.18555518592159292,0.8055658140777633,-0.10298496092474543,1.2302113946891575,0.7210715408743773,-0.10867573223710436,1.4815862922807166,0.7074203189300118,-0.09172674630396949,1.3579517539564117,0.6378167795040424,0.0386934212967856,1.1343288018867752,0.7136930727476476,0.08672893462387296,0.8526869976348272,0.7046145440559737,0.025706371951410067,0.6448506143453475,0.5704281861617068,-0.06598972341249659,0.5523956183129715,0.5162526793196364,-0.05192902217119634,0.5477371270544666,0.4975224334150359,-0.01508865350504196,0.5222980162740339,0.5528464020095025,-0.2597648330614584,1.135846280944201,0.745709547064872,-0.27266136020748283,0.8745327736507638,0.6785282153989812,-0.1826073171899882,0.6707930597240003,0.589269303394184,-0.10219286400603843,0.5974372657035019,0.5632608200231297,-0.10212390328517577,0.5390727043866614,0.5535782117973418,-0.14900184072041467,0.5161749615162768,0.5956339934389769,4.584905660377358
-0.0018281437598368089,0.7106067386857087,0.729504470673751,0.02667649393161038,0.2729000601157011,0.7531691343187121,0.027323154701843128,-0.10653120893288219,0.7521009688731063,-0.0008229928045645398,-0.12339982090573595,0.5904875348048144,0.058944208872578854,-0.1281231143908749,0.6083734858196423,0.0007923847943502318,-0.2011667483082054,0.8522072824085632,-0.20497743327047147,0.6953873749042365,0.7451713369789076,-0.19257965405388272,0.2622413079801773,0.7591880714837851,-0.16851699829507844,-0.12437849666619824,0.766921589142872,-0.1472736054376746,-0.1290956297725434,0.6137855198905294,-0.20971378305178645,-0.13460625981197502,0.6286313498176181,-0.15317615789094538,-0.18521951797224287,0.8056468300922686,-0.10298702302920504,1.230209626051302,0.721054211524889,-0.10868140712690988,1.4815816814103686,0.707469793206483,-0.09181833192961458,1.3586677422294777,0.6378660235834293,0.03868245012725835,1.1343859576516442,0.7135952117935263,0.08711353468933003,0.8549260341371556,0.6977016928817388,0.019520192419141547,0.6495439171738744,0.5634529369059346,-0.07664292889009054,0.5532261515081196,0.5272239935641964,-0.06403134678583139,0.543706346553543,0.509449144009654,-0.025339443451139476,0.5241340219510696,0.5509705552169902,-0.25973390646119165,1.1358464207238463,0.745655709075571,-0.2726238168188436,0.8731283813555873,0.678885124220683,-0.17342083400377004,0.6667341913810145,0.594504143217704,-0.09598349222108207,0.5970480903531843,0.5601774002342128,-0.09267036958773237,0.5425096811016846,0.5516359106086475,-0.13325343291310054,0.5201156497532594,0.595503266795056,4.60377358490566
-0.0016623265332111892,0.7101063873268709,0.7292427873208813,0.027594954435657917,0.26930769742479893,0.7537540355172339,0.02705044105675527,-0.10631423512577043,0.7517668053825575,-0.0007559802751660391,-0.12294116696939018,0.5905155488717231,0.05893758559122293,-0.1280451852712874,0.6081503226963779,0.0009247995039949994,-0.20021969238508486,0.8523401533946714,-0.20472096856927172,0.6950264527233734,0.7442432596615287,-0.19292192379541617,0.2597059530816937,0.7584836935833563,-0.16875845317296326,-0.1246092930077574,0.7677538552077112,-0.14726893100938784,-0.12855269854537088,0.6134662353539153,-0.20914827408842876,-0.13502011928522192,0.6320090681328883,-0.15313624303649198,-0.18492378489934197,0.805718437041933,-0.10299160122644424,1.2302069819800476,0.7210543484472447,-0.1086843085672427,1.4815764118748338,0.707516122364934,-0.09194698324036032,1.3592108970209622,0.6377437278578487,0.03868352926216062,1.134434085986196,0.7135310170668574,0.08737807824520169,0.8574590606925883,0.6895783674135989,0.013384148146993957,0.6534115323021502,0.5602490546393214,-0.08656138840743077,0.5580290401499841,0.5366578989844101,-0.07579687582583342,0.5410658743062962,0.522775245069392,-0.03557999037400009,0.5266739871063102,0.5491538242332051,-0.2597179044411374,1.1358506960838708,0.7456203339272534,-0.27239128549009417,0.8719714971295682,0.6783360221317823,-0.16427126195427721,0.6644969440292487,0.5975326483711664,-0.09078895611549992,0.5958270859618966,0.5582841670434002,-0.08512697465923938,0.5452070236585216,0.5514071545475377,-0.1192051974646837,0.528164664863509,0.588944330722228,4.622641509433962
-0.0017380660068835874,0.7099303479783426,0.7281103096217556,0.028647969607319468,0.2659239399254796,0.7545366447353248,0.026788369379111727,-0.10621182606992215,0.7515479846561908,-0.0007469946295130701,-0.12282088648045394,0.5904739366369716,0.058901982071052066,-0.12802748421528315,0.6080068713543939,0.0010626645697530267,-0.19941345617198825,0.8524438650830681,-0.20443042997165634,0.6944386794604575,0.7433479057266217,-0.19328378692268158,0.257162048186629,0.757827376772636,-0.1689653020407314,-0.12463049911347726,0.7683849198859534,-0.14721075798566682,-0.12835410034848013,0.6131728590245679,-0.20860834861108174,-0.1352486902674841,0.6353713590834799,-0.1530888707032729,-0.18466200914021771,0.805779089186808,-0.10299842518093341,1.230202784760536,0.7210706797191822,-0.10868429683821235,1.481570812445606,0.7075523854874045,-0.09202605754316451,1.3594050624095684,0.637652859202406,0.03868917008111361,1.1344355326753266,0.7134967637428717,0.08743695673082597,0.8599627874398328,0.6816734313521275,0.00729875906779745,0.6573390768554146,0.5592560798454539,-0.09550674105670778,0.5675945164381603,0.5409169283422929,-0.0867911098833432,0.5432287341630553,0.5321490009847758,-0.04606095246354815,0.5298939726214291,0.5476660379865231,-0.25971771789288484,1.1358626925044506,0.7456092620198862,-0.2717810177241876,0.8716208375782367,0.6766107032430488,-0.15606628179022863,0.6656881900228256,0.5965240417160554,-0.0874817739151063,0.5956477267007575,0.5555172947247764,-0.08062055429647585,0.548426857487879,0.5508188957956356,-0.10856169953059933,0.5396652203110308,0.5774012680828389,4.6415094339622645
-0.0019732157065364686,0.7099749178866787,0.7262132241037857,0.02981192108800025,0.2627763983532634,0.7554895857598136,0.026611135222783674,-0.10624704717333439,0.7516518190888497,-0.0007740101001605009,-0.12293364299371608,0.5904494449974603,0.05884629482289518,-0.12807174700839052,0.6079845831954757,0.0011960680404222452,-0.19876707042657996,0.8525030777340119,-0.2040962651495205,0.6935956937106232,0.7424698241611378,-0.19365028842694057,0.2546373354383845,0.7573586243530006,-0.1691250547282707,-0.12449263972420445,0.7688239675112547,-0.1471497564329743,-0.1283889488892335,0.6129877915742264,-0.20818935869423905,-0.13538976732270452,0.6383925508356801,-0.1530367628573566,-0.18442981528623173,0.8058212972046395,-0.10300710311167091,1.2301956519106607,0.7211027576187564,-0.10868196301110017,1.4815637436021545,0.7075773207415743,-0.09192992390933524,1.359140587309184,0.6380341104690324,0.03868556765208503,1.1343671321770843,0.7134786664818483,0.08718911267079585,0.8619285816385089,0.6757190465463749,0.0012104754942266482,0.6620809279092192,0.5591268239596363,-0.10320294249821338,0.5810422559994048,0.5390424860532042,-0.09674761736566766,0.551337212468325,0.535046056172502,-0.056868707995629764,0.5334923210185438,0.5474204959772713,-0.2597335236170671,1.135883693761479,0.7456207005141983,-0.27084433959162,0.8723112164954632,0.6739218319731758,-0.1495027390415129,0.6707812238504405,0.5912984229650242,-0.08661942025438801,0.5975792146122492,0.5515614270053026,-0.07937175736724775,0.5533624051962651,0.5483425113372336,-0.10233311892965481,0.5529488998785728,0.5644699951505756,4.660377358490566
-0.002240077035898874,0.710074732952384,0.7238634539106976,0.031007881772878595,0.25994796485720084,0.7564051913183698,0.026520801649658258,-0.106361959933873,0.7520919488824301,-0.0008012205249526725,-0.1230826443834925,0.5904896071304786,0.05878826202247684,-0.1281466387016005,0.6080209620751018,0.0013238582132484452,-0.19828000603375287,0.852512373092029,-0.20370827606665554,0.6925255662428763,0.7414248766837082,-0.19400099094131043,0.25210716324905225,0.7571939719804862,-0.16924337178166626,-0.1242406975636364,0.7690986792781709,-0.1471413761264793,-0.1284685690041098,0.6129546552866405,-0.2078380153882565,-0.1355213176014866,0.6407956732029885,-0.15298513244726553,-0.18424100394351453,0.8058380366701104,-0.10301773681463502,1.230183650908166,0.7211498476030835,-0.10867780381538927,1.4815531967380067,0.7076010736679619,-0.09159687204251771,1.358428491413227,0.6391935144656578,0.038662147346769093,1.1342960698194906,0.7134774922979017,0.08638993047619092,0.8629127055882071,0.6728709324098406,-0.004776043037580835,0.6678199500253061,0.5592986957333372,-0.10995829563037875,0.5961207020297177,0.5329569557195208,-0.10563646950478771,0.5636877577826714,0.5333200122332661,-0.06741643524319928,0.5374126070812714,0.5491639980404326,-0.2597603809357528,1.1359101287368558,0.7456441520784087,-0.2697126231688998,0.8739042444663323,0.6706532159044035,-0.14513476044135887,0.6787234789501844,0.5833652068106421,-0.08829353679097873,0.6017122250777596,0.5469859172100187,-0.08097795375058962,0.5604288059887462,0.5441090396580903,-0.10040024479081508,0.5657908762592916,0.554192267643892,4.679245283018868
-0.0024895151855367226,0.7100476501306642,0.7215217109024668,0.03215396448695498,0.2575993396888082,0.757051699625276,0.026480948394914508,-0.10650974446107997,0.7527693322690702,-0.0008059249564830095,-0.12314804092529275,0.590567858925323,0.058754399076039555,-0.12822857822001105,0.6080507285472132,0.001442129450429837,-0.19792989956246923,0.852489688299173,-0.2033246464099281,0.6912369585353393,0.7401222889147664,-0.19432951478634075,0.24960642717984982,0.75729956937304,-0.16932050051493203,-0.12391643449274295,0.7692062647765763,-0.14719366150331264,-0.12847984335035767,0.613003675842071,-0.20742530160033484,-0.13572128097714706,0.6422658003672272,-0.1529340250363254,-0.18413490044153313,0.8058265048164164,-0.10303040031013228,1.2301664782344222,0.721205269550691,-0.10867034506695272,1.4815384616960223,0.7076419959575542,-0.0910682906575318,1.3574143822129103,0.6410870629807744,0.03862063605629451,1.1343723197817903,0.7135094848553694,0.08479804911170236,0.8628183398788641,0.673065101382286,-0.010431603363964592,0.6742596494133593,0.5593788597570761,-0.11663532178501464,0.6099691967549192,0.526013945873052,-0.11361731838694243,0.577200981113247,0.5313550540732532,-0.07674531665333881,0.5417695012731403,0.5528563278298604,-0.259789092663585,1.1359392170969156,0.7456648755644433,-0.2685915933058815,0.8759369735528563,0.6674821179361591,-0.14340363096180586,0.6873811800270864,0.5750610535990968,-0.09199438515057361,0.6073964734702,0.5420715068840792,-0.08494383009889449,0.5690108324820485,0.539323972199542,-0.10169009760861941,0.5763489576095272,0.5488081462456449,4.69811320754717
-0.0027638301589426595,0.7099112938134997,0.7194744989422304,0.03321910550134627,0.2559760823389601,0.757314918001952,0.026469757167058516,-0.10672670459424186,0.7536299684324788,-0.0007905161581727698,-0.1231281559189053,0.5906330655134253,0.05876642084006205,-0.12831344680700443,0.6080844843327974,0.0015424276963290156,-0.19767428902358078,0.8524694936279176,-0.20302338407146714,0.6897563463570627,0.7388008563009267,-0.1946368693093746,0.24729120692850576,0.7574543771749666,-0.1692969260335274,-0.12359359051407014,0.7690924267124039,-0.14727143142840082,-0.12841800875618897,0.6130094972017334,-0.2069052106862129,-0.13606462177880652,0.6427329130753366,-0.15287717945924287,-0.18415198635199315,0.8057990218411774,-0.1030453816006574,1.2301460019164754,0.7212567767761426,-0.10865841428927436,1.4815218335504226,0.7077108879649368,-0.09043689425896084,1.3563137634271263,0.643449405928943,0.03857617199444502,1.1347017922912022,0.7135820610108219,0.08238012939242417,0.8618835295574918,0.6752803623581795,-0.01567794582876078,0.6809077659907475,0.5587417337245305,-0.12380126101622363,0.6202971485943032,0.5211439277588736,-0.1209872324198262,0.5891152675795274,0.5329667969648202,-0.08442426311039553,0.5464060386882426,0.5577765601183604,-0.25981428435705267,1.1359684520839963,0.7456709947175051,-0.2677849920373053,0.8778098181803431,0.6653707472395448,-0.14429773669862447,0.6946552109543885,0.5685020983201867,-0.09659777777122966,0.6134838689113618,0.5373273450511631,-0.0903759005872589,0.5778598005752574,0.5350297443997047,-0.10468326558119999,0.5840011283018522,0.5477222911851671,4.716981132075472
-0.003115980160281945,0.7098617364379785,0.7177069256927642,0.03417980223872405,0.25524864771683164,0.7571651014492977,0.026476189209863818,-0.10705976296671538,0.7546556498256424,-0.0007700134601526009,-0.12306242538586247,0.5906657805684835,0.05882224577527347,-0.12838889828198055,0.6081704475599379,0.0016209711288789983,-0.19750147413128696,0.8524665186489805,-0.2028367608847197,0.6881270824235322,0.7378956628268457,-0.19492754599202777,0.24535888329057767,0.7574322435648139,-0.1690701432092145,-0.12334038061797922,0.768697784536829,-0.14733943646541037,-0.12832174382662626,0.6129178701916019,-0.20633526070970115,-0.13657957493507494,0.6426781600945295,-0.15281692740178474,-0.1842800238098706,0.8057867441180308,-0.10306309925384155,1.2301246080053092,0.7212928498616964,-0.10865096970528909,1.4815100762239333,0.7077698930767684,-0.08980407099483928,1.3553678914487355,0.6459475669320611,0.03854584555872692,1.1352706865590791,0.7136874888279647,0.07943075302311614,0.8604987332800086,0.6783501578585609,-0.02066995147165318,0.6872437735246207,0.557117265811399,-0.1310023765452479,0.625991735961952,0.5202987416368375,-0.12784926350794973,0.597266591234612,0.5400666312151169,-0.09059704764167595,0.5508866232015428,0.5630871556665261,-0.2598362974852653,1.1359934069407138,0.7456530499486518,-0.26756524154852185,0.8790834390518711,0.6650520304739164,-0.14718625231817067,0.699478663853591,0.5648177845912411,-0.10066506734492675,0.6186378649328408,0.5341246159021074,-0.09572140486619067,0.5857483043519712,0.532067362257187,-0.10801116427229988,0.5892025916204569,0.5489341553254325,4.735849056603773
-0.0036009479474970185,0.7099313735730756,0.7161482243816231,0.03495919370267371,0.25531467418402676,0.7565811104168679,0.026485536260825192,-0.1074862086627717,0.7557392757705761,-0.0007475316813650192,-0.1230035116982474,0.5907109732201911,0.05890096428274292,-0.12842835370923708,0.6083143443300607,0.0016856626319545253,-0.19747654972385312,0.8524544926712841,-0.2027716330494007,0.6863563175318148,0.7376395135459586,-0.19520052750635714,0.2439501961829634,0.7572051134358858,-0.16863254190233606,-0.12314297438939167,0.768056669286947,-0.14737540654411488,-0.12824961279323038,0.6128001259861017,-0.20576504390509529,-0.13717848185459794,0.6427752144264153,-0.1527675045319708,-0.1844514442864694,0.8058094484751891,-0.10308201784918422,1.2301051631735809,0.7213071246788343,-0.10867518825780509,1.4815139675231341,0.7076977594330713,-0.08927100715843722,1.354816258452709,0.6482307259977117,0.038535988461037396,1.1359923691280263,0.7138152093799568,0.07648647746384443,0.8591462857435819,0.6813539430512217,-0.02568041662267362,0.6929117416770946,0.5548773578740885,-0.13711252863304704,0.6271303690471898,0.5245570740611443,-0.13370810816902093,0.6003063561936827,0.5524475657558552,-0.09518106932429175,0.5548610519547543,0.5680321969645183,-0.2598555389071394,1.1360114286958582,0.7456034413528011,-0.26803144297269244,0.8795666263373264,0.6665507435409519,-0.15122109461159475,0.7019043037302392,0.5641351835205215,-0.10309524325971556,0.6219229322661235,0.5337619529362636,-0.09958434235018515,0.5919491614191236,0.5313883381711304,-0.11084969523433445,0.5928329547136479,0.5508145266265475,4.754716981132075
-0.004247809928874441,0.7099077502210602,0.7148972687507613,0.03543441748067176,0.2559407302950433,0.7555661350672034,0.026496920827432987,-0.10790850475058965,0.7566493761691794,-0.0006948663685135284,-0.12303762784853686,0.5908905087756268,0.058981493282308124,-0.12841393452657848,0.6084677955842559,0.0017459868729998705,-0.19769501160523395,0.8523939666978114,-0.20280876445808232,0.6844500120310505,0.737928444226772,-0.1954341739578696,0.24313612220268718,0.7568970771852388,-0.16814121313786856,-0.12291156823097404,0.7673085599202333,-0.14735559329357284,-0.12829429184433333,0.6128294657047485,-0.20523085879073977,-0.13758539514295423,0.643080826617531,-0.15273502781064244,-0.18462125143810415,0.8058498547965993,-0.10309751397952127,1.2300922263646177,0.721299208137648,-0.10874939286676721,1.4815390068006782,0.7074087575422546,-0.08891469551151576,1.354784550871266,0.649954961506185,0.03854586453720493,1.1367688141565206,0.7139525033099996,0.07395169654994616,0.8583037845644446,0.6835923213268886,-0.031011986624986138,0.6978363677483577,0.5525425113872007,-0.1413766030289564,0.6250171664123246,0.5332902994748439,-0.13772907346148605,0.5987028298168096,0.5675357561949255,-0.09777573408255591,0.5582442171305542,0.5720247062954817,-0.2598699577156256,1.1360261318200153,0.7455244669715606,-0.26906016981048136,0.879251890633131,0.669205004915008,-0.15577087666020817,0.7025428350967877,0.5659271457404181,-0.10375493386700964,0.623214709187407,0.5362884516523903,-0.10168577716851582,0.5963795189905939,0.5332259745966715,-0.11304179492686121,0.5957798247301476,0.5522894565119416,4.773584905660377
-0.004990106438599179,0.7096235076667914,0.7141411908921602,0.03550775730877834,0.25695329697663905,0.7542472189093836,0.026517668975359728,-0.108211139475106,0.7572038537370761,-0.0005867122327487028,-0.123213607617818,0.5912843980831313,0.059050107186789234,-0.12835148315240505,0.6085926739323225,0.0018006552249655128,-0.19819253661619743,0.8522687346069884,-0.20288815458177664,0.6824980022946332,0.7385418157943731,-0.1956086475862088,0.24291283714252443,0.7566281852105179,-0.16777348955969196,-0.12257708520361768,0.7665765020848891,-0.14727103615634474,-0.12850730362811774,0.6131170394997973,-0.20485675735284742,-0.13751111567078134,0.6429817378977487,-0.15271585075915073,-0.18478384337403195,0.805879415185963,-0.10310555885084377,1.2300899590857732,0.7212763011110636,-0.10882290066011419,1.4815685003572225,0.707115589475685,-0.08874106753246963,1.3552034444938235,0.6508487280432772,0.038575970698175255,1.1375031240890956,0.7140779514920413,0.07183519953500861,0.8581702206289494,0.6846634181272848,-0.03686009140878871,0.7021066305892032,0.5504130789804129,-0.14402764783579647,0.6217648307175,0.5433901459797349,-0.13952472893751633,0.5948589186976488,0.5810872201633859,-0.09843993636034273,0.5610216524473074,0.5748938675168379,-0.25987741730557223,1.1360459683163302,0.7454334137125622,-0.2703444351808471,0.8783589008693159,0.672151529416935,-0.16044902400768268,0.7022239593082149,0.5689123301365372,-0.10350915495863423,0.6230400136267872,0.5404247490355087,-0.10284766212381025,0.59945552738847,0.5363933333815702,-0.11500840547885695,0.5986728300474136,0.5524495202967752,4.79245283018868
-0.005690825474408467,0.7091254309640402,0.713870361647969,0.035226450264730744,0.25814421835361734,0.7529194329708437,0.026546896691456028,-0.10836373434514229,0.7574476221719317,-0.0004844132927897043,-0.12337994935533636,0.5916648883303957,0.05909672115520605,-0.12826107220573973,0.6086875454360574,0.0018420505196311205,-0.19888542333571782,0.8520988905702479,-0.2029764961241469,0.6806726536955998,0.7393707520460376,-0.19577171585018827,0.2431873175772147,0.7564519255590915,-0.16757981436370448,-0.12216445869035597,0.7658891298916229,-0.1471819440808733,-0.12872511954896243,0.613425294998426,-0.20485705417278405,-0.1368943355558692,0.641936050972776,-0.15271538408349322,-0.1849156670776158,0.805894482927245,-0.10310811103628456,1.2300975381472903,0.7212558858793701,-0.10878231837435043,1.4815660402539965,0.7073019717386235,-0.08867841353034639,1.3558989902432503,0.6508817746555753,0.038620826409378306,1.1380874227263,0.7141650006035721,0.06991660777336303,0.8585615471122345,0.6846020243027978,-0.043156429322682155,0.7057425870244158,0.5486513829656016,-0.14603036198543531,0.6192056629415441,0.5507041173616176,-0.13974398830023538,0.5915921841109572,0.5891799389105211,-0.09804558955675037,0.562809970763384,0.5768806079531328,-0.2598791952642402,1.1360771974244435,0.7453563430287995,-0.2715524029911806,0.8773189926241374,0.674799241041929,-0.1649437661786685,0.7018087761236611,0.5712702182526325,-0.10351608881381158,0.6220890175416631,0.5444991862190032,-0.10416867510130955,0.6017278000201822,0.5391553445614012,-0.11731140730150005,0.6016859946511779,0.5507349114703683,4.811320754716981
-0.006237348644276441,0.7086067322068306,0.7137444303636367,0.03480075724643905,0.2592335459040216,0.7518517630685265,0.026594561173395485,-0.1084312110854675,0.7575412792296999,-0.0005301973083410407,-0.12322193609103008,0.5915154495518473,0.059102934422969086,-0.12816708216046327,0.6087442055241169,0.001866356115313203,-0.19958261945281217,0.8519372370852225,-0.20309550979692695,0.6791148512121956,0.7403990900685052,-0.19603911545965674,0.24378363041020093,0.7563523564589538,-0.16751068031433122,-0.1217572480470373,0.7652153984811119,-0.14721041258107417,-0.12859209579416564,0.6132050229740578,-0.20539200394768897,-0.13584857298545477,0.6398984719642667,-0.15274033820382707,-0.18500260182633452,0.8059119331933604,-0.10311055491875643,1.2301098237779748,0.7212539242633506,-0.10854919963783533,1.4815042424825873,0.7083045299417482,-0.08867087100350685,1.3567118021239466,0.6504051242472633,0.03866809692492568,1.138418328217219,0.714193634703002,0.0679692953600313,0.8590947142806802,0.6838960212114975,-0.049592392196972535,0.708556674649762,0.547464660277271,-0.1483077337219623,0.6181428377880864,0.5527089927006409,-0.13989201638586174,0.5904011156209026,0.590137966993803,-0.09767361181097325,0.5628261617151188,0.5784139493072378,-0.25988048201055575,1.1361190982866134,0.745315016501517,-0.2724733772418292,0.876531043136754,0.6768262011293568,-0.1689499154729715,0.7017409821195444,0.5719410688908357,-0.10447229323959906,0.6208538655443006,0.5476008440007796,-0.10614651644021977,0.6034987820946016,0.5406315539640643,-0.12010704876170686,0.6045451946504484,0.5472906239927776,4.830188679245283
-0.006617380095663594,0.7082652203397057,0.7133261663724306,0.03441544248871295,0.26007796063482946,0.7510103390991321,0.026660717384920055,-0.10842816786833892,0.757514030474499,-0.000815566258233388,-0.12256190757584516,0.5904834156237828,0.05903455918535302,-0.12811162943251087,0.6087251488175035,0.0018737340856688235,-0.20011702145868432,0.8518373383678547,-0.2032619342300517,0.6778465329142761,0.7415322144036296,-0.19647344706471648,0.24451497820155216,0.7562672676744686,-0.16751430023718508,-0.1214169989114621,0.7645307837591655,-0.1474411169706259,-0.1278636820888921,0.612072005315103,-0.20641319625536728,-0.1344980755440049,0.6371854037409002,-0.15277663919445292,-0.1850897028711157,0.8059415216423751,-0.10310468142627877,1.2301283232521398,0.7212403125203302,-0.1081291280900587,1.4813799347805934,0.7101070698966279,-0.08878145568347623,1.3574989019391304,0.649946822354878,0.0387225812800856,1.1384696929329883,0.7141671722080914,0.06578588422822909,0.8594192259638792,0.683182643579598,-0.0557876101685888,0.7103030786625393,0.5471041377424896,-0.15120651659514892,0.6184650033091017,0.5495879549483781,-0.14134070506685087,0.5908955017973857,0.5855546583522379,-0.09786910420751399,0.5606904438062054,0.5799766207291567,-0.259886620279923,1.136165690865711,0.7453147729013656,-0.2730049633352579,0.8761559262479003,0.6779980342259946,-0.17229633408814324,0.7018695924844103,0.5713633514652713,-0.10652063004483824,0.6196750640930945,0.5496849253574317,-0.1084943766767982,0.6048929010011928,0.540952094901135,-0.12305743274529218,0.6067337513157256,0.5429712621040208,4.849056603773585
-0.006894010903553044,0.7081465842875251,0.7124296445389777,0.03406880206129559,0.26077365717881845,0.7501211324859081,0.026699866199593626,-0.1082649189886249,0.7572840228286577,-0.0013146755327585607,-0.12147435766105376,0.5886465826999822,0.058883256227717506,-0.12813362064278108,0.6086054081146055,0.0018623457588893696,-0.20046536749613683,0.8518157056840562,-0.20346303258057144,0.676808183515886,0.7425897906606499,-0.19701011783806183,0.24528676892554654,0.7561546691405596,-0.16760298299555415,-0.12117506331725128,0.7638981270643024,-0.14786191976934987,-0.12658108109502986,0.6100845528510713,-0.20766366709452133,-0.1330171943403767,0.6342333704859737,-0.15279080105872886,-0.18521812006434077,0.8059873178106522,-0.10305235977163693,1.2301722125279353,0.7210983881483164,-0.10756421626723967,1.4812018347193363,0.7125389491223526,-0.0891630929030553,1.3581151496880808,0.6498004375741995,0.03878715053167425,1.138344711385323,0.7141144991569011,0.06325303295425272,0.8593615076509175,0.682777951396558,-0.06134241340370927,0.7109854764412423,0.5476035227649099,-0.15469728437609567,0.6195760963981511,0.5434056158862386,-0.14447452301205327,0.5916595220182048,0.5796085480371426,-0.09859867521540439,0.5571164385747487,0.5819044373216739,-0.2598998338571727,1.1362092750198407,0.7453462908340107,-0.2731420811285563,0.8761334910699777,0.6782858509744149,-0.17510477864478624,0.7018342145566334,0.5706661789850818,-0.10948036309595935,0.6188635423788238,0.5507669789380462,-0.11073834279924603,0.6062383376638919,0.5403227062868959,-0.125756324912266,0.607837078021186,0.5390077489157623,4.867924528301887
-0.007093745027056952,0.7081204618675532,0.7111791291185995,0.03364155789697003,0.2614451786350184,0.7490151897834515,0.026667643280286087,-0.10791704217419312,0.7569138453475865,-0.0019579481246561905,-0.12006138609598421,0.5863087143984532,0.05874119834916015,-0.1281762502348302,0.6084279656284508,0.0018266617215924284,-0.20069652338024485,0.8518546289086908,-0.2036685247121933,0.6759020032945764,0.7434459823094213,-0.19753563431227691,0.24608234560546074,0.7560409836750721,-0.16785814205172567,-0.12107616227867596,0.7635011668428041,-0.1484020595242606,-0.12495297084344209,0.6075639096406891,-0.20885691897657352,-0.1317053052554727,0.6314367493944074,-0.152752042432785,-0.18535638119835457,0.8060731121333561,-0.10292826345191247,1.2302539038303228,0.7207472057834,-0.10691258501195222,1.4809857233592008,0.715353593385438,-0.08995437038806525,1.3584564230553386,0.6499104696202721,0.03878842062719601,1.1381958111007793,0.7140553050098204,0.060425371091662156,0.8588985429644956,0.6826490797910888,-0.06583000642194833,0.7109557983866188,0.5485383367272323,-0.15876482486206756,0.6208791638657079,0.5366539009438573,-0.1487576374586778,0.5918138594484886,0.5759629187548142,-0.09966235352794645,0.5535342904748176,0.5841021886061144,-0.2599204982268518,1.1362414401824799,0.7454015894977354,-0.27303813486263395,0.8762896333291199,0.6780463318046275,-0.17768584920635855,0.7014378782936163,0.5707148175122432,-0.11288737008177115,0.6185304572149345,0.5507968437542035,-0.11268864115668478,0.6079331133272895,0.5386042518572411,-0.12816143066263547,0.6078300851811623,0.536433364223474,4.886792452830188
-0.007158218361501489,0.7080241757580743,0.709781253223886,0.03303192577633701,0.2620488643447517,0.7477480760967186,0.026570006133365232,-0.10751042815110194,0.7566417876216179,-0.0026964504084031164,-0.11832390988129432,0.5837554720010977,0.05876934683724634,-0.12806902929320868,0.6082895716352609,0.001761163394608321,-0.20086105144114458,0.8519270703430918,-0.2038407175859275,0.6750084288227327,0.7440824859262253,-0.19797183800229234,0.24689366250494219,0.7559758319605929,-0.16835382162475399,-0.12118153626214975,0.763521681339382,-0.14898422791429394,-0.12320971990863486,0.6048655731895335,-0.209823348387692,-0.13086302652277296,0.6291281409128386,-0.15266150035097295,-0.18543381097760472,0.8062195697676852,-0.10281788547076531,1.230321052058362,0.72042089825956,-0.1063024396513082,1.4807701926742245,0.7180105511283263,-0.09119782978649488,1.3585273185441276,0.650077839763695,0.0386020576229793,1.1380970407510942,0.7139778601293318,0.057443373452438745,0.858039684496982,0.6827638226868111,-0.06896681755459957,0.7106440101718121,0.5492460358571327,-0.16317852856012752,0.6221286727458677,0.5311830664317464,-0.15327794195379252,0.591501717425132,0.575421747663881,-0.10091685610700168,0.5510807918917989,0.586122804009542,-0.2599490402285265,1.1362528763486963,0.7454812686452476,-0.27292043105477953,0.876464437491371,0.6777759405001167,-0.18019865032753465,0.7007292593996539,0.5717495441842012,-0.11600400987889938,0.6184576791689086,0.5502195385065201,-0.11424876886752265,0.6099170801280034,0.5359009610794071,-0.13049206103744726,0.6070396858327297,0.5357119209475081,4.90566037735849
-0.007010241075214446,0.7077328531576842,0.7083401887919566,0.032191193166728124,0.2624822851759048,0.7463700826384685,0.02643168450920645,-0.10714503432470276,0.756593381118969,-0.0034761429543448156,-0.11632527117698925,0.5812540190474437,0.05905801512152817,-0.12767467629716564,0.6082656610644079,0.0016678055770973446,-0.2009638151211533,0.8520141601296145,-0.20396460574060243,0.6740591250395791,0.7445366180110995,-0.19827998580008954,0.2476895810576746,0.7559554447706467,-0.16909016275061486,-0.12153140759585655,0.7639995406596901,-0.14953621123676236,-0.12157569657162348,0.6023331351418756,-0.21047795694363575,-0.13067212352804244,0.6276124062625519,-0.15256339747266015,-0.1854018496732101,0.8063950917620089,-0.10290571736688953,1.2302646392309455,0.7206444555522381,-0.10593113072393134,1.4806177498433213,0.7196875445393076,-0.0928029343259521,1.35845634331062,0.6501537493419383,0.03818936273068024,1.138038424118738,0.713871310808081,0.05455248132671647,0.8568952222073903,0.68314811665584,-0.0707321432375159,0.7102068963789123,0.5493855472401963,-0.16719467704391536,0.6232825094475062,0.5280489981803387,-0.15711754706047962,0.5910647463051855,0.5769385551797314,-0.10219840034448902,0.5500007087584033,0.5875861792895001,-0.2599830474481011,1.136237220691832,0.7455818681741987,-0.2728914789479756,0.8765843743896032,0.6776795352164693,-0.18247027068979169,0.699951066192379,0.5732914435802998,-0.11811975741828455,0.6184035932806877,0.549602329261835,-0.11525193989318396,0.6117179650246864,0.533014637077378,-0.1327624111497234,0.6058930652182793,0.5368664321186571,4.9245283018867925
-0.006661117678282619,0.7071577217343905,0.70687103280934,0.03112131184408963,0.2627820459765268,0.7447703138087758,0.026255858835344984,-0.1067671954051012,0.7566326061628127,-0.004192435225523593,-0.11432841355645582,0.5791699572202522,0.05958465580799448,-0.1269913562738914,0.6083633447084619,0.00156116252476789,-0.2009920814900566,0.8521176085774579,-0.20406159242391206,0.6731093908718712,0.7448470291577257,-0.19844397994667712,0.24842258428005892,0.7559308953261495,-0.17003765603196333,-0.1221209082550033,0.76488846523273,-0.1499816518006842,-0.12028852040062435,0.6003322832522826,-0.2107772971002951,-0.13115464889370948,0.626989421215333,-0.15253461248299754,-0.18525013210439523,0.8065289916572261,-0.10331442572836619,1.230022505976187,0.7217801788239429,-0.10594034011655812,1.4805884260407296,0.7197565867903613,-0.09462445984912526,1.358354508997241,0.6501193414475281,0.037615287412141984,1.1379996026469907,0.7137453743090434,0.05221247814873922,0.8558524853125806,0.6835645948540618,-0.07130268716130303,0.7095541777370972,0.5492313256167636,-0.16999628892662572,0.6242208766813419,0.5275158121178459,-0.1595066726921225,0.5906746660394928,0.579228935226872,-0.10319815157915903,0.5499739081543247,0.5884099684996773,-0.26001613025507647,1.1361979964113489,0.7456858175658565,-0.2728996704990565,0.8765977460700148,0.6776575888412628,-0.18413866016620029,0.6993997590784564,0.5744747166525364,-0.11901162182331398,0.6184896081213851,0.5486718067787999,-0.1157447213779352,0.613049505415451,0.5307614604587543,-0.134634467295927,0.6048228724374346,0.5394677470585609,4.943396226415095
-0.0062376010229674705,0.7063734236319205,0.7054019604762761,0.029878950281965314,0.2630860670671719,0.7428231234029883,0.026035081113009555,-0.1062891567627265,0.7565439163043316,-0.0047034361643556715,-0.11269056013806059,0.5779608179689107,0.060297399844791114,-0.12608029105567395,0.608542578182337,0.0014583609806895735,-0.2009398001943644,0.8522533588123992,-0.20415895755597,0.6723087665577699,0.745037411527884,-0.1984630031907969,0.2490936064158745,0.7558755462648372,-0.17117847630841732,-0.12294168372812163,0.7661963506060091,-0.15024995008600928,-0.11956146106653624,0.5991994128402238,-0.21077256471014505,-0.13210473944553738,0.6269419208014896,-0.1526555336702616,-0.1850118922098702,0.8065638389198955,-0.1040181241864826,1.2296405688881802,0.7237673900369286,-0.10629590674035316,1.4807155644200947,0.7182306477389782,-0.09656806681503416,1.3581484175580991,0.6501018985579379,0.03690874052301302,1.1379777254779841,0.7135992441071455,0.05094241166070282,0.8554008236308775,0.6834642204234251,-0.07101696248928258,0.7086283305332398,0.5493931729595762,-0.17118840430178184,0.6247752146358664,0.5287629674347678,-0.1599247858924283,0.5905036285257225,0.5810740574422706,-0.10354233498355295,0.5507276303209488,0.5886540715494682,-0.2600441943399012,1.1361477794554071,0.7457739442575485,-0.2728784086768037,0.8764573068959511,0.6775968145127519,-0.1848917985093477,0.6992681536744172,0.5746718318497406,-0.11898591698413738,0.6190705677615633,0.546614318717359,-0.11608796945867236,0.6140338422288579,0.5289766974709041,-0.1357292989970627,0.6042411379123691,0.5424344309237428,4.962264150943396
-0.005860337481088246,0.7057020644393804,0.7040163676604692,0.028539536544053293,0.26345390817437686,0.7405405550610522,0.025774242348174624,-0.10572189221499503,0.7562148913442388,-0.00493497860935924,-0.11160293822594819,0.5778258842811544,0.06113543189850064,-0.12502015748621387,0.6087568319642586,0.0013674314486903784,-0.20079770218935947,0.8524246622536933,-0.20426400495971941,0.6717890485351717,0.7451134623973398,-0.1983583776455144,0.24974528607126117,0.7558037418480532,-0.17244006274829776,-0.12401873603032516,0.767939296207223,-0.15032572552935608,-0.11943430280547948,0.5990067022787916,-0.21062071638582763,-0.13313059766569924,0.6269823994469149,-0.15293926023338733,-0.18476908051525207,0.8064894315102227,-0.10490869715669723,1.2292041726944043,0.7262944065706927,-0.10682489712325921,1.4809750422170864,0.7157476301850865,-0.09855770148862003,1.3576721021148022,0.6502309473975612,0.03601561263827535,1.1379721265627283,0.7134108550252056,0.05098022055672241,0.8556970924935297,0.6824354543563653,-0.07029987515057531,0.7074644130737445,0.5502842166488007,-0.1708154742534077,0.6248987712086471,0.5302813493658787,-0.1583994911120928,0.5906196057321916,0.5813945228118972,-0.1030815187701525,0.552020232928214,0.5882573836474841,-0.260068800967057,1.1360974342188144,0.7458423824459434,-0.27283036554583967,0.8762022188851657,0.6775024797510367,-0.18462747748336258,0.6996225905141907,0.573704488559944,-0.11848705395202992,0.6203310766468361,0.5431352841748619,-0.11660232635776192,0.6148889493957043,0.5268271448552626,-0.1359653203534168,0.6043655554308157,0.544377333634875,4.981132075471698
-0.005521957721767251,0.7054597146020171,0.7027908775763586,0.027147557387661878,0.2638535081110268,0.7380312797249888,0.025487516968326157,-0.10513591480198321,0.7556372256733815,-0.0049923837262418475,-0.11091142911744872,0.5782550522927691,0.061940688777412024,-0.12399659087216168,0.6089470720390164,0.001288716978408305,-0.20053134515072651,0.8526161508750886,-0.20436522866260862,0.6715667710304407,0.7450619914967699,-0.1981735170816465,0.2503679406488709,0.7557352645999575,-0.17366420017061804,-0.12530093662037262,0.769920195954899,-0.15028605273903473,-0.11965541626195933,0.5993684251986962,-0.21048931009408273,-0.13384404478978662,0.6269072987953732,-0.1533002886250272,-0.18460161572448647,0.8063472681656729,-0.10586858800864701,1.2287255636104024,0.7289976618948939,-0.1074084058222261,1.4812487912841477,0.7130865015318739,-0.10050662698235008,1.3569067352763378,0.6503479523620602,0.03492024918418085,1.1379740688341642,0.7131719321441802,0.052146719500915345,0.85650408617386,0.6805181364876127,-0.0694780122863686,0.7061023359722239,0.5519132701643408,-0.1692610408269461,0.6246975051995005,0.5310592164763458,-0.15577728924840897,0.5909785664768578,0.5794624550525341,-0.10199045588885541,0.5533256904254362,0.5870665992896049,-0.26009240150874413,1.1360503618936464,0.745897288517557,-0.27279359609991505,0.8759331855357763,0.6774337144965832,-0.18351718970785738,0.7004179078629679,0.5717433965285468,-0.11785285366400387,0.6221518367342351,0.5386514716793971,-0.11730974366639052,0.6156875038104523,0.5239902231253661,-0.1355435126575717,0.6052033426787609,0.5442616078826786,5.0
-0.0051550801459543105,0.7056186793330486,0.7017215409440113,0.025722311933517525,0.26428308431525016,0.7354183568150487,0.025185244996875876,-0.10457094097211561,0.7548478056812149,-0.00508580246881859,-0.1103051294100782,0.5782857678897864,0.06245058082691671,-0.12331326494911626,0.6090336114739013,0.001214335177704446,-0.20011683536984018,0.852809976212231,-0.20444740073394274,0.6715093554450302,0.7448538748313437,-0.19794297746496484,0.2509197743271808,0.755672944287457,-0.17469348417368688,-0.1265704879626435,0.7717260158895305,-0.15024088162845886,-0.11985950655935354,0.5997140016106906,-0.2104561277426514,-0.13402801257758723,0.6268205429360205,-0.15363641429099986,-0.18452383538884418,0.8061952398961437,-0.10678186393354788,1.228142875239558,0.7315029962712867,-0.10808352854804365,1.4813678765557288,0.7106944995637536,-0.10239698858387103,1.3560118987097987,0.6500282431716498,0.033721954578606606,1.1379723478111228,0.7129057020882124,0.05400700677038292,0.8575113609287599,0.6780689848609198,-0.0686946568216579,0.7046409145167348,0.5540483336295086,-0.16700974557723508,0.6243229425901433,0.5309295448400007,-0.15318787656213562,0.5915157631581516,0.5752876583795079,-0.10052155978582732,0.5540294309724524,0.5850898328436112,-0.26011532282431554,1.1360085134976634,0.7459387967892757,-0.2727855374021672,0.8757164154371545,0.6774258889536745,-0.18190576581692702,0.7014783039415015,0.569246861971934,-0.11733115766857244,0.6242057534362306,0.5338328605171558,-0.11803445956339999,0.6163506082883249,0.5209298502547239,-0.1346517549740963,0.6067254975386316,0.5417383162143611,5.018867924528302
-0.004799121645829019,0.705860167115251,0.700746232435185,0.024286035055339494,0.26481938209835465,0.7328045776800419,0.024872311283779557,-0.1040246414120178,0.7538906713312445,-0.00532409849360209,-0.10968167817514687,0.5773641896728245,0.062457347060477515,-0.12321373396429738,0.6089629808655295,0.0011307613883221005,-0.19961708356946947,0.8529818452218709,-0.20450201751108577,0.6713886492054896,0.7444525142434939,-0.19769536171100677,0.2514277677021639,0.7556025275405173,-0.17543234330197024,-0.12756079208002694,0.7730160622158938,-0.15023565449055715,-0.1198839757235802,0.5997843746290265,-0.2105114528242625,-0.1336672493044706,0.6268623923278482,-0.15390416003531543,-0.18450367457785707,0.8060643619707036,-0.1075232996836141,1.2274392450519809,0.7334265157961761,-0.10889128305501178,1.48123014432365,0.7087190098949318,-0.10426355753977062,1.3551473946910872,0.6490097356349713,0.032565032786068315,1.1379612985483498,0.7126463789474273,0.05609240325681891,0.8585305482310014,0.6754993574413231,-0.06799784434180475,0.703336196968938,0.5563801531220796,-0.16441374406368575,0.6238852033239802,0.5299017036909437,-0.15114337704333172,0.5920433934966555,0.5700945766187784,-0.09882441691000023,0.5539333333536094,0.5825399284868691,-0.26013736014434813,1.135976958014686,0.7459593383783734,-0.2727933772223293,0.8755718998445289,0.6774814097170403,-0.18008974475254486,0.7025847206496546,0.5667264733944817,-0.11710517100515466,0.6261083490489515,0.5293437793806187,-0.11862050894111495,0.6167536921734789,0.5181694676227906,-0.13330269245443854,0.6088274140976966,0.5371537525462653,5.037735849056604
-0.00458119360402201,0.7058817446910209,0.6998321210615562,0.022878407853135968,0.26554795566730877,0.7302301977134663,0.024551414513668577,-0.10347325613192046,0.7528088275185479,-0.005671946557619836,-0.10913802195197918,0.5756317312782955,0.06196027125687487,-0.12371357669624372,0.6087507713639869,0.0010344051044784575,-0.19915763138250542,0.8531024366358415,-0.20450686236067167,0.6710092457314536,0.7438410386371874,-0.19749721196202408,0.25196043246448285,0.755503331796884,-0.17583887542569024,-0.12812650639166268,0.7736774051906308,-0.1502501454829944,-0.11979362879716882,0.5996778199260256,-0.21062195430378983,-0.13289167787990755,0.6270624755497427,-0.15410519884160337,-0.18451986208546367,0.805955099234499,-0.10797570612286886,1.2266987000299845,0.7344469494600199,-0.10973033692187839,1.4808521483245305,0.7072233813554198,-0.10607039030778942,1.3543745310831712,0.6473880249068371,0.03154597027300421,1.1379405293407994,0.7124179517107442,0.057998169999951166,0.8594580358702066,0.6731454215175809,-0.0674417166833722,0.7025149733802863,0.5586031200974946,-0.1618019128073358,0.6234118264413684,0.5281061477062464,-0.14956224419762115,0.5923775519207096,0.5655695071928454,-0.09699660009356394,0.5534189377477393,0.579655809637866,-0.2601580877086341,1.1359601103303145,0.7459541188331124,-0.2728000052875166,0.8755117807511732,0.6775907573619406,-0.1782512551700125,0.7035793697236307,0.5645331339777993,-0.1172443519384767,0.6275496222779793,0.5258064609097077,-0.11905904079532632,0.6169003911995177,0.5157694469826966,-0.1315095219833825,0.611196734351331,0.5314895603045304,5.056603773584905
-0.004526994544774121,0.7055620008005934,0.699016588979153,0.021559499202554927,0.2664598558127562,0.727662110183892,0.02422298377891888,-0.10287474912311374,0.7516534010649549,-0.006077597383054287,-0.10868634942362598,0.5734697908584774,0.06116067533869721,-0.12461742498383457,0.6084707417080023,0.0009404903277028796,-0.19878695026058296,0.8531675884695198,-0.2044128282545689,0.6703051119311816,0.7430393078155366,-0.1974230384599492,0.2525308661983795,0.75538139678669,-0.1759394640966946,-0.12833393983838912,0.7737995865945931,-0.15026127932786204,-0.11968462178086225,0.5995482725663688,-0.21074925143702722,-0.13193182354736258,0.6273430293289739,-0.1542513257226335,-0.18457323932787273,0.805857825942859,-0.10810771756003776,1.2260181474928868,0.7345179608252232,-0.11047089165232038,1.4803170460096524,0.7061889735264113,-0.10768628263114743,1.3537440666456322,0.6453906551329236,0.030733788895085323,1.1379144001149748,0.7122369962776129,0.05936943765371794,0.860186800814343,0.6712987101326076,-0.06707596566067828,0.7023655464002649,0.5604596252393715,-0.15957823007321184,0.6229012316802394,0.5261397972797327,-0.14842056628418687,0.5927021673390868,0.5622371645315059,-0.09519078358946896,0.5530664566434211,0.5767119963035965,-0.2601761994299663,1.1359581607510003,0.7459284208628765,-0.27280421237427027,0.8755591222088759,0.6777342976242136,-0.17657217157162203,0.7043481727691739,0.5629318462553763,-0.11763896748376515,0.6283537735782225,0.5236663972849184,-0.11943262246782647,0.616919644067564,0.5135731806724966,-0.12960122647452735,0.6133942696454556,0.5261703880808477,5.075471698113208
-0.0045084616790458665,0.7049517862449581,0.6983793912684748,0.020357130453840508,0.26746671898112173,0.725073466592029,0.023888768339099795,-0.10219796293337027,0.7504735848707286,-0.006528979721949932,-0.10822928471368848,0.5711570707866718,0.06031316009110513,-0.1256977192863036,0.6082082477663701,0.0008721154778838559,-0.1984348333316153,0.8531995750310011,-0.20418173734209114,0.6693354236096584,0.7420780524809494,-0.19747887054590968,0.25310584808246805,0.7552769698606542,-0.1758258311746908,-0.1283970634022832,0.7736167461939184,-0.15026691413752266,-0.11959400367138484,0.5994550336601707,-0.21084813434143312,-0.13104254526940884,0.6275974516973692,-0.1543515233958473,-0.1846717232241377,0.8057678732069415,-0.10803633403048121,1.225417075457813,0.73402532688389,-0.11115844226100485,1.4797052538454367,0.7055712708259769,-0.10893628047929005,1.353403599010582,0.6432086832048294,0.030258667001719974,1.1378935680008715,0.7121303143974833,0.059906527735695464,0.8605885473219793,0.670232728232244,-0.06688391067889327,0.7028292155107205,0.5616886725338468,-0.15812798997446664,0.6224063375289063,0.5247150567618017,-0.1478874650053409,0.5934445798212269,0.5594614909613793,-0.09371537091740195,0.5530255340718062,0.5742812617546528,-0.26018944926201,1.1359679534730494,0.7458948042526816,-0.27281366386822936,0.8757289584087827,0.6778736008161627,-0.17527227219799876,0.7047932920909189,0.5621548683218639,-0.11801968869075445,0.6285211489097935,0.522953379393311,-0.11976040685608778,0.6168837153764942,0.5117046202372841,-0.12823107125784494,0.6149972131141517,0.5225763030633593,5.09433962264151
-0.004374162725639619,0.7041924458946144,0.6980074676159399,0.019220693989248833,0.2685117426641501,0.7224960408631191,0.02355783644927113,-0.10146267773469025,0.7492971507679368,-0.006996203888957442,-0.107761357506876,0.5689225989562852,0.05957738730784715,-0.12679976032638807,0.6080112462657605,0.0008406357692225426,-0.19804308288507624,0.8532092423785949,-0.2038233729852002,0.6682236261860963,0.7409637403525112,-0.1976048859959021,0.2536555716710558,0.7552141344239065,-0.1755768711485658,-0.1284706462225786,0.773347588412627,-0.1502711523241892,-0.11952573715320038,0.5993935507163796,-0.21089188335613737,-0.1304078859959649,0.6277735216174265,-0.15440941487943616,-0.18482700126667537,0.8056919788203539,-0.10793715962436609,1.2248771509514458,0.733513331356407,-0.11196361652262887,1.4790722525771094,0.7055148385397314,-0.10967392312577146,1.3535244369305035,0.6410512173604663,0.0302811151883981,1.1378884669746372,0.7121338689153737,0.0595278672343067,0.8606198823886986,0.6700199220951656,-0.06680154373121003,0.7036365820818692,0.5620259660581253,-0.15775901193649092,0.6219978638668971,0.524119013842397,-0.14801091179715992,0.5946485890822888,0.5569992363377484,-0.09301036324030863,0.552928082423854,0.5731923691174206,-0.26019441577299,1.135984496800085,0.745863685668952,-0.2728249575304375,0.8759723353456208,0.6779589875346307,-0.17450167125457577,0.7048917038138847,0.5622128038631196,-0.11815656419595998,0.6282375131882123,0.523247427117492,-0.1199734820875051,0.6167859816441428,0.5105629809424694,-0.12791406711162426,0.615717414301458,0.5214576815467955,5.113207547169812
-0.0040659014045599795,0.7034256025597754,0.697961952042851,0.018102815302372163,0.2695824657088702,0.7200086628402,0.02324426732491583,-0.10072261057980485,0.7481372940516213,-0.00739537054243427,-0.10740970622954278,0.5670725250543542,0.05901220959580206,-0.12770745200264905,0.6078705776539531,0.000839865160546233,-0.19765463317792448,0.8531819786971938,-0.20338048523609054,0.6670905924743045,0.7396948387883362,-0.19773097250388844,0.2541329271436337,0.7551788751342282,-0.17520231436956593,-0.12855861357721973,0.7730595589420927,-0.1502730951646021,-0.11947767644542456,0.5993452602649789,-0.21088418747745144,-0.13011965200709422,0.6278767429785821,-0.15442219160495027,-0.18505180387340228,0.8056432027769673,-0.10789054720238575,1.2244372389290372,0.7332325001945766,-0.11292054565139259,1.4784727553542616,0.7063525482013352,-0.10995150918364821,1.3540897221753043,0.6392004288726614,0.030829447491427797,1.1379005468882208,0.7122608057952324,0.058521329173626985,0.8604200470944249,0.6703269987008198,-0.06683513397103455,0.7045206712359589,0.5614061854952327,-0.1585205752793792,0.621689005444699,0.5241872015703573,-0.14855039070232193,0.5957001516043087,0.5556976156117637,-0.09337185854871559,0.5524993311869317,0.5739386087684819,-0.2601882137479725,1.136002598103113,0.7458365063764811,-0.27282463711307575,0.876172077518241,0.6779563410942976,-0.17423020048620766,0.7047656312390955,0.5627199130991879,-0.11806852998855856,0.62778280850881,0.5239265329635434,-0.12003473127233615,0.6166519659911303,0.5103464094484296,-0.12858906310857338,0.6155442567719465,0.5226650413935754,5.132075471698113
-0.003623946880914608,0.7027641140733234,0.6982007548515367,0.017059379057605503,0.2706412831640359,0.7177446791423217,0.022958041270701324,-0.10001369833423766,0.7470144939752749,-0.007637046431334024,-0.10725102536254491,0.5659408028294167,0.05864619247549434,-0.12808223252060225,0.6077450615806329,0.000858820058363454,-0.19735172702591133,0.8531026100844695,-0.20288012884530215,0.6659934489085304,0.738355546659081,-0.19780608417150514,0.2544414749243012,0.7551583462747438,-0.17466628826676261,-0.12860038394289808,0.7727026124498748,-0.15026960509242812,-0.11944830332244279,0.5993010520882038,-0.2108472304402864,-0.1301524270132756,0.6279275175537673,-0.15438479286352133,-0.1853408444719043,0.8056283663006917,-0.10787514773258136,1.224185956598935,0.7331199187341357,-0.11387526214736238,1.4779783225326946,0.7082400111069782,-0.11013745931751134,1.3548312312779875,0.6379362372070853,0.03172090923401116,1.137922607414265,0.7124773044255821,0.05738900555660845,0.8602047906968953,0.6706468352081084,-0.06712253647341315,0.7054305483028888,0.5600247030894161,-0.15992457664591542,0.6214174579479889,0.5246944203697987,-0.14907997537258222,0.5957829974568285,0.556608115889751,-0.09468630876029112,0.5518539914763924,0.576263326785127,-0.26017135466606695,1.136019907048229,0.7458076987244862,-0.27281701635798217,0.8762590327465155,0.6778771896592485,-0.17427516434172136,0.7046134916650348,0.5631486433845939,-0.1179421000508037,0.6273885377436523,0.5244919026283758,-0.12000341810179214,0.6165340189106461,0.5107466366453395,-0.1297392022980619,0.6147048672548696,0.5253920186436523,5.150943396226415
-0.003131498125315796,0.7022916471647748,0.6985339348982165,0.016195235815292336,0.2716164966079648,0.7158347698328312,0.02269838951631043,-0.09933026069075607,0.7459669342926124,-0.007717608151493323,-0.1071423136310086,0.5656273264276311,0.05847141116277216,-0.12770792435808084,0.607599035965702,0.0008923868389206411,-0.19718057049375592,0.8529738297214103,-0.20231441760931143,0.6649163573059282,0.7371632050934795,-0.19780113365267926,0.25449171687945366,0.755164012743666,-0.17394587322449118,-0.1285480924231346,0.7722167264671127,-0.15026032117342653,-0.11943623818068294,0.5992607038454119,-0.21081145289519165,-0.13033307026914387,0.6279493156511899,-0.15430317785742725,-0.1856490807115982,0.8056463970871295,-0.10785965200214029,1.2241564891620695,0.7330662935417281,-0.11472925655924321,1.4776413388930842,0.7107751622925491,-0.11072177961858021,1.3554278920330671,0.6373428764206253,0.03269058407510289,1.1379457965429767,0.7127253535420401,0.05652837889664186,0.8600812714521164,0.6707559174010173,-0.0678366667708322,0.7064169028369875,0.5580722828693315,-0.16106606236269871,0.6211633177298309,0.5255268578040493,-0.149277847376136,0.5946253226702825,0.5597196175554726,-0.09653207179484115,0.5512187145777885,0.579431554950939,-0.2601461319841644,1.136037252275477,0.7457720542280615,-0.27282658057247405,0.8762813690743834,0.6777755830669294,-0.17442726021140376,0.7045455663744679,0.5632882997095263,-0.1178989885855636,0.6271507885056968,0.5247661489727958,-0.1199659766511603,0.6164461897030857,0.5112231523192664,-0.13093395062883723,0.6134701111921677,0.5286398863745769,5.169811320754717
-0.0026807392607814118,0.7020016847280204,0.6987563740503527,0.01554831253111176,0.27245032962824267,0.7142867069877925,0.022459630474958563,-0.0986535396739137,0.7450407384375891,-0.007751217813669327,-0.1068407246189664,0.5657573612352352,0.0583852946031789,-0.12667975277500265,0.6074101432770436,0.0009403578851341324,-0.1971530554706303,0.8528077553373501,-0.20169315713830546,0.66383881963589,0.7363179764534925,-0.19770597365110465,0.25431785944095986,0.7552186374775421,-0.17310344222448498,-0.12838666374901347,0.7716332566852576,-0.15024603170938158,-0.11943727404183514,0.5992231149469875,-0.2107943389087303,-0.1304659984805749,0.6279681386060534,-0.15419864803652467,-0.18590333916967122,0.8056917595861827,-0.10783894536170488,1.224262780797444,0.7330199501576588,-0.11558696647892852,1.477441991705805,0.713104575010897,-0.11197573247095766,1.3557175829591843,0.6371764015067234,0.03355770897398924,1.1379651808195215,0.7129627797840747,0.05609084300409925,0.8600355275482005,0.67074730930013,-0.0690302907557512,0.7074421222108878,0.5555989475948135,-0.1611899365612947,0.6210844472047597,0.5263029635279106,-0.14910925016985943,0.5927697677196669,0.5637607628319568,-0.09844938239619465,0.5507966108201481,0.5826271026963861,-0.26011311225400624,1.1360534114691976,0.745730282423298,-0.27286277660513664,0.876308789906007,0.6777031871004426,-0.17456106378381261,0.7045470237666657,0.5632598188143996,-0.11793725096817506,0.6270632551712512,0.5248147786315855,-0.11995268384299225,0.6163837302965319,0.5114816337240221,-0.13209867118366106,0.6121238506636397,0.5315469752814332,5.188679245283019
-0.002332205476674176,0.7017757028560992,0.6988210120282741,0.01509572344092816,0.27312532030236003,0.7130182899090916,0.022246947508852585,-0.0980111556524083,0.7442506585506593,-0.007858564409785834,-0.10635441537727908,0.5657752315337953,0.058248798599248974,-0.125294654797752,0.607182363483673,0.001002935195487989,-0.1972695214129345,0.852613807431833,-0.20108887653161295,0.6628049586427455,0.7358437538589162,-0.197531481487632,0.2540977805096771,0.7553383762638398,-0.17230649215438515,-0.12814108329529547,0.7711057943835631,-0.15022632113105278,-0.1194458039202576,0.5991881718117832,-0.2107866880785456,-0.1304981443419944,0.6279933908594398,-0.15408580612259382,-0.18606154632352404,0.8057477309067196,-0.10782134269063637,1.2243702430312224,0.7329621736330385,-0.11658596683866101,1.4773171183975342,0.7144750061642874,-0.11383923185947481,1.3556966241195822,0.6370735083085965,0.0342172105350631,1.1379791166342936,0.7131632500860227,0.05602454862975062,0.8600342311041553,0.6707444511513668,-0.07052561837548135,0.7084236699765752,0.5527454909946261,-0.16016747054489508,0.6213772355976821,0.5262305414805202,-0.14868762846688063,0.5909757598286366,0.5673789625679277,-0.10004441283836335,0.5507928930328121,0.5850679186300258,-0.26007325323638564,1.1360605177436534,0.7456915702446589,-0.2729077801038663,0.8763513289836657,0.6776772662475773,-0.17468640376813765,0.7045679706163079,0.5632029803050999,-0.11800443609101482,0.6270944839827137,0.5247532168382817,-0.11994310706739782,0.616370220291806,0.5115075905956873,-0.13320026877834953,0.6110101942024302,0.5335546267616921,5.2075471698113205
-0.0020675021607944877,0.7015154730167806,0.6988114828217977,0.01484577697345292,0.273610370363745,0.7120675088540988,0.022075209166912847,-0.0974797961673128,0.7435366221268414,-0.008003162563426189,-0.10604019762644552,0.5656444302370882,0.05803447115190374,-0.12391098681158291,0.6069746479308755,0.0010763483676242747,-0.19750936527613686,0.8524011111286371,-0.2005893759750504,0.6619267332905279,0.7356668247959327,-0.19731961265066217,0.2540013708220171,0.7555178600369352,-0.17170356030472667,-0.1278778158024904,0.7707926334340993,-0.15020279068447728,-0.11945980139219078,0.5991644139607273,-0.21077679035131625,-0.13048705857863138,0.6280145006942478,-0.15395802920716237,-0.18614396238011496,0.8057968877755491,-0.10781520539240058,1.2244151609043823,0.7328961264521852,-0.11767879993941971,1.4772485520516072,0.7145572759553953,-0.11604320414622249,1.3554052403248242,0.6369017133418916,0.03455813875530811,1.1379861018863153,0.713294789643358,0.05613802630571965,0.860066890350166,0.6707722657841826,-0.07193922969760311,0.7093036607682668,0.5500355257959375,-0.15855458999990346,0.6220512807936665,0.5247895095370994,-0.1481607607096337,0.5896971832828201,0.5698788085394666,-0.10102571357489387,0.5513161295837732,0.5861372372777689,-0.26003087012095,1.1360535214361867,0.7456688432194836,-0.27293821342656827,0.8763892665154431,0.6776906015633349,-0.17486500926999915,0.7045805541758051,0.563154808126175,-0.11805211178333055,0.6272147294091236,0.5246716330565284,-0.11992513393953241,0.6164647151167777,0.5112938755249745,-0.13393657227846723,0.610469652784373,0.534388352967325,5.226415094339623
-0.001830388963381141,0.7012345540639348,0.6988056133260431,0.014864918261897106,0.2737910486527818,0.7116735378145234,0.021955760755817254,-0.09711748986842478,0.7428163118227757,-0.008002831403660163,-0.1062818741338393,0.5659165870948063,0.057838205395066816,-0.12290136740547962,0.6068675770787353,0.0011516061651349126,-0.1978170089878232,0.8521870661306321,-0.20023705077458676,0.6613417084265409,0.7357452419396439,-0.19713394586645067,0.2540436343960172,0.7557325527211693,-0.17129454210343384,-0.12768960849610178,0.7707252982161679,-0.15018186247675447,-0.11947838357145282,0.5991634517967908,-0.21076783065767912,-0.13047960970529054,0.628021097321427,-0.15380900378263077,-0.18617658489353917,0.8058503816664435,-0.10782241197907422,1.2244155557109384,0.7328370213727915,-0.11866901462961921,1.4772720388726532,0.7133386312746608,-0.1182588233757762,1.3548968708037263,0.6367562208096584,0.034540227409555646,1.1379851147053788,0.7133388822135781,0.05620599562368489,0.8601226970622073,0.6708047739176046,-0.07287877015206695,0.7100120411633731,0.5482970557942316,-0.15723457991493442,0.6229426279244323,0.5223839599094839,-0.14781249173132988,0.5893446545211067,0.5706225095677687,-0.10126290674462379,0.5523021628797185,0.5855670626620415,-0.25999306409666023,1.1360593633176217,0.7456662998434646,-0.2729424523254162,0.8764108557053619,0.6777293267504094,-0.17504101237745318,0.7045785860965215,0.5631256421735621,-0.11810068879806883,0.6274196465754232,0.5245361582272408,-0.119936844433235,0.6167256918884026,0.5108372939932173,-0.13389496354077782,0.6106841534953023,0.5341003670096907,5.245283018867925
-0.0016002465905367025,0.7009794392955124,0.6988213895109427,0.015219803487124511,0.2735316281204559,0.7120683772460603,0.021901301464540703,-0.09693447925994543,0.742125818086136,-0.00772255369956134,-0.1071924384845515,0.5670355585278304,0.05775724020381055,-0.12255001300212355,0.6068926732348631,0.00122102936246329,-0.19813524233047694,0.8519929564713076,-0.2000306511101075,0.6611462465601537,0.7360091298445406,-0.19702079836740888,0.2541280752432381,0.755958437598761,-0.17099019600463664,-0.12764199653326117,0.7708398733425631,-0.15017093673775234,-0.11949718103488519,0.599189268480602,-0.2107645745535894,-0.13048092800829944,0.6280148439940839,-0.15364271647630573,-0.18616386391580678,0.8059411929309502,-0.10783950758282052,1.2244013800240885,0.7327974089838365,-0.11941480753005557,1.4774025175515437,0.7110864081602403,-0.12018029417913023,1.3542772716613143,0.6367219734428973,0.03435389450648757,1.1379776278914808,0.7133327461033407,0.05614163998539998,0.8601690833597797,0.6708263016477922,-0.07313342919766982,0.7104151555066621,0.5481671325578416,-0.15677490184720028,0.6238272773708433,0.519963824558686,-0.1479767911280276,0.5903744772373359,0.5689214385620477,-0.10080183922770798,0.5535005967842194,0.5835424069388828,-0.25996933219536245,1.1361502365134761,0.7456751903851532,-0.2729223824572152,0.8764173473126914,0.6777720270722264,-0.17502426310008132,0.704564311453141,0.5631511420523505,-0.11829605812685019,0.627748594557614,0.5241016380259362,-0.12003271630197776,0.6170973658736829,0.5104007252619239,-0.1328725249539751,0.6114453598921528,0.5333489200654032,5.264150943396227
-0.001391082936141902,0.7007519814746798,0.6988411780774934,0.01590388237898828,0.27283094813045494,0.7132477325498343,0.021919634669763866,-0.09690039728728819,0.741590259715545,-0.007179151470199043,-0.10864182582736587,0.5689434519537234,0.05782159402635047,-0.12294709053677337,0.6070273432985214,0.0012845139720646598,-0.19845193598035338,0.8518303935358976,-0.19994368645363292,0.661309950838197,0.736273310935968,-0.19698247021049725,0.2541733837497169,0.7561710500152857,-0.17074055857635245,-0.1277245874860278,0.7710757910063999,-0.15017151279567337,-0.11951149667162779,0.5992339989353331,-0.21076505666427578,-0.1304809583572444,0.6280048643198209,-0.15345009115284433,-0.1861425741102292,0.8060824703911401,-0.10786150110794362,1.2243825489502365,0.7327809310958588,-0.11993896954969069,1.4775903072221221,0.7084584512707355,-0.12155775739101249,1.3536705658493295,0.6368089879476468,0.03433767431159579,1.1379667702244372,0.7133521987656635,0.05606973194081774,0.8601650200595841,0.670850159758251,-0.07271144882728037,0.7102963002275917,0.5496790487275867,-0.1570307390437588,0.624491389200456,0.5181806591887099,-0.14865422477926232,0.5928307163841681,0.5648011004440658,-0.09983587939505979,0.5545289118050489,0.5807224858662043,-0.25996300035632325,1.1363472244316897,0.7456848014262092,-0.27288943405570665,0.8764182690810183,0.6777879259163678,-0.1746595559251351,0.704536068071504,0.5632780178200986,-0.1187569541898336,0.6281774653272002,0.5232568221963698,-0.12017719207996812,0.617317994432095,0.5104782542646986,-0.13098424219379015,0.6121681285766435,0.5332019539076829,5.283018867924528
-0.001220778249523824,0.7005329896766145,0.698848393516438,0.016815346938445344,0.2718494637323448,0.7149851958731455,0.021987760200256945,-0.09694579507817139,0.7412312477552004,-0.0064700703106710875,-0.11042122853034744,0.5713044105588231,0.058002204571232334,-0.1239626083879509,0.6072252119909028,0.0013459838729537946,-0.19878790267218363,0.8516983205167282,-0.19993807793895216,0.661673994952974,0.7363574240741675,-0.19700353706694063,0.2541579504340015,0.7563286199120525,-0.17055315442561675,-0.12788332458950602,0.7714071514931415,-0.15017724558364987,-0.11951986246319274,0.5992811862892425,-0.21076605192489073,-0.13047319606256172,0.6279979422868935,-0.15320715088601009,-0.18617199825289696,0.806252906235639,-0.10788356284838921,1.2243598424513775,0.7327817534837445,-0.1203287497088511,1.4777567268577434,0.7062866316894616,-0.12224416013719003,1.3531175850358677,0.6370206367655349,0.034685527331288435,1.137962309249447,0.7134460996319029,0.05619415961156202,0.8600816935416754,0.6708989827020817,-0.07174338562843796,0.7094608347883679,0.5522945830077375,-0.1573890671547271,0.6248420924610002,0.517131579865094,-0.14930774920815726,0.5961662018433279,0.5591735987926311,-0.09862505037940071,0.5551270828684142,0.5779752057103198,-0.259956403900817,1.1364583455299855,0.7456975674176329,-0.2728596076566164,0.8764207871963434,0.6777564733883812,-0.17394259087475566,0.7044863765350409,0.5635361363888532,-0.11925887819633973,0.6285474770296365,0.5223535160312618,-0.12020457996440591,0.6170523664718675,0.5113822523544238,-0.12853474377459828,0.6123498421804889,0.5343086306663383,5.30188679245283
-0.0011034909121545033,0.700316924188672,0.698843568040164,0.017842818084647383,0.2707084498966358,0.7170540232778227,0.022075118332059447,-0.09705034497972392,0.7410385602508383,-0.0056950907573665365,-0.11229953346548008,0.573769514421733,0.05823243578358385,-0.12527139399955486,0.6074189284723099,0.0014068477563391744,-0.19915461693416098,0.8515906121269713,-0.19998342694136795,0.6620610575969594,0.736250333226814,-0.1970913181864996,0.2540828711560018,0.7564003662740677,-0.17044864851346891,-0.1280836671948119,0.7718283654666229,-0.15018036981927352,-0.11952169328862522,0.5993157774580582,-0.21076590474029935,-0.1304542197021971,0.6279850379561691,-0.15290701460672887,-0.18626533878781457,0.8064267219226584,-0.1079009392105344,1.2243346287297727,0.7327882140025879,-0.12058805134804251,1.477853507653312,0.7050995283495902,-0.12228758530114414,1.3525661104970759,0.6373275102259603,0.03534363625592224,1.1379973921782276,0.7136173241068262,0.056592965683364416,0.8599263442936109,0.6709766000202356,-0.07033965403102813,0.7079890351359869,0.5552681891986546,-0.15723108227524746,0.6249785054810366,0.5166490738792399,-0.14920522897353589,0.5995732560358904,0.5532778032974462,-0.09740466570332112,0.5553817854833646,0.5759500357129335,-0.25992354507186716,1.1361885257760291,0.7457368818446386,-0.2728453290050265,0.876421670952,0.6776850523306339,-0.1729789153479095,0.7044157205887791,0.5639095432978932,-0.11925691034280106,0.6287454008073926,0.5217733415053856,-0.11991289015870339,0.6161535486633013,0.5130697567879587,-0.12584648714846702,0.6118997384037743,0.5365272114050524,5.320754716981132
-0.0010540891462318402,0.7000942092889033,0.6988363190177681,0.01895835974639816,0.2693342345918943,0.7193869832947177,0.022193110760122793,-0.09733066475545937,0.7411895743558572,-0.004956105293117777,-0.11396725182837016,0.5760342748032888,0.05844623692577372,-0.12649649765014365,0.6075434201671698,0.0014648521562078333,-0.1995444585509312,0.8515033820692541,-0.20006638809065952,0.662350159127152,0.736056731045494,-0.19723455132681467,0.2539328532446037,0.756415110030303,-0.1704402001649633,-0.1283204760011657,0.7723379025242624,-0.1501792803566061,-0.11951545614250131,0.5993284401089419,-0.21076495755355623,-0.1304190169404468,0.6279360444116147,-0.1525898749762168,-0.18638956033605236,0.8065929155317504,-0.10790807317967926,1.2243081328417245,0.7327867488860649,-0.1206765197955168,1.477878786319415,0.7048859884821506,-0.12197308284124186,1.351959195639208,0.6376141116697891,0.03614776731608976,1.1381056537886796,0.7138460821131014,0.057189961830611535,0.859802105688664,0.671060157373244,-0.06860178633139788,0.7063172297179522,0.5579813625402817,-0.1561673128346452,0.6250928881352114,0.5166310951825028,-0.14800400882173764,0.6022863474879465,0.5483099298646547,-0.09635902675868496,0.5556302317953068,0.5749307978942766,-0.25986240426439505,1.1354932371170987,0.7458342672967654,-0.2728483676329076,0.8764137967635659,0.6775954810764313,-0.17190552631891493,0.7043425574376483,0.5643265159285324,-0.11842323186696194,0.6287793696038382,0.5216413109949484,-0.11918891988850056,0.6147510111380525,0.5153256898645318,-0.12323045543122489,0.6109787773963463,0.5393332676974998,5.339622641509434
-0.0010793930763585424,0.6998415092120259,0.6988341783174424,0.020162864184240292,0.2676446325468907,0.7219564267837731,0.022374509554469357,-0.0979005237260405,0.7418676989096471,-0.004374256796747501,-0.11506415528449081,0.5778094811441707,0.05861138369261547,-0.12739058079955032,0.6075829249852118,0.0015167395251905159,-0.19994787703461825,0.8514355685099624,-0.2002016877908992,0.662500561223936,0.735854296361659,-0.19735753633170156,0.253711822105656,0.7564335625695129,-0.17053913653800154,-0.12859533958376915,0.772932390098827,-0.15017778140870458,-0.11950292247904525,0.5993160600981364,-0.2107681550014991,-0.13037007171562784,0.627830019585445,-0.1523427785717598,-0.1865018187317942,0.8067295929288785,-0.1079026293659335,1.224278447985575,0.7327715373510038,-0.1206391700886848,1.4778615924162806,0.7051936416650999,-0.12164925319204212,1.3512746511450382,0.637776903500323,0.03695418229515618,1.1382340850652186,0.7140923337846496,0.057930173895512915,0.8598961649522898,0.6711240762603086,-0.0667477004680494,0.7049656097018077,0.5599982289881582,-0.15410910096807723,0.625329856432578,0.5170087036991262,-0.14591495819645223,0.603702040889342,0.5453487851059274,-0.09558214046040048,0.5562262051866351,0.5748533375496582,-0.2597854056265011,1.1345687139556424,0.745992369174066,-0.27286155141617136,0.8763946238280007,0.6775041406860625,-0.17086360885667656,0.70429442309223,0.5646947558865194,-0.11702103813677725,0.628635390523023,0.5221317540775898,-0.11807186287831573,0.6131148588836554,0.5178604573192965,-0.12102172194446097,0.6097598967418509,0.5422418642104441,5.358490566037736
-0.0011581413325272294,0.6995726203681973,0.6988288573309338,0.021389582050641565,0.26580700521272455,0.7245838242211488,0.022625198015665725,-0.09869536193419483,0.7429612525023344,-0.004056005685699504,-0.1154271790239886,0.5788227575538342,0.05871826170757746,-0.1278600760224367,0.6075699082544361,0.0015620436535881625,-0.20037136012858375,0.8513850984946799,-0.20043828654821427,0.662569732953397,0.7356786826368422,-0.19738858468359435,0.2534766861202311,0.7564812553719342,-0.1707639394843594,-0.12890923648004446,0.7736130965348759,-0.1501782027630619,-0.1194959813072518,0.5992934120133417,-0.21078186173884553,-0.13032366970571788,0.6276904288732962,-0.1522459815363727,-0.18657017329888942,0.8067914016035665,-0.10790066966281517,1.2242358662056299,0.7327842693110462,-0.12058564848135805,1.4778383115043199,0.7054947732958803,-0.1214715537453886,1.350513470456843,0.6378282254361713,0.037671276004671406,1.1382316202747957,0.7142971370392326,0.05886409193985337,0.8603356219223236,0.6711717777581808,-0.06502906313622286,0.7042475932224118,0.5610346485693998,-0.1512558216680212,0.625679701380103,0.5174936105077313,-0.14339627715261144,0.6035758162090512,0.5450245523884748,-0.09501070295803346,0.5573611303284504,0.5752928903784098,-0.2596874559790754,1.1335439868605157,0.7461735682032848,-0.2728775270545807,0.8763654513825005,0.6774252321485366,-0.17000089926077083,0.7042919180339686,0.5649390707707598,-0.11555323411426346,0.6283011622839978,0.5233467301022396,-0.1167122138217879,0.6114725262917452,0.52026721500754,-0.11948155607137949,0.6084099782630796,0.5448774775113194,5.377358490566038
-0.0012697965310525527,0.6993825769210336,0.6987663139478106,0.022523235730302904,0.26414686010377386,0.7270002338176678,0.022935067272900962,-0.09957577999067348,0.7442304394913977,-0.004015909016058783,-0.11527978822238852,0.578991175895002,0.05876644834115455,-0.12793938503104701,0.6075539681374508,0.0016031792929620504,-0.20083176884159815,0.8513506611587437,-0.20082013150422923,0.6626728801019242,0.7356022364606317,-0.19731942636619554,0.2532946810798594,0.7565319480700955,-0.17113138515502735,-0.12928240268607652,0.7743989060653588,-0.15017821241653068,-0.1195134041796442,0.5992927870194653,-0.2108062905728842,-0.13029772031978848,0.62756578223905,-0.15231470626038446,-0.18660484946270012,0.8067475954402582,-0.1079482950740239,1.2241581461795783,0.7329509882507255,-0.12057576576427875,1.4778256063263449,0.7055783976421708,-0.12139627104359024,1.3497321007866103,0.6378233715772563,0.03822569147812582,1.1379815167381155,0.7144086020024745,0.06000747083755034,0.8611064633313406,0.6712319487757139,-0.06352209892917374,0.7042267248783457,0.5610974076367419,-0.1480375579772983,0.6259147555456089,0.5176969017896688,-0.14084379454792692,0.6020189020565896,0.5472900004944987,-0.09452229420593947,0.5589689386532518,0.5757216473422465,-0.2595611417238749,1.1324649775615243,0.7463443022821418,-0.27289492643496654,0.8763387693645321,0.6773776189558026,-0.1694489223387891,0.70433424682466,0.5650217934764593,-0.11417948798193615,0.6278025994646549,0.525158682489391,-0.1152785219850848,0.6099461114341675,0.5220864025639353,-0.11862882211149811,0.607169123549816,0.5469152209302206,5.39622641509434
-0.001441039968241048,0.699390727437115,0.6985652508025341,0.023494977035158238,0.26285378124927394,0.7290613808819317,0.023289948727082472,-0.10047111205383008,0.7455562153564784,-0.00413926465985491,-0.11502904237374573,0.5786267765331146,0.05877632600097039,-0.1278169448609408,0.6075805590868949,0.0016364198379566642,-0.2013123712995945,0.8513360271717065,-0.20133482688238083,0.6628952911587273,0.7357322723208342,-0.19719075531565097,0.2532213486488868,0.75649973287717,-0.171614366454805,-0.12976718966508652,0.7753133101792287,-0.15017437196182404,-0.11956365494456637,0.5993327042556542,-0.21083595192585847,-0.13029959059190832,0.6274859627502565,-0.15249640632101377,-0.1866613885713022,0.8066170365392656,-0.10807414182237268,1.2240354871865646,0.733351543715355,-0.12059892672596556,1.4778175800966162,0.7055373200043742,-0.12136219138049636,1.349102309537084,0.6377647753088675,0.03854678198086331,1.137489988857769,0.7144016721607815,0.061222622759883716,0.8621213711228867,0.6713184940799228,-0.06215386215378546,0.7048204194130897,0.5605911407885176,-0.14507874058600606,0.6257192442276217,0.5175460150103974,-0.13852497567994485,0.599273622484258,0.5515228916542596,-0.09413256456332393,0.5608449363917979,0.5759206959945435,-0.25942132147642427,1.1313977326216742,0.7464986460364571,-0.2729137577758927,0.8763520262599348,0.6773795653600325,-0.16924130630008652,0.7043920441718057,0.5649745570946099,-0.11268502150889831,0.6271146604575977,0.527506685063202,-0.11393126591481072,0.6086158087919714,0.5230735779278644,-0.11825973886547608,0.6063329009915688,0.5481132565523422,5.415094339622642
-0.0017030599169483018,0.6996204797466445,0.6982264941277334,0.024355731934565403,0.2618832671477842,0.7308272349306827,0.02363888546833718,-0.10129726526414376,0.7468056183406667,-0.004265697758430461,-0.11491335713466225,0.5782237632322995,0.058778686926726505,-0.12772738002173517,0.6076610335685966,0.001646354906356376,-0.2017394503597073,0.8513442276906497,-0.2019061996811388,0.6632333310336274,0.7360746796375558,-0.19706917320286355,0.2532863209602315,0.7562432759339891,-0.1721014986896951,-0.1303675231405209,0.7762938616459546,-0.15016673350698526,-0.11963541642324259,0.599400193931882,-0.21086597040335375,-0.13032793441598692,0.6274573751914865,-0.15269712980885464,-0.18677394406975437,0.8064586762045376,-0.10819092416284404,1.223924020715959,0.7337384810531142,-0.12062860148531607,1.477806159988247,0.7054941062656945,-0.12137965987937233,1.3488624567241836,0.6376471223094635,0.03862928046533215,1.136829537109088,0.7142850721621434,0.062294500881022535,0.8632629242600895,0.6713857247055436,-0.06092379120137259,0.7058565393328404,0.5600524424132227,-0.1429963375729699,0.6249269337489849,0.5174554131346456,-0.13669438300745287,0.5957054698584472,0.5567168975387651,-0.09397459025789776,0.5627884506058458,0.5759495919099298,-0.2592932650637837,1.1304294897707698,0.7466242167227011,-0.2729273355511361,0.8764306031783267,0.6774373178684601,-0.16924297192583845,0.7044232356892919,0.564898764328086,-0.11098855677472806,0.6262539876056652,0.5302447423815286,-0.11284005118386951,0.6075263449305193,0.5234551131450302,-0.11813798234737152,0.6060681796934075,0.548486967252428,5.433962264150943
-0.0020384634356741538,0.6999893306032027,0.6978518497880234,0.025203886322944485,0.2611366749495897,0.7324250370831273,0.023923217328463954,-0.10195255174738206,0.7478166203605523,-0.004319128643337481,-0.1149247101438841,0.5780228284790638,0.05878621896722674,-0.12775973231051707,0.6077690740523259,0.0016194886899092236,-0.20204180981306255,0.8513682966265915,-0.20244245900603608,0.663642805756105,0.7365120302524687,-0.1969982606254405,0.2534597874840798,0.7556996267133653,-0.1724427118091861,-0.13091524245052152,0.7771108469517394,-0.15015854487802052,-0.11971076857905753,0.5994744694206342,-0.2108940319813143,-0.13037962381476892,0.6274836913260223,-0.15283467850058355,-0.1869159188697374,0.8063262383917783,-0.10811006485063951,1.2239356522730134,0.7335728713536309,-0.12064889003786744,1.4777928597364867,0.7054817960965538,-0.12149796906873322,1.3491254704852644,0.637564180212941,0.03858833701218095,1.1360615306544737,0.7141009493652357,0.06310563857973822,0.8643345157730382,0.6713177181689527,-0.059986917127955675,0.7069743377514046,0.559762631699381,-0.14201736865647246,0.6236244147610893,0.5179380988821124,-0.13558907256139663,0.5918416528077339,0.5620029738181529,-0.09406765169942195,0.5644607794221049,0.575791745400114,-0.2592042233318173,1.1297662910812423,0.7466813393296903,-0.2729267294133771,0.8765032263019062,0.6775257085680606,-0.1692300125920713,0.7044038145367602,0.5648895316607413,-0.10947526194827373,0.6253856445686972,0.5328362917596835,-0.11212774189095222,0.6066079181267295,0.5237540401378701,-0.11811160646137238,0.6062164116932042,0.5484124465949276,5.452830188679245
-0.0024697057301912295,0.7001025340419174,0.6975910502473814,0.026053797606141654,0.26048022159342066,0.7339914766680591,0.024326101585560835,-0.10287972053361145,0.7493303120219867,-0.004318970154083928,-0.1149721873174563,0.5779830589366093,0.05879237975247043,-0.12786164953656437,0.6078855433365422,0.0015828361363507096,-0.20228786017911377,0.851356126614668,-0.2029854545976087,0.6636996718298117,0.7367397353908111,-0.19714848987371653,0.2534175482394401,0.7554248802524084,-0.17240229683425545,-0.13084579002143376,0.7770673241057515,-0.15015184007602647,-0.11978024108957916,0.5995486063352639,-0.21091727593916232,-0.13044987823896131,0.6275681274660909,-0.1528607964451575,-0.18701981445641527,0.8062826058518852,-0.10770526995541402,1.2241449077619395,0.7324880124609052,-0.12065165225973262,1.4777849198024469,0.7054834312717928,-0.12171890691553372,1.349770557684188,0.6376439397778702,0.03857901853341661,1.1352540159070093,0.7139055621886352,0.06374160192646594,0.8650592416695142,0.6710610885789032,-0.05950453002190009,0.7076133401930907,0.5597217066320185,-0.14185004383044825,0.6221291563644564,0.5190412788231968,-0.13519642432847084,0.588377380894898,0.5668199898923024,-0.09421868645148512,0.5653620184926611,0.5753585696325225,-0.25917766421533,1.1296658442300838,0.7466345712969595,-0.27291238574770066,0.8764141648962149,0.6775878934453564,-0.1690893651412718,0.7043350377564959,0.5649705516129865,-0.10864392149464375,0.6246425952623537,0.5348193552092455,-0.11177699662740792,0.6057222724343696,0.5243410251708448,-0.11812463578152936,0.6063874052364756,0.5483195562102521,5.471698113207547
-0.002878578916793134,0.7003493466729525,0.6974718841608021,0.026844315578761338,0.2599598324087513,0.7355120341257096,0.024718748461322722,-0.10376490812507928,0.7508216561028992,-0.004301855465027607,-0.11500761471585437,0.5780217746644791,0.05878596608086019,-0.12797454827437998,0.6080114614980965,0.0015395646876002612,-0.2024540937124388,0.8513595293049899,-0.20341354228740827,0.6639228511463038,0.736922514962296,-0.19725608227387043,0.2533439535673505,0.7552465945116462,-0.17233025068643457,-0.1307265188532788,0.776937105535447,-0.1501452933286688,-0.11984001250583058,0.5996206561431603,-0.21093055512004838,-0.13052634008112804,0.6276977866946595,-0.15287911406076135,-0.18708018180258684,0.8062357641076646,-0.10700292729004723,1.2245387591144958,0.7305535035349728,-0.1206340669645658,1.4777878750511289,0.7054809579104179,-0.12191479082700746,1.3505892261974362,0.6377571315618344,0.03866063853691326,1.134571581389975,0.7137534568082271,0.06438269220392118,0.8651718641334657,0.670861341460812,-0.05941753871633049,0.7073865253645464,0.5597540737598037,-0.14195141748132054,0.6209175473532911,0.5202922638638675,-0.13514543601438736,0.5861654017978191,0.5703708965896861,-0.09426330613383052,0.5652166019584847,0.5748703976387667,-0.2592133832391681,1.1301311805126075,0.7465000281735761,-0.2728999306512121,0.8760599797094554,0.6775734318361847,-0.1689241841898098,0.7042314608583023,0.5650981390600232,-0.10853563352186742,0.6240161363863996,0.5361803015085161,-0.11164179109908569,0.6048776634427282,0.5253295038972472,-0.11818216957644369,0.6063111766729596,0.5482703449847582,5.490566037735849
-0.0032421447043069207,0.700756766635629,0.6975365619681234,0.027565795356201322,0.2595793875658523,0.7369964463990955,0.025088935457670592,-0.10457903012416392,0.7522434796134041,-0.0042833222572721584,-0.11502638347481525,0.5781002588742793,0.05876215257933064,-0.1280795382856709,0.608138634295974,0.0014913099292471299,-0.2025291652635238,0.8513815597109397,-0.20368699417231323,0.6643665439136517,0.737039846305959,-0.19729779284255206,0.2532313887136558,0.7551992139683404,-0.1722383631147646,-0.1305757526178786,0.7767477917393701,-0.15013660075862162,-0.1198834349056454,0.5996805924779824,-0.21092962661923242,-0.13059021455979888,0.6278379639250079,-0.15288880974342392,-0.18708438361479562,0.8061843500948871,-0.10611732784770711,1.2250520501658368,0.7280947737028547,-0.12059900145611308,1.4778022010334908,0.7054697842050996,-0.12188377159218461,1.3514767513661812,0.637446975008662,0.03878355323226579,1.1342719764653597,0.7136950692540702,0.06504837341178876,0.864546677015494,0.6711931224978054,-0.059366065041943306,0.7064445608680507,0.5594685161429883,-0.1419259206285607,0.6205370151222769,0.5209888595897512,-0.13497467449430464,0.5858016495404335,0.571737213340487,-0.09432910125221065,0.564146348676392,0.5748807963509163,-0.25929695924209545,1.1309773442424385,0.7463437412563025,-0.27292241079868496,0.8754638636710749,0.6774640150425191,-0.16894622746972385,0.7041346280967735,0.5651694778537524,-0.10879943375881947,0.6235251994112099,0.5369571180528702,-0.1115952001897864,0.6043200809503381,0.5267336595849538,-0.11832176724378123,0.605997052133892,0.5480643458996759,5.509433962264151
-0.003537464801560114,0.7013517920692693,0.6978272941091832,0.02820859205385859,0.25934276723499716,0.7384544504312324,0.025424440076524755,-0.10529300213324137,0.7535486095636144,-0.004262747124717029,-0.11503418498806547,0.5782065748296188,0.05873235387740854,-0.12816902696432103,0.6082550532517901,0.0014397074468801105,-0.20250172968285288,0.8514252728458988,-0.20376608234920238,0.6650849503399282,0.7370712067608347,-0.1972503765964117,0.25307223892420255,0.7553171830997527,-0.1721384238682867,-0.13041181498705312,0.7765269832160635,-0.15012487643609598,-0.11990315174897498,0.5997132893645083,-0.2109151906148557,-0.13062689072783978,0.6279466783589343,-0.15288906188917456,-0.18701978259958166,0.8061270007493224,-0.10517331269714247,1.2256086305340912,0.7254670992070857,-0.12055455558460587,1.477823031552706,0.7054540025284517,-0.12151965813927906,1.3524134987131384,0.6363308759277378,0.03887432052761508,1.1345263488869501,0.7137553767955878,0.06554967245159099,0.8633065038542923,0.6723339593894786,-0.05898987262664934,0.7052616198335893,0.5585301009018606,-0.1418048512011273,0.6214805785871421,0.5203819992030652,-0.13456171747008738,0.587201318026365,0.5705849495482285,-0.09470817128025259,0.562357769131375,0.5757680522272369,-0.2594263083724278,1.1321281920769972,0.7461949675054518,-0.2729985429866799,0.874721470189868,0.6772733928603701,-0.16931193918493864,0.7041355893154735,0.5650222481675765,-0.10926595215464516,0.6232111272819316,0.5371951963548913,-0.11168282357441377,0.604271337945859,0.5284818350782522,-0.11868098823549135,0.6055427406088937,0.5476567769420211,5.528301886792453
-0.003741600917380461,0.7021614211131955,0.6983862910238189,0.028763060787130187,0.25925385158645886,0.7398957831651358,0.025713039819805487,-0.10587773975468735,0.7546898729636431,-0.00423394359715062,-0.11503641235510834,0.5783442754694309,0.05871802793808837,-0.1282346997156675,0.6083704779355247,0.001386392826087823,-0.2023604418209096,0.851493723723249,-0.20361107891495464,0.6661322706332058,0.7369960736659581,-0.19709058855209977,0.2528588894448377,0.7556349463831438,-0.17204222269604236,-0.1302530296326217,0.7763022804640702,-0.15011063916659034,-0.11989994391478237,0.5997135540772027,-0.2108915703908999,-0.1306322943041318,0.6280026611334035,-0.15287904889404239,-0.18687374146348595,0.8060623530067398,-0.10429066333189208,1.226132258779532,0.7230071325921807,-0.12051007049732299,1.477842145608465,0.7054405748270899,-0.12086958596936426,1.353338059935453,0.6344276948099765,0.038903615234084865,1.135246097042659,0.7139064629712405,0.0657265608471278,0.8617532023132496,0.6741758619198388,-0.05834221762962882,0.704094396920314,0.5572374994501419,-0.14201800692082378,0.6238782640868932,0.5180380941435555,-0.13430174784876167,0.5898426843620616,0.5672113397793295,-0.09556076227957869,0.5599057330965125,0.5774453708619378,-0.2596008106890454,1.1334543515903992,0.7459381247071404,-0.2730578792375078,0.8739320475714937,0.677064230891936,-0.170096893366056,0.704300847247071,0.5645447662339241,-0.11011144748219895,0.6229998466464607,0.537224232758486,-0.11205524244496921,0.6046137288276032,0.5304015198561716,-0.11948635045307857,0.6049155039858913,0.5472977509146078,5.547169811320755
-0.003831614760595653,0.7032126519067301,0.6992557631518683,0.029219556671413113,0.2593165207905107,0.7413301815438214,0.025942512189433116,-0.1063041585908778,0.7556200968236033,-0.004195681749112154,-0.11503924084869326,0.5785075966773152,0.05873192497470014,-0.1282742599013586,0.6085025117295907,0.0013330016524589468,-0.20209395652817763,0.8515899673563717,-0.20318225596644876,0.6675627050015566,0.7367939243603637,-0.19679518372626642,0.25258372552140773,0.756186948295775,-0.17196154934707286,-0.1301177202264041,0.7761012839819336,-0.15009568840957416,-0.11988548251619964,0.5996985746198868,-0.21086224312672133,-0.13061067506122373,0.6280190487252717,-0.15285794915405668,-0.18663362291304902,0.8059890438029093,-0.10359457329968794,1.226545611562365,0.7210676001806462,-0.12047180192659479,1.477852539566794,0.7054335352494259,-0.12004654782836377,1.3541259825466616,0.6320373862873041,0.038893046997367786,1.1361298735245926,0.7140815105724692,0.06558549598124716,0.8601610609971008,0.6764312194998545,-0.05782493035599312,0.7028370802363375,0.5564867049247003,-0.14307899989337494,0.627199509376674,0.5143655727762627,-0.13485815283915947,0.5931147276592338,0.5624265099686163,-0.09685206258482643,0.5567852285742565,0.5795872649067538,-0.25979904960783706,1.1345863886869243,0.7454013737002758,-0.27294899815975404,0.8731826861790097,0.6769435984511345,-0.1712941406095192,0.7045100913501765,0.563905998631973,-0.111433219790806,0.6228205678840735,0.537279365695864,-0.11273981807462569,0.6049747321257253,0.5322769051183398,-0.12084443466209929,0.6039841193000162,0.547301016423269,5.566037735849057
-0.003784568040033187,0.704532482589195,0.7004779209331687,0.02956843482210439,0.25953465501742595,0.7427673825103049,0.026100634687327887,-0.10654317424418848,0.7562921081536084,-0.004156835721774369,-0.11504765388897142,0.5786660092119885,0.058769794682129915,-0.1282918665178617,0.6086463083142091,0.0012811695115822728,-0.20169092865514116,0.8517170587586486,-0.2024398856005636,0.6694304536530533,0.7364442361830866,-0.19634091713556207,0.2522391323997599,0.7570076333149078,-0.1719081935704196,-0.1300242104402198,0.7759515942681963,-0.15008321793979928,-0.11987462325999164,0.5996951457744853,-0.21083134579928128,-0.13057289617612583,0.6280198652279446,-0.15282494106524658,-0.1862867896548114,0.8059057100736002,-0.10319806814046076,1.226781737466537,0.7199719814870085,-0.1204444108394247,1.4778512720792492,0.7054332926201794,-0.11916288541728504,1.3546861587378378,0.6295008285952347,0.03887543057525428,1.1368887807503092,0.7142227790120583,0.06526351367951297,0.8587192717147749,0.6788193036487946,-0.05771124186774185,0.7014560024910474,0.5568163433028932,-0.14515162695130676,0.6305069895022875,0.5102588751577611,-0.13659371878437865,0.5963089609497357,0.5574309097663006,-0.09843919454913534,0.5531585857124368,0.5818842120568803,-0.25995973785957294,1.135218425058486,0.7447449671691222,-0.2725780859727987,0.872567498696341,0.6769943064924531,-0.17274951315710896,0.7044825807412703,0.5635379752540401,-0.11297340894814849,0.6227224703127233,0.5371956774549851,-0.11364114957786256,0.6050824679837309,0.5337514157863557,-0.12265887018403321,0.6027374749422134,0.5475835427579377,5.584905660377358
-0.0035775224645208104,0.7061479112999124,0.7020949748075579,0.02980005035460105,0.2599121344374775,0.7442171230076021,0.026175184815410125,-0.10656570231699536,0.7566587339637711,-0.004130930976691538,-0.11506588366548759,0.5787858370804927,0.05881584395039508,-0.12829488225937466,0.6087826480459726,0.0012325319890464817,-0.20114001305228385,0.8518780529434609,-0.201344239914178,0.6717897167957683,0.7359264864731615,-0.1957045437966369,0.2518174953257406,0.758131445917803,-0.17189394511512393,-0.12999082394588848,0.7758808118214016,-0.15007003553917153,-0.11987535655870273,0.5997084478372308,-0.21080547911926523,-0.13053227848145882,0.6280117384801166,-0.15277920302364134,-0.1858206043953138,0.8058109887545822,-0.10321103410590249,1.2267772283450364,0.7200385296958349,-0.1204369662751284,1.4778372467721688,0.7054449347117813,-0.11816860871673668,1.3550787220789433,0.626669997986862,0.038877220646720057,1.1376044148429036,0.7143527937036798,0.06493268052154255,0.857503983130625,0.681501514276372,-0.057715467800698333,0.7006234088860576,0.5571705596951859,-0.14769501214257344,0.6335674991845861,0.5051848823354385,-0.138889705857443,0.5991379378896674,0.5521335633174456,-0.10037158976233186,0.5494290407039705,0.5845732714825815,-0.25998970547466266,1.1353229267534224,0.7445158711524609,-0.27207562178591116,0.8722314179418127,0.6771884799012851,-0.17435924572871137,0.7042101131600426,0.5634927414332678,-0.1142256892570207,0.6227732916855937,0.5367895231270087,-0.11481623170032354,0.6050672911892759,0.5345051533541667,-0.1248345544333712,0.601419083899756,0.5475648311167702,5.60377358490566
-0.003187539742886103,0.7080859361782048,0.7041491352148735,0.029904758384300054,0.26045283922093887,0.7456891399787283,0.026153940075600107,-0.10634265841167413,0.756672801264205,-0.0041203991295608484,-0.1150809172706427,0.5788620899127425,0.05885961203198152,-0.1282878136606575,0.6088925123781318,0.0011887246704401354,-0.2004298645700891,0.8520760049241906,-0.19985559100417072,0.6746946946377739,0.735220152569623,-0.19486281872614125,0.25131119954519665,0.759592830581722,-0.1719305937302271,-0.1300358844152299,0.7759165371400922,-0.1500716082083703,-0.1198819165091531,0.5997336724621793,-0.21079438359296832,-0.1305027424767615,0.6279989554159028,-0.15271991342527017,-0.18522242984109705,0.8057035167816251,-0.10332555656877188,1.226711242066687,0.720391553107135,-0.12043991599293141,1.477817338329593,0.7054626692878485,-0.11738111287417702,1.3553283719259694,0.6244287629978424,0.03887238835727963,1.1379113386865,0.714392375051494,0.06485516612754064,0.8566605075078686,0.6836560522296844,-0.057903864813154404,0.6999365605009154,0.557930529732062,-0.15049019265406327,0.6355600193481834,0.5013615830965497,-0.14191304734861165,0.6007860121089541,0.5485714226673276,-0.10207841196185151,0.5459249532394268,0.5866670103598619,-0.2598151795507622,1.1350895276178692,0.7452127102591134,-0.2713989950490112,0.8720356374541433,0.6775113057332319,-0.17566313817964396,0.7033612583118398,0.5643414248212038,-0.11556111909927598,0.6231397903285519,0.5355889362532278,-0.11609751216717029,0.604869096742051,0.5340700024853079,-0.12708886475514183,0.6001486220744856,0.546716676089049,5.622641509433962
-0.0025916815839567564,0.7103735553633944,0.7066826125949531,0.0298729140265985,0.26116064953808293,0.7471931703666994,0.02602467796981808,-0.1058449581306006,0.756287137065023,-0.004130492513520716,-0.11508836392291664,0.5788805349146128,0.05889302060068111,-0.12827475882887204,0.608963039552843,0.0011513831413520852,-0.19954913805904115,0.8523139697142189,-0.19793421096742064,0.6781995873871427,0.7343047118115062,-0.19379249694072542,0.25071263030397484,0.761426231783926,-0.17202992916477056,-0.13017771552006338,0.7760863707228117,-0.15009529220740087,-0.11989597954958518,0.599773702350697,-0.21080548998812235,-0.1304961935441236,0.6279884719125682,-0.15264625066616222,-0.18447962869870155,0.8055819310904981,-0.10344705716331731,1.2266382790992791,0.7207630448028113,-0.12045220946177576,1.477793628137777,0.7054852693332565,-0.11695863162877934,1.3554385452729634,0.6232166738399909,0.03885823977896702,1.1376011422133647,0.7142977920306597,0.06522408329486779,0.8563233293173907,0.6848835971610008,-0.05827826136640746,0.6993773866486859,0.5591112139844152,-0.15333999365784573,0.6359055944745499,0.4998290111992732,-0.14567444955156508,0.6006660681458433,0.5479040286948026,-0.103281927809023,0.5429352644214428,0.587698710906124,-0.25936615090422555,1.1345499631889029,0.7472352391338402,-0.2705416689425652,0.8719666743604352,0.6779638586835696,-0.17639509168796652,0.7017332476409015,0.5664340462365607,-0.11702733018866701,0.6239298601450555,0.5332988464606465,-0.11741048588537668,0.6044518670543737,0.5320622921968732,-0.12925955295349617,0.5990390378019839,0.5446304502310322,5.6415094339622645
-0.0017670096965603788,0.7130377669948033,0.7097376173876344,0.02969487239689335,0.262039445559183,0.748738951114531,0.025775175999984447,-0.1050435170761509,0.7554545683763381,-0.004166463461708686,-0.11508383284079272,0.5788269392919791,0.058907991330286784,-0.12825981587118337,0.6089813678122633,0.0011221429873709506,-0.19848648836962357,0.8525950023269276,-0.19554037190080664,0.6823585952519472,0.7331596415378454,-0.19247033345703973,0.250014172847922,0.7636660940016763,-0.17220374116779558,-0.1304346409322089,0.7764179130681024,-0.15014844379626793,-0.11991922211824481,0.5998314202041506,-0.2108462290724587,-0.1305245370656379,0.6279872438473791,-0.15255739314234687,-0.18357956367466774,0.8054448686169714,-0.10348095752378683,1.226612839910604,0.7208849978647673,-0.12047279615060263,1.4777681975829753,0.7055115078328815,-0.11705939871971605,1.355412679113973,0.6234732807251226,0.03883208098381746,1.136465415355765,0.7140253136163363,0.06623254482088536,0.8566269330300765,0.6847848287225904,-0.058840485921754254,0.6989278166424333,0.5607275730231401,-0.15604724032598985,0.6340252690451545,0.5016272004017882,-0.15018461875998326,0.5981909905385807,0.5512909222787269,-0.1037044039651744,0.5407489153526541,0.5872016553387708,-0.2585726103514068,1.1337359690036009,0.7509832124214035,-0.2694971066470392,0.8720110457877895,0.6785472134475744,-0.1762890074317384,0.6991233125914649,0.5701206264980521,-0.1186719542389458,0.6252513950385604,0.5296241833762693,-0.11868064776191609,0.6037795845385594,0.5280983515059572,-0.13118437083258472,0.5982032794178302,0.5408975260989788,5.660377358490566
-0.0006905857895246892,0.7161055692117538,0.7133563600327547,0.02936098861058166,0.2630931074545124,0.7503362191652386,0.025393211668019437,-0.10390925085070073,0.7541279222082636,-0.004233564307262306,-0.11506293324275448,0.578687070250717,0.05889644589459155,-0.12824708289475703,0.6089346353985491,0.0011026397940854665,-0.19723057035232022,0.852922157775698,-0.19263434590120743,0.6872259184402595,0.7317644190876756,-0.1908730832917344,0.24920821242288496,0.7663468617122338,-0.1724638194883436,-0.13082498432348572,0.7769387646745078,-0.1502384192349763,-0.11995332065337733,0.5999097087239071,-0.2109240316137088,-0.13059967842339748,0.6280022270976012,-0.15245251924985306,-0.18250959747553666,0.805290966296814,-0.10333267928442821,1.2266894249684517,0.7204894053749066,-0.12050062552835339,1.4777431280514433,0.7055401577715996,-0.11784164788615992,1.355254210443047,0.6256381338650532,0.03879121804386598,1.134295748045967,0.7135312087836836,0.06807366350295477,0.8577058031168097,0.6829604265667226,-0.059592366940491526,0.6985697797952212,0.5627945674191309,-0.15841475783056452,0.6293400875414666,0.5077961844622735,-0.15545426126754605,0.5927736638254121,0.559891644297957,-0.1030681070916339,0.5396548471356968,0.5847091258752053,-0.25736454870866005,1.1326792805990404,0.7568563847665651,-0.268258771342899,0.8721552688633072,0.679262444720523,-0.17507878658901904,0.6953286846077678,0.5757511864243913,-0.1205426229638645,0.6272122889125228,0.5242698766271008,-0.11983349270376192,0.6028162316069244,0.5217945094296543,-0.132701070196558,0.5977542952576047,0.5351092762491476,5.679245283018868
