RHip_x,RHip_y,RHip_z,RKnee_x,RKnee_y,RKnee_z,RAnkle_x,RAnkle_y,RAnkle_z,RBigToe_x,RBigToe_y,RBigToe_z,RSmallToe_x,RSmallToe_y,RSmallToe_z,RHeel_x,RHeel_y,RHeel_z,LHip_x,LHip_y,LHip_z,LKnee_x,LKnee_y,LKnee_z,LAnkle_x,LAnkle_y,LAnkle_z,LBigToe_x,LBigToe_y,LBigToe_z,LSmallToe_x,LSmallToe_y,LSmallToe_z,LHeel_x,LHeel_y,LHeel_z,Neck_x,Neck_y,Neck_z,Head_x,Head_y,Head_z,Nose_x,Nose_y,Nose_z,RShoulder_x,RShoulder_y,RShoulder_z,RElbow_x,RElbow_y,RElbow_z,RWrist_x,RWrist_y,RWrist_z,RThumb_x,RThumb_y,RThumb_z,RIndex_x,RIndex_y,RIndex_z,RPinky_x,RPinky_y,RPinky_z,LShoulder_x,LShoulder_y,LShoulder_z,LElbow_x,LElbow_y,LElbow_z,LWrist_x,LWrist_y,LWrist_z,LThumb_x,LThumb_y,LThumb_z,LIndex_x,LIndex_y,LIndex_z,LPinky_x,LPinky_y,LPinky_z,Time
0.2607509927355412,0.9086054210549306,0.41201867397563424,0.2864603181019855,0.48575119076058215,0.47934326425013046,0.27521132139248927,0.11244727781596839,0.5069176632781914,0.26691756592609117,0.09419859829277893,0.31375246765568493,0.32015353787543954,0.09547111898203509,0.35528339233610995,0.253222272714883,0.03191723522537349,0.598579830179067,0.08295194107310677,0.9049816958999687,0.3955386271408001,0.07193644204826964,0.4614449789731135,0.4874126396768963,0.07844429604613776,0.1126449469637753,0.5119665367504236,0.08782865847177053,0.09846804921894975,0.30850315417018914,0.03796837711277767,0.07621019408754703,0.37396261590597607,0.09363294520806283,0.07424405147781511,0.5330133537840095,0.1803401951513838,1.3963291125359354,0.4079865011420477,0.1793063515892646,1.6425939097725326,0.4052943465622358,0.17878635370109125,1.503400649439666,0.34299154837140156,0.30596344439207285,1.3290468417763048,0.39412221158543026,0.31299122266581514,1.1308830146176223,0.27726972016905316,0.2215266271152785,1.00160239873367,0.09321117753444068,0.16880508290038113,0.9162886021427206,0.06806025713784214,0.16159356583188625,0.9120381343930161,0.07788559481363297,0.16540847181658627,0.9034204071382287,0.09078341922546673,0.022998808178258945,1.3123859317711386,0.41343508953100405,0.0317289093135124,1.1164714559078779,0.2876461486924886,0.1151324633607165,0.9966168627137835,0.08775554189702046,0.20333379987771746,0.9396373608500614,0.035186240273263475,0.1959393761176445,0.9354838061834305,0.024937497622481528,0.13945672033126735,0.9209944647503602,0.03927849353440115,0.0
0.26111707037074566,0.9078731933813623,0.41023434719369034,0.28665126576413763,0.48384563217917714,0.47964281612638676,0.2741664130333677,0.11272402298723001,0.5071023274228782,0.26654613129750165,0.09159987671474876,0.3193664786112372,0.3222565803831428,0.09844994232672921,0.34909236046603964,0.2526316070119101,0.03555993974844625,0.594462137903629,0.08337080241072227,0.9040772099329004,0.39566480733824183,0.07191007128541356,0.4618545978601327,0.4875596561649991,0.07880077046601072,0.1129666863327058,0.5120167537835231,0.08762823940007819,0.09916525559161059,0.3083146268197245,0.037418345085856904,0.07754103850611735,0.375529516614503,0.09334969390148148,0.0716744553839937,0.5363045759912922,0.18002432349679515,1.396253574307751,0.4082127068823752,0.179273734002549,1.6428025015952958,0.40526740349751966,0.18028691215097367,1.501714038906147,0.34399808093862316,0.3058860592029038,1.3289300954155485,0.3940512518138291,0.3129446271452249,1.1290787411550611,0.27664188724795324,0.2198234061111726,1.0009632852739843,0.09184925519267491,0.16610234570292892,0.9130715150500812,0.07478441968089676,0.1592434435936586,0.9099487203806215,0.08371780428032283,0.16603417477951413,0.9044537430756985,0.08771561353848459,0.024459123557971585,1.3114659177087953,0.41931383159475727,0.031307003473055435,1.1215238087761061,0.2857868762724552,0.11341824761334476,0.997957185001233,0.08734688834198714,0.20272129690153337,0.9421519973885365,0.03343731775086193,0.19581861450198262,0.9352357857447621,0.02733931166435312,0.13731854138099117,0.9227658841931208,0.03501016911434501,0.0169491525423728
0.2613961502100748,0.9072877961160478,0.408505392601454,0.2867335347455574,0.48223286607220506,0.47984529680926796,0.27340025415653346,0.11314993696497883,0.5070051959734676,0.2668066537723472,0.0897828966742511,0.3230708463305485,0.3238179671019968,0.09997907128108964,0.345314663441527,0.2521639031013403,0.038653686952846156,0.5909654416259665,0.08371222373249111,0.9033036193151094,0.39577780131622486,0.07189401068995017,0.46200976067138905,0.4877102744644676,0.07913288682957789,0.11308488453180211,0.5121104609454016,0.08752488715311463,0.09959491410570756,0.3084538305442275,0.0372187608346666,0.07864322144834363,0.3760656725232845,0.09317269108640137,0.06967689587693249,0.5389274497611276,0.17994661289023142,1.3962042150498672,0.4083187440058342,0.17929707101030484,1.6425618857647677,0.40535370682622757,0.18126263356498318,1.5004735858121283,0.3459947701107843,0.3058421130268854,1.328828846095879,0.39400263508009586,0.3129224528193331,1.1281526351339912,0.2762577325847638,0.21863517447065342,1.00203800539546,0.0890445471436026,0.1646003631507112,0.9115274004663758,0.0786507846343863,0.15849297851508215,0.9090380108293062,0.08635020542207214,0.1666062282090788,0.9057429309614163,0.08526906293693653,0.02538851495208637,1.3108749116955725,0.4230642053447943,0.03170311107933342,1.1254477928357869,0.2835998091341622,0.11234081100594887,0.9997373421822274,0.08565139314823311,0.20192926170097233,0.944551384998626,0.03311343198122261,0.1957574244769079,0.9346986373992949,0.029342777186762488,0.13616115698301753,0.9244940791928261,0.032122644763360346,0.0338983050847457
0.26159916444637793,0.9068333204120647,0.4068444975674699,0.2867182283871096,0.4808911389597248,0.4799598565763316,0.2728856672974959,0.11370076734071806,0.5066685920159101,0.26749161369523006,0.0886276974787512,0.3252044373194438,0.32487872911451354,0.1003832002109918,0.34345593696897103,0.2518086437244077,0.04123863553331872,0.5880440748164688,0.08398294130685097,0.9026504884219365,0.39587793562889245,0.07188747577781127,0.46193865663575345,0.48786264777540533,0.07944090467444503,0.11302278344019527,0.5122414743880888,0.08750527781457111,0.09975340953632225,0.30882369136250315,0.03725119836647081,0.0794682706897636,0.3759176619263169,0.09309190321966719,0.0682011255332261,0.5409371824859963,0.1800447038549877,1.3961754076301884,0.40833974771098663,0.17936148713902597,1.6419954954160294,0.4055226935996596,0.18178356441710797,1.4996022285137625,0.34872782716075706,0.3058247835195623,1.3287423134789198,0.39397248829227405,0.31291020722964846,1.1279854637038713,0.276069715339034,0.21789499285839586,1.0043267266469773,0.0853540667910775,0.1640454030843225,0.9112925068110582,0.08026213611405189,0.15893355055770936,0.909038763321398,0.08649879692708384,0.1671382511103994,0.9072121562588646,0.08327449606435605,0.025888755675737035,1.3105498070136863,0.42509456006512786,0.032681979794558357,1.128390210501801,0.2812629608780139,0.1117796753809931,1.0017978399139695,0.08300240434504502,0.2010374947842488,0.9468150342781488,0.03381739835046343,0.19574463498699923,0.933997289572581,0.030975014415195637,0.1357672870382659,0.9261299730792932,0.030372767141642394,0.0508474576271186
0.26173704527250435,0.9064938574224899,0.40526434946028245,0.28661645002965896,0.47979869736179565,0.47999564570513575,0.2725954749917645,0.11435226170595164,0.5061348386361564,0.2683934914107526,0.08801431843571365,0.32610611808374773,0.32547989750320544,0.09998702348231045,0.34302181675477095,0.2515553116223467,0.04335494418460988,0.5856523709455246,0.08418969140223952,0.9021073816287222,0.39596553683038765,0.07188968206492864,0.4616694749820983,0.48801492929791657,0.07972508353821794,0.11280362493701607,0.5124036102636141,0.08755608746813885,0.09963712665853725,0.3093271352933563,0.03739723168853355,0.07996771400591439,0.37543206311759697,0.0930972967581236,0.06719689692946926,0.5423889815583792,0.18025623691435902,1.3961615249166184,0.40831085319639476,0.17945210691520633,1.641226763684161,0.40574380086911616,0.18191975118133638,1.4990229053672022,0.3519434633614138,0.3058272483364791,1.3286697172262936,0.3939569383584072,0.31289339791767956,1.1284579940141612,0.2760302946703129,0.21753592193907476,1.0073296165774148,0.08133482753895331,0.16418373334435749,0.9120030825035821,0.08022125823563461,0.1601565396830927,0.909683735439225,0.08487957748356093,0.16764386248859495,0.9087856044315256,0.08156264156427662,0.026061619044057335,1.3104274969453529,0.4258132450397706,0.03400835728094223,1.1304978641890286,0.27895434510441414,0.1116143625809417,1.0039791838536634,0.07973326996170929,0.20012579665957708,0.9489224558249238,0.035152032244702223,0.1957690749768355,0.9332566706901718,0.03226314357513855,0.13591965144765566,0.9276244891823392,0.029517382909386367,0.0677966101694915
0.2618207248813034,0.9062534983004007,0.4037776356484362,0.2864393030140704,0.4789337877984764,0.47996181447323816,0.27250249977484864,0.11508016765218322,0.5054462589201575,0.2693047672635178,0.08782279885259976,0.32611475512928595,0.32566250335058533,0.09911523546091752,0.34351793850532697,0.2513933895363915,0.04504277160146469,0.5837446634835228,0.08433921028709446,0.901663863310807,0.39604093147485375,0.07189984506723411,0.4612304049392951,0.48816527223210515,0.07998568295850243,0.1124506509013955,0.5125906847240075,0.08766399219750931,0.09924245024742995,0.30986708835559285,0.037538434808118935,0.08009307917232908,0.3749554543911219,0.0931788381586153,0.06661396264225683,0.5433380543707571,0.1805188525916409,1.3961569397770603,0.4082671956606218,0.17955405486534023,1.6403791237042442,0.4059864656858985,0.181741240331657,1.498658554728599,0.35538788998562787,0.3058426851331811,1.3286102769996224,0.3939521121865396,0.3128575324249359,1.1294509932143175,0.27609192973815055,0.21749102237736545,1.010546842735651,0.07754384279108409,0.16476162177141115,0.9132953759633987,0.079130935114876,0.16175332585278507,0.9107056847651127,0.0822085457797067,0.16813668134878496,0.9103874609428794,0.07996422808023204,0.026008878372181077,1.3104448747727862,0.4256286095527363,0.03544699120069714,1.1319175563123474,0.2768519754137678,0.11172439444825921,1.0061218796585099,0.07617733802751292,0.19927396783517198,0.9508531602367672,0.036720149050057216,0.19581957339099593,0.9326017091776175,0.03323428489207754,0.13640097011210656,0.9289285508317796,0.029313338726787742,0.0847457627118644
0.2618611354656244,0.9060963341988743,0.402397043500476,0.2861978906812086,0.4782746567898259,0.47986751315819665,0.27257956418225765,0.1158602327709165,0.5046451759538639,0.2697525197641724,0.08786490894552394,0.32562439393959797,0.32539526307787237,0.09818209269909511,0.34421635594185224,0.2513123602077764,0.046342276478629096,0.5822752859008522,0.08443823422985347,0.9013094978435315,0.3961044461164338,0.07191718030065947,0.4606496357362157,0.48831182977807486,0.08022296247290425,0.11198710321246412,0.5127965139212981,0.08781939508370226,0.09845885114959835,0.3102120157616759,0.03744284045630697,0.07964906398566031,0.3751661281399194,0.093326493877987,0.06640207524818326,0.5438396083156108,0.18084591949112716,1.3961982120046252,0.4080257206874746,0.17963803433036424,1.6397004799938435,0.40619058857746115,0.1813598283822203,1.4983993707113097,0.358797205020913,0.30586498937358636,1.3285609612970637,0.39395734008151007,0.31274921280380497,1.1310326574291611,0.2762123607139213,0.21777208948623572,1.0129370320174511,0.07514969676713341,0.1654159566828723,0.9145869523771012,0.07782727560242628,0.16292243507597973,0.9116541971055862,0.07968398232309767,0.16860318309889488,0.9117012203445989,0.07859235790311037,0.025870281965914163,1.310518533546235,0.42509772325377737,0.036664239748536095,1.1327651966648955,0.27530564229781845,0.11186910939870369,1.0079459339585681,0.07281579857471202,0.19862270661133996,0.9525345623644079,0.03802329100780221,0.19588851732291426,0.9323655781294704,0.03401843240885745,0.13691631958450234,0.9299260112079263,0.029436182375303127,0.1016949152542373
0.26186920921831663,0.906006456270988,0.40113526038494607,0.28590331637193833,0.47779955085590353,0.479721892037569,0.27279949074950094,0.11666820465365517,0.5037739128232261,0.2697713014013471,0.08808273123605387,0.32509110975507216,0.32477054601673316,0.0977044821680136,0.34462777872262623,0.25130170637773575,0.047293617510848804,0.5811985716679018,0.08449349949895422,0.9010338496022365,0.39615640730927104,0.0719409032811365,0.4599553566017317,0.48845275513592995,0.08043718161902921,0.11143622374935294,0.5130149140075158,0.08801259346329901,0.09735056472570411,0.31042548919705365,0.037020365460729815,0.07865131817354712,0.3763195390181019,0.09353023037308338,0.06651098732384322,0.5439488507854211,0.18100417116562673,1.3962391290944767,0.40780560870299576,0.1797049780621284,1.6391777581154348,0.40636065705785124,0.18071910051840473,1.4981684289258888,0.36172406915293115,0.305887302929364,1.3285194223027497,0.39396995711723354,0.312596040049244,1.1328762594008148,0.2763347422950725,0.2181400362159716,1.0144852335290497,0.0742808583610188,0.16588452385820118,0.9156450221952449,0.07701765231376652,0.16362258522354978,0.9123917774981738,0.07767474258757379,0.16910529283759906,0.9129775693650433,0.07680392216424875,0.025756610308576344,1.3105748440692744,0.42467083578434894,0.03731261998231038,1.1332808419582547,0.2743877948983828,0.11196316745432919,1.0093742365271505,0.0698850675584062,0.19823386396796755,0.9540421504277873,0.03847727037521954,0.19595450591275812,0.9324284126083757,0.03464183522417201,0.13718980558860255,0.930599828463389,0.029662239282443055,0.1186440677966101
0.26185587833222945,0.9059679556698189,0.4000049736703911,0.28556668342712443,0.4774867165167678,0.4795341013889131,0.2731351020120879,0.11747983089190246,0.5028747926141952,0.26936356858649657,0.08848922154285621,0.32472662624401916,0.3239026692823611,0.09771638666496013,0.3445610125469876,0.2513509107875037,0.04793695339286909,0.5804688542550605,0.08451174236283442,0.9008264829622625,0.3961971416075085,0.07197022952459704,0.4591757567647148,0.48858620150577414,0.08062859993448311,0.11082125439119299,0.5132397011346901,0.08821088056851477,0.09607000562700284,0.31048177190617576,0.036276203028366386,0.07719531236381648,0.378410172029809,0.0937800141007491,0.06689045144583139,0.5437209891726685,0.18090454375086823,1.3961915149161048,0.4080966076510288,0.17974586453529837,1.6388811147028939,0.4064751462273777,0.1799845840013966,1.4979330528496557,0.3640285039381467,0.3058888059051882,1.3285024320195662,0.3939563567789324,0.31241908928280615,1.1345725199141659,0.2763953513512333,0.21853440266091484,1.0150820014967707,0.07495783001833256,0.1660472973903162,0.9162692801380597,0.07693757000445986,0.16370490124170423,0.9127859918525483,0.07655421794921882,0.16971564142219955,0.9144113707591265,0.07382464835209068,0.02571537727971618,1.310581083539116,0.42454138923790025,0.03738860563970912,1.1335756815343294,0.27412465560717814,0.11207265801047306,1.0103240069726414,0.06763809801650371,0.19812618761667417,0.9553643861329021,0.037742917274317694,0.1959947101558459,0.932785204769167,0.03483166530447406,0.1371421601912033,0.9309798843784589,0.029811433435216785,0.135593220338983
0.26183207500021216,0.9059649235484445,0.3990188707253557,0.2851990951876317,0.4773144002924783,0.47931329148978685,0.27355922050552794,0.11827085907716274,0.501990138412722,0.2686482187828047,0.08909194092052708,0.32448598279773805,0.3228889333065627,0.09790620825569289,0.3442147208412473,0.2514494561783146,0.04831244281943567,0.5800404671327168,0.08449969908993173,0.9006769622989501,0.39622697556528946,0.07200437454697287,0.45833902545403676,0.4887103220877115,0.08079747695687171,0.11016543701711504,0.5134646914548506,0.08837830980843286,0.0948246961349588,0.3103816286107257,0.03531905252906542,0.07544782618967262,0.3811276039786707,0.09406581151782889,0.06749022019074263,0.5432112308698342,0.18055044662192127,1.3959754756471285,0.40926197811375864,0.17976001352506027,1.6388140624833532,0.4065289932919585,0.17937065650243658,1.497731803816019,0.36572606399649904,0.3058391155905483,1.3285404533558007,0.3938423022741483,0.31223461216413856,1.1358813271266057,0.27634440192762133,0.21899567646144993,1.0149475061418285,0.07664499465620772,0.16601360042439497,0.916516569613755,0.07721871666381433,0.16327101659055518,0.9128852619561207,0.0762235132922626,0.1705003527099122,0.9160838351995986,0.06941281732552204,0.025715734851379304,1.3105569130062917,0.42458575781227686,0.037190562708382995,1.1336886038072183,0.27429915758198503,0.11238274778048232,1.0108126278640663,0.06614255239411519,0.19821375167626132,0.9564782816549815,0.03603190337595174,0.19602484558667865,0.933510742095291,0.03414254536619033,0.13692460065176093,0.931158083546353,0.029795895981459763,0.1525423728813559
0.26180873141511407,0.9059814510599418,0.3981896389183844,0.2848116549943249,0.47726084870309365,0.47906861261774786,0.27404466876533046,0.119017036800939,0.5011622733047567,0.26782440348263725,0.08973611699342875,0.3243393398387,0.32183606319154634,0.09803961105491535,0.34381299056180104,0.2515868252914027,0.04846024448529449,0.57986774377126,0.08446410594868384,0.9005748519876399,0.39624623573675705,0.07204255386419578,0.4574733518985695,0.4888232700818457,0.08094407222380083,0.10949201350625007,0.5136837011200268,0.08848785268076687,0.0938284210588725,0.31018506592719497,0.034283576251000286,0.07362077261700871,0.38407413199602747,0.09437758908116742,0.06826004613517123,0.5424747832693988,0.17998656068535618,1.3955869044597526,0.4112769579344947,0.17975788343462568,1.6388874785726246,0.40654270743148513,0.17901995471241106,1.4976157463171818,0.36674295700705933,0.30573204663401043,1.328636639993317,0.39360568912166305,0.3120539586749839,1.1367778690394412,0.27615509385627085,0.21950002379700356,1.014542904901813,0.07846224848854957,0.16592930603759287,0.916544984368945,0.07745253893347165,0.16263247604557052,0.9128424781591926,0.07630372805529419,0.1715123118688227,0.918001552384452,0.06385407904011066,0.025721699189399296,1.3105294547726654,0.4246575031435872,0.037020154490902735,1.1337463750666434,0.2745862749428429,0.11303817306271506,1.0109494276410655,0.0655009106467977,0.19835947124443382,0.9574264829982628,0.033796215482375866,0.19609355578705007,0.934649614882928,0.03237729660598698,0.13670826619538312,0.9312281037901048,0.029596674380574284,0.1694915254237288
0.2617967797697845,0.9060016293573881,0.3975299656180218,0.2844154661880688,0.4773043082686726,0.4788092150503541,0.27456426932700484,0.1196941116547354,0.5004335203762504,0.26708816194504964,0.09016463429348057,0.32431518113698443,0.320879381174415,0.09810672111814225,0.343417623062776,0.2517525008680023,0.0484205170851906,0.5799050176410789,0.08441169920752842,0.9005097164036724,0.39625524867605433,0.07208398299219758,0.45660692532718433,0.4889231986882809,0.08106864527287624,0.10882422573772846,0.5138905462822484,0.08853731342397166,0.09319239087850507,0.3100002494890732,0.033308478773612635,0.07194769245295927,0.38684147764297,0.09470531324760939,0.06914968185571224,0.5415668537638431,0.17927938650428166,1.3951348381512005,0.4138530295339168,0.179753968480031,1.6389769108472452,0.40654713813705073,0.1789370494517783,1.4976016367590839,0.3670346010938099,0.3056428739715077,1.3287299348495734,0.3934439627274975,0.3118904553656805,1.1373045151375518,0.2758396671713904,0.21993692606936482,1.0143084303183854,0.07975056369115877,0.1658713066415846,0.9165007696030094,0.07751807161591603,0.16213499038851356,0.912805387608529,0.07640950772320346,0.17271715421624942,0.9201624979487477,0.057565974504353,0.025719709770457948,1.310511558932205,0.42470215670736094,0.03699028757004428,1.1339300217101496,0.2748347578299115,0.11406786664951185,1.0108769406794214,0.06592897775438246,0.1984777365510335,0.9582623732842523,0.03144639226599699,0.1962175150478767,0.9360242780446889,0.02985997702420779,0.13656034116089807,0.9312570080153098,0.02929626165128757,0.1864406779661017
0.26180715225707235,0.9060095495938626,0.39705253819281155,0.28402163210972775,0.47742302550927784,0.4785442490651625,0.27509084472605994,0.12027783123005889,0.49984620271315267,0.26656770094327126,0.09020755317836074,0.3243986869438967,0.3201770847078367,0.09821244822484364,0.3429482954578723,0.25193596564934717,0.04823341931387345,0.5801066222125612,0.08434921513490301,0.9004711199223898,0.39625434093732376,0.07212787744690999,0.45576793496875645,0.48900826110712003,0.08117145564170361,0.10818531559068471,0.5140790430935441,0.0885455251134489,0.09288545448961075,0.3099078355440575,0.03254028384407444,0.07062464488761129,0.3890093792254415,0.09503895047399932,0.07010887992896256,0.5405426497456467,0.17850941524575514,1.3948014863063092,0.41663029337349594,0.17975538116686823,1.6390169499137686,0.4065591414532498,0.17900896652601775,1.4976549075271504,0.3668393779599868,0.30571527942772436,1.3287150075665746,0.39373612892356274,0.3117601704205531,1.1373835978878704,0.27545598387088793,0.220230695728531,1.014413844691095,0.08039500621679385,0.1658696678513338,0.9164804651588173,0.07749649233472983,0.16192862603709285,0.9128258570729724,0.07638862554524745,0.17395624019667985,0.9224569026077772,0.05104690927855983,0.025711928123648385,1.3105019877095678,0.4247293125240658,0.03706823162844372,1.1343519801182882,0.27508834539979576,0.11538783513917819,1.0107185042083404,0.06742629311088384,0.19856728400435658,0.9589574648966726,0.02931816528686667,0.19631527154237555,0.9372468207369025,0.027279917574516435,0.1364662664776199,0.9312975607156346,0.028998517625896426,0.2033898305084746
0.2620023990745301,0.9058505937357837,0.39720198732263223,0.2836794282269103,0.4778659747558212,0.47830023670748534,0.2752670480114347,0.12021190531919594,0.5005413279339547,0.2663143112661184,0.08985997434089327,0.32450837432593227,0.31984510869209,0.09840550403716483,0.34237883339907427,0.25210486288723055,0.047610635754325614,0.5812038443772689,0.08450999881436642,0.9004930948456196,0.3963403465169497,0.07220038111427993,0.45511718580835814,0.4891429247176713,0.08110919319208108,0.10790926717547555,0.5141368239013306,0.08853179478381301,0.09280831921169298,0.3099032273078263,0.03210358222530608,0.06974066684265019,0.3902250665272334,0.09516798293253938,0.07070217261266394,0.5398047494594295,0.17777174320275546,1.3947324171862288,0.419239508173813,0.1797602045781303,1.6390162563088404,0.4065786494246967,0.17909798428116697,1.4977202312066213,0.36655816509700534,0.30605690504231164,1.3284613611689364,0.3947473165899499,0.3116652887800413,1.1368576768826895,0.275107261355524,0.22038518422632225,1.0147735891034286,0.08058902208076506,0.1659218571491126,0.9165098820114485,0.0774921234723181,0.16192785447872304,0.9128743795787254,0.07629824520191843,0.17503165341992058,0.9245989108548598,0.04504217625949128,0.025704587170842234,1.3104941218129815,0.4247578214596038,0.037194270079946086,1.1350077032882206,0.2754107920276381,0.11682414789663181,1.0105905943432096,0.06961696874240755,0.19865582798095854,0.9594049174615709,0.027671131472982675,0.19623921381656662,0.9379407677725273,0.025374712802884086,0.13639158060866313,0.9313634738815585,0.028761657068778333,0.2203389830508474
0.2622318327005606,0.9055722608794337,0.39792308348680144,0.2833755791278565,0.4780623919661061,0.47811040685818795,0.27553097395549236,0.12019488393314452,0.5010069692894195,0.2662876057222887,0.08921899871173448,0.32455863394795686,0.3198305404856908,0.09853348449277805,0.3419781950700637,0.2522530000626281,0.047330011943495884,0.5815375834604984,0.08458648657262097,0.9004408919409119,0.396390822138584,0.07226987767355511,0.45457017189391424,0.48924955129524594,0.08111303654697763,0.10761787341642477,0.5142143618887616,0.08851020379443669,0.0928450200982521,0.3099299149991712,0.032022270487323486,0.0692277303292258,0.390423405171127,0.0954261080294882,0.07134371285217557,0.5389328069377947,0.1771735651367493,1.3949713365447778,0.4213095288069026,0.17976430786901687,1.6390059726125215,0.40660249862915404,0.17913898670240047,1.4977670142614679,0.3664179550078907,0.306665475465026,1.3278571961940382,0.3964404719188424,0.31159184406592144,1.1357549654723915,0.2749008509087963,0.22044530457473438,1.0152012911557173,0.08055328754639744,0.16596899151468153,0.9165653617934664,0.07753366271375683,0.16197420727825013,0.9129101926411205,0.07623084521311593,0.17582807088345997,0.9262127639723795,0.04050408665354752,0.025700567927438266,1.310484402377429,0.42478699710817863,0.037332123604069276,1.13580264140889,0.2757939246665645,0.11811430307134765,1.0106110202546141,0.07202284949665015,0.19872534689030183,0.9594871652574724,0.026634958886451184,0.19589466141116785,0.9379655849582181,0.024664692398210168,0.1363205094409906,0.9314272750498575,0.028604188003534557,0.2372881355932203
0.26251588404044823,0.9051488462192201,0.3991118888881656,0.2831134745723209,0.4780360185484822,0.47795329044206025,0.2758415336427448,0.12021738064061363,0.5012918691240204,0.2663782118334185,0.08843147311991893,0.32450267811968986,0.31988023778741004,0.09828760853169999,0.3422515337933296,0.2523826560699213,0.047313021256239374,0.5812628111306807,0.08458138955422809,0.9002778861854769,0.39639520848794063,0.07232316687986912,0.4542198885576572,0.4892695866794545,0.08116418449104963,0.10736459691379756,0.5142813831741001,0.08849325054305893,0.09289397648699467,0.3099473615181828,0.03217368822463581,0.06886023342551942,0.38995855814885105,0.09576351300555651,0.07202664007704258,0.5379426550695233,0.17680497694100802,1.3954828456217072,0.4225432639716996,0.1797655903548216,1.6390052635115675,0.4066319028455948,0.17914384863166888,1.497795075741226,0.36640696378581866,0.3074534601579631,1.3269265698141575,0.3985654878678459,0.3115811779696284,1.1343839616791316,0.27486607904201504,0.22047157291636604,1.0155131728373763,0.0804683169081905,0.1659040904813026,0.9166197292673932,0.07758068050710511,0.1619830160594771,0.9129140591838448,0.0762318863069861,0.1763540159398855,0.9270177057694782,0.0381737700038893,0.02569830653780903,1.3104739926819937,0.42480358052603073,0.03746316445538347,1.1365818465935908,0.2761520977202134,0.11895697613656128,1.0108359202166053,0.07425850064977343,0.19867101476612503,0.9591639253032854,0.026175987093975464,0.1952954682066229,0.9374262538657014,0.025319497208186284,0.13625843579047192,0.9314602078557744,0.02853283125285498,0.2542372881355932
0.2628627117793052,0.904605005752266,0.4004671812177687,0.2828948269677785,0.4778713447049907,0.47779737078355167,0.276094453374322,0.12017403119916949,0.5016154409737607,0.2665025243051241,0.08768953428171579,0.3243397448518535,0.31972753622612726,0.09744685899609741,0.3435752994296365,0.25249482012266344,0.04739284872916048,0.5807864288071115,0.08453949124747577,0.9000175551258298,0.39635839133882067,0.07235651428514032,0.45408343518748584,0.4891825656876025,0.08121368262113478,0.10723756053746852,0.51429748046215,0.08848648404877106,0.09291942817517239,0.30994919397489357,0.03237621898533695,0.06839502429968256,0.38935564567265785,0.09610200057452102,0.07268787504285462,0.53693492375559,0.1766799996141803,1.3961868045163308,0.4229020812227213,0.17976406477336745,1.6390145222400623,0.406669677919111,0.17914157976069914,1.4978115585079412,0.3664434921965941,0.3083047080487729,1.3258348551123031,0.40082290229114376,0.3117983315189069,1.133071979330149,0.274929587639023,0.22048960601783024,1.0156369303937995,0.08035398160926607,0.1656276010966321,0.9166576521630748,0.07760374630321966,0.16195759714222896,0.9128909632567422,0.07629187519742225,0.1766388662739189,0.926961050181534,0.03818910824463268,0.02569729465713128,1.3104627844038548,0.4248085072015129,0.03757644731510339,1.137152812903196,0.2763442268200426,0.119156606388195,1.0111944296260293,0.07596504063874751,0.19835625178153465,0.95852590223993,0.026193716155160522,0.19450279300858547,0.9365054775200766,0.027160807356620305,0.13621268159218303,0.9314510486680361,0.028556449394111533,0.2711864406779661
0.26324338754691406,0.9040238750864005,0.40166326769037064,0.28272710794347633,0.4776297253865168,0.4776283486405601,0.2761977274564265,0.11996086436107734,0.5022042962999225,0.2666436915794962,0.08719458687762456,0.3241023051532315,0.31928420304494665,0.09600723716049796,0.3459969894403959,0.25256972638766917,0.04746607630791484,0.5804445794173124,0.08447913594526016,0.8997296607065765,0.39628186422304934,0.07237539655511853,0.4540628476294835,0.48901761025880597,0.08123484892910635,0.10726091508844597,0.5142463269217513,0.08848660895499211,0.09294133513394755,0.3099409593943121,0.03252825207546969,0.06776478477853996,0.3889149271827705,0.09638547249895572,0.07319036130401309,0.5361352245396557,0.17670408783937352,1.396970560515427,0.42271310648950267,0.17976181216686707,1.6390141359945893,0.4067168924212889,0.1791445063276744,1.4978198611145892,0.3664804705046689,0.3090893096298085,1.3247802708080183,0.4029227000429974,0.31244196795983953,1.1319277939054757,0.27498188179284866,0.22045237590826325,1.0157011916548602,0.07999716824728584,0.16509400710585492,0.9166718256407457,0.07763097584631762,0.16193631498208239,0.9128706248202799,0.07633755223634864,0.1766172944556404,0.9261792867135672,0.040245938578999475,0.025706660454465124,1.3104417760808056,0.42484615115148555,0.03767297172120547,1.1373250831392778,0.2762854622970606,0.11875024901300106,1.0115356573582677,0.07681707728198775,0.1977602124456544,0.9577394116505585,0.026678727843805247,0.1935666675667269,0.9353537703941587,0.029716465064093638,0.13618192307613286,0.9314024960609364,0.028672186071870324,0.288135593220339
0.26361731124661053,0.9035240096559235,0.4025075577001109,0.28262114530310234,0.477366968508576,0.4774656182751602,0.2761318632690438,0.11952786913632085,0.5032350006871258,0.2668045622018396,0.08706944659704965,0.3238341224801399,0.31861496508781945,0.09409679266345736,0.34932367173293616,0.25258086561778276,0.047466414206257086,0.5804087407374084,0.08438641612224554,0.8994864357745479,0.39615977940695085,0.0723868581834099,0.4540367614838534,0.4888229158261392,0.08123601398304761,0.1073687576615657,0.5141420133396525,0.08848841111660566,0.09298044835987808,0.30992531320954264,0.032627951408810724,0.06708713107551874,0.38864941077608894,0.09657084615744621,0.07340195743089503,0.5357675034186931,0.17674442777928584,1.3976964758712271,0.42243829557418966,0.17976301682183826,1.6389710485504687,0.4067727353604278,0.17915121021886427,1.4978228346668028,0.3665061704709406,0.3096603855537793,1.3239592629809547,0.4045708530968556,0.3135683316160487,1.1309173644381,0.27493278175017105,0.2203032149960517,1.0158980786464435,0.07923331592858066,0.1643667493607059,0.916673332790346,0.07768346030813622,0.16195486474539078,0.9128988094046132,0.07625132627770173,0.17617791705332636,0.924848476367629,0.04410062679659404,0.025746864293592076,1.3103952958661065,0.4250033986011167,0.03776324652601476,1.1369530914050785,0.2761324087752814,0.1180013712019157,1.0117086870782244,0.07681436842868786,0.19707514927676686,0.9569442565841164,0.027704749148162428,0.19258472198366003,0.9341437948746372,0.03232232766399224,0.13616046885517558,0.9313365751896501,0.028851200751303603,0.3050847457627119
0.2639523103730472,0.9031829812567875,0.4029041180573479,0.2825848108899762,0.4771516817585077,0.4773463531115467,0.27592914608656044,0.11888047091296894,0.5047309232598922,0.2669616765229658,0.08728123343867412,0.3235862768815386,0.31784172215303375,0.0919445730316053,0.3531374106306779,0.2525348508431295,0.047381300586617436,0.5806346612707579,0.08425198107365525,0.8992917453701579,0.3959881143042253,0.07239141396918239,0.4539831960254715,0.48862807881554754,0.08124218001157849,0.10746203960412039,0.5140111318502646,0.08848911306930667,0.09303864887978146,0.3099052490739803,0.0326991203119681,0.06652676029804057,0.38848734730421625,0.09663195189549327,0.07329990747802298,0.5358733824593456,0.17674314638164504,1.398189848786167,0.42231395372772107,0.1797707228698885,1.6388744991578637,0.4068295199402434,0.1791584800365572,1.4978245084232606,0.36652368953765446,0.3099217722001667,1.3235178810065718,0.4055337810081981,0.31504234021759503,1.1300245073742508,0.2747108681606016,0.22010572147717594,1.0161797512448694,0.07843724821518297,0.16369142590274088,0.9167155071193498,0.07761366729137599,0.1620173359880785,0.9129945500836016,0.07599248736726427,0.17528410076644413,0.9230962235119589,0.049628125358887026,0.02582338163112719,1.3103235823730546,0.42530107172705056,0.03783068561215086,1.13596273273642,0.2762731382188771,0.11726259067229154,1.0115266439948323,0.0765627827062892,0.19663425599190526,0.9562338337619285,0.02927787957758251,0.1918149708642593,0.9331696133283085,0.034221582362056614,0.13613942121119887,0.9313133069802664,0.029024614287609087,0.3220338983050847
0.2642340193232559,0.9030070619400091,0.40279803718411683,0.28261598319939113,0.47704843934690366,0.47728176317508203,0.2756167870319845,0.11807730712176145,0.5064886769330621,0.2670628915586289,0.08765186405829137,0.32342198202481626,0.31714168053295694,0.08998845784423296,0.35665504017711447,0.2524749860202337,0.047281391216412685,0.5809027192740944,0.08408759936524896,0.8990953190158454,0.3957704379701474,0.0723847636543582,0.45396574432419357,0.48843156619105144,0.08127378165708715,0.10748087368363121,0.5138745401863437,0.08848797412127646,0.09310689311190315,0.30988741689876503,0.032748853031152554,0.06619698736139935,0.3883943563735214,0.09657688389248974,0.07299681276687014,0.5362629284900928,0.17673288054361827,1.3982504827536364,0.4223120125782655,0.1797807447017495,1.6387880639977723,0.40686266598919807,0.17916729263826447,1.4978278122767266,0.36653904184582814,0.3099543107514409,1.3234478349347507,0.4058148989127168,0.3166496337009582,1.1292735959659295,0.27428623031894606,0.22009154840668682,1.0161850779956472,0.07859488227607256,0.16341110927378105,0.9168842143324913,0.07705978825735693,0.1620719607198129,0.9130888884437276,0.07576405478407698,0.1740253280141894,0.9210724729665464,0.05627573153164296,0.025881424236773774,1.3102691216516933,0.4255200375558672,0.03779681083132892,1.1343615137473946,0.277018730474508,0.11680075967890287,1.0107198869086311,0.07702687997371421,0.19669820489016573,0.955698086911109,0.03126441357322812,0.19161176252693143,0.9327780576263547,0.03471446215180649,0.13609833257409268,0.9314290882075407,0.029022715624115125,0.3389830508474576
0.2644779227657586,0.9029892521688283,0.4021837086343971,0.2826922792096006,0.4771060515444028,0.4772264808938788,0.27523084511473683,0.11718707295313602,0.5082303822265684,0.26707492518495796,0.08799426416289467,0.3234076189857434,0.3167379443434098,0.08883564258210765,0.3588377896658728,0.25243112750035507,0.047272718574973824,0.5809832910120006,0.08391758079441307,0.8988684905178129,0.39551611955469407,0.0723598081180707,0.45401739392932794,0.4882178662345312,0.0813333651378553,0.10743393305657635,0.5137400512336836,0.08848504504829699,0.09317361539903186,0.3098770297823053,0.032774680871079084,0.06611896113467056,0.3883611281557408,0.09646097821129729,0.07269153293778459,0.5365999006266119,0.17676419355251988,1.3977606426643752,0.42234572229255307,0.17978144694333434,1.6388356429197064,0.40683699374428134,0.17918034405134897,1.4978334920626006,0.36655472287384006,0.31002193288489444,1.323619312488389,0.4057301851991052,0.3182377713352402,1.1286723789668014,0.27373367373428237,0.22052097693174272,1.0154891661116046,0.0806542410569876,0.1636989674092731,0.9171760906836987,0.07586257872634833,0.162035364207408,0.9130390095960281,0.07596798239543548,0.1726129156391325,0.918999081512443,0.06294602941185518,0.025815995154475108,1.3103011934084008,0.42524826177226416,0.03756050794663257,1.1322484084953484,0.27835981352681877,0.11671521945943855,1.0090694275171355,0.07883174066431348,0.19729212145024982,0.9553748048982906,0.03342575559021133,0.19215978811299814,0.9331033690162874,0.03359590567586813,0.13602014697586828,0.9317301277811456,0.02858611923454492,0.3559322033898305
0.26474940799855884,0.9031686933583831,0.40109552585413144,0.28276967292308597,0.4773417027716791,0.47711485290491895,0.27484215979846627,0.11625454879407754,0.5098124521968109,0.2670347621645154,0.08825560954092822,0.3235916416399238,0.3168009815644872,0.08895849579880032,0.35888193932509344,0.2523876716623585,0.04745644627754063,0.5807378358149349,0.0837648094128848,0.8986284494766221,0.3952400979245559,0.07230347779296682,0.45410264033823144,0.4879815930991175,0.0813971793952583,0.10736120476695786,0.5136003519184933,0.08848033346046288,0.09322948388906105,0.30987581678262033,0.032780122407527756,0.06621477623110601,0.38836354827517483,0.09639311740837221,0.0725499995602171,0.5366022237775142,0.17685240832041899,1.3967703346822407,0.4223886209140958,0.17976244205122677,1.6391069832726286,0.40673321836522247,0.17919846157938188,1.4978416166865967,0.3665641179669308,0.31037834628504357,1.3239053773842366,0.4056941262533707,0.3197442327644063,1.1281648612989876,0.2732340888973046,0.22149480009993056,1.0138277591718652,0.0848524263486033,0.16443220344098441,0.9173386311911026,0.07461928521249248,0.1618263817158545,0.9127390060162275,0.07691503392600554,0.17131186455988082,0.9170688189170151,0.06866810153428107,0.025553301454265036,1.3104618114765632,0.4241971720809727,0.03708330805020847,1.129780019787968,0.28008659527906404,0.11698406729404602,1.0066241464772872,0.08186344248697015,0.1982627418682782,0.9550801759801038,0.03543422973023142,0.19333107315872033,0.9338708967154142,0.031558141224028446,0.13595121141993832,0.932049611567256,0.027716169260192332,0.3728813559322034
0.2651417497062038,0.9035979516825398,0.39959455343824524,0.28280977588688866,0.47770035931185645,0.47696060989496647,0.2745075569969348,0.115351563384906,0.5112299336962252,0.26701312586290116,0.08849112616286338,0.3239179226485537,0.3173496691899032,0.09040781370205567,0.3566711817775475,0.25230644939883234,0.047845799780233886,0.580208788919496,0.0836315275500822,0.8984132984572986,0.3949544758029735,0.07221193742519319,0.45420260642284127,0.48774083992895984,0.08142928628778709,0.10726734034124072,0.5134445431180459,0.08847434485181888,0.09326769816524451,0.3098855585040377,0.03277649740755098,0.06636656601090261,0.3883621021440156,0.09647892489041729,0.07257011487273421,0.5362594582507961,0.17697285614365524,1.3954391869811134,0.42248397037194757,0.17972166264856368,1.6395982217272769,0.40656272505806046,0.1792208135348558,1.4978525302414167,0.3665546978478613,0.3110933403451445,1.3241605236099494,0.40593715211074116,0.3211104644708003,1.1276683210504623,0.272972350415429,0.2229165312317361,1.011132831352623,0.09070559982987345,0.16533200332458792,0.9169813049003774,0.07443244647086003,0.16137212816436697,0.9121983051057442,0.07862789168316142,0.17033397183145035,0.9153465835371798,0.07310028676732822,0.02510174831443269,1.3107395686170307,0.4223944544979931,0.03641196478117556,1.127111041871543,0.2820873169768424,0.11753961207365196,1.0037353774917517,0.08555207575008311,0.19944357323680617,0.9544258856278472,0.03684582052976611,0.19484804340433168,0.9345884300545305,0.02976329246379323,0.13602825893831189,0.9319590852153153,0.02711825717242069,0.3898305084745763
0.265675600539548,0.9042236112911566,0.39777578070921826,0.28281105835944886,0.47805786055023225,0.4768849741294824,0.27422306266556945,0.11460230598548597,0.5125101974802762,0.26700963602481087,0.08871404257998598,0.3240882753666773,0.31822149438400243,0.09273825399852478,0.35291283524383443,0.25216895604287615,0.04827979906554143,0.5796977420045856,0.08347903819363708,0.8982461177361728,0.3946477468544416,0.07210744697788575,0.4543862256937841,0.4875338936128581,0.08142492908902635,0.10712981460667517,0.513277271989864,0.08846975879016031,0.0932847601232225,0.30990661682771786,0.032774419766644455,0.0665025659136754,0.3883322874263987,0.09671412729308895,0.07258981067173734,0.5358104230281944,0.1770779748556332,1.3939509408646762,0.42272284432528995,0.17966458886551423,1.6402380868598458,0.40635651938139367,0.17924545026953237,1.4978642551223464,0.36652874344595154,0.31207884710021083,1.324148713527426,0.40646875813305583,0.3222574162199901,1.1271474364043226,0.27301707996671354,0.22457793927453873,1.0075313663736296,0.0974001815627622,0.16613210117606417,0.9159492203682287,0.0760064819982742,0.16068692636832016,0.9114939290092605,0.08087976262980827,0.16977919800307306,0.9137911559300924,0.0764397965198666,0.02452649270317557,1.3110937583631883,0.42009076368533993,0.03562649101057098,1.1244114834395376,0.28439166264505655,0.11827910128224704,1.0008232294390649,0.08942898297646895,0.2007442840504834,0.9531724327841655,0.037173221775592395,0.19652220379718432,0.934980451325343,0.028880461704683835,0.13643056882899218,0.9309544897799836,0.028050960877182014,0.4067796610169492
0.26624757659208964,0.904860536616029,0.395780966423553,0.2827990765295288,0.47831640703954664,0.47700552789774575,0.2739520450461947,0.11409241752233769,0.5136631303472352,0.2669246031603972,0.08883368229709067,0.3236831975177109,0.31912473113804096,0.09515892356698899,0.34890322698952403,0.2519978447451827,0.04854482455788786,0.5795585121191221,0.08323023189855547,0.8980917472060491,0.394292552599345,0.07202330765734051,0.45475371301660406,0.48739360966482054,0.08141276753341259,0.10696482474970223,0.5131120799180587,0.08847092749860838,0.09328426356791038,0.30993498360248306,0.032778607959138895,0.06661231534864158,0.3882782678670105,0.09697075363903966,0.07243575150468899,0.5355057389203773,0.17713832664169596,1.3924937000397402,0.42312245990766406,0.17960001965004668,1.6409324333392714,0.40614848978810936,0.1792687987990362,1.4978681664726166,0.36653393023913844,0.3131794541107782,1.32365257131361,0.40715311182906044,0.3231829092191786,1.126541507343294,0.2732805884473281,0.22623694765775226,1.0033806065480304,0.10403406881967918,0.16664457444840136,0.9144331395538956,0.07926113150289363,0.1599749314569331,0.9106719814347737,0.08330054826772927,0.1695879442173506,0.9123082668504883,0.07915543964672175,0.02390812328918957,1.3114873940712832,0.41761053374301044,0.03479809648272651,1.1218475693603598,0.2869070434336747,0.11901665505671948,0.9980573070535396,0.09344989398570105,0.20213968166724564,0.9513953649935769,0.03630926880787678,0.19825661452600057,0.9350480628038086,0.02898297828430072,0.13735911034449116,0.9286460378255533,0.03169991639555639,0.423728813559322
0.2667318229924355,0.905362982043917,0.3937855274836996,0.2827939292763988,0.47848297948790247,0.4773411310792467,0.2736846699700225,0.11376000101011202,0.5146805748295658,0.2666453079936058,0.08876934805518955,0.32260082101222637,0.3197683708157606,0.09687618098611979,0.3459434538016038,0.2518426383081452,0.048544716790399386,0.5798927962735417,0.08282213675373863,0.8978649820393999,0.39389783760124447,0.07198658245480605,0.45532874498290465,0.48730727502360227,0.08139877325062628,0.1068301933164395,0.5129498089902446,0.08848097101629174,0.09327472692530504,0.30996394783557507,0.032788275875799244,0.06669905327104064,0.38822115832452386,0.09710694143460752,0.07204745949454006,0.5354655742234905,0.17719826079299736,1.3912531945257858,0.42343087756449516,0.1795369703733408,1.641582777288662,0.4059670644891782,0.17928685247299758,1.4978503664461884,0.36666494689119755,0.31417770716939947,1.3226353378582292,0.4076812943277342,0.3239852880737779,1.1256683821835736,0.2735878512642945,0.2276672131659868,0.9992750411797406,0.10956862984322846,0.1667725292489965,0.9126612174485992,0.08367523478478625,0.1595299773812382,0.909725055194019,0.08550000195267982,0.1695229857049469,0.9106873356922658,0.08183551934717116,0.023327659745958438,1.311894894710132,0.41529295505495967,0.0339952790839095,1.1194362470450125,0.28930611688243446,0.1194865560721115,0.995322252630685,0.09785925268093432,0.20355505117842557,0.9491547809950232,0.03512471468567198,0.199806753193229,0.9346506836791535,0.030466664491577297,0.13900434451833218,0.9248345536453124,0.038661412191602865,0.4406779661016949
0.2670949772610026,0.90577311084001,0.391885701685479,0.2828029575113742,0.4786299302632533,0.47784199453791854,0.2734507972659536,0.1134612194419323,0.5155390228529785,0.26613813550090126,0.08852786981556378,0.3212306934235824,0.3199780613173058,0.09738867827890296,0.34481658523802833,0.251746274235632,0.04829928950381594,0.5805670877321483,0.08228665290699316,0.8975262550467105,0.39351437976883186,0.07201727629371497,0.45605373558501766,0.48719725835294786,0.0813523571211748,0.10677117232069439,0.5127832880418386,0.08850039034796173,0.09325873368008278,0.309984250161656,0.032799374120494,0.06674732798993575,0.38818252129287606,0.09705251720371044,0.07150629914523435,0.5357104633382078,0.17736530622373503,1.3903753393571454,0.42317419487653346,0.17948402294302335,1.6420920863767856,0.40583354766873997,0.1792971916405734,1.4978072804624294,0.3669568796134586,0.31480461846398905,1.3212667972017638,0.4076220283680141,0.3247208848529963,1.124366917692483,0.2737851409134468,0.22871207498967622,0.9959365688604074,0.11285646199211191,0.16651486375650415,0.9106639928538369,0.08863433855758218,0.15951059977828025,0.9086231423149987,0.087229790849461,0.1693071295026981,0.9086420856647492,0.08497709566688762,0.02286787176868249,1.3122689233280167,0.4134745476194285,0.03330185678930522,1.1169743175004758,0.29128209774002234,0.1194630634858384,0.9925076061479561,0.10286268976834069,0.20469455046165666,0.9462617404441478,0.03527462659490206,0.20063390662369365,0.9333008463643104,0.034369710452314524,0.14138016549048152,0.9196802026555634,0.048558184243499086,0.4576271186440678
0.2673673324577073,0.9062673903698762,0.38995442826394955,0.28283203690608993,0.4788100570292768,0.4784702540095206,0.2732816504254202,0.1131789276275274,0.5161995008014102,0.2654894153941774,0.08812983780314437,0.3201094556815278,0.3197213490949735,0.09656080470248993,0.345687647950827,0.2517243414507115,0.04789719493532909,0.5814172625357639,0.08175334089564323,0.8971771020694574,0.39311744589925907,0.0721276567463108,0.4568773188396409,0.4869824514092902,0.08124414697189047,0.10679441752705848,0.5126148599731388,0.08852725159265559,0.09322409139974303,0.30998345902846886,0.032808222967948275,0.0667252972820767,0.3881707729032541,0.09680700467406461,0.07096118557070145,0.5362141226563034,0.177717627975948,1.3898952191412821,0.4220140065242699,0.17944856786556507,1.6423851461977694,0.40576006550542926,0.17929997270066816,1.497766106952676,0.36721817468171924,0.3148601413203974,1.3198255829738668,0.4066847779180035,0.32532213961282297,1.1226656448912864,0.2738300241413098,0.22934039031710535,0.9938939463688874,0.11326483216044042,0.16599526326662595,0.9083968038116571,0.09343242548096864,0.15985746138381718,0.9073386304982919,0.08847496003155667,0.1687903704983924,0.9061258283919197,0.08860213152095103,0.022601957109821078,1.3124967080796368,0.4124137993992934,0.03279719641647842,1.1141665777331216,0.2928192523322486,0.11887706709461354,0.9896206696979571,0.10861609596027363,0.2050830328901576,0.9425245706556047,0.03805602533330924,0.20016037460811878,0.9305475302852614,0.041339466668698165,0.1442179456180285,0.9138067492665111,0.06004638219453931,0.4745762711864407
0.2675549379798057,0.9070225186826777,0.3876822931752629,0.2828735537382984,0.4790169501738252,0.4792570225260293,0.2731872923782765,0.11303445493544652,0.5166152621074086,0.2648773700746068,0.08758989446911422,0.3195603270207068,0.31909420054369964,0.094670861218089,0.3481947747662946,0.2517731944729303,0.04744216937478113,0.5823513504103229,0.08134998426236252,0.8970373265609599,0.3925379862631854,0.07231924037413755,0.4578162697806968,0.486703701980593,0.08106088147472981,0.10688138956844728,0.5124538044912123,0.08855771085068839,0.09314654023708528,0.30995147032673953,0.032815151896368105,0.06660758112543755,0.3881739700418639,0.09641179567976706,0.07050442326712446,0.5369231174336511,0.17824979741083485,1.3896985076673705,0.4199779950828074,0.17943230205715527,1.6424549264113355,0.40574083872400385,0.17929804103691843,1.4977763244134696,0.3670806016343287,0.3143456986127704,1.3185440090019662,0.40491111711365557,0.32572654994397,1.120696802792326,0.27386302332535645,0.22968377303457954,0.9931216864509004,0.11149265288842061,0.1654577720717873,0.9059814843563073,0.09716151730343503,0.16034474683460215,0.905884838707675,0.08948390594026737,0.16793966921230205,0.9034662374335347,0.0921375591328419,0.022549030840827718,1.3124412619944803,0.41212639300151654,0.03249467134946682,1.1108518120412534,0.294093986535312,0.11780237603931185,0.9865689800082189,0.11536473472513763,0.20437904812511673,0.9380087160137573,0.043743672227043257,0.198204499121366,0.9264631773313565,0.050669350365061296,0.14709462274798052,0.9080376916003312,0.07150540514224919,0.4915254237288136
0.26763536173758773,0.9081132513347405,0.3847994268470041,0.28288825945843676,0.4791896642516009,0.4802833405997033,0.27316870500750057,0.11307269686314593,0.5167468710072012,0.2644699069627408,0.08688357367978027,0.3196848736740922,0.318294798118124,0.09244682253945402,0.35154294382249796,0.2518915755390449,0.046968953020400814,0.5833478132923995,0.08113785232833615,0.8972868691674084,0.3916602014165212,0.07257005144044369,0.4589502860738282,0.48654154277363104,0.08080415106892819,0.10700855032024441,0.5123084290228199,0.08858560419084731,0.09302166839129454,0.30989420653960875,0.03282130365920331,0.06641122722785513,0.3881764364388872,0.0959126610787124,0.07014151364160723,0.5377802303938242,0.17890667486345346,1.389618973921244,0.41736247081379774,0.1794267779331452,1.642389383008309,0.4057482905354227,0.179295018455067,1.4978762361932738,0.3662446864714046,0.3134611603624816,1.3175507447214336,0.40259085112146265,0.32601711418869195,1.1185513516039196,0.27415482404661173,0.22994913956597393,0.993063160448266,0.10937885515586634,0.16513171384529418,0.9037609729798048,0.09899188973942763,0.16072002428623883,0.9043350783580865,0.09079861002222932,0.16679996650710882,0.9011360193232364,0.09484918521957114,0.022638385838971976,1.3120566357540298,0.41230169646770326,0.03231368545259401,1.1071683439018942,0.295156168865146,0.11633961646395599,0.9830705699639016,0.12324997957395081,0.20254808548540573,0.9329759588818305,0.051911203639424974,0.19502908376250455,0.9216483085498604,0.06069613397592928,0.1496087756532793,0.9030368898530304,0.08164641296651962,0.5084745762711864
0.26760494262809753,0.9094582050451696,0.38124200004634734,0.2828512537195162,0.47925337698313525,0.48155580743135634,0.2732274941612642,0.11320218925957853,0.5165898861561327,0.2643500740693169,0.0858800046002311,0.32052934274191835,0.3175342037164081,0.09072477061060082,0.3548134269005203,0.25208959807487497,0.046440751811049626,0.5844204665541874,0.08111312126848913,0.8979120063772245,0.3906640925721265,0.07283063479457147,0.46036495425142476,0.4866709146618066,0.08049473745849817,0.1071676756899197,0.5121891659940153,0.0885983282196475,0.09291794224289447,0.3098474559466363,0.03281696267840317,0.06622324845477867,0.38819377156782975,0.09531720010896297,0.06982884058028371,0.538758800027696,0.17962868721055225,1.3895939241298911,0.41455689489703923,0.17941846075936616,1.6423114692523386,0.4057516066022244,0.1792922095795653,1.498083106975361,0.3645330306268467,0.31246829931197434,1.316939628668931,0.40008236817659637,0.3263731671269112,1.1163033468839316,0.27490171191308355,0.2302099909606833,0.9929852263573716,0.10869402598178153,0.16512430034913783,0.9020021008164801,0.0990434699179335,0.16092884090700393,0.9027336793049215,0.09313394562249759,0.1656181262440132,0.899391529009612,0.09652824275020237,0.022758573526747122,1.3114164592804043,0.41252718058226134,0.03215355993388013,1.1034849817156482,0.2958366551216444,0.11451249263585941,0.9788968919858444,0.13197812984348364,0.19986959602530022,0.9276853820242793,0.06178660617654405,0.1910649126839024,0.9168071056255855,0.06998395113518288,0.1515139304225168,0.8990970147909624,0.08948194874637705,0.5254237288135594
0.2674900582462497,0.910890888535369,0.3771675782089268,0.2828096139228745,0.4791704666339297,0.4829303121613174,0.27335200427661294,0.11332595778620255,0.5162313601049134,0.26453195541926966,0.08461637614300495,0.3220322765414356,0.31693935860708705,0.08994075293457765,0.3573587715303912,0.2523857773940106,0.04581676816815117,0.5855993897648905,0.08121051305702456,0.8987353701596866,0.3899052686718554,0.07305945224160185,0.46206809532563653,0.4871608609637341,0.08015767299343778,0.1073942947647573,0.5120999750213393,0.08857791514219016,0.0929642470449429,0.30986480729194704,0.03278022121592152,0.06617341211905609,0.3882708536014746,0.09458852733944018,0.0694681826002535,0.539888050032886,0.18035828189249253,1.3896792916343041,0.41196399938229633,0.17940215724531194,1.6422841459948918,0.4057436248780803,0.17928855757020012,1.4984016697051121,0.36183216701945514,0.3115658002446626,1.316747946252144,0.39773631575612994,0.32688761522033394,1.114058276654485,0.2761488751448268,0.2303817912301199,0.9921121104346228,0.11033530752558796,0.16550617909891968,0.9004867276532538,0.09877224635559863,0.16117394361154164,0.9008586470872032,0.09699795885537194,0.164939568259494,0.8977588091024976,0.0979196973387906,0.022852432051498492,1.310630789227081,0.4126329921873857,0.03200820062139629,1.100126805065231,0.29596446948224675,0.11231386393731474,0.9740803932656653,0.1408752218289664,0.1969275852996329,0.9222627826509219,0.07236231873994911,0.18679309086570203,0.9123805518244172,0.07799492173619614,0.15282227695289569,0.89588347596391,0.09440107842351277,0.5423728813559322
0.2673258074659075,0.912292450946742,0.3729275183059945,0.28282031559185805,0.47895481147238383,0.48421372942528434,0.2735013869869331,0.11338022572009934,0.5158664771156194,0.2649770775688999,0.08359025082708653,0.32376095765652163,0.3165457953402175,0.09007328288590262,0.35890461838010324,0.2527962701879288,0.04508037412600397,0.5869445531047796,0.08134717708375355,0.8995825835690869,0.38955213439347447,0.07325491170314571,0.46394397854945674,0.48801317385102094,0.07980402330626934,0.10776720643577133,0.5120257441709173,0.08851432883269005,0.09324892562257055,0.3099797225193162,0.03269516561538628,0.06635371499666076,0.38843383690181116,0.09368965569493523,0.06894653281591517,0.5412180100224433,0.18100515735820027,1.3899401449223732,0.4099627471922102,0.17939151511013998,1.6422971827651003,0.4057561309931747,0.17928269970465022,1.4988150879036817,0.35821997073101586,0.3108795350598597,1.3168318234910654,0.3958880990795423,0.32747975094218507,1.1118460515016981,0.27792545042780076,0.23041971443008574,0.9894869322617026,0.11466089884976313,0.1663569832045129,0.8985907068168112,0.09984771745421157,0.16173009463263424,0.8980267569518346,0.10229182113235177,0.16541375073474107,0.8947830007854487,0.10040118582911864,0.0229413721445716,1.3097905616804983,0.4127345374720795,0.031994338667943246,1.0972485740288878,0.29562891215073434,0.10986705307477139,0.9688141842408229,0.14926211578980533,0.194259085400729,0.9168505205350976,0.08247991513264677,0.18271009484373785,0.9084815186275547,0.0846756561970422,0.15371208737884257,0.8923069442123104,0.09666743928625149,0.559322033898305
0.267148228311985,0.9135880671780284,0.368983899009048,0.2828623870081124,0.47864923334422627,0.4853041266105286,0.27362895965221795,0.11330619278724553,0.5156765392612571,0.26557349387924195,0.08343872820519176,0.3250029563945301,0.3163258891936161,0.0908470429731973,0.35950745544578383,0.25330828937202027,0.04422782116687869,0.5885134901454339,0.08148881622220373,0.900373083550977,0.38949589715066973,0.07343343921228714,0.46581727521404404,0.4892069916446851,0.07944235246403197,0.10833453333649305,0.5119512475035548,0.08841483387500505,0.09375645267763905,0.31018840691700683,0.03256586425065427,0.06676714530090316,0.38866817670657267,0.09265523976813274,0.06825225084878478,0.5427114736079894,0.181410355715586,1.3903809668307514,0.4088099978170954,0.17941662783190815,1.6423196587453242,0.40585370660903936,0.17927266586818907,1.4992748987925577,0.3540793638678955,0.31049305061333754,1.316874884397017,0.3947895513476558,0.32806014946203876,1.1094864608031996,0.2803242952425963,0.23035273594898792,0.9841247648368008,0.12203383612527793,0.16760754276849493,0.895791836224912,0.10289078257176967,0.16279820281524654,0.8932437618035788,0.10836262393893992,0.1674059358947913,0.8886963855307624,0.10520468769851433,0.023064579821403874,1.308990855291244,0.41295214086652987,0.03225737044526057,1.0949299513535031,0.2951744981843314,0.10742204760205783,0.963263774794858,0.15671602322190903,0.1919235932278284,0.9119291212979743,0.09091369142224817,0.17921670803782402,0.9049765516200512,0.08974481414829541,0.15432894176854126,0.8870011122042945,0.0974316315529418,0.576271186440678
0.266991919603509,0.9146688200252703,0.3656984593645259,0.28289283171357077,0.47829445409540516,0.48622986490624903,0.2737201566693994,0.11308885688601508,0.5156884981507127,0.26615837510562257,0.0844439958944134,0.3252910287644816,0.31619894250301495,0.09178623746068401,0.3595263221443706,0.2538659536670996,0.043288475854964925,0.5902491232136986,0.08165385261791384,0.9011039734917202,0.38962734213572714,0.07358546520854485,0.4675718531981264,0.4906992731965618,0.07909161029702247,0.10903517192520412,0.5118835075844697,0.0882984387603194,0.09440206809732432,0.3104645194201348,0.0324117084224948,0.06734694694420801,0.38894300442657115,0.0916092425331069,0.06750098557572616,0.5442012004629868,0.18141436185751453,1.3909513064000458,0.4084714047718116,0.17948909497678023,1.6423352399901026,0.4060440383572442,0.17925581495118081,1.4997125582757778,0.3499960847983886,0.3104164077152075,1.3166019256199768,0.3944586867284082,0.3287342657778115,1.1066537617719383,0.2834666691483183,0.2301656889766643,0.9755659450054739,0.13249011799822005,0.16890760172922642,0.8919731203491851,0.10751334829780265,0.16443623989482536,0.8857023563854023,0.11441602707434143,0.17078027778599728,0.8785049908196372,0.11299186419268226,0.023205299215841274,1.3083674427587761,0.41312928847298264,0.03284823603634984,1.0932297846067933,0.29492944652743575,0.10511313326758714,0.9575211926606123,0.163074346766965,0.18960840234527004,0.9081710233769849,0.09675908767476293,0.17653132103784486,0.901465224016697,0.09293016823284614,0.1547351943681437,0.879094132430602,0.09816928029831581,0.5932203389830508
0.26686610037508585,0.9154267265767148,0.36319058189356884,0.2829314177611998,0.47791819108604683,0.48707219921202066,0.27378692488077083,0.11276905433688633,0.5158066266702047,0.26657113717901515,0.08638603324483901,0.32470112397266404,0.31608226141877344,0.09234517277040677,0.3593712490844641,0.2543987194163855,0.042354105899173,0.591948970056243,0.08187173038740862,0.9018104480537656,0.39000251533800284,0.07366451390706175,0.46918899249804163,0.49244128469804127,0.07877409077678355,0.1097388716694954,0.5118370810345394,0.08818620468418435,0.09508560061262289,0.3107704443108197,0.0322572203824855,0.06800070713844948,0.38922907146316094,0.09068413098008253,0.06683236418082779,0.5454989739895919,0.18100020554625565,1.3915697925651618,0.40856579938907395,0.1795451979742244,1.6423475700324883,0.40613588946961776,0.17923433917879344,1.5000633829993832,0.34655574751016627,0.31054797070413875,1.3159802890305612,0.39460905473354374,0.3297372854418315,1.1032043556098905,0.2873370308317351,0.22988871723839144,0.9642509138941908,0.14491402430607597,0.16971097301826038,0.8872105000054984,0.11288306784457053,0.16640188206721154,0.87525452442351,0.11969798710538465,0.17506258672366615,0.864450310952339,0.12368133020298157,0.0232634293518445,1.308067125647987,0.41286369392176137,0.03361032249778691,1.0921546382284604,0.2951992706010788,0.10282851028704665,0.9516561310450502,0.16816660911841014,0.18693113322704047,0.9057972473845282,0.10005271288409734,0.17459209933661668,0.8971213993862845,0.09473998604310727,0.1547992455625138,0.868466620048813,0.10030484178431105,0.6101694915254238
0.2667432515603261,0.915866687974917,0.3613866748266851,0.2830204795421555,0.47753974655528864,0.48781901178958964,0.27383815331419464,0.11238440007652999,0.5159371905295833,0.2666838665416943,0.08855427652586251,0.32373231330142177,0.3159607169257399,0.09218936023489756,0.35919144831523375,0.2548584346347426,0.04153725297696609,0.5933982462982755,0.08215883434391158,0.9025119250146892,0.3906625377916387,0.07362410564090287,0.4706941296651005,0.4943783907786906,0.07850481844782538,0.11037949727270702,0.5118096011799766,0.08809608734207199,0.09571011817571924,0.3110584993288044,0.03212599077914563,0.06863315639226471,0.3894940486560119,0.0899458669095804,0.0663226810450782,0.5465070244658543,0.18030273770124322,1.392142203118209,0.4086225151092031,0.17945148216975632,1.6423694436650365,0.4058065407747907,0.17922386681418248,1.5002913930843789,0.3441382428104533,0.3107385069274644,1.315187402593163,0.39484446415080604,0.3312038766202672,1.0994696151968144,0.2915606996912061,0.22975799696980015,0.9513762986825152,0.156958648596629,0.16950957873467137,0.8812933186077238,0.11804976208713291,0.1680893558958999,0.8625436601661647,0.1234128411385258,0.17981978451976788,0.8477584205523482,0.13626249800121992,0.02308529907857492,1.3081455319790127,0.4118224925415726,0.03407272820733735,1.0915225500953545,0.29668032642607733,0.1004195997364925,0.9457345000558425,0.17157808610419337,0.18351187117783763,0.9042726165326053,0.1017024951212066,0.17306392498600567,0.8908142298141214,0.09617695537520428,0.15396565250696764,0.85553753411267,0.1049111703348497,0.6271186440677966
0.26658016149696506,0.9161567869747993,0.3600710620996976,0.2831521318751842,0.47716526741452575,0.48831946349003935,0.2738706417069594,0.11193140086407866,0.5160414543687166,0.2664767760766658,0.09001869743733275,0.3230168670457129,0.31587702470446344,0.09131786267023559,0.35892016482448336,0.25522617366742245,0.04090725976712942,0.5944786801977294,0.08252824885615319,0.9031747575500698,0.39147461094997416,0.0734629701901514,0.4721030120154881,0.4963785042044485,0.07828745474880064,0.11100147276658558,0.5117849104019928,0.08804074135633796,0.09618333370758239,0.3112772789089334,0.032036477606334636,0.06914994739011557,0.38969944239056603,0.08940251259003242,0.06598429335327494,0.5472126252867049,0.17947428086518136,1.3925669680198218,0.4084243184724047,0.1790978569470208,1.6424064975334203,0.4048947128093835,0.17925272763013234,1.5003994721053564,0.34281759881096086,0.3108988310593876,1.3144467506315087,0.3949489637653977,0.333107589434977,1.0960734784219137,0.29556368609315464,0.23018751204889798,0.9384081076576006,0.16624961624142556,0.1680832737686096,0.8737450047216859,0.12209538420662097,0.16885180645200176,0.8488541657792545,0.12489162717678604,0.18491335923869165,0.8302327396873262,0.14904909445802167,0.022537461479146904,1.3085061434890044,0.40995521254681594,0.033566846147600166,1.0908385924324324,0.30048941983318644,0.09793542223255702,0.939779504871189,0.1729921173558909,0.17905164186067576,0.9025321273224521,0.102701977047571,0.17150727979616423,0.8817247189378712,0.09776241089225587,0.15139750207949637,0.8411118792387982,0.11241140320252985,0.6440677966101694
0.26633836707274733,0.9165380486197106,0.3589225422231401,0.2832683915768383,0.4767886863452048,0.48840061872667556,0.2738751311484451,0.11139662165198685,0.5161170903442154,0.2661064808598774,0.09016505741643006,0.3229671646281968,0.31586038466288024,0.09004430145913403,0.3585145520022238,0.25549933498090416,0.040484254431133876,0.5951309891121463,0.08298214014222016,0.9037524133495665,0.39223292903431994,0.07321743803692468,0.47338049967497,0.49820879495887616,0.07812060297323534,0.11165909551678199,0.5117545377800151,0.08802584827381305,0.09643431667324402,0.3113872278297865,0.03199843334871471,0.06948216011351022,0.3898081066163212,0.08904505754913256,0.06579632131323487,0.5476336086691266,0.17861305411164172,1.3927444872357901,0.40803185368559197,0.17848702126490212,1.6424574511245789,0.4034678150160973,0.17932943680110514,1.5004126706426975,0.34245668210225066,0.3110089519311817,1.3139375704343397,0.3949209699331261,0.3353840031726626,1.093481482051748,0.29896943288761546,0.23176201511343086,0.9265740676269059,0.17192320772765188,0.16574868499403253,0.8643544685658527,0.12445320022676601,0.1686295076379447,0.8356807734108256,0.12438603778717033,0.19043538340089583,0.8139088554810637,0.16047123087877974,0.02159018629102759,1.3089769907722477,0.40745498837071475,0.031625328882273186,1.0895515152475554,0.3074110815701002,0.09548688915288842,0.9337212080424712,0.17296144283791703,0.17342031155190146,0.8991808563044711,0.10403372716248808,0.16932689374781124,0.8697897858522767,0.09976007223415155,0.14651492411617406,0.826342143429064,0.12259425789484069,0.6610169491525424
0.2659955347044014,0.9171475937601136,0.3576964589518655,0.28330187286951214,0.4764230991915713,0.4879740630766928,0.27384397458111526,0.11082058826525841,0.5161694242428652,0.2658259248479806,0.08887371726329053,0.3236364268972908,0.31587323090222774,0.08889262576277901,0.3580444097828731,0.25567988061086466,0.04026664776434853,0.5952849159273981,0.08348093629660756,0.9042752398911743,0.3927955838359638,0.07291839377638537,0.47439089420205854,0.4996543724131879,0.07801073832989555,0.11231732754155113,0.511731298515723,0.08804658290372144,0.09645968738975011,0.31138313870047574,0.032008618011951984,0.06963739892973325,0.38980269416260493,0.08886992940043241,0.06572218401412998,0.5477890049602829,0.17780026153082215,1.392620241429953,0.40758533232727623,0.17775845742635013,1.6425308238714569,0.4015474697264372,0.17939194439579964,1.5003631410759315,0.34277159935334045,0.31106428470014624,1.3137283285366554,0.39481786464268154,0.3379388488297419,1.0918387719829372,0.3016135661818629,0.23518843576186146,0.9165737473403699,0.17500808998240178,0.16353880792585662,0.8533382599350346,0.1257274898977363,0.1683877312079362,0.8241119222031612,0.12370298384717507,0.19648521060255927,0.800647251824189,0.16973900801890376,0.020338519082513544,1.309434849857008,0.40464654793178273,0.028257272515043095,1.0874895118106065,0.317192845892732,0.09287796005575477,0.9272904635340895,0.1732803653681397,0.16657572677961435,0.8927879573249363,0.10715002982395522,0.16558720622457604,0.8555901511788144,0.10307378814972695,0.13937354261653015,0.8126653119915681,0.1345734957075676,0.6779661016949152
0.2655615178446237,0.9179496787188113,0.3563711935442962,0.283208271831525,0.4761354154007341,0.48703591374431926,0.27378040774294615,0.11029576792749801,0.51619964840058,0.26584172639458176,0.08636701274548177,0.3248669915451517,0.3158120751424159,0.08825951521859975,0.35764134046729484,0.2557706594418679,0.04024848858026653,0.5949316916105892,0.08396271304474928,0.9048443733158856,0.3930981099552877,0.07258011473855361,0.4749526967849396,0.5006329531577978,0.07797854290473497,0.11285460177645756,0.5117471342463343,0.08808437928068093,0.09635488698965583,0.3113033212107623,0.032047696887303675,0.06970393364290985,0.38970569535526633,0.0888801242644667,0.06572922680163948,0.547691316078773,0.17713709663815036,1.392211179279828,0.4071940086116963,0.17712885954098684,1.6426463999682155,0.3990063197091509,0.17932180359086125,1.5002995638162095,0.3432350296063313,0.31107142697508744,1.3136752667420206,0.3946860745326495,0.34051822402799675,1.0910950264610528,0.3033244027249591,0.24092356059204617,0.908518262467825,0.17744406121780792,0.1630395371355813,0.841139454350337,0.1279340912033005,0.1697804588531123,0.8145382789021355,0.12535953487112317,0.20312289149774007,0.791494696432466,0.17694869404023886,0.018953579460147675,1.309829918053998,0.4019123080440545,0.02388417863608222,1.0848710402892412,0.3285853607330195,0.08954926375947901,0.9199747649540739,0.1763383650173236,0.15864842221942238,0.8825804892076895,0.11341760433610903,0.15939110378791962,0.8401760796630652,0.10884628220049314,0.13059008473099537,0.8013938875693207,0.14689517537243482,0.6949152542372882
0.26508042854138275,0.9188151901369539,0.3550385536227169,0.28297302910732114,0.47600394505201776,0.48562046984841123,0.2737001015087063,0.10988733540507267,0.5162092707553837,0.2662448853761669,0.08328275686311891,0.32636148686612626,0.3156136407114018,0.08822408455547688,0.3573546991997509,0.25577622464594996,0.040423643279763874,0.5942565385051803,0.08438601392462249,0.9055060228275391,0.39315249633560756,0.07221295372358755,0.4750223026961517,0.5011746038315241,0.07804962035949344,0.11313668273385256,0.5118339642097042,0.08811469608027256,0.09625522846383902,0.3112024121654205,0.03208962110830281,0.069764738493435,0.3895771914985842,0.08907558078207428,0.06582683495200183,0.5473361217115406,0.17672277026475347,1.391587144444991,0.40692532092726963,0.17677859469027096,1.6428133373472553,0.39583555238598594,0.17903851087309022,1.5002936976449852,0.3430877897959292,0.3110682743244073,1.3134802201080171,0.3945773019797265,0.34270559183634286,1.0910709127026035,0.30395468734152187,0.248880555643416,0.9020279759759168,0.18080500036503763,0.1657370226258283,0.8284012814986642,0.13303864995290535,0.17416760910858953,0.8067853923269506,0.13082896736033423,0.21047001545639715,0.7860594521172882,0.18284947937199547,0.01763135987381107,1.3101342550151585,0.3996451915220489,0.01916796091688721,1.0819663804123285,0.33986932992755664,0.08502794476521293,0.9112864838934986,0.18384336170350787,0.15008829220070208,0.8689302746820742,0.12302794407024562,0.15059972439575378,0.8249468410536079,0.1173467893413683,0.12091047124814516,0.7928847433225018,0.15850714291942794,0.711864406779661
0.26461190957069114,0.9195983044881867,0.35377607697605384,0.282599150447537,0.4760231392162755,0.48376893017641576,0.2736196844884345,0.10959788924316247,0.516204270969891,0.26701273246965096,0.08069573838556596,0.32770556491635705,0.3154281717348697,0.08877057108829978,0.3570190089341128,0.25569519232843196,0.040798824960073504,0.5934730546104862,0.08471701032957918,0.9062067044407067,0.3930763637226789,0.0718283847565249,0.47474751261852416,0.5013293041987472,0.07823638408516542,0.1131043538633825,0.5119975474595361,0.08812271332710182,0.09623436187141159,0.3111159490837137,0.03211703141885301,0.06980941304628582,0.3895070048862207,0.0894499315640984,0.06608025764873068,0.5466945411823116,0.17658553653629466,1.3908797426458606,0.40679409445573267,0.17679012131893523,1.6430165595374637,0.3923424786891822,0.17855671262353634,1.5004260581643396,0.3415578985138007,0.3111014793363171,1.3129504918071693,0.39453802717499253,0.3441444496597769,1.0914119442039696,0.3035435372072042,0.25850144640168515,0.8964769590927789,0.18580558487526913,0.17222592726298258,0.8159947723237786,0.14132996155935426,0.18186116307483463,0.8003152522142383,0.13979538771407107,0.21861082092695766,0.782753125019589,0.18836763349573404,0.016557442268854354,1.310319425727346,0.39816573991183574,0.014877035480960626,1.0789133797647708,0.3494523848788473,0.07935592837934802,0.9012162153807858,0.19594779455357753,0.1412997293119027,0.8531810302717989,0.13497586561209918,0.13988756396543717,0.811283918410562,0.1277662841975665,0.11082635461518135,0.7863056867276096,0.16951582925434358,0.7288135593220338
0.2642298097892392,0.9201952260895239,0.3526718131949086,0.2820996135143225,0.4761122013196987,0.4815339262180939,0.2735453100163524,0.10940970010545308,0.5161856010121691,0.2680428972216207,0.07959864675499978,0.32859454339197147,0.3156092143116132,0.08978623973225369,0.3564586295916472,0.25550752992117864,0.04140734992909309,0.5925240194073852,0.08490361052115895,0.9068749715719574,0.39301557188918024,0.07144202777441179,0.4742632605738641,0.5011190044842307,0.07852555981052171,0.11282492038536102,0.5122114696275781,0.08810806078404866,0.09628630303508108,0.3110573071546124,0.032119390533007934,0.0697471441986223,0.38961156485470044,0.0899991237569292,0.066567393789455,0.5457291151165471,0.17663966183893165,1.3902863327907873,0.4067554296909671,0.1771599954538347,1.6432268074350864,0.38901018994117653,0.17795310781756762,1.5007539315289864,0.33817657408863455,0.31118899280050516,1.3121430162389045,0.3945818951731884,0.34483767489865524,1.0916714066409812,0.30238915769044494,0.26886639618833874,0.8913547521771248,0.1925331733764038,0.18189131663871094,0.8048692705530978,0.15159148867506012,0.1921045595412525,0.7944692569750306,0.15089218720115266,0.22740961242599772,0.7799889472691662,0.19406662902817662,0.015858903493537666,1.3103812790091587,0.397558565312969,0.011692993712412295,1.0757963843121494,0.3563492375513958,0.07304672405618887,0.8904491283009126,0.21127720523784543,0.1322899849519385,0.8371436969293534,0.14786179122389106,0.12814312912380665,0.8000974831626136,0.13890158573301234,0.10063193753129313,0.7805649496831888,0.18048135483198588,0.7457627118644068
0.264035900976624,0.9205938161355417,0.3518349342105954,0.2814948972531209,0.4762291960955097,0.47899961847464123,0.2734692545299158,0.1093290200709867,0.5161253887534122,0.26917618177425556,0.08027978384216017,0.3289268291962939,0.31643739995165127,0.09081231434680921,0.35583088313687783,0.25518336473861475,0.04227884582348823,0.5912163789733093,0.08490190200887587,0.9074613466968388,0.39299636253123327,0.07105623552687687,0.4734889890028428,0.5005668770913362,0.07887889316298813,0.11246426115379021,0.5124329209308134,0.08807822846432709,0.09637969027961928,0.31102830103245854,0.032083442501219514,0.069536142069507,0.3899213704796543,0.09072112962930472,0.06732407305563766,0.5444327474432701,0.17674915512888417,1.3899948942579694,0.40674187863028705,0.1778003216434717,1.6434181046551757,0.38620070442076626,0.1773168202671433,1.501274487240439,0.333062544880144,0.31131744594129973,1.311255799126889,0.39469177754478746,0.34518855104140317,1.091518316969829,0.301167455856748,0.2788935499962961,0.8865450739262057,0.20046857932007803,0.19324368024958233,0.7958918290659969,0.16224920244948318,0.20351102560080764,0.7888409553997423,0.16257432243225797,0.23660510178193803,0.7771332023673738,0.1999834310845337,0.015553089262553627,1.310361239535282,0.3975702627883393,0.00992908298638653,1.0728657396732053,0.3603961825416763,0.06672336023076966,0.8801051387759257,0.22759491947556007,0.12300989552856802,0.8225448686227119,0.160515090771861,0.11606709186049757,0.7915556824807931,0.15008715245623197,0.09060169593707858,0.775218828537783,0.19149017163835896,0.7627118644067796
0.26413922196788575,0.9208280634262164,0.3513562829781583,0.2808081829977189,0.47642021708332405,0.47629857240626866,0.27337255024345974,0.10939366985075186,0.5159531977488689,0.27019133569016845,0.08223846813481887,0.32863549507496465,0.3178849259682232,0.09129175256721174,0.3555164292383814,0.2547183756446284,0.043357322177257206,0.589607173123333,0.08471346643650118,0.907915993255792,0.39292903648023975,0.07063668862353108,0.472222951836957,0.49973150227382124,0.07924630767473508,0.11218042138619883,0.5126199758662465,0.08804380851577245,0.09649312530762802,0.31102101947347677,0.03200587498588596,0.0693329587622491,0.3901752491046541,0.09158888820752825,0.06831304214250603,0.5428815948272038,0.17683261257481403,1.3900917100520922,0.4067148537904731,0.1785294094171504,1.6435758648828909,0.3839985875712656,0.17673434603222068,1.5019173038897338,0.32693062186035476,0.31146119810260753,1.3104601894032688,0.3948384287499955,0.345660182086877,1.0908463533613657,0.300841512374321,0.2877277414804593,0.8822685418577142,0.20829144576761544,0.20452375113068638,0.7895924506003381,0.1719745606592875,0.21450903235949448,0.7835392676565107,0.1732218465414074,0.24601026198284676,0.7744080650382014,0.2057121142497881,0.01554160668644502,1.3103206261296094,0.3977892017661299,0.009323129799510934,1.0705947135338756,0.36221858694558323,0.060799369757058644,0.8712139836435084,0.24251839345082965,0.11381241130280553,0.810543374014522,0.17223638713372577,0.10427637587940368,0.7850601046094187,0.16154273194387753,0.08085380280133904,0.7703350138217081,0.20235778231722112,0.7796610169491526
0.26457797632131064,0.9209048794503647,0.3512921876179283,0.28008443734242233,0.47676194770309926,0.4736053490003608,0.27324391706904005,0.10962826881467601,0.5156216227783632,0.2708650482233956,0.08461355316705776,0.3278075570035426,0.3196555768820499,0.09104424143207694,0.3557384767623547,0.2541589075253936,0.044452594541845664,0.5880719666316079,0.08437013445175867,0.9081880723724777,0.3927317351281848,0.07016021163418759,0.4704478031008309,0.4986861411074425,0.0795852372703789,0.11205000422507283,0.512745051027324,0.08801555248992757,0.09661506267315458,0.31102375649494396,0.031933992531126346,0.06944824129238149,0.38987978882940755,0.09251667759369157,0.06942078005705712,0.5412526315785149,0.1768710602387408,1.3905134756545068,0.40666740531595236,0.17913286066064443,1.6436906704743808,0.3823725404924404,0.17628999546903334,1.5025773164364356,0.32076171319387375,0.31159336988744196,1.3098157929839591,0.3949892709324066,0.34647208030571813,1.0897281843175062,0.30213957837459005,0.2948905328495287,0.878830382305894,0.2142475741479832,0.21421259697173844,0.785814958300909,0.17977915815507925,0.22364765513577894,0.779099896788212,0.18111391904064428,0.25556564505128365,0.7721992625146626,0.2105467780412008,0.015661574690957518,1.310295382987948,0.3979489960884125,0.009144261698181187,1.0692781022128353,0.3630148098205906,0.05550034812956726,0.8643978667056532,0.2540296709768845,0.10538183442337537,0.8014914256126079,0.18282064627590555,0.09352063825864121,0.7796145262039476,0.17366387930734747,0.0712588170335458,0.7659696768569343,0.21301361668531166,0.7966101694915254
0.2652556257723555,0.9208034029132358,0.3516572361994266,0.2794232231814799,0.4773067808983276,0.47108949706137104,0.2731122336970327,0.10996297351901585,0.5152513650710375,0.2711511204553688,0.08671024309084037,0.32693084650739707,0.32138167043677723,0.09026087453018339,0.3564375928887923,0.2535861045962183,0.04536297038276226,0.5869911604102306,0.08389564364485855,0.9082288289963484,0.3923970368963901,0.06968723139903368,0.46843033146877044,0.49747907621048565,0.07987227969618599,0.11210399570054486,0.5127988841701148,0.08799967805859116,0.09673441019852817,0.3110290747869917,0.03199763163660699,0.0701078268481515,0.3886958148358326,0.093380422739753,0.07050510218520377,0.5397372424674438,0.17685003578336517,1.3910582465725037,0.4065970004842354,0.1794736682651043,1.6437514847056498,0.3813958292673838,0.1760482415589505,1.5031620838352913,0.3153646513482731,0.3116886649269077,1.3092968342295204,0.3951110168722307,0.34766486679794334,1.088268018380073,0.3052001410288316,0.3002144805155148,0.8764507506577919,0.21713653958312146,0.22138299664624753,0.78388035326696,0.18500980119814298,0.22997152641374768,0.776101710679205,0.18502258253266723,0.2653103509069257,0.7706253086015634,0.21387813284466034,0.015770976391130787,1.3102893700274965,0.3980007083100289,0.008649484642980283,1.0687036847575746,0.3640090095944841,0.05104635295693217,0.8599169693067907,0.26095957260137576,0.09825675133408653,0.794905771506287,0.19253249786332277,0.08450905149835952,0.7743566738954891,0.18653494567464893,0.061693458971824475,0.7621453494593201,0.22313588370191972,0.8135593220338984
0.26601115178073576,0.9205166373971828,0.35242413204275436,0.2789262330874271,0.4780752945065663,0.4688778935166469,0.27303662361690423,0.11023941753852476,0.5151357870385803,0.271260439777486,0.08819771542744469,0.3266378117265072,0.3227569712529215,0.08923921215923486,0.35739613840933565,0.25307808051872893,0.046060000581609424,0.586412009444221,0.08331146335554929,0.9079926818102195,0.39199516852223554,0.06933107379478548,0.4664641863046799,0.4961180716918304,0.08009258574161827,0.11236551387268426,0.5127836189256318,0.08799563106579233,0.09683703201016482,0.31103258608459056,0.03234012257974403,0.07132502879530365,0.3866545230870886,0.09410983007000397,0.07147205663506784,0.5384293331581728,0.17676530925519512,1.3914681550429462,0.40650696182282336,0.17955110766781804,1.6437557534913867,0.38111759398426,0.17601032186323434,1.5036289566282766,0.31107255401440953,0.31172889795025094,1.3088658144088021,0.3951780433610614,0.34924249459217327,1.0865726995193972,0.30968700767683305,0.3039397932468595,0.875137163526236,0.21713486087862777,0.2259111363816454,0.7830253623614725,0.1876279228024562,0.233501462361764,0.7746800980304486,0.18516330116890123,0.2752044058793371,0.7695984870250405,0.2156599377449222,0.015815920234173973,1.3102965423934123,0.39799023907333186,0.007494063649284911,1.0684686873657736,0.3657695330443889,0.047518550966261994,0.8577241402314726,0.26343354716224043,0.09240003065706073,0.7896113637154302,0.20217905243625317,0.07739153697589882,0.7687500339193474,0.20039382864888544,0.05227203321248888,0.7590866960084939,0.23177039321429393,0.8305084745762712
0.26675723551844716,0.920112949793218,0.35350195900505027,0.2785830444116755,0.47905946791417103,0.46703459111888107,0.2730437161336138,0.11037615828091506,0.5154651691846425,0.271483593876826,0.08895907078851509,0.3272680336751346,0.32356172238081804,0.08825333108311312,0.35845151275006004,0.2526850176242558,0.04663817212053449,0.5861032922021743,0.08268091164232456,0.9074896482611954,0.3916271516491036,0.06917148224574302,0.46462755820476637,0.49457969265065127,0.08023135928609208,0.11280937293701913,0.5127130244727924,0.08799861073603651,0.09691155513725458,0.31102831995480196,0.032960641180482204,0.07296895732944651,0.38401438868812454,0.09473912139285776,0.07231608353828237,0.5373282877669759,0.1766890127794379,1.3915464128542203,0.40643142431261,0.1794779154245424,1.6437220232852194,0.3813046267437097,0.17609242973048525,1.5039973751332945,0.3076886894450398,0.3117129737004112,1.3084580721454984,0.39518564522327054,0.35108998062717267,1.0848672032375208,0.3150197801164203,0.30665279048019184,0.8745826006012204,0.21564838943278383,0.22842302961588298,0.7824687780980144,0.18867667497685517,0.23522998553475655,0.7743296317315375,0.18336782453729306,0.2848728768865263,0.768960013925006,0.2164004310460597,0.015816560330239864,1.310312446629872,0.3979639789569735,0.005749044001501098,1.068418029038966,0.3680537661244764,0.04458269481843455,0.8573136524074547,0.2629098710366604,0.0872569946090991,0.7843367444706425,0.21281993656290485,0.07162976814098841,0.7626731872597962,0.21540348717852542,0.043303085842098174,0.7571903081710849,0.23763966253652385,0.847457627118644
0.26748540040245705,0.9197536705044469,0.3546718618947765,0.27828167444159896,0.480219010406995,0.46554263029336057,0.273111955801122,0.11049057898085918,0.5161110366325038,0.2719741661266528,0.08896845215094355,0.32878863606410486,0.3236846265062887,0.08750130461220894,0.3596795336398414,0.2524228557131423,0.04714937073859786,0.5858848732998884,0.08210457207145427,0.9068495234498665,0.3912848724174669,0.06923201078144252,0.46286018644001803,0.49286100683486145,0.08028896193883438,0.11334102469785576,0.5126148867422992,0.08800279475275312,0.09695742628753123,0.3110096505645875,0.033678303897045625,0.07483642616178188,0.3810896368353803,0.09533166252139921,0.07309694513727458,0.5364096758669086,0.17676371677417885,1.391235854721781,0.4064301999304173,0.17938967677969772,1.6436792145027785,0.38156019907185157,0.17618478754469785,1.504325926804042,0.30469784564868047,0.3116615681508613,1.307943283566928,0.3951556292943943,0.35290952625208405,1.0834446671841758,0.3205132631076794,0.3088754088072993,0.8742836219908134,0.21427607504229,0.22988080702918046,0.7815991902792316,0.18971949418365702,0.23639857044032545,0.7742424088845242,0.18191817078075984,0.29370203791706373,0.7684343847950768,0.21666974383617943,0.015806303547416568,1.310330975590196,0.39794352592406323,0.003676147641886995,1.0686074352604429,0.3702327004069164,0.041592469527879164,0.8577917001503859,0.2613681837586669,0.08229973351305173,0.7785197227381931,0.2248183190813873,0.06657291397942328,0.756624899788725,0.23049605404593926,0.035075839272897605,0.7566690877354686,0.24006721221777544,0.864406779661017
0.2681642228217301,0.9195731119133401,0.355629608548222,0.2779247084248685,0.4814644499935128,0.4643454053056342,0.27322324507257056,0.11075434267604235,0.5167980349681248,0.2727090471775297,0.08832667735474184,0.33093718161584057,0.323209079657624,0.08712504788479652,0.3612682954719513,0.25228177413281033,0.04758673140489032,0.5857506232501163,0.08163606288080595,0.9062836495343675,0.39076880061440455,0.06950114479361896,0.4611794366387555,0.4910691877616561,0.08028259650010441,0.11385793139565127,0.5125155987143113,0.08800276982551074,0.0969850505080134,0.31097499524687,0.034279579934896436,0.0766698271638052,0.37823222500618153,0.09589472213425934,0.07386047473039749,0.5356588526846208,0.17709423132538255,1.390628085118382,0.4065449839443296,0.17935088761892595,1.643647460717171,0.3816641818540143,0.17623885492630553,1.504674489242542,0.3015637400298573,0.3116059339219143,1.30724495060106,0.3951214554904885,0.35440275246235664,1.0825256412002084,0.3254301305473912,0.31089935264456964,0.8739046284970772,0.21376107843972839,0.23105600088911454,0.7803742844007602,0.19139984303576843,0.23791537550528463,0.7736855447662823,0.18222181622581013,0.301229123179206,0.7676238345173988,0.2167289488202425,0.015802665795826065,1.3103360497214518,0.39793045937968924,0.0015324237029104894,1.069029791226258,0.3717069637024273,0.03803022439122008,0.8584587326369797,0.25992480202874907,0.07745772309098309,0.7725064953416642,0.23730581269877396,0.06196154422251227,0.7515495498216642,0.24339380639847502,0.027622492590791616,0.7572010647958324,0.23981451061111161,0.8813559322033898
0.26872279550539757,0.9195475627215247,0.3561742618638829,0.27746885508767183,0.4826505988325846,0.46340913198174905,0.27338337091447734,0.11116347334217558,0.5173556260106255,0.273583401807531,0.08731520983940727,0.33334615547916596,0.32246591411912917,0.08718604515351548,0.36320620938743964,0.25225417764312874,0.0478986414050256,0.5857795926818669,0.0812342462212591,0.9059432077740301,0.3898781302330775,0.0699283860426737,0.4597245252195668,0.4894273635368318,0.0802292116707427,0.11430808094379565,0.5124247755029241,0.08799500307775819,0.0970063789353766,0.3109312230998558,0.034639327912408216,0.07818890519411338,0.37584532118423586,0.09638685087144963,0.07457742471808756,0.5350811890881829,0.17767783831670655,1.3899228519844224,0.4067711416991281,0.1793505596089084,1.6436419475969721,0.38163932321298377,0.1762751210076367,1.5050813075503904,0.29792301339824895,0.3115689771692889,1.3064695209302744,0.3951028429529805,0.3554698247159056,1.0822061057331591,0.3290676770163516,0.3128977313890166,0.8735041339580686,0.2137800426831813,0.23230417496662234,0.7790888343629186,0.19327687214952843,0.24046198755008885,0.772056468246358,0.184519640844864,0.307336713990915,0.7662386915640425,0.21653292936250854,0.015810103910695896,1.3102998187307038,0.39791778848241527,-0.0004894262170016929,1.069518114503015,0.3721135224131552,0.03382226577186215,0.8593048080223611,0.25826082494840663,0.07301533821032484,0.7670405621627929,0.24883694127582545,0.05772891607639268,0.7483057528495174,0.2519020480797285,0.020669159398774194,0.7580288146019001,0.23878944451763714,0.8983050847457628
0.2691133007340331,0.9195565252302462,0.3562943280327961,0.2769073685780183,0.48363287124441573,0.4626938996343784,0.27359858140804455,0.11156201911763579,0.5177101281229609,0.27449508277613943,0.0862585410379297,0.3356406722600511,0.32185531907116904,0.08744776429299514,0.3653091187608964,0.25236188506428003,0.047979187420929825,0.5860811183573937,0.08081220410760806,0.9058153798541043,0.3886614435646293,0.07042201510403456,0.4586114767365706,0.48812374145878823,0.08014524609321856,0.11468994944922255,0.5123426560940656,0.08797925779283719,0.09702533329368113,0.310891846505795,0.03471252954636005,0.07916731071354054,0.3742863799318353,0.09675045254510069,0.0751789290126015,0.5347116859099799,0.17843826518765732,1.389339275301128,0.4070705273670233,0.17935937838494082,1.6436852677407892,0.3815756226934762,0.17632771284415721,1.5055434775920784,0.29378116259459786,0.31155759868597643,1.3058199854308548,0.3950981362323766,0.3562111961732707,1.0823767788398164,0.3310227952466359,0.3148980121695451,0.8733156675687731,0.21363256915424264,0.23385359284233073,0.7777156374749522,0.1951715527260296,0.24477802233487522,0.7689931026054672,0.18833483963640152,0.3122046922220267,0.7642575133440711,0.21592567360505346,0.015825218762712943,1.3102149137591605,0.3979001919284207,-0.0022457852240725423,1.069872751796758,0.3714739165704383,0.029204811191650585,0.8607561788111259,0.25563725882449645,0.06925736381267578,0.7626796381385323,0.25833392756157403,0.053531584070930026,0.7472842583463797,0.2548821713727607,0.01385084834047853,0.7584059328831435,0.2388184677901058,0.9152542372881356
0.26932768597014023,0.9195046719588099,0.3560909033712062,0.276275958890932,0.4843489203445826,0.46208622503051355,0.27386516158090324,0.11186375443623975,0.517804618527734,0.2753054548532759,0.08526809690153472,0.3375413043236921,0.321523637896458,0.08746515609309946,0.3673653395630453,0.25265095235493396,0.04772632703627757,0.5867823657572107,0.080285659481928,0.9057548631350736,0.38734461970109485,0.07090062242253832,0.45780674745456756,0.48719538867285156,0.08004895754313882,0.11503307172087682,0.5122697492329475,0.08795799458692002,0.0970430798981085,0.31086906752956067,0.034497184320476854,0.07955432053042484,0.37364661784175773,0.09693068572354419,0.07560769438644006,0.534605798612374,0.17928374370963251,1.3890085275447221,0.4073943914633945,0.1793640718226545,1.6437813381937274,0.38151814381389537,0.17640607449203127,1.5060041888492737,0.2896337646949406,0.3115664333449055,1.3054364711812112,0.3950960725775072,0.3567900170212943,1.0827244174268318,0.3314947902338116,0.31687191589094676,0.8733542207979852,0.2130387142054984,0.2363139016630637,0.7758440093522224,0.19775235058194032,0.2515989267360541,0.764569026636526,0.19297439706667865,0.31619368134669334,0.7617824393782637,0.2148345827158324,0.01583835035879251,1.3101504249469498,0.3978830105173921,-0.0037049372818989575,1.070037390294299,0.3702521433839829,0.024263206030590505,0.8629361629756008,0.25229868170908104,0.06625559706514109,0.7595822734928044,0.26537952351620586,0.04875174530645685,0.7482572052748431,0.2526356140685472,0.006961263713921025,0.7579402888934572,0.24079134951889672,0.9322033898305084
0.2693698990557862,0.9193032707718644,0.3557342103394682,0.2756253409889107,0.48482398110134634,0.46146095835858364,0.27417456145655156,0.11213530147820339,0.5176127341322858,0.27574831260573046,0.08428602183520692,0.3389451833972329,0.3212835822976126,0.0871097917452357,0.369020939244178,0.2531520486266715,0.04710636250509721,0.5879764158896578,0.07959262730181559,0.9056066715862261,0.38604866618889355,0.07134211988310246,0.45714090518497885,0.4866001868113954,0.07994859977456785,0.11537307329311122,0.5121999108202392,0.08793457752805839,0.09706924385650877,0.3108639303831721,0.03404414440104523,0.07953835145005306,0.37362603608170075,0.09691072504163646,0.0758327047410465,0.5347959009871331,0.18012660188252516,1.3889255130949045,0.4076913157359815,0.17936946842135945,1.6438613783674305,0.38146527116873896,0.17648781867713936,1.5063775742010312,0.28624972843613056,0.31158274503540695,1.3053307296411707,0.395085542718705,0.35730722406156656,1.082963962358057,0.3312183935361611,0.3190131927432585,0.8732704237977024,0.21244830492110783,0.2406976652565092,0.7731877768563526,0.2015618106281341,0.26123813354077396,0.7592433338266108,0.19778013077362086,0.319646324221128,0.7589111647198559,0.21329320796903958,0.01583768078052848,1.310239034785929,0.39788097941912054,-0.005013899047596823,1.0701144843811088,0.36918377087652304,0.018707268352922076,0.8653061025508915,0.24964306589718363,0.0638320280970693,0.7576261145354107,0.2700310894534249,0.04300238119543265,0.7505197112285622,0.24665797124922395,7.661207693697778e-05,0.7566672718401671,0.24468375621424956,0.9491525423728814
0.26923888649005623,0.9188436196581007,0.35545796437679644,0.2749679173708257,0.4851207964774007,0.46082598047735734,0.27451644518741114,0.11245661625836376,0.5171563397789738,0.27556486027514415,0.08335999303353582,0.33988656312829596,0.3208670429208331,0.0866853275798077,0.36980594769892555,0.2538246921229779,0.04618228042871397,0.5896045169427238,0.07872305942905053,0.9053115311458337,0.38472968508682026,0.07175829277746873,0.45643284290681796,0.4863138486184131,0.07985274362704665,0.11570471007576882,0.512126534499133,0.08791257477277106,0.0971083942699992,0.3108682837271668,0.03349146578492856,0.0794026809807444,0.3737745225771823,0.09674619813591416,0.07589661067881749,0.535221759233173,0.18085277320132098,1.3889787958753284,0.40790443583008124,0.17938835353805455,1.6437968222094779,0.3813964775126228,0.1765290732534274,1.5065971788413017,0.28424259305990346,0.31159236326525974,1.3053944757471334,0.3950573673899519,0.3578303471871104,1.0829775110279982,0.33093781184106535,0.32175887250651286,0.8725534974253557,0.21286582291630446,0.24781278481090174,0.7698820607360832,0.20612770265227298,0.27321350447870035,0.7537110397233806,0.20207592336422792,0.3227580950787534,0.7558381095960028,0.2113788990188848,0.015817035401622225,1.3105752717127728,0.3979062101020382,-0.00635908528268221,1.0701892400264623,0.368917626306937,0.012212009921564435,0.8670796259207206,0.2491532296680822,0.061668794047093245,0.7565983213303562,0.27265323014124176,0.03650407032778948,0.7533263199471243,0.23874340800707367,-0.006497908446589565,0.7548598575303128,0.24995144126235522,0.9661016949152542
0.2689414563915629,0.918063477396353,0.35547946394976565,0.27431084361932245,0.48531604689157454,0.46032834535270595,0.274882019569132,0.11280754721164539,0.516493789932466,0.2748167833635271,0.08272608496099296,0.3403477961239039,0.32017122164084666,0.08649791374152686,0.369393798037634,0.25454537084313134,0.045108421046373665,0.5913832045563275,0.07771915806809933,0.9049083480089953,0.38343303166932824,0.07214125266348156,0.45562195569845265,0.48632446756393327,0.07979701080985716,0.11596013825883278,0.5120684804959068,0.08789864141888398,0.09714052786896969,0.31087696304311546,0.033047452401893586,0.07931106516672294,0.3738610506716078,0.09655659073315448,0.07592644224976709,0.5357173358848693,0.1812847461736164,1.3890369181356577,0.4079853456218814,0.179429108986592,1.6434991709537634,0.38129443090108067,0.17650558686876588,1.5066508250228317,0.28369691362477173,0.3115879875085674,1.3054843122190862,0.395004627281062,0.3585175796178647,1.0826861927552145,0.33094679041313324,0.32559464684966777,0.8708442848286567,0.21534320192533013,0.25771157503080544,0.766377999324749,0.2103099270850894,0.28635030930351224,0.7487353242817039,0.20504952319973332,0.3257879911370556,0.7529186137274029,0.2093659642046707,0.01577881202369026,1.3111501434438422,0.39796190472781934,-0.007764557740367139,1.0702001056371817,0.3697379843054367,0.004895794630462063,0.8678219571475962,0.2514302918491893,0.05951296278061851,0.7562837324960577,0.27385955976061405,0.02994169855317327,0.7562077537920635,0.23041869090363484,-0.012457106500375896,0.7527604356243991,0.25583205156102723,0.9830508474576272
0.26851735932874204,0.917002983986899,0.3558636596134782,0.2737274168399746,0.48547800953975706,0.46011228778181473,0.27526523443153667,0.11311955647705746,0.5156977637763983,0.2738368352044705,0.08259975293226138,0.3401642944844254,0.3192718422018923,0.08660905397533791,0.36773971169319053,0.25518315159040056,0.04407586251532691,0.592918073877418,0.076660617195207,0.9044608685087121,0.38243659579551686,0.07245696281045219,0.45477340051499676,0.4866139839706195,0.07982616603459818,0.11605774966793159,0.5120645524749198,0.08791045436095277,0.09713849106309778,0.3108935171123152,0.032863027456892624,0.07928473599207894,0.3738985007012481,0.0964544018374477,0.07601742449353753,0.5361236440445246,0.18125126457098187,1.389031827321171,0.4079552236706887,0.17948970583116453,1.6429882268307516,0.3811534504971412,0.17647073723370849,1.5065929790902328,0.2840226359797533,0.3115741239866235,1.3055244364551664,0.39492765071508223,0.35959068950000844,1.0820607885349083,0.33111970990137585,0.3309103187719432,0.8680706945296903,0.22043426382395717,0.26963368751865247,0.7632090158128422,0.21314480594614638,0.2992390408551234,0.7448226277094858,0.2059690912048177,0.32933645636272857,0.750403938401414,0.2081467968997865,0.015730067936955888,1.3118799468345674,0.39804666577386144,-0.00909962184689396,1.0700274526368743,0.37155626316293416,-0.002623164161277028,0.8675589809468086,0.25615959625518114,0.05724292944264148,0.7564891673871489,0.2743208114708765,0.02401720520513042,0.7589981523375279,0.22283208087047843,-0.01766535048536356,0.7505107092700553,0.2615577360126896,1.0
0.2680348167966815,0.9157937039447342,0.35649938131407233,0.273320342089507,0.48561747851830817,0.4601919234501456,0.2756471619752401,0.113362309450553,0.5147949382005181,0.2727897071351617,0.08287212445111033,0.339223415729839,0.318313808159967,0.08693073128131135,0.36512722641763506,0.25567964591315917,0.04322992511747795,0.5939317276504283,0.07567809031336166,0.9039935521479487,0.38198213310955875,0.07268344056836637,0.4539634471431239,0.48715367518818503,0.07994413181485313,0.11595672545735715,0.5121377028706929,0.08797932287273902,0.0971002698193587,0.31092698414057035,0.032904952713231767,0.07930050285000634,0.3739327768844336,0.09647833234397361,0.07613478937820317,0.5364090973467098,0.1807542772607034,1.3889625882956558,0.40794965038706177,0.1795596745538222,1.6423657782295311,0.38097927463314474,0.17654691110471593,1.506522672753806,0.28423016239292104,0.31156205893498656,1.305507361838458,0.3948462849511095,0.3611308610205214,1.0812885983805287,0.33122320721527887,0.33784246539118346,0.8644611086695211,0.2280158466193975,0.2823109033751856,0.7607987605859757,0.21421529713555065,0.31059976930223815,0.7420811210300197,0.20470857205452778,0.33420592676399374,0.7481446577477644,0.20921594679213623,0.015680025017499405,1.312658292154229,0.3981572278853424,-0.010227317951654047,1.069669668464563,0.37406118825140633,-0.009635357207453534,0.8665740247363392,0.2625953395419807,0.05475752425752182,0.7571023143338442,0.2743805990223195,0.0191424700100414,0.76169879694789,0.21647962916016644,-0.022088069928694526,0.7482781939712434,0.26653720482884813,1.0169491525423728
0.2675564822527506,0.9145367714177433,0.3573778222360358,0.27312737241582924,0.48566489754747977,0.4604550452197587,0.27598083430173254,0.11357747653653949,0.5137050350478155,0.2715457036181763,0.0831014550556708,0.33767523482177064,0.31743588997683514,0.0873519496679208,0.36218154349822934,0.2560415054726901,0.042612629478915476,0.5943753703437659,0.0749188393780211,0.9034502299738464,0.382005174596148,0.07284194013904564,0.4532104029485651,0.4878451100203527,0.0801029867033472,0.11565114023046205,0.5122836890654417,0.08811404827414855,0.09705474963510852,0.31098085238000345,0.033018795426445785,0.0793313131881018,0.37396400282094455,0.09660577393969845,0.07617222210635236,0.5366408500564329,0.18001546982077493,1.3888589967259657,0.4080704783446703,0.17962765705629316,1.6417364995323438,0.3807900107119424,0.17683392339614662,1.506502278399511,0.283546136089649,0.3115570651794908,1.3054321392519328,0.3947988265242579,0.3629895134991127,1.080687264779123,0.3311132805436982,0.34613222689057377,0.8605522919775915,0.2374544278552065,0.2943711899900445,0.7593725534974216,0.21348859832921352,0.3194744729224649,0.7404313405899914,0.2019546358122411,0.34098190677647244,0.7457401352044168,0.21372631706282133,0.015640471137307595,1.3133799697427275,0.3982842455753042,-0.011130303654258256,1.0693188264319082,0.3768275710407839,-0.01580141780615,0.8653406707947823,0.2697738676806878,0.05190198270770505,0.7581454882036809,0.2738324921855506,0.015428223975218949,0.7641978806538665,0.2112746293614268,-0.02565387609179228,0.7463574413986093,0.2703382858423947,1.0338983050847457
0.26711975559505674,0.9131585972366778,0.3588573692318118,0.2730935562405062,0.48552609697577676,0.46077612049988664,0.2762213106914934,0.11385990612913437,0.5123178252329262,0.2700155979698273,0.08286801029075551,0.3358289708784457,0.3167433593052751,0.08778932306040658,0.35964985891287526,0.25627795299812334,0.04219184994736124,0.59432324242093,0.0744430107364309,0.9027154879665151,0.38228146819648723,0.0729778210361783,0.4525209291785184,0.4884802510493167,0.08024256124374689,0.11513644609808206,0.5124823440037817,0.08823414484918456,0.09702896464477,0.31103349081812687,0.03309746026086639,0.07934794708728121,0.37399235038309103,0.09678771478899409,0.07606035617895303,0.5368729283663367,0.1793174625550323,1.3887782308206924,0.408115427753495,0.17969041411251602,1.6411338755737321,0.38061934996853386,0.17734486666241644,1.5064932250217458,0.2818311823564292,0.3115528027803741,1.305306153610914,0.3948058852271401,0.3649277648178383,1.0805212017480281,0.3307249063152051,0.3551616835330489,0.8570496634758209,0.2477306081356419,0.3046231718782489,0.7589098938398541,0.21107215192837003,0.32546990085834027,0.7396215554039821,0.1988189628557402,0.3497323468745066,0.7428972023724272,0.22165433695847014,0.01562259872246055,1.313945689484114,0.3984081156649873,-0.011926540880461581,1.0692891905432407,0.3793724880232018,-0.02112532344306707,0.864519972249311,0.2763528832329538,0.04848995882735884,0.7597897489441041,0.2719983892223149,0.012741838667251159,0.7661010877117437,0.20721179736285517,-0.028329487215946678,0.7450530920198836,0.2726186063958503,1.0508474576271187
0.2667399944932749,0.9114671848727907,0.36139834075763305,0.27310037369968654,0.48518644034826497,0.46106324314032904,0.27636951633883056,0.11428943199706809,0.510646389627973,0.2683669309825307,0.08205297527003758,0.33385098809801483,0.31629094051462114,0.08817033476584694,0.3580143900528345,0.2563581028540523,0.0419468396914683,0.5938155803450382,0.07417184556698367,0.9017451350542233,0.3826951362055774,0.07310777105813077,0.45192888507427115,0.48886364915406016,0.08033096997502376,0.1144072984851986,0.5127064522406104,0.08817876068589903,0.0969915979828343,0.311030636414534,0.03313018526677439,0.07934355075954648,0.3740219625994541,0.09695954411758212,0.07579371050018997,0.537100466506759,0.17883737931943083,1.388795797437695,0.40761899806499685,0.17975291199563137,1.6405285253663526,0.3805077631171998,0.17801978778887656,1.506409598757471,0.2794463617974295,0.3115446137291134,1.305205522321565,0.3948503827564131,0.36675247764925045,1.0809142278986248,0.33006378735756603,0.36412001323087884,0.8545155811955779,0.25754890383001317,0.31229883368466577,0.7590310649908923,0.20734621503941836,0.3290734716491716,0.7390496177161893,0.1963074226675649,0.35997412326840983,0.739552910709858,0.2320198802286401,0.0156279375722535,1.3142783016901272,0.39850418517464825,-0.012743639140438348,1.0698356502981026,0.3812476088924762,-0.025549508516483348,0.8647345687322947,0.2808610477039828,0.04432880313799459,0.7623705495615226,0.2679207804016216,0.010659494301153604,0.7669574995448032,0.2046751434460102,-0.030344663051172397,0.7444121898624222,0.2734423017512893,1.0677966101694916
0.26641006306545495,0.9093519163172009,0.3651083875411171,0.2730223251995738,0.484742790229789,0.46121552623353346,0.27646105923058106,0.11488329597078228,0.5088229131243371,0.2669074027420726,0.08079768512430881,0.33164089914857603,0.3160569535893304,0.08839039462163921,0.35729295708985287,0.2562373655808791,0.04190317427301362,0.5928562195887612,0.07395805500458283,0.9006450324434268,0.3832701720568418,0.0732089037719182,0.4514418960204271,0.488975567524874,0.08036826634224603,0.11349305194810484,0.5129306043416868,0.08781860537054076,0.0968512005924046,0.31090264497328246,0.03314194933201618,0.07937316153319349,0.3740108111087855,0.097061771159336,0.07540455027141749,0.5372905150591877,0.1786239790287339,1.3889571076541143,0.4062506056213082,0.17981891100089342,1.639907901280603,0.3804802621305981,0.17875743503189243,1.5062063382445736,0.27690220597957294,0.31153928044459467,1.3052677529201024,0.39490887627655524,0.3683360817408236,1.0817298253542045,0.3293251225257787,0.3722224712515721,0.8531320337797348,0.2656862542791461,0.3174824460228569,0.7590253618467787,0.20325786676715785,0.3318118981831944,0.7380619583963629,0.19494134552709563,0.37087455812421544,0.735833033603369,0.24341866570027731,0.01563721183570057,1.3143696348815512,0.3985555143526752,-0.01362289153420405,1.0709957886285082,0.38215312946460306,-0.02894879056693636,0.8661575505517398,0.2826206538292879,0.039233611699248966,0.7662942444565375,0.26078615406476774,0.008461439200079643,0.7666145945088434,0.20405553235217977,-0.03217473894020087,0.7442379364972923,0.2735808630766861,1.0847457627118644
0.2661051038395137,0.9068921322310985,0.3696849710054823,0.27279096038229156,0.48431164744816535,0.4611461273696572,0.27652732262111096,0.1155987627708582,0.5069718646832676,0.26585268284450814,0.07931225305308007,0.3291718691913412,0.31592374462674266,0.08836318482896931,0.3571492334931989,0.25594217941439906,0.04207746602865327,0.5915624100928859,0.07369054366657919,0.8995607880978184,0.3840734812127335,0.07326011731114043,0.45103225908126965,0.4889431506452447,0.08036346852250875,0.1124734130950069,0.5131347402960077,0.0871337693011669,0.09654202873524471,0.31059447561145054,0.0331497404688686,0.07955121762005848,0.3738555243486739,0.09705602788833892,0.07495146010815373,0.5374148593247435,0.17866158730109621,1.3892490557649724,0.4040539034350049,0.17988775732107465,1.6392906319570675,0.3805344819668445,0.17943243816009535,1.5058911975094502,0.2746845279837383,0.3115378620940573,1.3055910270106736,0.39496244601622876,0.369609472342801,1.082649711403812,0.3289378472153161,0.3789335243668198,0.8526910582396042,0.2714084247084133,0.32140202698937903,0.7581860846566136,0.20015006154160792,0.3358252215588052,0.7364352436996221,0.1946031906956741,0.3815020794379891,0.732117589451815,0.25397583682761676,0.015610688912895097,1.3143121210861002,0.39855891319464204,-0.014565124095650167,1.0725913785077057,0.3820677622994556,-0.03154598702285255,0.8683199921710604,0.28228033129264335,0.03305748511843569,0.7716909629450556,0.2507223418829222,0.005409728412199873,0.7652533845237438,0.2054841642933463,-0.03423640091182403,0.7445233962343661,0.27396180031272394,1.1016949152542372
0.2658022324656406,0.9043040217984675,0.37460946589516364,0.27240453415301086,0.48393045355770076,0.46083964861784,0.2765811047447785,0.11636625857822824,0.5051358389390797,0.26519606194890466,0.07774197723361975,0.3269180709636573,0.3157471834540294,0.0881213741659653,0.3572060070353144,0.25559540378008544,0.042398154381901504,0.5902031957263013,0.07331866276947355,0.8985600089899418,0.38517416245968417,0.07326116958711787,0.45070205676074615,0.48888243128565645,0.08031839783137382,0.11144621786101981,0.5133017243054807,0.08622201135848562,0.09607881053495564,0.3101110025355647,0.03315861354365972,0.07991768891994316,0.373518194572688,0.09692034232829971,0.07451036681483103,0.5374540459281225,0.17893445922994916,1.3896253263072433,0.4013443634211043,0.17996022792887328,1.6386680193829262,0.3806488684331059,0.17993331388178138,1.5055028649587665,0.2731521700681075,0.31152334492583766,1.3061694409751181,0.3949775551183061,0.3705609115249846,1.0834889579219737,0.3294004046962883,0.3840342025586908,0.852799542804569,0.27450727359325267,0.3259249372996206,0.7560254419043478,0.19929655224863538,0.3427698822403729,0.7343409063726417,0.1948157387843157,0.39100349196903095,0.7291114398776638,0.261272923119326,0.01553065802774619,1.3142379121062286,0.3985259659674504,-0.015594899831391645,1.0743526419602687,0.3813299784170924,-0.03394390641314739,0.8704710837682283,0.2811838245287213,0.025724098519236082,0.7780680108893847,0.2393979990856308,0.0011634538165796026,0.7631377596519969,0.20908764234447053,-0.03675911187892796,0.7456841208810764,0.27469659636292904,1.11864406779661
0.26550492545380594,0.9018088861531895,0.379376180781895,0.2718865191025119,0.48359021488497816,0.4603301506190971,0.2766225477795763,0.1171459446772467,0.5032682566703333,0.26487039990375594,0.07617691210350933,0.32564979770729835,0.315497601498461,0.08780498751542687,0.35731475084896325,0.25531540444748807,0.04272949003108493,0.5889565625557565,0.07283519315641424,0.8976516982654925,0.38662091695484146,0.07321378536196106,0.450448983509637,0.4888204472325389,0.0802285564108525,0.11050677707536025,0.5134194603221355,0.08530723066601036,0.09551201388415505,0.30955662610231083,0.03316726794232521,0.08023465129176832,0.37324654280234804,0.09665475040992022,0.07412739523932342,0.5373989589622988,0.17944452808530803,1.390044831208539,0.398536720395559,0.18003900140270118,1.6380156544501097,0.3807956833266247,0.18023417522920154,1.5051099713989955,0.27234391890522924,0.31147854912871265,1.3069229526359742,0.39491922730435686,0.371284933833191,1.084233973634943,0.3310061814483637,0.3875982746870239,0.853188155636476,0.2748419179532351,0.3325183114760292,0.7522397834017148,0.20162897405625124,0.35298279382839665,0.732192042784268,0.19511930354788035,0.3988484141454476,0.7276422273190138,0.26304584354124055,0.015469819116848724,1.3142172652894621,0.39849165027359024,-0.01676639751684108,1.076057180256901,0.38044833291314034,-0.036659191632427916,0.8721920932378896,0.2802837300255129,0.017345399452400156,0.7844812596331503,0.22950563703237775,-0.004105897121392159,0.760540700611454,0.21517517507952522,-0.03999591518815224,0.748240137565762,0.2749567720935541,1.1355932203389831
0.2652742091008064,0.8995486187361901,0.3837315505662077,0.27126231683428254,0.4833459916890987,0.45963978933725336,0.2766501928359337,0.11792900484242164,0.5012982044117247,0.2649650531045766,0.07475533407830323,0.3257989566609024,0.3152766995394565,0.0875426752289486,0.3575245491251929,0.2551228734872168,0.042994149528309586,0.5877904518218994,0.07229199343955284,0.8968242663494121,0.3883688271274709,0.07310205948396281,0.4501942053710091,0.4887383735708697,0.08008811076700512,0.10974744834946912,0.51348211279998,0.0846812375737804,0.09488294228094563,0.30909707153564553,0.033168639819463455,0.08003161964067523,0.37354575359135794,0.09628600387254917,0.07380114065634757,0.5372507425998283,0.1801511797679512,1.3904811121307983,0.3960428366765333,0.1801221312282264,1.6373705576418576,0.38094577600787827,0.18042462518377406,1.5048029732087698,0.2719033833223884,0.3114039628389208,1.3077502710302835,0.3947758725532539,0.3721173572472696,1.08481471462106,0.3336656918672612,0.3901371580671355,0.8538288018962688,0.27206305350131116,0.34168121482822866,0.7469825487465123,0.20732598617661008,0.36566103026526486,0.7305737873185554,0.1950670965887879,0.4051865643072156,0.7282709240828352,0.25831473203305455,0.015575824518920197,1.314242840485731,0.3985114247689949,-0.018143921990931195,1.0776021674548968,0.3797597541774196,-0.03978250305335419,0.8736147424568824,0.2797125997471075,0.008357223197152123,0.7901412439414303,0.22334468202888696,-0.01002763370209594,0.7580384792307701,0.2238215244986761,-0.044288593464568114,0.752453017728849,0.27392234656528336,1.152542372881356
0.265219437799619,0.8975720638243331,0.3876818533874567,0.2705825068770296,0.48332447036514015,0.45878434606587615,0.2766636063626328,0.1186741420958651,0.4992746815182533,0.26555397416564197,0.07361764863608158,0.32728294667540153,0.3151838884932301,0.08734412742929061,0.35787762467164164,0.2549833191480513,0.0432139089131287,0.5867024854566928,0.07179708075064502,0.8960434298609381,0.3902840279035039,0.072887021385943,0.4498505454161534,0.4886358250232039,0.07988927324342897,0.10922195304846208,0.5134789645396529,0.0845569733627508,0.09424255328832457,0.30885875258380596,0.03314418376760535,0.07894888999054368,0.37482239603832473,0.0958463175466051,0.07354857210263219,0.5370016735768636,0.18093519711161657,1.3908846985218286,0.39422245172369935,0.18020026661217803,1.6368405706307387,0.38107000243197287,0.18064473002197112,1.5046601285572192,0.2713063539494399,0.3113145499311901,1.3085469612627194,0.39456466104551713,0.37363131486608236,1.085113930331494,0.3371084926688563,0.39278977799918546,0.8547692636528397,0.2662197456372891,0.35305996877374457,0.7413020585390867,0.21520723847218037,0.37950371458968335,0.7298790319266346,0.19426135974053724,0.41094170654897844,0.7309779849231441,0.2481200816443534,0.01595021049446834,1.314281450169996,0.39863960706463314,-0.019758654133546445,1.0789803124109254,0.37930242202783676,-0.043126971271087486,0.875162925533895,0.2790858633716912,-0.0006033867288528684,0.794710315161145,0.2219640370270265,-0.0164302755198223,0.7566728973277576,0.23419526704589166,-0.04978740058892761,0.7583678320067664,0.27157397324883975,1.1694915254237288
0.2654103197498229,0.8958655325575717,0.3912710115756842,0.26995541106986265,0.48362636466367587,0.457846999743071,0.27665635206445904,0.11930338209721958,0.49743964862487844,0.26639480010210564,0.07270080200387044,0.3298827128053661,0.31522870934837494,0.08711730744002555,0.35830526828847503,0.25489522472715725,0.04343841777210965,0.5858196323852279,0.07145208421298285,0.8952728101167348,0.39228037642067387,0.07253945399141691,0.44946555165068963,0.48853150058721967,0.07961168787876366,0.1089228323332128,0.5133820707254272,0.08498303163574873,0.09367197007946654,0.3088799254528668,0.033063101539157085,0.07695633026537314,0.37714104882958055,0.09536029184404858,0.07341613495505404,0.5366364809012515,0.18169834616059266,1.391135677436275,0.39333266580692927,0.1802585993104251,1.636530721590834,0.38115574594347296,0.181001447242748,1.5047166200905806,0.27015243216644785,0.31122749587614174,1.3092010565190997,0.3943310770986086,0.37629988728669206,1.0851327773131347,0.3412568846742491,0.39707651683070033,0.8559982158470675,0.2585779969451233,0.3657600959698671,0.7368982492935893,0.22287349448272029,0.39311324136775705,0.7301557235396987,0.1925565921849237,0.41738370498597843,0.7351229177606038,0.23526692323313586,0.016568258738840602,1.314303755637755,0.39892904789601713,-0.021551972636991476,1.0802576396275707,0.37894152309729584,-0.04669202522184383,0.8772347731360082,0.27791762603822184,-0.008975696748024165,0.7980764115292579,0.22533011805477637,-0.023437435936969335,0.7575350080592319,0.24431627764415884,-0.056327869371619155,0.7659553719018429,0.26833417970286066,1.1864406779661016
0.2657956738507714,0.8944157619980496,0.3944752093759732,0.26951742439126314,0.48424738189597416,0.45696819314679166,0.27662505764807177,0.11973381629812536,0.49614070432386254,0.2670052182797234,0.07181826207927762,0.3333668615535287,0.31535675360676774,0.08677240053080595,0.3586705412896823,0.254888855397589,0.04370312151439813,0.5852263157218301,0.07128795974451807,0.8945027418843436,0.3943746674883093,0.07210324773799774,0.44923194792454185,0.4884289453001521,0.0792264822108944,0.10882436484663216,0.5131623763775248,0.08584838705766532,0.09325744703448202,0.30912704863698015,0.032920765471168484,0.07431688512429913,0.3802187516976112,0.09486543843353726,0.07338939466225401,0.5361735681772305,0.18245347010943708,1.3910897372331754,0.393377593179855,0.18027864809958222,1.6364584210935649,0.3812437626726857,0.18155678130405745,1.5049505666665892,0.268228395719207,0.31115241985535114,1.3096115376625812,0.3941282433510793,0.38012911930849647,1.0849543409074232,0.3461582011835121,0.40412230073897515,0.8575190615482814,0.2512798354595351,0.37865410941404415,0.7352140030310517,0.22780736036151789,0.40524404471171155,0.7313886971299065,0.19002861559610118,0.4254966328705789,0.7396757380223268,0.22328510811066687,0.01731326839527913,1.3142886225668569,0.3994399060291982,-0.02341068383794303,1.0816142160870537,0.3786142124258992,-0.05083320192680353,0.880001062746189,0.275956432543938,-0.01642761006058852,0.8001303594857534,0.23255269404017959,-0.03126552515643935,0.761190821243115,0.2514852025811317,-0.063664490669737,0.7748042509604545,0.2643129766687584,1.2033898305084745
0.26622032391715805,0.8932250780036795,0.39724455946201326,0.2693221626990208,0.4850687127687244,0.45624452310816305,0.2765848339503964,0.11987343500771734,0.4956796076168589,0.2669822184371763,0.07099017573352058,0.3371217525793659,0.3155086576209909,0.08630224316599357,0.35887582887854913,0.2549799068614958,0.044029413590137734,0.584912228774971,0.07126844779127665,0.8937443427371993,0.3965907412410913,0.07169184504318603,0.44929204236566034,0.48831692635503127,0.07873972835996251,0.10891114366927322,0.5128294547390467,0.0869104951079642,0.09303693169107564,0.3095119539768601,0.03280615639017399,0.07153994325205082,0.3834097118113887,0.09442885865837165,0.07337337880185553,0.5356825103901889,0.18324842100246702,1.3907041554062956,0.3939960630794545,0.18024276127685884,1.6365232242489507,0.38143749684159406,0.18234340601499294,1.505297559250051,0.26546579863715836,0.31109194413712987,1.3097464266246615,0.39397672261472927,0.38463996419252783,1.084659258391966,0.3515963117583062,0.4140453714037149,0.8594507442285817,0.246120042067216,0.39068564083128454,0.7367321867508669,0.22844543274451723,0.415160566641552,0.7334360407009372,0.18715192658845675,0.4355463995158509,0.7435261004109021,0.2154062196150544,0.018068831258479433,1.3142387575903784,0.400143447989866,-0.025277962056752354,1.0833361344006314,0.3783825730662695,-0.05587613895766555,0.8832775646779263,0.27346540794541435,-0.02296521302082165,0.8008613392581219,0.24186177857405752,-0.039919122350427175,0.7675380936473659,0.253364321167793,-0.07167389099960991,0.7837707002260366,0.2594805891601476,1.2203389830508475
0.2665085152129771,0.8922849445342952,0.39949610090794135,0.269243751104318,0.48594198994981663,0.4556757450410664,0.276543212584091,0.11969019444382846,0.49612926408488484,0.2661939542402412,0.07048874522263214,0.34000800207294224,0.3156565148141654,0.08579836358655583,0.3589126797249919,0.2551738826065831,0.044411961463422064,0.5848556653781596,0.07135176805498447,0.8930308354697403,0.39887593931277443,0.07139313947458306,0.4495751696306709,0.488180874784026,0.07821851397843578,0.10914801965810822,0.5124426053486179,0.08788568240326006,0.09296520856927601,0.309909919185927,0.032885630087840435,0.06929232147263369,0.38582284882957474,0.09411846783509661,0.07328381301205217,0.5352407382125606,0.18404493755323947,1.3900734299921593,0.3946840443216508,0.18015928246123453,1.6365867727618182,0.3817792824188315,0.1833313102285268,1.505691158917296,0.2620203294392005,0.3110506590618406,1.309679989402745,0.3938687191345083,0.3891834250405244,1.0843571126885934,0.3570530107483246,0.4261138611110851,0.8619549831461523,0.24396243740543613,0.4011349303526467,0.7409883035835996,0.22443362923531895,0.42293705655880565,0.7357057840831673,0.18516353776632444,0.44702745355726536,0.7457341487380047,0.2137503663863395,0.018797956639720254,1.314203572508749,0.40074311899670934,-0.027185384453018317,1.085666167790105,0.37806777125488933,-0.0618396409216523,0.8865649292403234,0.2711628229897337,-0.029027916611530376,0.8006084985821756,0.2508826813638452,-0.04903586977225727,0.7759828915665532,0.2491223309036111,-0.08032605210799523,0.7913683466292669,0.2545023674214896,1.2372881355932204
0.2665300928435143,0.8916006754171926,0.40108088358651783,0.26904555388279333,0.4868034404197548,0.4551459744853714,0.276472830060416,0.11931215759652153,0.49722691391244456,0.2647928432782052,0.07060535428910318,0.3409354789953533,0.31579692050355856,0.08533877084053741,0.3588208387123164,0.2554930471809734,0.04481695109209212,0.5850522091307088,0.07152993746778527,0.8924526631413848,0.40108975120077167,0.07121805891879623,0.449917640305703,0.4879842628094157,0.07774860961591813,0.10946106844489087,0.5120729763015702,0.08857321978646537,0.09295593442020653,0.31019428991929326,0.03327771405183089,0.06815301887368755,0.38671187986404304,0.0939507007652023,0.07311264735478612,0.5348833227915697,0.18471647389458212,1.3893424081841383,0.39515611728302746,0.1801037831879631,1.6365926030288396,0.38204623065384724,0.18440074149861208,1.5060807605164617,0.25831856449200213,0.3110307133076737,1.3095404048839516,0.3938095255514448,0.3933135410879419,1.0841517360859207,0.3620165531221856,0.4392367818286529,0.8650560473998398,0.24496374722316058,0.4098474946979009,0.7470043510762022,0.21642529001120928,0.4294424134289184,0.737355575296838,0.18544716548513396,0.4589840007405114,0.745782835037993,0.21865756526300906,0.01952079515019612,1.3142557982236795,0.40073052952876864,-0.029211513492587618,1.088637366602208,0.3769472331629857,-0.0686658836737363,0.8893128666909698,0.26979609466716387,-0.035250499509746513,0.8000856387879351,0.25738014287029304,-0.058167280853416214,0.7855459390430634,0.2397562725549691,-0.08958643155454668,0.7965937436019672,0.25073943744076727,1.2542372881355932
0.26622024344960754,0.89122841877849,0.4018249295010478,0.2685885889240111,0.4876740193752145,0.4544764164428216,0.27635048575452964,0.1189310113698937,0.49857736064513325,0.26312550671577606,0.07146523670623427,0.33973142604236567,0.3159089984578402,0.08491987200958973,0.3586494983188032,0.25595343969412226,0.04518051199747655,0.5854964453513206,0.07180085588861441,0.8921424604430006,0.40302515905450875,0.07114774501325977,0.4503105765446354,0.4876581456203655,0.07738022440287083,0.10978194738623841,0.5117619745747287,0.08889942379884475,0.0929593139021901,0.31028226413840587,0.033973524510960425,0.06837812850884323,0.38579463415412585,0.09388002976974956,0.0729063535377757,0.5346045586948492,0.18514194364711745,1.388617221869574,0.39539707009770597,0.18020394173421125,1.636578883522195,0.3817966802916435,0.1853925101996945,1.5064242112183996,0.25488376597726325,0.311017925288896,1.3094177465270018,0.39381380943884003,0.3968805989493288,1.08407150485148,0.3661425102211809,0.4521702367841649,0.8685810972035221,0.24876650874166567,0.41736171206787565,0.753577645916577,0.20633464362161824,0.4360072010363138,0.7378781763047787,0.1882384221320421,0.47045564607099044,0.7439800076041928,0.22854731465782543,0.020216838778548706,1.3144233796639018,0.39974748519659464,-0.031412217242035224,1.0921218336110958,0.37403637711088716,-0.07645382619190562,0.8911857617500805,0.2697909289911389,-0.04203814519354395,0.8000320135648152,0.260165145566193,-0.06727632243766829,0.7948318973402491,0.22790549970448026,-0.09942672665279303,0.7994200916113454,0.24907818724287295,1.271186440677966
0.2655748590950435,0.8912557488154871,0.40159493173987576,0.26792333460929646,0.48854558138917054,0.4535767986836667,0.27619130975849243,0.11859451345679754,0.4999784822562226,0.2615736937711295,0.0729425002853052,0.33733492694171974,0.3159274281140533,0.08461192082217237,0.35844518530327224,0.25651350062464345,0.045391021095638334,0.5861857579995297,0.07212620469421141,0.8921791975140378,0.40447543226819754,0.07116847764306451,0.45092317346137917,0.4871454295349672,0.07712069742514234,0.11010136154823104,0.5115147438507107,0.08891439125224734,0.09296051485539912,0.3101833340400556,0.034872643008307544,0.06978275204879406,0.38333443981128995,0.09384852704645982,0.07271149249860846,0.5343908753132335,0.18530289138940945,1.3879253572060062,0.3954854324984019,0.18054842592269563,1.6366016242731423,0.38071905971038544,0.18619847596149441,1.5066959299244482,0.25205844978170583,0.3109921006599875,1.3093511782185816,0.3938816297236495,0.3998368457829048,1.0841337722441173,0.3692239610728906,0.4636481937162309,0.8724096808969473,0.25433827271591636,0.42469049314046403,0.7594179671273242,0.19741910230252757,0.4438948942583192,0.7375592385694107,0.19239311732304992,0.48082134396299736,0.7416603883549058,0.24057445644825312,0.020844455143752626,1.3146816744794934,0.39782035437082025,-0.033758812154331325,1.0960122248364979,0.3687494220200396,-0.08535301680437965,0.8921321025603983,0.27109885552453505,-0.04958002569006319,0.8008377218723486,0.2595242094005574,-0.07683825660069446,0.8021587195508414,0.21743293918985776,-0.10984095164648965,0.8005970979330361,0.24903462709370588,1.2881355932203389
0.2646313817569265,0.8917602286455573,0.4003163106348176,0.2671830165025285,0.4893119326800466,0.452486849950848,0.2760175198528016,0.11820544830790755,0.5014303304470715,0.26042433680267996,0.07465572833914051,0.33506864539972187,0.31577421585396004,0.08462783617833271,0.35823649705428334,0.2570946297128903,0.04533876974988482,0.5871545562721062,0.07244232655545654,0.8925342509176486,0.4053189618387436,0.07124431015501072,0.451866507478783,0.4864833196635,0.07695860738953399,0.1104561749176089,0.5113197185262298,0.08878154189199701,0.09292228914874483,0.3100019476034342,0.03584190880342769,0.07178162835265633,0.380080837479466,0.09383600403200736,0.07254808415050117,0.534237558423802,0.18530919679542945,1.3872446631279727,0.3954906712635286,0.18112849173890885,1.636690763805083,0.3788447186118312,0.18680613730350856,1.5068981876570124,0.24987498100564065,0.3109490511540111,1.3094204842142718,0.394003689646496,0.4021806186243593,1.084423861353977,0.371231722013345,0.47283006430521707,0.8768576665815776,0.25973515726127744,0.4327624540919034,0.7636246439485902,0.19292836375277395,0.45387157400804745,0.7376520634837618,0.19633028994361423,0.4899763364109716,0.7408069345781095,0.25171435485199695,0.021485712349158574,1.315043739371922,0.3952561980926758,-0.03623727816307441,1.100261848045191,0.36131482549065247,-0.09535278993553575,0.8923821708302259,0.2730903746562922,-0.05821211828610098,0.8024061630340458,0.2566109025251212,-0.08738206536901144,0.8062121582297852,0.21184591911341416,-0.12067551440181826,0.8009433747772879,0.24937733163673878,1.305084745762712
0.26343765395935553,0.8927694662411231,0.397995497017393,0.2664627051648608,0.48984456367113977,0.45126007211144775,0.27583407011198746,0.1177042521583738,0.5029406056081267,0.25982974772426964,0.07612140720537693,0.33385550137259656,0.31540849024430234,0.08511038792645956,0.3580367195006799,0.25766365449744044,0.04498618578677742,0.5884928333623042,0.07270728526622026,0.8931103396768225,0.40554799330446367,0.07130916315213057,0.45302535079739426,0.485825499824958,0.07688411768328848,0.11088001559966294,0.5111662431230711,0.08867413526813006,0.09280946507515087,0.3098542960934608,0.03673807670711977,0.07371596002820964,0.3769733188982112,0.09385705705604655,0.07241894237349622,0.5341471117987144,0.18530468225950344,1.386575510959816,0.3954485199672318,0.18186510868345943,1.6368571569970831,0.3764431187297932,0.18724319263425188,1.5070393339654862,0.24824982389818465,0.31089843307500886,1.3097853216741133,0.3941626900105063,0.4041802903137088,1.0850267652164203,0.3725055409859164,0.47991548808708273,0.8825918856430792,0.2626895839475104,0.44203181239619094,0.7664738245749791,0.1941120312401498,0.46602068373687255,0.7398984105324179,0.19894984850805808,0.4983319331297428,0.7432813331101797,0.2598025494844444,0.022355916976022787,1.315607174490602,0.39244708623023744,-0.0390146159615648,1.1048221695555005,0.3525765636221404,-0.10621580830281703,0.8925909643944551,0.2746422665055394,-0.06848960172887607,0.8042737994797532,0.25241926142704085,-0.09901023470045309,0.8068981136403993,0.21229548091447112,-0.13154244869668463,0.8008599040056377,0.2495670228138141,1.3220338983050848
0.26203940916873314,0.8941972179556611,0.3948087158933387,0.26579059593170673,0.4901073775997139,0.4499072744221797,0.27564249450566564,0.11713067888297585,0.5044891299123759,0.25982107173519836,0.0769997444963344,0.3340248797485744,0.3148358793267839,0.0859675262244462,0.3578592478848459,0.25824991622589155,0.04434816159774084,0.5902702969503225,0.07292103175501456,0.8937842794725465,0.4052695990398601,0.0713092536158181,0.45414408590525407,0.48535181985277415,0.07689408072776333,0.11137616580919137,0.5110495829006166,0.0886398794418169,0.09271828822164631,0.3097806834900205,0.037419404487767705,0.07521908207222204,0.37472223603103194,0.09392953946230127,0.0723286495140012,0.5341251741078918,0.18535232989594908,1.3859398466311363,0.39535622653167135,0.18265512265528672,1.6370846032201831,0.37385602650498817,0.18750184720870072,1.5071064667668752,0.24723762697174834,0.31084553217446775,1.3105515124470635,0.39432980020065117,0.4064331574701974,1.0859536226910187,0.3737681614794819,0.48634915048394917,0.889955849201718,0.2621965690680765,0.45258809054588245,0.7695657352935875,0.19918537262016178,0.47970542079114786,0.7454195585662113,0.20004410766112285,0.506675382024827,0.7498734804273117,0.26417556108303925,0.0236132422423165,1.316451989087429,0.38978215295681384,-0.04238831177899473,1.1095798235121461,0.34353233052357174,-0.11756409146933836,0.8940334543258166,0.27450516872891606,-0.08077840899903801,0.8060448077557835,0.24763701125974208,-0.1114554740947825,0.8054817339535569,0.21741543284432974,-0.14219400588362652,0.8006871790519029,0.25001667262683713,1.3389830508474576
0.2604902878747464,0.8958393861611262,0.39113195805973855,0.2651773227747779,0.49015299141199176,0.4484937396712454,0.2754489042535203,0.11653279375259232,0.5060800759180794,0.26032316861195276,0.0772157290294462,0.3355025320697092,0.3141001053425467,0.0869771172628076,0.3577089623671578,0.2588711359849219,0.04350000362788153,0.5923681675133099,0.07309724866515716,0.8944313560787761,0.4046992108222729,0.07122355121811873,0.4550062385481829,0.48518283087412745,0.0769905734174811,0.11191171886009058,0.5109732531256292,0.0886110900069087,0.09290942373208165,0.3097557628101124,0.03778086200002845,0.07622801689675755,0.37363181185129346,0.09406034566478993,0.07228800149463224,0.5341766070435494,0.1854377778559136,1.385319294499759,0.39520644381788606,0.18338862179353732,1.6372912664437318,0.3714407418666463,0.18757065830833802,1.5070920736911604,0.24690667648514286,0.3107811203275671,1.31164357727904,0.3944722687742603,0.4095660181565395,1.0872503231461643,0.37537408016265433,0.4940832945850231,0.898477048696364,0.2592679429065356,0.46462429963848517,0.7746126681486958,0.20427732101357932,0.49404440885943995,0.754005566812651,0.2000063308061501,0.5158123808562857,0.7598975084203434,0.26540664626451926,0.02517705360674217,1.317523396702837,0.38763257630462417,-0.04668712175356566,1.114299454981917,0.3352584168478169,-0.1290935204718127,0.8983122238250769,0.2719094764994293,-0.09485878176320969,0.808062507414866,0.24310134606798622,-0.12467948011064406,0.8039564101575464,0.22475286931917038,-0.15301692636895436,0.8014390253947273,0.25085464983711353,1.3559322033898304
0.2588592979647396,0.8975125100141439,0.38735629425449075,0.2646861055953563,0.49002697755119773,0.4472162710829716,0.2752581600852627,0.11592046744965354,0.5077226302410017,0.2611107140632686,0.07694592361186439,0.33785073794486187,0.31328071255493734,0.08793894068898572,0.3575692151471679,0.25946501550263257,0.04261877923218517,0.5944317160348475,0.0732362301596146,0.8949597229131537,0.4040897198039637,0.07104157875674025,0.45551316904642825,0.48539316512020375,0.07718006358485313,0.11243443857598995,0.510952132644179,0.08852223265008177,0.09359246141261017,0.30975600772036055,0.037817901399872504,0.07683575512467081,0.3736090030520151,0.09425051239431072,0.07230064643283592,0.5343013154118755,0.18553450773214433,1.384677209263701,0.39502166966416735,0.18394884768638486,1.637338702797452,0.3695803427888748,0.18751262378416322,1.5070490316739769,0.24706469074059742,0.3107044015371928,1.3128749802775364,0.3945588677427037,0.4139596894758196,1.0891677307475145,0.37634643462059625,0.5043803270890251,0.9072028493002485,0.25570681511794163,0.4788939115763048,0.7820158955997044,0.20604679557437683,0.5088974242140926,0.7646116601442114,0.19902780777823373,0.5261405969440764,0.7719749650669938,0.26462235556835334,0.026711784354296775,1.3186572001057901,0.3862611042340754,-0.052326702993225865,1.1187297611377562,0.32909706733428523,-0.14084600415465953,0.906418077984272,0.26724499810096985,-0.11022265033576764,0.8117220927875566,0.23955556832727443,-0.13931578570137496,0.8044090371637371,0.23191586955032215,-0.16488090272620748,0.8045500406256041,0.251388775868805,1.3728813559322033
0.25723597021855804,0.899163975133824,0.38367364283466127,0.2644264438768084,0.4897177721359707,0.4463061459409524,0.2750700534653132,0.11529846322431295,0.5093957978552774,0.26180545732090316,0.07658525978116053,0.3401199345875627,0.31249095543188293,0.08871322695899286,0.35742436196391625,0.25991683275398664,0.041896038271912,0.5960893228526207,0.07334419766270278,0.8953239958533902,0.4036319453052697,0.07075658753935248,0.4556530187871495,0.486029018153122,0.0774676831232751,0.1129107600435148,0.5110067772192346,0.0883723025365421,0.09471673669503522,0.3097907109629321,0.03765802791017743,0.07725296977194693,0.37420394941476465,0.09450382841948686,0.07234437899564322,0.534490487426586,0.1856262830587017,1.384045372993415,0.3948436343722636,0.18423175677316223,1.63711979497285,0.368627902998546,0.1874385338709797,1.5070839201550394,0.2473736492107382,0.31067173798903275,1.314127412122532,0.39457021557647914,0.41966904599851435,1.092273086042466,0.3746914790495451,0.517337510260201,0.9155701551848344,0.25259573395792534,0.4963970994953001,0.7911742528266869,0.20344504211014044,0.5249933048247206,0.7765839831956757,0.19686457394824303,0.5376388115846114,0.7849958489410712,0.26324583521967615,0.02782924747693974,1.3197139994992158,0.3856006516081459,-0.059690928529595566,1.1228507826990821,0.32624839151073626,-0.15328334648274722,0.9180812950788307,0.26186691060339023,-0.1268141705795273,0.8186242707574091,0.23704523200072775,-0.15607685867020363,0.8085615864180726,0.23709352013464421,-0.17841248555736158,0.8107348395491416,0.25133713871283697,1.3898305084745763
0.25572060557834103,0.9008035393354543,0.38011561759754087,0.26447839516431243,0.4891789124198501,0.4458906524384137,0.27487610427692827,0.11469796348227326,0.5110306384950657,0.26204820230268666,0.07665478880547748,0.3411646017102553,0.3118653241531787,0.08922274233305165,0.3572935409164151,0.26014660911032533,0.04142511786135821,0.5971672788108039,0.07346760584302865,0.8955066244182013,0.40340586127917333,0.07039407490827465,0.45546548502368445,0.48703853895362975,0.07784001053903596,0.11332330888201254,0.511145740992656,0.08820231195762981,0.09602887122314872,0.3098732055050992,0.03747678148660538,0.07770422270861892,0.37487047617171854,0.09482813445672932,0.07237141965677957,0.5347260794013988,0.18570143691781027,1.3835307888990351,0.3947060483643352,0.1842249590649931,1.6366338808572558,0.3686367032129586,0.18741334467839854,1.5072508026744562,0.2476767965884842,0.31078549901699554,1.3154324466966671,0.39451731212958285,0.42642509421646,1.0974608038353775,0.36877994548512105,0.5322455943511294,0.9239963149581351,0.2500609618463015,0.5171784194066122,0.8019924001160744,0.19720283772285177,0.542798157920312,0.7900937718512874,0.19360638713291667,0.5502078946213795,0.7982012735714562,0.2624253078471171,0.028362071840040422,1.3206685745319422,0.38522484053312434,-0.06881203180272336,1.1269394508736104,0.32684235431826003,-0.1670018310689348,0.9321706790261521,0.25685578940915643,-0.14501758991776892,0.8292431559896034,0.23504223224697707,-0.17490774667832,0.817242497622299,0.23925908935818455,-0.19371928842555475,0.8197058773868738,0.25189813589367677,1.4067796610169492
0.2543874313397711,0.9023605022642458,0.37680356166368806,0.26485365758985885,0.48836189344822406,0.44598098962286525,0.2746558217726949,0.11418175267836364,0.512500439089794,0.2616998994908388,0.07754657124302,0.3404424835558189,0.3115157986682188,0.08943477873541414,0.35721414737824886,0.26013007906883834,0.04122968081517961,0.5976316984579501,0.07367351808975856,0.8954905958372422,0.4034073816615303,0.07002022108709317,0.4550308731850363,0.488234569166734,0.07825536280401638,0.11361849731128583,0.5113561145091324,0.08805839033228152,0.09722118377057029,0.30998467446169586,0.03736878600420613,0.07824787465487895,0.3753233926262205,0.09522150926479687,0.07234342810579163,0.5349876565927546,0.18575245370445748,1.3832355837309132,0.3946269386756842,0.18408969720006324,1.6359852738874108,0.36906983520490216,0.1874331488961958,1.5074177561113884,0.2479864285733565,0.31110808100794796,1.3168695615514108,0.39445026662955035,0.433724662404259,1.1056354867831404,0.35817476817439026,0.5481633348236923,0.9336474484500222,0.24779456180460577,0.539826122733903,0.8150740709839549,0.1887423899849118,0.5619406915837687,0.8051132648633883,0.19030812552260845,0.5639589265203743,0.8109011967512495,0.26209372296149425,0.0283872514776942,1.3215507497192378,0.38487783968403544,-0.07927976981158638,1.1314615173505178,0.329613060871931,-0.18228424358793044,0.9475922455676192,0.25246108488241453,-0.1648067033884566,0.8428742856785247,0.2329454267663912,-0.19544395307354281,0.8301599386386619,0.2381948261633155,-0.21089636472215562,0.8311262838540813,0.25464582419149345,1.423728813559322
0.2532566004101463,0.9036252768921077,0.3741194531422395,0.2655040809740499,0.48725200522716355,0.4465248207184022,0.27439257542196316,0.11382148243400424,0.5136747047998541,0.26090436691535523,0.07921949395185358,0.33834440895889123,0.3114665734159654,0.08937181844334185,0.3571778818664939,0.2598488954338314,0.04132996886220888,0.5974589098967164,0.07397998895633248,0.8952564441447775,0.40360744380218894,0.06969864173499647,0.454445917680428,0.4894032358784086,0.07866858754931272,0.11370370999124885,0.5116145691964354,0.08797646607798301,0.09800708149607186,0.31008676041420474,0.03732825928138568,0.07877596740506618,0.3755709736892116,0.09564965684820814,0.0722648547179888,0.5352557711534323,0.18577968849927137,1.3831748893652465,0.3946115894885632,0.18408598759430633,1.6353247634500445,0.3690476357034908,0.18746805983395398,1.50728239551179,0.24821608798714045,0.3116207428766367,1.3184151530240404,0.3944623390010339,0.44095710358081736,1.1171341590036465,0.343514157022377,0.5645276686437938,0.9455092982128382,0.2455392530399785,0.5626006069739122,0.8303056888228475,0.17985629741696402,0.5819227742786472,0.8205962978248704,0.1882989249767931,0.5792728676345958,0.8227345523790278,0.261205088601342,0.02799819284295998,1.3223455075913366,0.385010853633623,-0.09038360362275946,1.1370772670424714,0.3325658887356158,-0.19890777629774475,0.9637607241636946,0.2487503080584828,-0.1856313196303077,0.8588217002182759,0.2302704468048908,-0.21782724132686707,0.8463941298257088,0.23469559236545212,-0.23031771754515729,0.8453886190830284,0.2592482047623687,1.4406779661016949
0.25230574033011843,0.9043944443140864,0.3724645163263182,0.26633644484229163,0.4859136514931946,0.4474132617131399,0.2741071075935292,0.11363557959576656,0.5145387252616999,0.2599743450279382,0.0812444793252876,0.3356842839897633,0.3116176500877729,0.08914616462288921,0.3571108968616491,0.2592772573148397,0.041717657901688784,0.5966717316434427,0.07434051317520213,0.8948411641977538,0.40393125282433195,0.06945035087148872,0.45381064269752375,0.49042611879483017,0.07906437346572479,0.11351842409960271,0.511896504239608,0.08797768734741063,0.09818360684679879,0.3101558736596473,0.03731754824273567,0.07916969699003346,0.37570353943348744,0.09604437050585891,0.07216965498099692,0.5355061733595079,0.185792116994264,1.3832540024733815,0.39465028717057166,0.18437372157644105,1.634782972269079,0.36802459898349155,0.18749394542460862,1.5065945111495311,0.24814231429747396,0.3122584409120561,1.3199333204063866,0.39467962096457526,0.4475566373921382,1.1313689094349464,0.3263636123663788,0.5813859240908413,0.9597821107094128,0.24315584199779572,0.5846826050814287,0.8465015266968369,0.17222192844136167,0.6026379577312166,0.8356124708616233,0.18790742452819648,0.5963994588450007,0.8343978510539392,0.25878182710787234,0.02720903099088995,1.3230268928871833,0.38644063496620207,-0.10124304744101953,1.144603483957859,0.33399218095269884,-0.21642061367022425,0.980465813379168,0.2458961500234988,-0.2073150729140112,0.8769569945089912,0.2267725936235144,-0.24221406363355658,0.8650146771013568,0.23046465011710224,-0.25197923473423933,0.8632233084469877,0.2631288991744667,1.4576271186440677
0.2514952907117822,0.90469794311467,0.37179848068220556,0.2672580608854788,0.4844875176507582,0.44849873209268964,0.27384894918193375,0.11355529397316062,0.5151992687268907,0.25915750220433603,0.083231126977339,0.3330480831784687,0.31179236724836046,0.0888886934593344,0.3569416028300249,0.258440171749148,0.04230868402773452,0.5953938270864414,0.07469714206739983,0.8943642187973857,0.4042162725168924,0.0692599776624509,0.4532228432087484,0.49128364475175207,0.0794531239184735,0.11309023648468325,0.5121783710579986,0.08806588284654865,0.09768577565243279,0.3101907584164517,0.037312300304799206,0.07939008665778013,0.37577541687338534,0.0963433249413807,0.07208436053144032,0.5357165981233608,0.18580062496831906,1.3833428318113064,0.39472030499538713,0.18493203504343064,1.6344440043841275,0.3660703874040419,0.18750469720819268,1.5053524696647131,0.24756095950232854,0.3129356161122596,1.3213132494143287,0.39512694505564055,0.4533128829137252,1.1468724204730885,0.3095195820031965,0.5989211621166464,0.9763596617771438,0.24031595883931128,0.6061410657683811,0.8631298203030284,0.16668251818052104,0.6241647564295585,0.8509686850940991,0.18846491725670997,0.6150524374376146,0.8477512418590866,0.2542865034696761,0.02611356592880653,1.3236884694833844,0.3895434033409988,-0.1109727582079373,1.154638955719873,0.3329674626175749,-0.23458549964997905,0.9977148598988312,0.24364716350932564,-0.23024897700427444,0.897050548486729,0.22258554659246982,-0.26798463421333285,0.8852685498808311,0.22696528672440772,-0.2748794592626387,0.8846403923515764,0.2637623691181144,1.4745762711864407
0.2507809102197624,0.9047737207369563,0.3716325944554064,0.2682271982345521,0.48311021795795944,0.44969926469011395,0.2736444436147747,0.11349724733717381,0.5157319270147562,0.2585194451010522,0.08500335670724124,0.33064427011995384,0.31184537268432766,0.08865524649113861,0.35667187291085506,0.2574718024465121,0.04296714845755566,0.593778043509764,0.0750039081686363,0.8939282095858025,0.4042973973148545,0.06910567147299383,0.4527462896715102,0.49199179087221184,0.07984151792655869,0.11251906189611618,0.5124443900726079,0.08822243185121834,0.09663017863772307,0.3101976401444199,0.03730890324978501,0.07944119077731246,0.37580395614834705,0.09652943056127374,0.0720122561026894,0.5358840227587285,0.18581069445473986,1.3833768008686635,0.3947980586824567,0.1856362660254437,1.6343455063406094,0.3636157482347827,0.1875156384886959,1.5037683026726543,0.2462812792783346,0.31355025459243135,1.3225577964226067,0.39551227547472795,0.4586824023044497,1.1616952640520777,0.296890631209164,0.6170237676193352,0.9954196955548775,0.2366050339673032,0.6273077625074445,0.8813126146763705,0.1635737010629825,0.6465591692934537,0.8685042247680032,0.18952765524678933,0.634866752016461,0.8645983157660125,0.24772551038446372,0.02497911869336648,1.3245405472929896,0.3940055387160397,-0.11901331114388827,1.1671145255467155,0.3292391162311919,-0.25341964746103174,1.0159563265034277,0.2411201870108089,-0.2544931369200335,0.9184644413996844,0.218105881050741,-0.2940733660788482,0.9067652532879829,0.22440275991825462,-0.2977452093136878,0.9084266028355757,0.2607990594785954,1.4915254237288136
0.2501378184857831,0.9048346354769307,0.37145040699142423,0.26921820721994844,0.4818527104613102,0.45103324085539637,0.2734846219674663,0.11344682158941777,0.5161034883493939,0.2580488004448461,0.08631840332897292,0.32855800893434833,0.3117492050986037,0.08844723796732007,0.35637173850402104,0.2565858228338406,0.043569014944051604,0.5919798603816964,0.0752135982062285,0.8935490564667007,0.40412059108391696,0.06897901066428817,0.45240384910034803,0.49255399510553816,0.08021925667204013,0.11190314526204559,0.5126888737491121,0.088400889077951,0.09534434751455614,0.3101782004697547,0.03732037758685284,0.07930402932059097,0.37578289049368135,0.09662241885630403,0.07194091565401509,0.536021846090021,0.1858235892746615,1.3833664895354543,0.39486726163481134,0.18634113862689838,1.6344576468051022,0.3611642200706674,0.18754977261037414,1.5021091987929744,0.24410044632179215,0.3140098537448693,1.3237236256298337,0.39530694840962427,0.46465490684169075,1.1742673617052797,0.29182878695338005,0.6354490647223311,1.0169859722049626,0.2322851352785445,0.6485934124993447,0.9024105471298193,0.16314920270727526,0.6696004271530709,0.8889617783513024,0.1913861643379291,0.6559096122236828,0.8853888512074457,0.23979210861838252,0.02409773988722587,1.3257123041728383,0.39914419120205774,-0.12553413556930307,1.1812387850522972,0.3232329799251572,-0.2726986021060911,1.036213931273214,0.23739556022635033,-0.27925892827493365,0.9408182821871305,0.21397582934514012,-0.31965381282343874,0.929752576591288,0.22217966399089611,-0.3201928841628636,0.9330206029200809,0.25591268801005135,1.5084745762711864
0.249590710306749,0.9049472912922433,0.3709914560169336,0.27015656769570806,0.48074707439168873,0.4524709214128193,0.2733605074625146,0.11343948584408958,0.5162379675487498,0.2578140454961669,0.08676741562527812,0.32706344324488457,0.31162489943063454,0.08827680022201996,0.35612914149944114,0.25594558203172474,0.04402620178491714,0.5902443305716175,0.07528508222335024,0.8932118918501059,0.4037585214544439,0.068884346945017,0.4521938541265336,0.49295317694927265,0.08057036126883946,0.11127669830058853,0.5129139309380751,0.08854388035874251,0.09424662190234928,0.31013623116798716,0.03736369782233333,0.07894786979485466,0.3756955228570542,0.09665278852396843,0.07185418756668299,0.5361416415786934,0.18584033709134473,1.3833423177052504,0.39491643958876893,0.18693480457914463,1.6346746401089987,0.35909660833114343,0.1876168350848475,1.500611246709888,0.2409989056071285,0.31426352417657366,1.3248520244874016,0.3941598459793975,0.4721494321980757,1.1844017144757517,0.2947987121836818,0.6539921470015888,1.040252337138511,0.2285904617458457,0.6705112543978549,0.9263728765934744,0.16524456871827084,0.6926140417453677,0.9116756748656211,0.1942852808453268,0.6780232605440153,0.9095785323096369,0.23137771418147401,0.02356588869970515,1.3271636409041208,0.4042144890884558,-0.1316064291152394,1.195946976086686,0.31625204732172796,-0.291639462202671,1.059445568572015,0.23237615187675184,-0.3035587527901779,0.9643771088410761,0.21118390057680092,-0.3442600831382664,0.9549668149719643,0.21977995611990978,-0.3425129073530234,0.9581144884080343,0.25089871160749877,1.5254237288135593
0.24920396894335062,0.9050483940251355,0.3703170255328242,0.27094873272255593,0.47982113194813714,0.4538436641486568,0.27328571240125604,0.1134946886301351,0.516095646374538,0.2579798177025317,0.08611809670261676,0.3266849191357207,0.3116789649508363,0.08817980656658325,0.3560301567092742,0.2555464230884499,0.04427390616171879,0.5888698778084642,0.07521680186510085,0.8929194738216646,0.40333900220751895,0.06882906799173849,0.4520760537275023,0.4931702559400244,0.08088386856798702,0.11061876993665093,0.5131230925575543,0.08862169654282959,0.09358300994257839,0.3100936575549565,0.037444609759770084,0.07838733679268987,0.37553279930804,0.09665231382656808,0.0717465496780454,0.5362437959860586,0.1858611246367085,1.3833236347718139,0.39493535132352336,0.1873898293904961,1.6348885045489057,0.3574978416400538,0.18770763463915796,1.4994819449330468,0.2372846180396796,0.31431353452547495,1.3259931627675285,0.3921222465336405,0.48148274976554634,1.1934546341203942,0.30292961871144375,0.6723485792639339,1.064050244572464,0.2267981242937522,0.6934331352390948,0.9519409775669994,0.16930041216897002,0.7150004108827152,0.9361064464516646,0.19757509552484256,0.700042257977549,0.9367756686741396,0.22314985410396634,0.02321821367510552,1.3288591836896495,0.40850202985063677,-0.13872216081357636,1.2104826073188508,0.3102853594698525,-0.309322409672267,1.0855952684318502,0.22710047943355022,-0.3270691762452096,0.9897869186624024,0.21049886278924587,-0.367580288027878,0.9831001121113286,0.2169578326644247,-0.36447268525814636,0.9848107158913432,0.24609963451300934,1.5423728813559323
0.24904024458620114,0.9050017489898095,0.36971295281739847,0.2715587020213062,0.47907543989604234,0.45497628646730554,0.273282259667482,0.11358170754495782,0.5157355669726692,0.2586201151173709,0.08461519320501804,0.3277686190163192,0.31205622879981937,0.08817473310906747,0.35615543170520897,0.25525444810377795,0.04428666772100661,0.588029262354607,0.0750604396025677,0.8926828502313108,0.40290969192165493,0.0688170590422773,0.4519876138306559,0.4931984344898078,0.08114859550952197,0.1098967852338299,0.513305368262409,0.08864439624563752,0.09332816254821533,0.3100838313647596,0.03755316167840174,0.077691311518113,0.3753048060816469,0.09664317001806842,0.07164736746533984,0.5363155216953978,0.18588392450553065,1.3833185935573877,0.39491733635930737,0.1877609570687523,1.635076923673683,0.35616897435338035,0.1878040588394363,1.4988801756795331,0.23348063065939023,0.31420956831971564,1.3273018537621424,0.38950499691083745,0.49223203700046747,1.2033487039910857,0.3120405131951728,0.6899697547014921,1.088039000928205,0.22714403070414724,0.7170456310008668,0.9783362619707643,0.17451694835799464,0.736709387585013,0.9627738334404095,0.1998270185163726,0.7203816962216671,0.9667701563128364,0.21599748138552124,0.02282341657064928,1.3309272704186081,0.41139490626337116,-0.1477283437477121,1.2245990437990855,0.30724778092506577,-0.3251982791097955,1.1136379060214388,0.22287994055167176,-0.34988979671687537,1.017513580281795,0.21161264619601008,-0.38920419460197364,1.0142321549015993,0.21382585228196893,-0.38487052682109496,1.0140330950648442,0.24085325817795136,1.5593220338983051
0.249113947351427,0.9047020635319297,0.36940636412410505,0.2720247480568199,0.47845908508005297,0.45583866603381235,0.27334510516614174,0.11364663966480279,0.5153255716677884,0.25957123335339105,0.08283454723319976,0.33010455548626283,0.31275207294496,0.0882330360044809,0.3565357115212449,0.25496299350730245,0.044086788963204164,0.587721377485423,0.07488335445835993,0.8925153347772907,0.40237175620744303,0.06884884383690487,0.45189856182466587,0.4930394103317141,0.081344636480628,0.10909522411157585,0.513429329368592,0.08863556614606516,0.09333070303044591,0.310116366936339,0.03767011057190114,0.07695453406992417,0.3750408759253535,0.09662799116237951,0.07161170512625184,0.5363378328456465,0.18590596393443165,1.3833263972267622,0.3948650005351441,0.1881313118300401,1.6352719858503746,0.35480820625060827,0.18788938713556413,1.498813187532162,0.23011348937330467,0.3140115769017586,1.3290518256708463,0.38668493466065346,0.5034141065293178,1.215410454079824,0.31879313956848687,0.7060647037390453,1.1130792222500725,0.22880706666680978,0.7399687860431241,1.0063873596098192,0.17987872605498922,0.7577787389753756,0.9926241221505256,0.19998487954017052,0.7382523401378793,0.9989113250821124,0.21125880118492746,0.022378581948455434,1.3335912704093418,0.4127047932716974,-0.1582896532224669,1.2382952267668543,0.30808242593980867,-0.33905939030656407,1.1424496688374153,0.2202942825962185,-0.3715666216252336,1.047264692097055,0.21313442110221462,-0.4087228440322177,1.0475176275865834,0.21104787336229805,-0.4022746831427992,1.0455745727890113,0.23515419905343823,1.576271186440678
0.24936242652717394,0.9041543124630051,0.369406193450063,0.27240037264896416,0.477910712628406,0.45650341960027147,0.27343243142193696,0.11367827064047564,0.5150222589078934,0.2605822249681539,0.08122396282850035,0.3331955903379679,0.3136559757446831,0.08830572108797427,0.35711160809999953,0.2546712638493236,0.04370526211504969,0.5878813720108337,0.07472389259548677,0.8924377793179288,0.4015827989870365,0.0689249530816816,0.4518230462930622,0.492691350699703,0.08145119043359615,0.10823244394411372,0.5134681014482704,0.08861352958131011,0.09343629669030548,0.3101661405632253,0.03777533907762882,0.07628069832904857,0.37478217291814925,0.09660185405575078,0.0716486862021134,0.536310736613791,0.18592578779971136,1.3833367650352413,0.39479219788943953,0.18858326539592585,1.635454029436075,0.35311481621780083,0.18795190777805357,1.4990592136837364,0.22753895473824176,0.3137672850234788,1.3314217127982269,0.38403878237257805,0.5138856092714954,1.2299056274013525,0.32133276829580154,0.7198516898690845,1.140316795810261,0.23064218180127732,0.7604556722372395,1.0373046318652996,0.1845895941112863,0.7777658221483426,1.025709465791484,0.19836148509356266,0.7539170169929368,1.03207574823428,0.21012806172085483,0.022125191735308077,1.3369521524888262,0.41297214966977225,-0.169486901375827,1.2514780858519725,0.31245292990325857,-0.350950695458992,1.1712757472373003,0.21960460126718287,-0.390946261118822,1.0780724952453464,0.21342304227110956,-0.4261136908817472,1.0816350630239724,0.2094872646052691,-0.416151894479192,1.0787038104866993,0.2301939274398473,1.5932203389830508
0.24967597768922337,0.9034353390601322,0.3696196832398566,0.27266548938915647,0.477415206794485,0.45697392857883945,0.27350449015153716,0.1137066119458625,0.5148496623635382,0.2615254332315584,0.07987454290913275,0.33649801476924673,0.31462769232790544,0.08836347809536259,0.35775082258514823,0.25442719720169366,0.0431662543896609,0.5884614099548141,0.07458993412748702,0.8924715744436914,0.4004732869821494,0.0690458445133637,0.45179948947323245,0.4921435353979067,0.08147767728412503,0.10735172179261356,0.5134348287785524,0.08859075825888912,0.09352695077335653,0.3102088149044771,0.037853092465835333,0.07577353716809017,0.3745719944528012,0.09656852507555425,0.07169803294123474,0.5362659295389216,0.18594366120483685,1.3833338139487676,0.3947172024177918,0.1891679210351506,1.6355307403947674,0.3509110631961794,0.18798851474292913,1.4993097632107097,0.22589187938064198,0.31354821358030294,1.3343119007148474,0.3819435559730193,0.5227525228853037,1.2463465592837255,0.31923361782120635,0.7309944715797406,1.169852629633661,0.23184185844841532,0.777667254696179,1.0705760051436113,0.1881597492040107,0.7957861376081334,1.0606639450628554,0.19603003207079497,0.7679804752522119,1.0651124090520865,0.21332124171634362,0.022253310910568223,1.3408549071328608,0.413003577910098,-0.1804867137714205,1.2639703335284922,0.31917160365202624,-0.36125785647826003,1.1997934898512008,0.2214580022811352,-0.4072319596038072,1.1090003869554688,0.21176588344620365,-0.4415833971848627,1.1156202541978775,0.20962480126914793,-0.4273497652312736,1.1129090018879122,0.22714266611672695,1.6101694915254237
0.24996592058015812,0.9026193524654887,0.3699457355090505,0.27270749347535284,0.47700731745891306,0.45714092232856385,0.27355745824684546,0.11373809667995466,0.5147431946759059,0.2623454795600906,0.07877617396823587,0.33919495836228203,0.31552686779016387,0.08840053733485666,0.3582929393118321,0.25426118125477876,0.04249869819864549,0.5894344887046673,0.07448460978956802,0.8926196501380663,0.3990512903579536,0.0692109253217422,0.45188488724768855,0.4913845164698923,0.08148047232524298,0.10648817433853652,0.5133830824845683,0.08857350082671635,0.09355874058009422,0.31024410270243896,0.03789447893567002,0.07551397661989405,0.3744457495255332,0.096539008765116,0.07170738318677913,0.5362421970271483,0.1859598431900319,1.3833064151371475,0.39465316848671184,0.18985244342833968,1.6354187894246885,0.3483516829840459,0.18801838798173653,1.4994403135611303,0.22518830815177376,0.3134555494027755,1.3374393802754467,0.38072327539006745,0.5295760979371219,1.2639757916742718,0.31377184086164606,0.739617969470795,1.200486810381422,0.23226835977057914,0.7918835957694712,1.1042957317879312,0.18984156736176655,0.8108472402988285,1.0958403821933014,0.1933911170580493,0.7807478130721395,1.0973634645839891,0.22091886182939122,0.0227282578506652,1.3450043963433118,0.41301052326907867,-0.1904868929777534,1.2758558801914779,0.32679632010477855,-0.3705806905516164,1.2279884706936377,0.2263106146372479,-0.42078839218882536,1.1395228457451285,0.20896984937519308,-0.45516999272025804,1.1488876838894198,0.21156467735559914,-0.4372667287544909,1.1477450373909448,0.22612444426307968,1.6271186440677967
0.2501919964595595,0.9017733921361207,0.3702535252532932,0.27241928252597986,0.47674872203845187,0.4569202638253617,0.27360768980861855,0.11375355383656931,0.5146528785947269,0.2629057400503384,0.07810901846078006,0.340330625957291,0.31621921472584025,0.08841877985185963,0.35860471905875196,0.25418073889717147,0.04172700977104133,0.590774862364802,0.07441469826318645,0.8928645924424857,0.3973641884357159,0.06942150519473612,0.4521292587897641,0.4904161959869439,0.08151979008034567,0.10565828666330815,0.5133620083995738,0.08856295698054305,0.09354952516493414,0.31027919454565167,0.037899542688550725,0.075505573715115,0.3744158609199855,0.09652053288161436,0.07167793318594418,0.5362563772380918,0.18597222011051903,1.383259084783472,0.3946058632219507,0.19052719030827753,1.6350885181745245,0.34592227790126406,0.18807687438274656,1.4995503485988002,0.22531234720074333,0.3135804938258919,1.3404959503119487,0.3804545807282085,0.5344407493890824,1.2818333136561644,0.30790723525048275,0.7458315747345745,1.2310057062041593,0.23241793504124253,0.8037312176364877,1.1374940313575992,0.18878540691524975,0.8224161925331925,1.1307544315255689,0.19012100264969115,0.7922588851216859,1.1289143243637332,0.2314741233066597,0.023410912764820973,1.3491711934827597,0.4125850889767064,-0.19857607954202636,1.287689135606998,0.33397174254906214,-0.3794005720779213,1.255687802380926,0.23361786650775976,-0.43260270625928754,1.1694083161781548,0.2064518686278554,-0.4670017723674106,1.1808148897293311,0.21531583099003662,-0.4467038945168827,1.182384886844093,0.22679775558105159,1.6440677966101696
0.25034783797786575,0.900968463365306,0.370428160824125,0.27181504057928896,0.4766960189614346,0.45633527042314376,0.2736620007903069,0.11374658894815318,0.5145671076220383,0.26302701437516474,0.0780735245319949,0.3394312855971815,0.3166033797350922,0.08841932062834693,0.35863629877852643,0.25417675664007316,0.04084675163831533,0.5924494293345907,0.07437613154987963,0.8931754806679665,0.3954747542267792,0.06968421543441708,0.452524494008243,0.4892628605741399,0.08160632849008746,0.10487403918807284,0.5133786813978158,0.08855839426616749,0.09352508865837658,0.31031112858221593,0.03787800864873626,0.07563507797150823,0.3744590282557497,0.09651065442257775,0.07163161146028163,0.5363003754845151,0.18597673499847708,1.3832165497496627,0.39457551451307193,0.1910641352880827,1.6345367274189133,0.3441376933203451,0.18814142098893724,1.4997431051648482,0.2257944916663185,0.313970744725966,1.343223809683947,0.38081112027874947,0.5379080894858728,1.2987979417969204,0.30479484702900056,0.7496052426388826,1.2611170158448555,0.23300043795988976,0.8136738978791087,1.1707294804729125,0.18533616742425213,0.8310222361898826,1.1656182833899298,0.18645178435546406,0.8027715582988455,1.160212964309421,0.241569394238564,0.024193108387786263,1.3531976049447496,0.41135764117623447,-0.2040836795883051,1.3002191440502855,0.3396795188923865,-0.3877787712865373,1.282438214451775,0.2420901470652426,-0.44333751068462285,1.1987652499779233,0.20514948941123906,-0.47766811391505126,1.2110641412045624,0.22067286642431783,-0.45593614121728254,1.2157134928045916,0.22930632227020048,1.6610169491525424
0.2504518148630457,0.9002553471693479,0.3704533378815816,0.27103338741473415,0.4768610530966952,0.4554648720343878,0.27371410579319033,0.11372524111240569,0.5144913894193851,0.2626572807809685,0.07853813707381394,0.33676431659494455,0.31667339073740464,0.08840221397007814,0.35843061034672247,0.25420778269004624,0.03980145227380226,0.5944260310950314,0.0743540445601341,0.8934895763185174,0.3934477486982835,0.07000649081040623,0.4530097805983049,0.48798083796991654,0.08171138529534486,0.10415063800989632,0.5134107833397756,0.08855896158478621,0.0934960059864681,0.3103296377497998,0.03784797572073929,0.07575103372542533,0.3745204987045419,0.09650205374170771,0.07158477987060502,0.5363569892152356,0.18597139943305202,1.3832145161215441,0.3945560239151532,0.19136322655212465,1.6337941245878058,0.3431819193224184,0.18806331202749998,1.4999683145598066,0.22590354400965298,0.3145780991994709,1.345476851615455,0.3812910101710481,0.5406428012196515,1.3141534301501558,0.3055628112071516,0.7511895887393656,1.2905897671244004,0.23446971430323488,0.8219268771290337,1.204526283262499,0.18144114098861258,0.8379840551727722,1.199989007382995,0.18378901949524448,0.8127672222802063,1.1915373694737488,0.24725523639062946,0.024998244767831666,1.3568408244830563,0.40931274559241637,-0.20701092605924976,1.3138842174572338,0.34350901673877093,-0.3952070528348771,1.3079350457449113,0.2504878517658074,-0.4531360513830653,1.227948298750219,0.2055154480876873,-0.4877377119132579,1.2400358269313734,0.22685234548950828,-0.4652693557448504,1.246866642049165,0.23416226083103855,1.6779661016949152
0.2505331119954114,0.8996564661231219,0.37038909954198196,0.2702331541731137,0.4771955492391729,0.4543776488675467,0.27375548017577866,0.1137041382569701,0.5144358077399543,0.2619482403917097,0.07908221511491721,0.3332000634107531,0.3165547373156913,0.08837174390930236,0.3580837400281189,0.25420782544247733,0.038521775559021074,0.5966865826481436,0.07434220722928334,0.89372732772226,0.39134310633762204,0.07037533255371653,0.45350947576416245,0.48668696265155237,0.08180826622786876,0.10350596864985727,0.5134384435151435,0.08856491325980163,0.09346433679077362,0.31032569326157383,0.03783783186837816,0.07580898868070313,0.3745164621715298,0.09649185729304738,0.07155386045085661,0.5364130882189654,0.18596005758350095,1.3832628901257045,0.3945345181936143,0.19140470310145014,1.6329456013572283,0.3427892839675456,0.18763861189426945,1.5000739561092917,0.2251497154999368,0.3152409466620105,1.3472418516787634,0.3816196619539905,0.5428742638664624,1.3280619223148082,0.3086818002464075,0.7512795192398365,1.3183080218509518,0.23688353537151077,0.8283657259279382,1.2385172177565889,0.17914904019114994,0.844415859410559,1.2330340417112244,0.1840406036879212,0.8222640566069461,1.22286521164815,0.2465219964361095,0.025731555244786694,1.3597573757126236,0.40664394187802716,-0.20793965027711153,1.328558767511046,0.3456330823146565,-0.4007479657512705,1.3321452754769691,0.2580180786901523,-0.46194086319049166,1.2568469639945543,0.20762572521504793,-0.4969616209489573,1.2685607140907769,0.23244715782568515,-0.4747172420280458,1.2757607719231976,0.24110894167929994,1.694915254237288
0.2506063822031108,0.899177948870059,0.37029443389592637,0.2695056036692081,0.4776217859099533,0.45310577687526626,0.27378123153640566,0.11370799096013053,0.5144125067745691,0.26115376238692617,0.07930320496744095,0.32994693417672716,0.3164190933550891,0.08833912671831622,0.35770835148829483,0.25415139811854665,0.0370243584809638,0.5992299822942194,0.07434800696647861,0.8938645443529485,0.3892144471846533,0.07074021431406034,0.4539252724722908,0.4855681466488537,0.0818865932157452,0.10295909536037492,0.5134546616879418,0.08857730821554875,0.09343159531531564,0.31029439904804024,0.03788668390684982,0.07589453463669162,0.3743364417484981,0.09648548623683967,0.0715637610022322,0.5364618088436028,0.18595215712360652,1.3832982454792109,0.39449852737362057,0.19128355687774745,1.6320980273813646,0.3424093778084055,0.18675949994258295,1.4999441303158363,0.22352310203342768,0.31575424129674673,1.3485926287880734,0.38179567579416074,0.5442853160803516,1.3410769804260219,0.3116376711477805,0.7505998418541928,1.3429402694127834,0.23999945548858723,0.8327609914037148,1.2717616236227745,0.17925402884644226,0.8509592014863714,1.264331885111999,0.1886341666722236,0.8304867100087028,1.2537681456068375,0.24097098378865153,0.02625998582548636,1.3616867466163534,0.40359832548294144,-0.20750282014676147,1.343630501429243,0.3466391116271037,-0.4035255733540632,1.3550820364965623,0.26431580580560515,-0.46955142761685154,1.2847079588055643,0.21117953646677318,-0.5043235259153167,1.297335500090718,0.2360273367052159,-0.4835877205178558,1.3030529393115655,0.24820994347724484,1.7118644067796611
0.25066734702054716,0.8988174749418506,0.37019876716330535,0.2688701400811253,0.47809747556070087,0.45166566879116543,0.27379076968675864,0.1137620967305499,0.5144303054581643,0.26042298655907503,0.07906574989211167,0.3279009184670309,0.31635227500457197,0.08831635885116149,0.357398413143569,0.25409052177319313,0.03540589424655053,0.6020408140085386,0.07438129550047394,0.8939484327934341,0.3871111825409555,0.07103840993137087,0.4541518577247285,0.48479504869669304,0.08194415942132838,0.10252975948567344,0.5134592686575922,0.08859574334884135,0.09340066162817244,0.31023718277938517,0.03800455421776609,0.07606943754909763,0.37395698249815723,0.0964910415960468,0.07163741208189216,0.5365028631127376,0.18595778906397079,1.3832007757113143,0.3944472619594076,0.19114342331931355,1.6313593893699831,0.3413802134677005,0.18549322514470157,1.4995683269289781,0.2213017343645456,0.3159526951148634,1.3496500877605355,0.38187302105979504,0.5443993298190611,1.3531602135550103,0.31291169451664624,0.7494980136449876,1.364032717627123,0.24352386670029066,0.8354536716426941,1.3031430137528555,0.18154041513480593,0.8582241744933734,1.293558184607217,0.19793357672865597,0.8365941700543325,1.2832341661384565,0.23532763902800463,0.02649213005877441,1.3626026827965476,0.40056729763007987,-0.2059811689511596,1.3582501392526183,0.34720090837841894,-0.4033167142203167,1.3767529712304913,0.26927963664135973,-0.4754381841903796,1.3110086571335633,0.21579846018749435,-0.5088751427758962,1.3265048405991813,0.2370924142447574,-0.49081444922208894,1.3294544108848023,0.25265002314044527,1.728813559322034
0.2507097217048429,0.898578479240105,0.3701109609544085,0.2683161944730473,0.47863789168801946,0.4501214458614936,0.27378770977880873,0.11386126510733371,0.5144852047702557,0.25975673060479854,0.0786515560159268,0.3270530427865591,0.31634128454229127,0.08831006674325967,0.35718863155482217,0.2540975021618524,0.03375896929516552,0.6050174725279376,0.07444607295166371,0.8940336735471908,0.38508276035388306,0.07123647516831844,0.45412706923659607,0.48442063846007705,0.08197883730388894,0.10224028988819342,0.5134528181251873,0.08861652977101099,0.09337447414033317,0.310163788806351,0.03810018405462244,0.07619326335825174,0.3736459151678802,0.09650821623192476,0.07176396701662315,0.5365420291704259,0.18598129520234832,1.3828879231607438,0.3943885076684697,0.19106668616743483,1.6308180127500285,0.3390571560612464,0.18407381496022454,1.499014697658532,0.2188595866079927,0.3157645184168142,1.3505493893617795,0.3818615766372253,0.5430472261189078,1.3634674049470683,0.3123908106998644,0.7479869605330605,1.382068363684547,0.2473873476708596,0.8375670748942297,1.3317084432525066,0.18571762061118388,0.8665921551262659,1.320229280140167,0.21100928398314941,0.8406751296110948,1.3100296828563522,0.23457968416361052,0.026519998690624387,1.3627242063679386,0.39830268257894086,-0.20339893125704822,1.3716014509448655,0.34721878966843334,-0.4007683822105451,1.397049610181813,0.2728964078313675,-0.4790613435077219,1.3358480441982563,0.22097984504681156,-0.510414318260415,1.355362511949125,0.2363930264953777,-0.495377787294617,1.3550729488610858,0.2526978895620333,1.7457627118644068
0.2507335304797281,0.8984664661456216,0.3700307237553746,0.2678377345616983,0.4792490600838662,0.4486188382148472,0.2737781024859706,0.11395627183296332,0.5145596661335562,0.25921136786099147,0.07863216662666227,0.3267259642120673,0.31635214211026785,0.08832123828012733,0.357065801051114,0.2541920759550589,0.0321839257419355,0.607939341143062,0.07453838864309006,0.894137393954368,0.38318205597061133,0.0713347359661983,0.4538358090830684,0.4844087851326695,0.08198718381972708,0.10211590519159798,0.5134352081738861,0.08863429914193341,0.09335380679944182,0.3100893974552278,0.03799907338935076,0.0759598123021619,0.3739089904242083,0.09652407587447431,0.07188425663750865,0.5365844489263518,0.186018677417438,1.3823783045235851,0.3943232988008294,0.191055656649664,1.6304885610649296,0.33507952004728475,0.1828253874008729,1.498371880938417,0.21660952569999725,0.3152445698357213,1.3513666529520052,0.38176076487634625,0.5406032118857154,1.3711322518692453,0.31063825888269636,0.7460088663454538,1.3977972259324216,0.2515135285105437,0.8404611778157979,1.3567643472156998,0.19174342424095253,0.8755741996045798,1.3440710465341092,0.22583158155331212,0.8436014184984393,1.3334694033156291,0.24072050033829967,0.0265840711119186,1.3623951392339475,0.3977140944440728,-0.19992758646315806,1.3829681694595088,0.34553538767786063,-0.39706953881298346,1.415559452455824,0.27516883594291097,-0.48041036004034593,1.3592244038673966,0.2260602944034361,-0.5094668211715673,1.3825573569828107,0.23516398297616442,-0.4967924424518012,1.379269537085217,0.24877094474566286,1.7627118644067796
0.25074022414695285,0.8984746921119998,0.36995669851617324,0.2674432165339847,0.47987186446595004,0.44731030722725645,0.27376598413380593,0.11397923662095066,0.5146324747732335,0.25897249210535056,0.07948648656148749,0.32613868541757063,0.31637238724411587,0.08834737096610872,0.3570154283372742,0.25431476212336906,0.03080330634683492,0.6105250675607604,0.07464755726982736,0.8942468869444746,0.3814555111549481,0.0713532592116831,0.4532900225053209,0.4847072595033518,0.08196825058984807,0.10217161716741333,0.5134062314261347,0.08864574074892805,0.09333674923149061,0.3100313910222583,0.03757879158838847,0.0751489595270469,0.3751062057367474,0.09652066387802277,0.07192146573295359,0.5366289141373907,0.18605949672128852,1.3817689335901324,0.39424536695697004,0.19108703193347507,1.6303241857745223,0.3296413862227545,0.18203288201864037,1.4977078579755558,0.21494925447422758,0.3145544884778714,1.3521172294065358,0.3815958342822792,0.5378398688096928,1.376092444385345,0.308365282725662,0.7436303623737107,1.4115901650492362,0.25532314448823346,0.8450461120516637,1.377919634239789,0.19934350966540124,0.8839083306832887,1.3652341547648086,0.2399723576525554,0.8460546409623997,1.3536602282579187,0.2520161974784805,0.02685017749342565,1.361909162226644,0.3991487973359446,-0.19600643556645786,1.3917546949568722,0.3410314824180053,-0.39329041024696415,1.4318207550435698,0.27591081168973164,-0.4799303044514337,1.380528255428444,0.23076999616143445,-0.5068994162480762,1.4067436158125757,0.23421259418671359,-0.49575845231131244,1.4009980147314465,0.24274202651255158,1.7796610169491525
0.2507305178001419,0.8985955665565162,0.3698898065844675,0.2671445704281267,0.48042750152851305,0.44625008768700014,0.27375041840294956,0.11386566936568776,0.5146856944772493,0.2591653230714728,0.08131005895109938,0.32467114968098454,0.316404943516045,0.08838426266612422,0.3570282813768421,0.25434009674653707,0.029706914923832557,0.6125065397133901,0.07475533197825023,0.8943449442738688,0.37991663091405226,0.07133364781189927,0.4525409401650104,0.485220695892044,0.08192902289433444,0.10237819384552511,0.5133666902915762,0.08865157563642859,0.09332125214597761,0.31000611195440425,0.036854089804071725,0.073781276740953,0.3772109790997453,0.0964856707223478,0.07182630290886446,0.5366716713368226,0.1860932316802745,1.3811593871900445,0.39415869226364314,0.19114554241467183,1.6302898981226892,0.32345182008595447,0.18185155054278224,1.497064023165925,0.21415204441691654,0.3138858428882554,1.3528406930981245,0.3814203320151212,0.5355607756385112,1.3791117678804006,0.3063885970278025,0.7411556748988848,1.4233792352645451,0.257968223479287,0.8512859634482731,1.3954322342204253,0.2075914154669289,0.89027035298427,1.384319682045086,0.25129418822454064,0.8481758998391463,1.3710909887111566,0.2647733840694325,0.027317607884931157,1.3614743681182437,0.4020124535081773,-0.19210784796867653,1.3977859557947023,0.33361677001730217,-0.38987254418938166,1.445577306095935,0.27461541194800315,-0.478188016562451,1.3990057844854753,0.23499638378506105,-0.5036794122312976,1.4270069977323894,0.23370892670681498,-0.4938347035506081,1.4193668192791384,0.2365005630427069,1.7966101694915255
0.25070736376040903,0.8988155856352931,0.369836512480303,0.2669401712551395,0.4808873484371172,0.44540363231721475,0.27372829101414675,0.11357223108689801,0.5147083073387877,0.25974451299963275,0.08374327991319906,0.32215263474422323,0.31645364785735536,0.08842642861976717,0.3570909118087984,0.254143487775655,0.02894299030915701,0.6137130508783413,0.07484096139707984,0.8944269157735809,0.37855455805526855,0.07133354477365524,0.4517077453975563,0.4857686363003645,0.08188550432950495,0.10264023935637509,0.5133208280806525,0.0886541114876081,0.09330686094787706,0.3100191326254382,0.035932868599840316,0.07204589575975556,0.3799197402980642,0.09642009058021675,0.07160566942051168,0.5367119863988834,0.18611941259386322,1.3805755300143867,0.394088888291961,0.19122125649898886,1.6303671125899504,0.3174061441358447,0.18227757833533892,1.496457795018025,0.2142261883798743,0.3134007047656409,1.3535690496440211,0.3812901326157479,0.5342923576983757,1.381090788191597,0.30533621168927333,0.7391138414154537,1.4331412854420598,0.25904033233300766,0.8581021365512536,1.410339967130427,0.21517192516473643,0.8938141157054573,1.4022996795084244,0.2584085902992592,0.84974403789319,1.386419104442649,0.2749199048582839,0.027922677636864054,1.3612761890987164,0.4050805977525372,-0.18861623417045897,1.401591067635868,0.3240462998241551,-0.38667567667959424,1.4565728973014347,0.2709617618787606,-0.4757388710874098,1.4144351870917662,0.23763108728721993,-0.5006973353650459,1.4429931765101314,0.23352325895880796,-0.49217591641789243,1.4342589340733078,0.23130278283162434,1.8135593220338984
0.25067591887155405,0.8990917059313602,0.3698107618533034,0.2668209886452157,0.4812683952051389,0.44473440851632445,0.2737012103641479,0.11312490630592958,0.5147030396523185,0.2605855518474694,0.08606327836008283,0.3190192810195648,0.3165155360873783,0.08846611986976817,0.35719545730054225,0.2536972458265515,0.028537112524904262,0.6141700895005373,0.07490944184259014,0.8945044261544894,0.3774019079510365,0.07138936780246766,0.4509403930040139,0.4861773277522799,0.08185307282604784,0.1028432728270976,0.5132761052327995,0.08865320812038038,0.09329295654469476,0.31005977479997116,0.034943692910166406,0.07018240303845436,0.38283752769461693,0.09633819259029881,0.07131548486094125,0.5367503794715436,0.18615193892710385,1.379976490109066,0.39406944873823446,0.19129612265930712,1.6305195944643267,0.31222870332997027,0.18312862416021913,1.4958729611671324,0.21486344493131698,0.31318228767941664,1.35419584872762,0.3812258602025551,0.5341165471298592,1.3825257227889196,0.3049958088386907,0.7380473964352023,1.4408866812743713,0.2585971933822191,0.863838869824279,1.4240602299271135,0.22107568266781727,0.8943796285097272,1.4199960482023273,0.26115665479690636,0.8503004414443279,1.4005915157746054,0.2787013586019453,0.02862581841351759,1.3614400199456176,0.4070177422299797,-0.18584510175116148,1.4041330317796732,0.3134282091596012,-0.38340884017774146,1.4645998503000806,0.26540501841454456,-0.47295435030172495,1.4273306319681762,0.23687840743678493,-0.49846531829220353,1.4549936059572592,0.2337130818104247,-0.49093566736910893,1.446498580869054,0.22797175082790133,1.8305084745762712
0.2506396552383298,0.899380502930933,0.3698268593627133,0.26679188968323164,0.4815882215492658,0.4442499361560907,0.27367712330356986,0.11263446917893014,0.5146861081936531,0.261571333735267,0.08751073039127504,0.31591605704081654,0.3165824585834518,0.08849526574246269,0.35733253779741386,0.25310100875763497,0.028465511435266776,0.6140943052655385,0.07501577658008121,0.8945969321464453,0.3765346026617846,0.07148885106684469,0.45032520365694556,0.48640785854269614,0.08183461297629013,0.10293711689432718,0.5132389380050435,0.08864749379116728,0.09327729628994824,0.31011045359968736,0.03401316070997913,0.06843875774527303,0.38555697097004943,0.09625736091903946,0.07101577870719097,0.5367862281115545,0.18621542325741722,1.3793383408160866,0.39411699894065827,0.19134331211832362,1.6307132151061203,0.30830084862963936,0.18408876608707894,1.4952692510183327,0.21562247314554794,0.31317662389394013,1.3545020660838885,0.38120349838479733,0.5346919599509754,1.3835262708435854,0.30428934989648937,0.7381864756433609,1.445980116291075,0.25664909017306486,0.8669785393280387,1.4378008950538774,0.22505085531814295,0.8923537164978859,1.4374801861045556,0.26075008574550007,0.8494181579289947,1.4146255995178922,0.2739490029475317,0.029403328622900383,1.3619455264758682,0.40687598874886355,-0.1839528607419597,1.4060450320164797,0.30327812190673237,-0.38001398303794254,1.4698484377797467,0.25902109316154087,-0.46978476002759534,1.438624316945191,0.23198832061780406,-0.49684528187567567,1.4639242133711825,0.2345664937826111,-0.4896725488020178,1.4571377232877278,0.2269806291740522,1.847457627118644
0.2506008659798683,0.8996863965450852,0.36989019192326406,0.26687240596757394,0.4818473913754308,0.4439937386762121,0.2736623961284704,0.11222696515354855,0.5146776941605504,0.2625529747282559,0.08768780008609747,0.31335722624153906,0.3166445795120014,0.0885104127864794,0.3574682501073747,0.2525224077761997,0.0286387232669838,0.6137696560523888,0.07523057304255361,0.8947099521883429,0.3759718586870001,0.0715947418949286,0.4498617642393602,0.48653171719388694,0.08182274937766792,0.10295074065871651,0.5132117113272083,0.08863851924836112,0.09325733758946786,0.31015619001277067,0.03327130702656361,0.06706358259063289,0.3876793021405139,0.09618818649883205,0.0707375480207402,0.5368190845651726,0.18633904102156756,1.378674150657128,0.39422604445093684,0.19134665843742155,1.6309201071773312,0.3057619110861646,0.18485984090681934,1.4946266248918718,0.21620769500305076,0.31324257648668363,1.3543644197747153,0.38118358784146605,0.53548658361863,1.383996387236933,0.3022302080175952,0.739253031356162,1.4472013004321154,0.25314960159181915,0.8666094566721876,1.4519978827500744,0.22738046013768926,0.8882173469548655,1.4541530656088468,0.2590924829576121,0.8469016288143262,1.429098035089048,0.261741116987515,0.030184085260235107,1.3626125345284414,0.40443221074138597,-0.18283484450773252,1.4071743757231872,0.29557919049425274,-0.37671361458518926,1.4727932675173594,0.2528992649284623,-0.4658649589687721,1.4490108119089975,0.22388746086498124,-0.49505701899816984,1.4711456639454281,0.2359587677292053,-0.4878551487989619,1.4667578860720878,0.22817299767530133,1.8644067796610169
0.2505657375217557,0.9000310815284478,0.36999359817808886,0.2670693473364325,0.48204227888946893,0.44401110135541066,0.27365482815705094,0.11197902209944947,0.5146979061180489,0.26327943280820487,0.08658920755491716,0.3118604974046573,0.3166899263522074,0.08851380251098995,0.35755399053744424,0.252126342032957,0.028962737841836787,0.6133950855313547,0.07556392582705583,0.8948159982878778,0.37567922613836063,0.07168159690049558,0.449520779759809,0.4866179158706819,0.08181086474155573,0.10293589252167673,0.5131933512073322,0.08863064668064596,0.09323256875566166,0.31018605085554457,0.03282937772017494,0.0662550799027829,0.38889222128836354,0.09613337832233373,0.07048915418857694,0.5368482389519162,0.18652488638556705,1.3779798887615,0.39437453729771604,0.19131390991022373,1.6310991246579256,0.30460791292241063,0.18529392621013502,1.4939921911717187,0.2165448018290769,0.31328596996822317,1.353858432042499,0.3811450418098931,0.5360465636655948,1.383755166394003,0.29883243670523807,0.7406137790674362,1.4439038360374818,0.2485243380760342,0.8625801973198349,1.4658971895724786,0.22834877258922104,0.8822766368502065,1.4691287227467864,0.25779607930083615,0.8427616644370228,1.443793789605381,0.24659033752922366,0.030799139465592117,1.3631485875439033,0.40025044773831503,-0.1822380753967538,1.4069602645534856,0.29222325057137294,-0.373831200499232,1.4738088358766515,0.2478006486548765,-0.4609691229192854,1.4585769695192397,0.21447325157314073,-0.49209503618570416,1.4780681165693839,0.23692615884688512,-0.4850743814161107,1.4755492086751951,0.23060126519207125,1.88135593220339
0.25054383084449117,0.9003844500871908,0.3701172839694726,0.2673370167703571,0.482186089949955,0.4442933933062405,0.2736477130484285,0.11191375644794073,0.5147635668202344,0.2634848495405243,0.08441375894591129,0.3119452852085905,0.31670962322090723,0.08851145219679132,0.3575695980596603,0.25201913885226856,0.029410524140185135,0.6130142699508919,0.07594020392522904,0.8948815066592567,0.3756749404581295,0.07174277367671766,0.44928615903301916,0.48668744163751515,0.08179739421104618,0.10292401353487274,0.5131815829139816,0.08862775875645505,0.09320529491403849,0.310194661252862,0.03270925892678661,0.06604139887692778,0.38916050521320605,0.09609177536642319,0.0702729115210477,0.5368717619982595,0.18669321572007944,1.3772466847301232,0.39451610771522067,0.19126358745884497,1.631236699539724,0.3045346022783627,0.1854181978950642,1.4934770071759682,0.2166822111294227,0.3133081042846017,1.3531403228249546,0.3811004545694494,0.5361229121530356,1.3826956780313118,0.29494691382097354,0.7417270283370541,1.4368248628851847,0.2439212321955545,0.8556716809875708,1.4777030728033367,0.22810007273027672,0.8749219435080737,1.4813639032086097,0.2576243721635021,0.8374424019357045,1.4576032271337118,0.23413450437551958,0.031054540681022737,1.3632541214497602,0.39551356558266465,-0.1820578878051961,1.405124350311247,0.2941074806586846,-0.37171537649788566,1.4730792806086768,0.24418984908560135,-0.455390332647557,1.4671208448233748,0.205817039060879,-0.48733573817758014,1.4854859441837325,0.236240619792854,-0.4810922056864986,1.4835398985890316,0.23298702528367102,1.8983050847457628
0.2505413257858176,0.9006825776378101,0.3702393155711169,0.2675721042277714,0.48231181507997606,0.4447249889904423,0.2736418153954696,0.1120072312384433,0.5148714763678012,0.2631131046125429,0.08156790921565137,0.3137521503727045,0.31670586578431426,0.0885107963563418,0.35753905588074675,0.2522003472919176,0.029993051727594998,0.6126147017795824,0.07625847980542241,0.8949152965213089,0.3760302351624007,0.07178034629988234,0.44915706320115145,0.48673393209176613,0.08178371500413067,0.10292186881177876,0.5131758424936504,0.08863090418845809,0.09317867931088872,0.3101820879450732,0.03279611501259423,0.06621056250034973,0.3888402253361592,0.09606181268909325,0.07009081024894519,0.5368890336045262,0.18669714192701026,1.3765370890286714,0.3945801730301394,0.1912023873637226,1.6313472671877232,0.3049384803205316,0.185389836164774,1.4931953273872687,0.2167185440682498,0.3133608250515998,1.3523221381312402,0.38108499519653805,0.5357111602282288,1.3809482835900024,0.2914170560605468,0.7425706195008356,1.4277229980566468,0.24080657321632834,0.8476654445038245,1.4854751579458945,0.22689528178074017,0.86704479803189,1.4899207848624865,0.2584369827662365,0.8320478637975206,1.468832333720602,0.22757597142750596,0.030887514160357427,1.3627842006763817,0.3916129289193687,-0.1823819516190535,1.402008833511525,0.30044707911639323,-0.3706866112377868,1.4706748955665656,0.24231931828372164,-0.45003378126839366,1.4745262298852118,0.1995746868411314,-0.4809368744680663,1.4930543715123015,0.23338481571533187,-0.4758671128035227,1.4904859718998484,0.23435551612455133,1.915254237288136
0.25055521794955404,0.9009108632256186,0.37034951544957484,0.2676816585718024,0.48244198272792155,0.44511023764198304,0.27365202648916004,0.11220053741716277,0.5149854808937321,0.2623845297112527,0.07869056740339471,0.31681165223487484,0.3166903935856503,0.08851755141237885,0.3574973306197607,0.2525674799350443,0.030657879300735984,0.6122579472811364,0.07646980208561963,0.8949560886711395,0.3767776859242675,0.07179800806678358,0.4491367313337371,0.48674898636268044,0.0817719703857052,0.10292148864204756,0.5131786479643287,0.08863728194876735,0.0931557694989762,0.31015010278126665,0.032916646724741934,0.0664570381444858,0.3884358330762921,0.09604256586148133,0.06994368836382502,0.5369025542415972,0.18642961462016402,1.375992435617819,0.39450397915485425,0.1911179016369901,1.6313775164493651,0.3053412999032862,0.18537359991781924,1.4931766882122037,0.2167475979331441,0.3134647803506992,1.3514746211638342,0.3811193426710969,0.5350431509337068,1.37889578034557,0.2885465329435864,0.743616234610745,1.4184759785436178,0.24012553248027443,0.8407396651221277,1.4881747354947565,0.22519152595413922,0.8600122636111304,1.4944445685170602,0.25967557916820844,0.827802297386553,1.475861146590272,0.2260876651929613,0.03038522261098982,1.3618322472976903,0.3896506416918344,-0.18323071389119555,1.3984394385021748,0.30914635156843345,-0.37080357812675924,1.4666236543370836,0.24217635108493238,-0.44603418483803947,1.4806438084454772,0.19668551788388383,-0.47382411598591473,1.4995294227039355,0.22893129147442753,-0.4697146581800848,1.4957773049980356,0.23413699989094217,1.9322033898305084
0.2505743417463995,0.9011217360467156,0.37044348454802806,0.26765143523474894,0.48256270555913316,0.4453052623797749,0.27369863417120516,0.1124375497994305,0.5150531784108394,0.26162304289241484,0.076450367217552,0.320338848762701,0.31668028452926855,0.08853666459237575,0.35746951904001,0.2529840015039939,0.03126772139568545,0.6120433377355948,0.07660743823385323,0.8950348470603463,0.37784456143992273,0.07179864966184667,0.44922525330017193,0.4867298993398283,0.0817637426955519,0.10291313131344862,0.5131926220883845,0.08864072774569928,0.09314109986227145,0.3101041979891425,0.0329732392150084,0.06661358446558013,0.38821482109328187,0.09603331463953581,0.0698306510627971,0.536915117703404,0.1858934755742332,1.375733529055396,0.39426746934122314,0.19100314443520322,1.6312158251211573,0.3056175558845146,0.1853887334579694,1.4933036079715303,0.21677995624237356,0.31352518377892336,1.3506903462601567,0.3811766161003352,0.5344809031474609,1.376984425779177,0.2860968702904756,0.7452833042358366,1.410458104672394,0.2415791129353761,0.8363673309428565,1.4861005241272178,0.2234049128628749,0.8551264478878091,1.4953345491773882,0.2610406624818208,0.8252618797660778,1.4776910538719905,0.22696793304189086,0.029656333242207705,1.3606375888762572,0.3901005928289586,-0.18448444879253414,1.395290769190021,0.3180880088508995,-0.37170016600433364,1.4610370848184495,0.24337097571176902,-0.4440380588913153,1.4851041552756232,0.19716892059112534,-0.4672735219019936,1.5036896079580733,0.22406950692703614,-0.46357153131457607,1.4987053288667402,0.23221086115848055,1.9491525423728813
0.2505862948290145,0.901373615250927,0.3705145129406445,0.2675237601386578,0.48264071351079507,0.4453096190859045,0.27378842734389025,0.11268856560974727,0.5150399589983501,0.26108043840681777,0.0752006834052631,0.32381335143698947,0.3166930943974436,0.08857419582150057,0.35748111219108497,0.25335790931704955,0.031719169681392705,0.6119911781145463,0.07675485707888374,0.8951796046749926,0.3790535198330112,0.07178351338524581,0.449422157342475,0.4866764611215367,0.0817594699377637,0.10289523238855765,0.5132158183223207,0.08863536936779676,0.09314026796737804,0.31005786788039835,0.032968970856846046,0.06668497509015538,0.3881554067826434,0.09603327466383607,0.06975093573008866,0.5369265358727572,0.18517087935688253,1.3757301447212138,0.3939071616178534,0.19089576878402997,1.6308576433977184,0.305676971520177,0.18530580176989989,1.4933666629539428,0.2167345437417903,0.31335891185190035,1.3501193829555211,0.38119794163899945,0.5343521088002009,1.375493544990485,0.28361094601765496,0.7475129627958707,1.4043862188863279,0.2437518111954733,0.8347031992880328,1.4805212371668888,0.22173026505285967,0.8531073917556429,1.493315996419819,0.26255057953120997,0.8244144323569658,1.4741710249690163,0.22893950841193209,0.02877179246885428,1.3594521321193926,0.3926300254589426,-0.1861016525866893,1.3930482629831829,0.3258459932760879,-0.372829378234921,1.4541833852279415,0.24531699893691192,-0.4438519576130499,1.4874843589481637,0.19980628878635112,-0.46244040116353524,1.5050546408281296,0.21977626271867054,-0.45893059206463127,1.499011045766046,0.229202090857204,1.9661016949152543
0.25057924879305066,0.9016807464876929,0.37057620278329434,0.26733429192952557,0.482657955924755,0.4452060520704338,0.2739075036421699,0.11293649690330554,0.5149444172795911,0.26088575417694065,0.07474716347562416,0.32717028952734606,0.31673586193421016,0.08863196140512855,0.35754999126340975,0.2536758278230243,0.03203163232005896,0.6120349748717561,0.07697418182760615,0.8954200843102156,0.38023176119565216,0.0717520918004106,0.449733469496493,0.486587744818804,0.08175886464543539,0.10287385086522341,0.5132419807186007,0.0886191656058794,0.09315586715450898,0.3100253588091951,0.03293884422427016,0.06672546914527927,0.3881567650614265,0.09604174223744279,0.06970643189412293,0.5369342673216141,0.18435685216663017,1.3757782502300766,0.39352505312540254,0.19086637398496564,1.6304666144322408,0.30523212183407883,0.18499552929580526,1.4931979147471846,0.21652114640195566,0.3128601386001506,1.3499073482511892,0.38114238125829886,0.5347409193413896,1.3744460623913748,0.2808977961446273,0.7498913875453825,1.4002965231507103,0.2451335170594349,0.8349773057559151,1.472974549681713,0.2202550781239591,0.8540174832335954,1.4887879767435723,0.26418214958297315,0.8252496881714768,1.4659953925914497,0.23271194168001544,0.027838549840410967,1.3584813459194183,0.39608247956239795,-0.18815392232147937,1.3916422535543815,0.33153634278850336,-0.37391364519664055,1.4464820115393835,0.2476420441646946,-0.44484015892585804,1.4876206935124334,0.2025175002593958,-0.46020894043094523,1.5038629312060423,0.21655147501962757,-0.4571140888983287,1.497197807254862,0.22636811107644655,1.9830508474576272
0.25053615223932985,0.9020118317983735,0.37069298666422185,0.26708982967137374,0.482631109285778,0.4450608880664371,0.27403898589404563,0.1131592138521294,0.5147850482988371,0.26106923230150614,0.07456062406522451,0.3303951872858708,0.3168008967960365,0.08870125596089456,0.3576643041698525,0.25397363267279943,0.032284041666339136,0.6120950224052848,0.07726323509956788,0.8957776606860164,0.38133031498987835,0.07170281892771549,0.4501732742692253,0.48646150681463496,0.08176116779681589,0.10285574230629235,0.5132655147747389,0.08859319055078842,0.09318425399431651,0.3100123443964189,0.03290244669713732,0.06675993165646835,0.388166953730815,0.09605808430312203,0.06970131454454938,0.53693607549568,0.18352365012017446,1.375641069746326,0.39327107809375944,0.19097511167581926,1.6302351597148383,0.3040395685291135,0.18442649874822825,1.4927225929490389,0.21610573965728228,0.31212524769647765,1.3500412903452008,0.38101333138735005,0.5353687362690334,1.3736708510869666,0.27836586869947033,0.7519522563343755,1.397430835687264,0.24505390685805323,0.8364238140631307,1.464791895291597,0.21922690329088024,0.8574091503621268,1.4817115937034053,0.2657890752738505,0.8277594721986992,1.45460338881749,0.2390690050302786,0.02707357481476521,1.3578907382834655,0.39895149151298714,-0.19048129611345377,1.3906480715971845,0.33464588987744925,-0.3750793383575632,1.4384788486224407,0.25018595006443217,-0.4466108299922653,1.4856967277497506,0.20389971459456527,-0.4610693844175976,1.5007193393535552,0.2148452281134239,-0.45838410732813706,1.494136819702197,0.22482858729589855,2.0
0.2504406415155353,0.9023211356774795,0.37094386542351737,0.2667820529038083,0.4826068266865465,0.4449013067993801,0.27417923591218474,0.11333763409419272,0.5145846692008612,0.26158574061812,0.07435971909346054,0.3332049101044317,0.31687315420490114,0.0887629596011932,0.35778338313197466,0.25428129596817184,0.03252636627613747,0.6121221889252932,0.07758088848522648,0.8962580367544408,0.38239478744387984,0.07163403650579019,0.45075277001389685,0.48629771735674127,0.08176476760644252,0.10284408903173514,0.5132842744345486,0.08856047348772986,0.09321741172052693,0.3100189643806498,0.03286307819350284,0.06678206933354339,0.3881810770028032,0.0960817150567262,0.06973895120704798,0.5369321544151855,0.18277267506256262,1.3751963350646694,0.3932183071816972,0.19129278121677423,1.630263991381451,0.30215426425528863,0.18365102078883508,1.4918997601716142,0.21552137248179593,0.3113942127011102,1.3502771289695013,0.3808576508456239,0.5358131455357945,1.3728752198766423,0.2768513178767887,0.7533272380486646,1.3942975742564734,0.2437353534634235,0.8387939779467586,1.4568119966582989,0.21906632623363986,0.8623800812236658,1.4721259105129527,0.26722742301131697,0.8316304519875569,1.4419040549667703,0.24767391409651895,0.0267294676324617,1.357834815651664,0.4002367009268704,-0.19250594360949286,1.3895349720480945,0.33497833253534537,-0.37651138922198457,1.4306954345277356,0.25256895687190734,-0.4491712275905976,1.4819976806544994,0.204287750807578,-0.4647980763335488,1.4963009170233226,0.2150479732334815,-0.4618845279261611,1.4903921650911354,0.22485215857584395,2.016949152542373
0.25030269079423345,0.9025932007136714,0.37130786688995615,0.266409893469178,0.4826262605293706,0.44473632378762573,0.27432653565905807,0.11348287238672493,0.5143691641334528,0.26230980310581264,0.07431258304560365,0.33529968360658907,0.3169352305617327,0.0887931997217842,0.3578595313462194,0.25459225127529317,0.03276118919041734,0.6121113206512943,0.07789279499255555,0.8968176939756916,0.38346109118992733,0.07154543698867481,0.45145104468374786,0.48610815647226374,0.08176773748034581,0.10283825983075058,0.5132989946238276,0.08852636615004747,0.09324734103572883,0.31004403455285173,0.03282167933165456,0.06678019635796503,0.38820631418934465,0.0961126471229769,0.06981985209639925,0.5369265720851005,0.1823290009939997,1.3744706422690882,0.39318198682818783,0.1919231265561552,1.6305733017584407,0.2998748913167815,0.1827876131606469,1.4906670021939594,0.2148698811009167,0.3108914760505041,1.3502742750388326,0.3807549586872447,0.5358913247803885,1.3715431152740227,0.27705725786655433,0.7537948239242327,1.3892918058562576,0.24173122379705442,0.8419808423250498,1.4490933315426628,0.219913974494402,0.8677554958261529,1.460556450665112,0.26839951583891175,0.8361811420423579,1.4296865931142562,0.25727831687192276,0.02689806751811164,1.3583787885710517,0.3998330005705424,-0.19356085557336833,1.387619575434439,0.33260700002781607,-0.3780698063088289,1.423412485813948,0.25406248875509674,-0.4525333453700714,1.4766045000184824,0.20471297060488486,-0.4704255690201347,1.4910258592971373,0.21677564050576964,-0.46644571034853055,1.4859938225832605,0.22591301346011913,2.0338983050847457
0.25016685679701134,0.9028593327547554,0.371624514849898,0.2660022830628262,0.4826903996265988,0.4445756296634743,0.274465583109725,0.11364199489787072,0.5141661837119432,0.26305061264333485,0.07455776768490402,0.336767222534286,0.31697010557712085,0.08877607038932772,0.35786718673713214,0.25486888759911974,0.03295002254635104,0.6121136966149612,0.0781831845149318,0.8973532857851321,0.3845199783532819,0.07144007828596384,0.4521786419475904,0.4859198770761133,0.08176926607452749,0.10283536717973274,0.5133122988282152,0.08849737576124088,0.09326875437590064,0.3100815695183039,0.03278432835059584,0.06675755304476266,0.3882400381263052,0.09615235307231253,0.0699422970118476,0.5369262475253047,0.1824693901633871,1.3735850003019707,0.39276289253097313,0.19292406793097883,1.631132306933583,0.29758612253723155,0.18203593934051598,1.4889985711764175,0.2143003331746129,0.3107375332191474,1.3498175341472956,0.3807736592370806,0.5357712001484811,1.3688058267625347,0.2790780083391682,0.7533019356160635,1.38163277902447,0.23949627426097886,0.8455247552377387,1.4409253951447254,0.221201648486152,0.8726017570564983,1.4478010126781127,0.26922880766733337,0.8405140600311864,1.418953532873749,0.26603710819340104,0.027443920895795802,1.359319050038382,0.39822505684010207,-0.1933202834733141,1.3839739493603276,0.32820194426231375,-0.3793913583164664,1.4165836304191803,0.25401578051825435,-0.456363420410315,1.4692999435498983,0.20518534580472608,-0.47671130374567383,1.4847697559610353,0.21880311773536107,-0.47126345104144063,1.4805489158841785,0.22734993942904158,2.0508474576271185
0.2500803707789717,0.9031671882111915,0.37171632193765847,0.26562150755439096,0.4827688613292767,0.44444022517417814,0.27457607014812596,0.11386500672152783,0.5139967332835694,0.2636423103018126,0.0748427852249595,0.3380259371741979,0.316966893889192,0.08871342243762262,0.3578205433301116,0.25506339801382616,0.03301896612403454,0.6122390067163986,0.07844497943077573,0.8977729662277836,0.38554126897705543,0.07132657837004457,0.45280164555800345,0.48575888852260957,0.08177015729397509,0.10283189310628595,0.5133273014526692,0.08847910901381803,0.09327994932850617,0.3101199945181158,0.03276071876205357,0.06673335951085822,0.3882700309203732,0.09620237309030535,0.0701069409109882,0.536932801605277,0.18329187948024414,1.3726412630768854,0.39166655816561097,0.19421234072148197,1.6318276964793292,0.2956198390890033,0.18163521452888584,1.4870234607269146,0.213944038104521,0.31096622688693476,1.3489258908957251,0.3809062750963116,0.53575206862789,1.3637039108990223,0.282278250939678,0.7520602279454682,1.3716752227095534,0.23741433174078552,0.8489348276185315,1.4314257676029276,0.22199128802018125,0.876703007488966,1.4345237949590144,0.2696618129287764,0.8438273276956139,1.4096737377049353,0.27193816586507163,0.02821179915169799,1.3601577110805807,0.39601574715809973,-0.19192009151214323,1.3777386508798608,0.32340535148585803,-0.3803080657193328,1.4098448744881298,0.2522266380110094,-0.4599140852114232,1.4597082780979855,0.20465990473538803,-0.48268810946542573,1.4768477921779068,0.22011366042351171,-0.47602290092649735,1.4733214939969437,0.22901626631463695,2.067796610169492
0.25006243931986816,0.9035533835621321,0.3715075677306541,0.26532868639857304,0.4828324131259559,0.4443548418970651,0.2746514362607316,0.11417916683412851,0.5138723035429502,0.264033829063297,0.07478820726368925,0.33934675125437136,0.3169237160825106,0.08861766360762949,0.35775691127173537,0.2551428611305638,0.03289343073485872,0.6125970806351433,0.07867827871830578,0.8980643963043501,0.38650354306584755,0.07121892759235689,0.45325410144833317,0.48563155689995263,0.08177226498917357,0.10282465955027183,0.5133461532469868,0.08847452692121784,0.09328300190148084,0.31014777281961137,0.03275747569350926,0.0667301691458664,0.38828430884544063,0.09625875423882109,0.07032859483638763,0.536922848680811,0.18465028802396832,1.3716689574532053,0.38991859993343203,0.1955534136601413,1.63243391938952,0.29409631731631836,0.18174190778712657,1.48502858103915,0.21386141507708545,0.311561171832868,1.3477640371934914,0.3810609707740275,0.5360088475094434,1.3558058808967453,0.28561464179361595,0.7506487097412047,1.360255148068224,0.23600007030398523,0.8522410250706128,1.420172965701863,0.22185099184513707,0.8805458072361995,1.421202039437514,0.26973804148338876,0.8457104266229936,1.401020388843849,0.2736704073391269,0.02923771480256002,1.3603809420833644,0.3936041183877869,-0.18977403206550986,1.3687757349677314,0.3199500179536809,-0.38101105498441545,1.4025722705685701,0.2488701192626122,-0.46232719528765315,1.4476135562105186,0.2023622688680379,-0.48785681006337306,1.4663138142388943,0.22057611065962363,-0.48065112772087804,1.4634519246869861,0.2310866012340021,2.0847457627118646
0.25010619754270086,0.904036147663833,0.3710176623758298,0.2651481121398349,0.48286824644920756,0.4443300350916541,0.2747020515219681,0.1145993486179529,0.5137995596213762,0.2642627543964849,0.0742893622066272,0.34052411564457297,0.31684793324924987,0.08850163396960098,0.3577029792876245,0.25512014265150706,0.03257452343615922,0.613170847128857,0.07889360798817302,0.8982823160503302,0.38741080090237534,0.07112976568505357,0.4535875070843823,0.48552831965684456,0.08177741880880428,0.10281245596723927,0.5133695178957265,0.08848201863087948,0.09328375182661991,0.31015827829558384,0.032771728721701955,0.06675985694410629,0.38827641259033646,0.09630617004846281,0.07064709258701156,0.5368283959822646,0.18630843461877838,1.3706960913585369,0.3877794225334762,0.1966476343405005,1.632685618894738,0.29289353154654796,0.18233817846756376,1.4832821147088877,0.2140304227071348,0.3124140275917996,1.3465001144168076,0.38112323267735965,0.5364847319232219,1.3455777010537089,0.2882171984357172,0.7498052783391481,1.347930190531248,0.23580399109895062,0.8556004085550044,1.4069617389114457,0.22102726403109768,0.8847166115988314,1.4079565971988093,0.2696028032387745,0.8461160705744153,1.3915662818448433,0.2714165729899078,0.030655953803468455,1.3598198792855396,0.39114535321730465,-0.18732701576372207,1.357982647433346,0.3181736470932765,-0.3817751683374636,1.394104690511477,0.2443023906919322,-0.4630755799417087,1.433156617495586,0.1984879053150204,-0.49209281413458256,1.452569438021777,0.2203490097215351,-0.48503856058849065,1.4505162745063318,0.2329353334789382,2.101694915254237
0.2501967711265667,0.9046050772773635,0.3703024736375999,0.26507415409921714,0.48287673403330456,0.4443572504116394,0.2747418865812166,0.11512975991586726,0.5137802821693908,0.26439811566928806,0.07352860733295667,0.3411498677423159,0.3167559033738641,0.08837974246178319,0.357663954239831,0.2550560826384285,0.032167999595061815,0.6137759320359467,0.07910717915762543,0.8984823848634302,0.38828692795908226,0.07106268272262826,0.45387349193187077,0.48543950199957353,0.08178612272063754,0.10279722559217638,0.5133965916525989,0.08849562439948416,0.09328931981180998,0.3101522088608879,0.0327923464966384,0.06681954856868369,0.38824477073478847,0.0963240927667111,0.07109902168127115,0.5365743107330675,0.18805435747957358,1.3697863737783282,0.3855579683333456,0.19726708540802795,1.632450317609066,0.2917742031117002,0.18325156844903695,1.4818205336860806,0.21436141332107286,0.3132365946940747,1.3452823297305203,0.38101465297490283,0.5368990208841091,1.334106230967968,0.2898611067685196,0.749929699823764,1.3348376927367118,0.23695573889128171,0.8584608880804818,1.3912833199992845,0.21963217797029044,0.8891181623348878,1.394079848953872,0.26924796290263486,0.8451495613082747,1.3794596197686448,0.2670342023041236,0.032446596743480535,1.358707242945185,0.38872653892873205,-0.18500365208667266,1.3468322241690267,0.31721113213470076,-0.38260514006348995,1.3840333252729913,0.239078577389368,-0.4620688914331527,1.4166802253077218,0.19356115262333237,-0.49553333062142185,1.4359133810945401,0.21926440565335673,-0.48922801300225904,1.4349568239835009,0.23298914569465826,2.1186440677966103
0.2503255849305205,0.9052345264905827,0.3694141469181883,0.2650906324096766,0.48286535119676927,0.44441332385029675,0.27477532735566684,0.11572189996171013,0.5138051669939684,0.2645040097333619,0.07273883749807446,0.34119561570808976,0.3166669641092476,0.08826932497120435,0.3576377571831328,0.25501366325940145,0.03180442074244132,0.6141944499710558,0.07932146776802664,0.898663230819888,0.38912122316258807,0.07101401825561116,0.45412370260774265,0.48536194502914265,0.08179728853509904,0.10278228212481348,0.5134249960970944,0.08850893494263938,0.0933024056328115,0.31013717604516167,0.03280878736927554,0.0668978785960583,0.3881934173192344,0.09630859361102523,0.0716382138503972,0.5361869475068406,0.18969749395898117,1.3689857248729649,0.383507705466535,0.19733434690052337,1.63184020869602,0.2904702272765109,0.18425773718273253,1.4804576265871974,0.21474039099518205,0.3136752955587484,1.3442516479128805,0.3807169920652347,0.5368625003404897,1.322566750595459,0.29116204052606987,0.7507830478210387,1.3209458795868494,0.23885094057841166,0.8597752697383862,1.3728559223366334,0.2173436312804906,0.8928102681393053,1.378201303480236,0.26835190963894934,0.8431364293738549,1.363182581843207,0.2632470321818628,0.03430189149521102,1.357370238466589,0.38654177965743863,-0.18331376444682793,1.3366069540373102,0.3165909866261854,-0.38328319531369714,1.3722425654487405,0.23417842186800975,-0.4595583003387403,1.3985732644223052,0.1875467071785616,-0.49844078769391964,1.4173690427332668,0.21715326877531263,-0.4936145400570311,1.417687927708915,0.23037276334533224,2.135593220338983
0.25049196547886754,0.9059123958401885,0.36838736826197505,0.265164455600128,0.48284335661525135,0.4444668420707969,0.2747965454699577,0.11625421945367771,0.5138536008615836,0.264563227889967,0.07216071929371802,0.3410504923464824,0.31659668087983306,0.08818833677276726,0.35762900643428763,0.2550177996289594,0.0315575988668836,0.6143001523982654,0.07950391553321919,0.8987673141701923,0.3898032901005309,0.07098083420832862,0.45431177206901197,0.4852975865546583,0.08180944894283644,0.10276957424132992,0.5134512081996695,0.08851887116180229,0.09331756110217523,0.3101226912657349,0.03281762752380862,0.06697512578441449,0.38813641764169016,0.09628163989389393,0.07210878206714441,0.5358266455404926,0.19104833712039004,1.368307052588554,0.38182146512569204,0.19691559100372247,1.6311094306782468,0.288793157289393,0.18517183340930343,1.4790388159059082,0.21507220416293912,0.3136161116126934,1.3434813647797983,0.3802831473196764,0.5360873930174788,1.3120018142903018,0.2932527538528868,0.7516951765205055,1.3061954976254444,0.24043575068727305,0.8590927141640711,1.3523268413187537,0.2141707334949055,0.8947322244714999,1.3592716808831524,0.26664222113374986,0.8407783482512625,1.342527652920491,0.262075360197798,0.035718504911694204,1.3559145763040459,0.384967020953919,-0.18273221361455166,1.327968318653159,0.31688496362113766,-0.38376384848618483,1.3587394956911358,0.2309729821982707,-0.45615229534744606,1.3793708182051723,0.1802125329595845,-0.5010508355431471,1.3978683956476838,0.2143345903113732,-0.49847950133218855,1.3992197476509163,0.22603299243991418,2.152542372881356
0.2506951957668982,0.9066314207893926,0.36724518437059245,0.2652408257659281,0.4828170196271959,0.4444942967036824,0.2747968148638162,0.11659942218974144,0.5139041225294189,0.2644751086232726,0.07212193869217,0.34101804361608185,0.3165575274148995,0.08815305037229787,0.3576504936684096,0.2550500139823667,0.03144444591078098,0.6140405978301134,0.07960643571012552,0.8987440083130699,0.39018077926014794,0.07096465822646718,0.45440965091369634,0.48525223180815474,0.08182185923531111,0.10275937971671473,0.5134722062051168,0.0885260095304945,0.09332454537277958,0.3101159690040806,0.0328212649175665,0.06702031315750308,0.388096836059726,0.09627155222733802,0.07234896460708835,0.5356626516982494,0.191930197514891,1.3677533695106372,0.38069596579080706,0.19624558043239743,1.6304620114839248,0.2868054624803633,0.18586785697467917,1.4776223319450759,0.21529268836012672,0.3132658922867492,1.3428965615803232,0.3798350858040558,0.5345416435823811,1.303234152608262,0.29683292632144975,0.7520902308667693,1.2904090172370128,0.24087739809126638,0.8570102324640309,1.3306715802099105,0.21069597169800544,0.8943867716765361,1.3373374105534526,0.2639557874459614,0.8388748617566053,1.3187248226289146,0.26393307702807856,0.03628624801088616,1.3542200947165497,0.3844375199941356,-0.1832238229198791,1.3210239646605526,0.31853430000481386,-0.3843397417432879,1.3436279787356524,0.23062259447919983,-0.4527295185780936,1.359749523582774,0.17252303347606934,-0.5035146386059566,1.377743449113318,0.21163962887640184,-0.5035534088075299,1.3794382885024605,0.2217222029265334,2.169491525423729
0.25093048366466086,0.9073709552155558,0.3660079593241631,0.26527421290537123,0.4827892747194454,0.4444939876976793,0.27476927359701225,0.11670239809252592,0.5139435804537931,0.26415797701657096,0.07292216961178827,0.3410587996529582,0.31655547857234817,0.08816917507323538,0.35771152388026556,0.255052918030004,0.03146023117344876,0.6133648947507119,0.07960959664629791,0.8986292702335842,0.39019202813845066,0.07096822830594784,0.45440481611753786,0.4852319245562953,0.08183424197435395,0.10275196382682986,0.513486430954415,0.0885329243455266,0.09331528674533195,0.3101223074842685,0.03282372564700951,0.06700660059323837,0.3880944691227331,0.0962947633964649,0.07230410737246955,0.5357605902656257,0.1922411368732545,1.3673041775763215,0.38036602135971015,0.19573653056111207,1.629991013561813,0.28479872348090185,0.1862824372058695,1.4763833605927925,0.21538463930003282,0.31292701785258237,1.3422736225561462,0.37952835344100155,0.5324339685597909,1.296435844451009,0.3015293526976485,0.7518031917269722,1.2732649811830496,0.2399748972154119,0.8545491532905081,1.3082874710383343,0.20728476992985492,0.891707841293969,1.3134483941321553,0.25967390280806196,0.8378130676373814,1.2935851386678863,0.2680697097902771,0.035885448960165295,1.3521378969991074,0.38520638147447167,-0.1840705103295477,1.3155506378325372,0.32062263733665664,-0.3852333118125554,1.3273107306796514,0.23332759641328005,-0.4500175221405102,1.3401687508809204,0.16672324887392106,-0.505831801178921,1.3569761022339861,0.2099475334950733,-0.5081376230849555,1.358234507474837,0.21827599296096056,2.1864406779661016
0.2511915468338874,0.908105658010281,0.3646975579300372,0.26526119415149907,0.48276153273713673,0.4444791303187728,0.2747119043449195,0.11658517067149343,0.5139675303733974,0.26362139789175354,0.07458973055539227,0.34095927839974854,0.3165792150734193,0.08822184460545426,0.3578037465873755,0.25496104244484213,0.03159721814800838,0.6122443408352527,0.07952817319265583,0.8985369980035531,0.38988652977428817,0.07098866659040556,0.45432211392607236,0.48523346587836164,0.0818455746880965,0.10274912363084895,0.5134935519244447,0.08854197337485607,0.09328513524303995,0.31014481228048923,0.0328281200810144,0.06693187258106305,0.3881340725196048,0.09635976545886275,0.07202654729990206,0.5361039231453977,0.1920372895339204,1.366927616241015,0.38096963986659543,0.1957395538768851,1.6297185272289092,0.2831142243031551,0.1864514861709961,1.4754288519948109,0.21539479617099755,0.31278670061091834,1.3413895333370394,0.37947733462149347,0.5300778922545071,1.2906333503947984,0.3065209672764365,0.7508447690292299,1.2545809441060614,0.2380572580948025,0.8523959484198511,1.285320317629759,0.20365046100665377,0.8867309751475427,1.2890328372957092,0.2529339439700982,0.8372773586908868,1.2686256389128336,0.27312977156506524,0.03461642280367956,1.3495928884152937,0.3871842243446047,-0.18439716762334737,1.3109404923050323,0.32163901463257255,-0.38612704892665506,1.3105763447314749,0.23804126835182335,-0.4482692473071998,1.3205202842661845,0.16460303542631527,-0.5077571353780788,1.3356538345429982,0.20941215421808568,-0.5113089559018418,1.3361579080223824,0.21512208321584206,2.2033898305084745
0.2514726391568724,0.9088154168769496,0.3633414201118313,0.2652276229222894,0.4827336787928956,0.44446300227944835,0.27463077063304503,0.11632883481419132,0.5139835066063578,0.2629569295867544,0.0767229917809929,0.34059548007939133,0.3166029191079414,0.08828508364921855,0.35789677701237477,0.2547803239854036,0.031835312690708814,0.6107918985754069,0.07939534085246161,0.8985407323716524,0.3893830540233925,0.07101461613666155,0.4542294974351839,0.4852402388722813,0.08185315971224395,0.10275437528043471,0.5134952484928018,0.08855323656320643,0.09323191299437322,0.3101817574813475,0.03283717884916412,0.06681819157281622,0.3882060580682813,0.09647953696221703,0.07160273704425146,0.5366724465093424,0.1915042383330578,1.3666057872992425,0.38241737686324273,0.1962498694936876,1.6296203019282642,0.28200813765370847,0.18649262674319567,1.4747889062841952,0.2153854183144967,0.3128658130732041,1.34020361719338,0.37968255867203343,0.5277431714620564,1.2840122079861267,0.3114836992568338,0.7490279752360942,1.2346580930392819,0.23570792995884493,0.8507456895955092,1.2625718752023356,0.199344411767713,0.8797896598053523,1.2654251411691757,0.24379808053523727,0.8363944881795431,1.2448566155596974,0.27739594642240095,0.032705010385690125,1.346589329345667,0.38995824726118045,-0.18371389502677765,1.306161954719672,0.32124586597910865,-0.3863628410767306,1.2942262403597793,0.24294787708729923,-0.4474514608173846,1.3002499987219363,0.16636391203475162,-0.5088799440238418,1.3139964912744961,0.2092830907007479,-0.5121615372382797,1.3143264727717026,0.21128651046111427,2.220338983050848
0.25176799134733097,0.909482845790783,0.36197493400954167,0.26519539015458105,0.4827049252543561,0.44445364373317403,0.27453806576000006,0.11605960259257962,0.5140153924807143,0.2622371469179594,0.07863536238507496,0.33996546889116236,0.3166034473718836,0.08834549327825927,0.35794514811834754,0.2546232823049603,0.032147935817262115,0.6092502428070411,0.07925737414256603,0.8986171189936165,0.3888569987893252,0.07103350456364531,0.45419116755805755,0.48523606064829145,0.08185410964391103,0.10276851262997677,0.5134961220309189,0.08856513131552428,0.09316268557131946,0.3102259427059502,0.03285476871367493,0.06669659900192018,0.3882935995497024,0.09667493391593943,0.07107565961793398,0.5374931062337309,0.19081214760224596,1.366293514519294,0.3844947039904049,0.19697392630955934,1.6296342323299413,0.2815241914358351,0.18647289052546337,1.4745186393556977,0.21535656615440185,0.3130480079078023,1.338843144696233,0.38002950278746406,0.5255798040666754,1.2750563657304388,0.3165402699099078,0.7459732278274074,1.214291315429061,0.23352442052394254,0.8494585727823873,1.2415138855772905,0.19443036756246188,0.8717738353588536,1.2437064617433136,0.23375601370683508,0.8343308424054356,1.2229695530064293,0.27949188220203447,0.030527445449151362,1.3432365999192928,0.3929987683098472,-0.18195964809128296,1.3002820176420709,0.320473425991086,-0.3855142280982554,1.2785197122699221,0.24632057557264372,-0.4474980724660149,1.278979407914128,0.17092412438070181,-0.5088543006001836,1.2920257675158595,0.20870464849484502,-0.5102649335402931,1.2935232635175151,0.20674754330928446,2.23728813559322
0.25207084734580665,0.9100875097976528,0.3606374787245483,0.2651718788507916,0.48267486191920556,0.4444545544902498,0.2744432811504637,0.11588650042879242,0.5140902125852427,0.2614638530451399,0.07985122675353018,0.3390096349143465,0.3165703403222233,0.08840494081150749,0.35791130458896886,0.25461323243604556,0.03255918007617102,0.6077887415127782,0.07915349456118057,0.8987083414070313,0.38846756025188683,0.07104116528579801,0.4542148317024943,0.48522067368668315,0.08185089243690395,0.10277661767990931,0.5135017104849726,0.08857632717153577,0.09309698458242237,0.31026749291826305,0.03288307821972385,0.06659794189645554,0.3883748243952794,0.09695969051530963,0.07042892931828837,0.5386103919538162,0.19004935548021107,1.3659224184847056,0.386981235127807,0.19756971781902477,1.6296851143305764,0.2814260912703727,0.1863269670372959,1.4746837959201977,0.21525226458310062,0.31315787753921903,1.3374404037371153,0.38036488416390046,0.5236325250909575,1.2634409303613359,0.32168756668300685,0.7413431877817402,1.1944076537487451,0.23181736910623324,0.8480318256774926,1.2232112715603944,0.18955723526233348,0.8638908985318043,1.2244360683931779,0.22506449543965773,0.8308733393402741,1.203422934182566,0.279224172436527,0.028569715852762564,1.3398027000037092,0.3958294331157182,-0.17932202908236772,1.2931534085000942,0.3201051458442887,-0.38355938755019137,1.263196142151668,0.2470779828846981,-0.4482481278086007,1.2570581631383386,0.17664893049625438,-0.5074495312015339,1.2696888797420567,0.20728696948390546,-0.5057198215304508,1.2736457712769196,0.20218635107681487,2.254237288135593
0.25237364823573777,0.9106039969183788,0.35936577466531816,0.26515727241494413,0.4826427056392772,0.44446493393939185,0.2743470840133931,0.11583409724776475,0.5142186595822179,0.2606692352254987,0.08043933502596333,0.33762041826430444,0.3165056696499003,0.08845877068899974,0.35779044274721383,0.25477961178581887,0.03315755529585987,0.6064102687335775,0.0790958245888705,0.8987651191811626,0.38826888707079066,0.07104165814327841,0.4542651510748295,0.48520412782116,0.08185640028812674,0.10273725756924888,0.5135148930817635,0.08858570523601474,0.0930553702922482,0.31029961006055046,0.032918608157328416,0.06654901066488352,0.38842515634657493,0.09731513441636547,0.06966565806709304,0.5399765530874283,0.18927431870438588,1.3654873373029592,0.389618180729094,0.19774111660098112,1.629723310373662,0.281385419329644,0.185961673100203,1.4752244169022342,0.2150376268760492,0.31305083832637415,1.3360819978797298,0.380579406767977,0.5218372161617567,1.250013541625946,0.32666933779709706,0.7350680243700976,1.1757056463951912,0.23049216278968618,0.8455971113731471,1.2071905556390725,0.18531426226348516,0.8571238238163851,1.2072026944727996,0.21972113517867845,0.8264405879867156,1.186206073168344,0.2775195252065311,0.027237189151796556,1.3367258050124626,0.39803816337441017,-0.17613903583469412,1.2854192213599207,0.31964144808711575,-0.38067197339643594,1.248093248015821,0.24493569058096104,-0.4493383564740393,1.2352675034927483,0.18197979952124038,-0.5044495131282377,1.2474734464133674,0.2047970657075046,-0.49879836099974806,1.2543608827869073,0.19726800593368246,2.2711864406779663
0.25266889460702946,0.9110089785240185,0.35818937958098984,0.2651514025441377,0.4826072135176842,0.4444810735823505,0.2742464199817403,0.11585723112561258,0.5143933308891688,0.2599622747668117,0.08075510497480994,0.33582717444795895,0.3164244221064728,0.08848996815447362,0.3576092086796364,0.2550781337383164,0.033987959458243636,0.6050618981979465,0.07908550756217332,0.898753146156953,0.3882499467887493,0.0710404273119167,0.45431103129389583,0.48519215556297224,0.08188694528188507,0.10261192701100477,0.5135343767184024,0.08859224937923385,0.09304763246892452,0.31032186996750677,0.032951333892918336,0.06655331561584912,0.388437622133355,0.09768858194510736,0.06886500977490292,0.541412101666405,0.18856301234162687,1.3650622733702353,0.39207575913914927,0.19730742109501415,1.6297378118801609,0.28125267610433063,0.1853812919886215,1.4758814094229822,0.21473921038439303,0.31263356674661663,1.3348695444163923,0.3806369924316333,0.5200044705709316,1.23621311202695,0.33136813317266706,0.7274606824209159,1.1586980960233961,0.22944672361585045,0.8413021474320277,1.1917790037693872,0.18169948329662816,0.8518036473075161,1.19074645829126,0.21865594773551672,0.8216337709517614,1.1707148406640722,0.2752604585859071,0.0266782718474965,1.3344568441305096,0.3993217423545439,-0.17290565734196023,1.27791299502646,0.3182883493456997,-0.37708752042573085,1.2334834166783784,0.2403948343972018,-0.45030480873267686,1.2139134951423642,0.18565172937061833,-0.49971116156178114,1.2262570739441345,0.2010251655417706,-0.49005871086991826,1.235824302337469,0.19072572365009974,2.288135593220339
0.2529497547702825,0.9112990184487468,0.35712648863376667,0.26515647175293516,0.4825681929378311,0.44450083433616255,0.2741437696054819,0.11589039769879197,0.5145945990998516,0.25942024758706933,0.0810853078045506,0.33381752234729783,0.31635852101466294,0.08848877631975849,0.3574085560106135,0.2554503544574681,0.034961915987292556,0.6037214216995932,0.07912720909663933,0.898673563029502,0.3883998117496806,0.07104026181525135,0.454342814708157,0.4851840575169537,0.08194143653516789,0.10242660510439208,0.5135562246989138,0.08859568243986657,0.09307033990179703,0.3103349605024417,0.032958968433898395,0.06655344148555475,0.3884612365544578,0.09802725694568548,0.06812749190005796,0.5427227626055948,0.1880100640036006,1.364731848730024,0.3939958404384926,0.19628649018041333,1.6297300518506639,0.28105555463949466,0.18467405730783865,1.476339516304927,0.21441792748813443,0.31189715633476145,1.3338939085981605,0.38055681724240537,0.5179702808520426,1.2235191103463852,0.33606650074150146,0.7191228355631603,1.1439723948016816,0.2288865043681757,0.8349464728856915,1.1759203616515104,0.17837995937111464,0.8477297524224193,1.1739799225481409,0.22154789511322315,0.8170210606380759,1.156284906187969,0.27238651777910655,0.02673802178085934,1.3331988574605471,0.399669468259945,-0.17024591457137825,1.2711958176440419,0.31643366274869544,-0.37314269147168055,1.2197978659486484,0.23463374639851303,-0.45078545735402686,1.1926443778421352,0.18673995808149396,-0.49323441450841626,1.206333614157693,0.19619432092798403,-0.4805206953975024,1.2183052923773987,0.18266794866370062,2.305084745762712
0.25321200327763055,0.911512261948099,0.35617447295064314,0.2651752932494261,0.48252774282303945,0.44452678412195684,0.2740480975678923,0.11586876047721273,0.5147923035844068,0.2590173344528761,0.08166264917458604,0.33183279679935757,0.31635525184067675,0.08846362203949196,0.3572339201820198,0.2558357342228895,0.03592802962978366,0.6023797210750413,0.07920466012455767,0.8985592443510545,0.3886478740417709,0.07104176177394428,0.45436178178061537,0.4851802107013739,0.08199159410130025,0.10227031733663366,0.5135769695128222,0.08859639290617846,0.09310948127089771,0.310337438762093,0.03290428519341038,0.06642728550076184,0.3886071601677966,0.09830587102865326,0.06750757776763458,0.5438111696412293,0.1876967703488762,1.3645342910801617,0.39509908064467886,0.1949026874122024,1.629691024547418,0.2808222184569441,0.1839385126909075,1.4764707007750542,0.21412569305559284,0.31097657805872275,1.3331526587201823,0.3803929758909589,0.5158106104845748,1.2131584278147856,0.34096222770471574,0.7108330918695139,1.1321366765684528,0.2289917556098674,0.8274425246151635,1.1600990814253427,0.17515220872873283,0.844826386023217,1.1568908452999982,0.22714210070279,0.8133582750771926,1.1427482009913241,0.26861293549105875,0.027073907675655776,1.3327994062832815,0.3994855470793985,-0.16865813378271238,1.2654603237446322,0.31553978112079717,-0.3693063574324051,1.2072991184218127,0.22918352933197453,-0.45054018392229067,1.171311822078293,0.18524436605673955,-0.4852459705815839,1.1870995758795009,0.19122466195074161,-0.4712554002975873,1.2014100703507233,0.1755461106326261,2.3220338983050848
0.25345807912362,0.9117179975187787,0.3552958174687189,0.26520495594348675,0.4824897810472939,0.444561633581508,0.2739666120100223,0.11575008977371938,0.5149566342992865,0.2587002855857369,0.08268920601941157,0.33009817250891127,0.31643921674559944,0.0884300100048869,0.3571298338607727,0.25618606040123915,0.03679882047157286,0.6010300223591034,0.07926244614693237,0.8984521345965448,0.38880622383129715,0.07104498084733232,0.45436944317325084,0.4851840866911481,0.08200237953611629,0.10223503233560895,0.5135943869796785,0.08859530887646294,0.0931493516504135,0.3103314236814818,0.03277795651766652,0.06612401843853827,0.3889206745805109,0.098521913637786,0.06701617177496406,0.5446642693646422,0.18763364550763123,1.3644393318385697,0.39536330764208877,0.19351841434297584,1.6296202703685352,0.2805731466906491,0.18325759773145603,1.4763893217361013,0.21389108645730687,0.31008542795996813,1.3325596446699977,0.3802177716464177,0.5138369948900127,1.2058384383387595,0.3454533084019498,0.7035735468349866,1.1234773322897718,0.22977671100698813,0.8205489665214007,1.1451902718821825,0.17225573455115398,0.8434358408375845,1.140296303629365,0.2334680994077885,0.8115524985574514,1.130132082591896,0.2646739722006491,0.027388629240153013,1.3328886617560909,0.39935156493198365,-0.1681669185623889,1.2606952175956427,0.316539745222737,-0.3660527058134484,1.1961701171306072,0.22542483084349782,-0.4493786859383859,1.150549544423084,0.182943503928724,-0.4764021384249465,1.1678367169601005,0.18768922934001628,-0.46295200162530903,1.1841865630682769,0.17252489096954426,2.3389830508474576
0.25369152444972803,0.9119499756627841,0.35444752232868554,0.2652354392665757,0.4824582840789206,0.4446006099544718,0.2738986528104941,0.11553598414171112,0.5150733290169013,0.2584695643619804,0.08419626248506033,0.32875989394325267,0.3165405309150705,0.08839518730411591,0.35712703760959535,0.2564912229058251,0.03757514149161001,0.5996933749553309,0.07923917287235989,0.8984001117310974,0.38867660859868963,0.07104928846726168,0.4543673362394688,0.48519526127355395,0.08195855106570689,0.10238863022225131,0.5136051973521153,0.08859404413259556,0.093182275704864,0.3103225103708176,0.03267106231462806,0.06588101124671779,0.3891739812672266,0.09868001620994053,0.06665068451153874,0.5452941547101301,0.18772565371396427,1.364380691746315,0.39511348181263317,0.1924344431096235,1.6295639407174611,0.2804928643060912,0.18271181403422293,1.4762824446307736,0.2137313767336402,0.30939832877933526,1.3320547618220575,0.3800866746319424,0.5123771097502873,1.2014678975683244,0.34843629451030694,0.6984119462675319,1.1178361649434034,0.2316167599039999,0.8158149805834205,1.1312610590476595,0.17080011350409158,0.8437793973713905,1.1248298032946946,0.23848289915235651,0.8120451865216259,1.118082556608551,0.2621912273610887,0.02754570999924188,1.3331098668552062,0.39954272690507175,-0.16834426245481426,1.2570082014183688,0.31892722443532867,-0.3636153124762659,1.1868932801207153,0.2240653085693668,-0.44726592863672776,1.1312959051470266,0.18307085446764554,-0.4676603610236306,1.1486030891271866,0.18716177140982504,-0.4556835017820935,1.1662112731379037,0.17517622578920958,2.3559322033898304
0.25389271396751817,0.9121625662869596,0.3536845600659302,0.2652580058126884,0.4824354311327448,0.4446334943525329,0.27383934854520514,0.11525297290540146,0.5151408654461732,0.2583614023992191,0.08597532553640863,0.32787029354895764,0.31649469113093787,0.08835499983715414,0.3572192420017016,0.25676892421358977,0.038284515168778586,0.5984177842202499,0.07911721579255361,0.8984498735259077,0.3882186117130342,0.07105254388042544,0.45436081962703,0.4852052600865398,0.08187042940643835,0.10274373162496525,0.5136050185429804,0.08859499867699326,0.09320722327497488,0.31031177844428537,0.03275461878915209,0.06617683768586066,0.3889161148554163,0.09878365353434085,0.06640748314161121,0.5457086977750266,0.18782918220769546,1.364354829837114,0.3947886055629677,0.19166511030447964,1.6296032021883144,0.28094220746580245,0.1823736952059343,1.4762440566640846,0.21365750541607828,0.30901209529802853,1.3316995041373612,0.38001068920809916,0.5115776639655212,1.1993591963098444,0.34949142680013917,0.6961064306193643,1.1148172823519382,0.23534883673941723,0.8136016199194143,1.1180754016453867,0.1724307174589386,0.8453762659012884,1.1105048064761105,0.24138271631530944,0.8141838032603742,1.1061101214945654,0.26216967009489,0.027501309473825127,1.3332782307742865,0.399768447564815,-0.1686959458742654,1.2547169044514805,0.32157090544910205,-0.3619310868914521,1.1803321136107738,0.2248401974730786,-0.44445007587055163,1.114101206156658,0.18846324180938687,-0.45983928899855175,1.130386531801115,0.1900387844328441,-0.4489428696411356,1.1485369683142301,0.18258663268040554,2.372881355932204
0.2540089343068871,0.9122841404627665,0.3531974232094161,0.26527171864816707,0.4824205395937689,0.44465461549723945,0.2737867964102225,0.11491293618264856,0.5151622312594939,0.2583872639596973,0.08759384863678937,0.3274578256284159,0.3161615797408127,0.08830747369703727,0.3573461555623271,0.25703425448537615,0.03892769214862979,0.5972613787129364,0.07892521586411755,0.898633523983859,0.38756529881968493,0.07105273446530626,0.4543562618362857,0.4852041530674958,0.08176273331476933,0.10322309501673912,0.5135912741633099,0.08860102674979184,0.09322619676496156,0.3102959366342399,0.03314881448827689,0.06736404666316545,0.38783314976250594,0.09883376594191463,0.06628041338542567,0.5459097875045001,0.18785539970554924,1.364462843083738,0.39459754760764937,0.19099868442371998,1.6297992594989272,0.28218705137997624,0.1822623693193151,1.4762552067370212,0.21366209122845276,0.3089257441340164,1.3316250772453178,0.3799703559668529,0.5114065393991615,1.1989949440687875,0.34933891316172344,0.6968279792219385,1.113978958589541,0.2415441760314338,0.8130825413477925,1.1060798798969966,0.17801049220387322,0.8470729276629316,1.0972728887166325,0.24279902845630574,0.8162611932256967,1.0942937566382296,0.263778958719303,0.027249145176188008,1.3334045027927819,0.3994028019220562,-0.16899485284335128,1.2540737943047466,0.32357973269392215,-0.3609625105068841,1.1771476391316447,0.22696278622219315,-0.44139989246084493,1.0992075512384039,0.19994184382061647,-0.453446744420676,1.114535031677483,0.19531579073326258,-0.4423034024717737,1.1333348518042405,0.19269508916497088,2.389830508474576
0.2539911676341157,0.9122847591008794,0.35316951694611304,0.26528119229587027,0.48241072333193147,0.4446665736936333,0.27374704321716814,0.11449610167092453,0.5151624924837241,0.2584756400006357,0.08860913364685623,0.3274760004119353,0.31552465150560405,0.08826828371811352,0.3574159638783727,0.25728904365825184,0.03945991118010288,0.5963141688208994,0.07869593884136877,0.8989822742775493,0.38687165372761306,0.07105080899439174,0.4543542022878395,0.48518924446761325,0.08165792076167391,0.10371354598469686,0.5135649041577933,0.08861419441647203,0.09324870212634354,0.3102748476555206,0.03384401972056784,0.06941951054466902,0.3859571877133035,0.09882997555200329,0.06626197566111723,0.5458987539758872,0.18779840211852605,1.3648076462632437,0.3944968152894556,0.19028645457024293,1.6301631906359781,0.2841822252358402,0.18231309766860465,1.4762464514763307,0.2137182925038717,0.309027670305707,1.3318973805805099,0.379952238583709,0.5117795999833001,1.2005477828217288,0.3491070665696858,0.7001982099374524,1.1149126016193014,0.2500618533261909,0.8129856570230491,1.0961375415308012,0.18699475190186954,0.8474219776265479,1.0855004640340213,0.24348543174467105,0.8163741381945184,1.083285037329366,0.26496365890252854,0.026817970657718813,1.3335701321326867,0.39805606301745,-0.1694034785739606,1.2550618092946741,0.32450873168057986,-0.3609826537666515,1.177190540406661,0.23007668160554598,-0.43859271887611195,1.0871545585256623,0.21616030761862998,-0.4487956345339402,1.1021398710340677,0.20179886413323006,-0.4360675014245602,1.1223703566311483,0.20421536163203197,2.406779661016949
0.2538425150260351,0.912173154938209,0.3536077690993566,0.2652904341707567,0.48240320432088635,0.44467529506040804,0.2737385730820762,0.11397837846582187,0.5152208446444989,0.2585157769681251,0.0889518353006782,0.327706885663747,0.314672810671921,0.08826197119454923,0.3573667855857664,0.25752583073983565,0.03980482755928028,0.5957054462983168,0.07845629153568673,0.899512800910725,0.38619936265771904,0.07105018854805922,0.4543487834692528,0.48516475552680266,0.08156657785848849,0.1041457610932395,0.5135300922023082,0.08863383341986919,0.09328841589495931,0.3102539573812583,0.034739710362863926,0.07200272527198494,0.38353723403202805,0.09877087940935539,0.06635518638808274,0.5456770225050843,0.18768916878650665,1.3653869367413691,0.39439487321852185,0.18953698010897885,1.6306536112499386,0.2866178172441352,0.18243005220841801,1.4761638125950416,0.21380245689339633,0.3091675658107941,1.332498669698134,0.3799656366822223,0.5126432266793572,1.204634538191007,0.34940432635373403,0.7054446688142244,1.1173448209825234,0.26016319143415306,0.8121110254746661,1.0884395285036423,0.19797531352000056,0.8450961773507066,1.0756904694969642,0.24360780920717534,0.8134404140466619,1.0737702854651285,0.2643020885650512,0.026229174636400013,1.3337709985537125,0.39598531026224065,-0.17034667137895232,1.2574991714109138,0.324594480931066,-0.36237055814450253,1.1798191484422569,0.23447450296705818,-0.43630798043627683,1.078894304036083,0.23450877519346594,-0.44604562059536734,1.093981949459879,0.20906268610451761,-0.43094863789013027,1.1160625562595834,0.21664989803056123,2.4237288135593222
0.2536208583155391,0.9119681357307148,0.35434086125772124,0.2652992008633328,0.4823970598865095,0.44468517092265597,0.2737846181470111,0.11340011536976893,0.5154373592113463,0.25849030318362615,0.08888856430573555,0.32792106050492353,0.3137353955093997,0.08829612556556768,0.35720075364571124,0.25773134299553724,0.0399089947768424,0.5955163813285111,0.07827233704210601,0.9001444205078,0.3855909577831153,0.07105285944066624,0.4543353008212493,0.48513557497815357,0.08149074056254328,0.1045019795841884,0.5134933900567827,0.0886558733640687,0.09334872689032955,0.3102406222666444,0.035709777821399266,0.0746334134528035,0.3808741289007344,0.09865227185910581,0.06659084960671227,0.5452397695997958,0.1875566962765352,1.3661056974413694,0.3942488232526872,0.18879935147247962,1.6311919559229389,0.2890718563851063,0.18254591750367183,1.4760336218705492,0.21389788294178314,0.3092618510977176,1.333414788670791,0.38002780662703134,0.5139557674442726,1.2117850332249167,0.3498247032767692,0.7116730645348179,1.121364021029515,0.27063265586174495,0.8094984180928044,1.082119643747064,0.20933666210079935,0.8393849144512913,1.0679853251647837,0.24336039045173946,0.807522671024566,1.0663282846073248,0.2617506135961401,0.02547596369172594,1.3339189186290628,0.3939231872526266,-0.17216703023519997,1.2612170737274155,0.3246509528618643,-0.36524669709091606,1.184756193106068,0.24042237900076868,-0.43461183109870766,1.0752131277454995,0.25222303498222326,-0.4451391686757891,1.0907118725486675,0.21704986813278265,-0.42732929323815094,1.114085340867125,0.22896315828413732,2.440677966101695
0.253387994970547,0.9116864176907535,0.35518548300229225,0.2653053007283742,0.4823925226077573,0.4446982294442278,0.27388122726113356,0.11289591891106743,0.5158041985422653,0.2584810890254746,0.0885605237738909,0.3280573990111004,0.31284531121746406,0.0883544094898168,0.35695566099387305,0.2578876281866359,0.03979651483284533,0.5956758689526053,0.07823584288995312,0.9006916851843564,0.3852097297682023,0.07105689771903058,0.4543212561664868,0.48510548813407034,0.08143026511266065,0.10478531387814932,0.5134621286841325,0.08867577305693886,0.09341891423782794,0.31023651622028525,0.03662901948104057,0.07684662674898737,0.37829711174822667,0.09846707358340419,0.06701739216946324,0.5445731308040017,0.18742009410842725,1.3668615339831607,0.39405037034414103,0.18812153908290466,1.6317050352335256,0.2911871697054782,0.18258213943004042,1.4759968574449107,0.21395060670964025,0.3093045925979342,1.3346739713629772,0.38014132193754646,0.5155970628740258,1.2220785872926871,0.3493095979021843,0.7181699071591376,1.1276210618550009,0.28011893646010666,0.804724956410428,1.0762615969104656,0.2196408856749223,0.8306422898061612,1.062190031853348,0.2434814458285153,0.7994134967699023,1.0617928307144358,0.2575413382392431,0.024631108418186408,1.3340244194435926,0.3925398934858723,-0.1748930148059143,1.266072041601795,0.3255076682279426,-0.36941161322065347,1.1922418457685047,0.24770530665486257,-0.4334423008779589,1.0763291323124846,0.26704103068307417,-0.44580369495949235,1.0926337808577213,0.22524100170394037,-0.42520679881381096,1.1162444727079728,0.23952964881985517,2.457627118644068
0.25316238531859053,0.9113388314376739,0.3560919400789565,0.26530854439519475,0.48238926270442345,0.44471459137746644,0.2739801857636437,0.11261282691394774,0.5161418195065389,0.25856038769632284,0.08786644455438314,0.3281571915082444,0.31212908222064684,0.08841257138753063,0.356671216498722,0.2579682972084726,0.03958435479323565,0.5959371143845129,0.07834980657263695,0.9009901539803085,0.38525182807809766,0.07105754963711516,0.4543344840589816,0.4850795300947106,0.08138519254676367,0.10500056360551249,0.5134415936948558,0.08869144739794438,0.09348337199569075,0.3102326330802546,0.037372608778873,0.07827457548228403,0.3761727214766469,0.09821036420932555,0.06764604382866021,0.5436642863335066,0.18730038941832172,1.3676151942544286,0.39382988078636194,0.18754334665331848,1.6321467112873613,0.2928618919946144,0.18241772513434673,1.476257908921205,0.21384214077033778,0.30930582742853685,1.3363025916782045,0.3802820309494953,0.5173212810873569,1.2348531665219968,0.3472808533816704,0.7244034032174851,1.136946621295789,0.2876407812008068,0.7982749334424448,1.071348918741858,0.22776935930201989,0.8203060373249595,1.0584770346983725,0.24473040000501767,0.7901525743191256,1.0614072122021696,0.2514912767302468,0.02392434069100719,1.3343029452798736,0.3921441849765904,-0.1783697592774855,1.2718046636324192,0.32781094959405,-0.3744785691621906,1.2023559178052925,0.2557971495613594,-0.4326441750166051,1.082082976176122,0.27735962815312437,-0.4476023105317784,1.099469938357886,0.23254307459375806,-0.42454457281455893,1.1224912416871087,0.24741314301396491,2.4745762711864407
0.25292800961048467,0.9109310979761858,0.3571094639335154,0.2653106341416023,0.4823858567724997,0.44473177010777937,0.2740220727577343,0.1126252762680206,0.5162087070837633,0.2587390431742966,0.08676322454833427,0.32825896721428205,0.3116876719660638,0.08845125384920671,0.35638721855278643,0.2579496842861032,0.039481296958357656,0.5959298135858683,0.07849495488782751,0.9009826478545664,0.38567273079627956,0.0710504210137475,0.4544077938126539,0.4850619701350654,0.08135588289922036,0.10515070426531051,0.5134330523964392,0.08870164244263097,0.09353009262584765,0.3102183891435533,0.03783930866282653,0.07871288145220814,0.374803709492059,0.0978848522868732,0.06841596750612827,0.5425158566712389,0.18723296454146193,1.3683686723415431,0.3936568583945365,0.1870598447141587,1.6324668046158715,0.2942576151553316,0.1819677050484402,1.4769426713384584,0.21345205064660439,0.30926288751192565,1.3382235016737418,0.38040879606870687,0.518905296143261,1.2485564629184485,0.3442835643416212,0.7298911574946083,1.1495432527563523,0.2929212982430583,0.7916056443229624,1.0693753119585803,0.23302003623022274,0.81043052977876,1.0579580955221914,0.2470791749503469,0.7809881885458593,1.0661624523624598,0.24425578661550157,0.023601346384374913,1.3349914380413521,0.3927878684824627,-0.18248397185259055,1.2779264814217353,0.3320599881590465,-0.3800091004249867,1.2145054461024685,0.26411274341900914,-0.43209773208441193,1.0921467493603094,0.2823859946590988,-0.4500187750344441,1.110509609342518,0.23795123347556135,-0.42524682905219585,1.1323620750578534,0.25305943410100457,2.4915254237288136
0.25267132188606306,0.9104558229789398,0.35827057508047166,0.2653131039231815,0.48238055219203757,0.4447448838977835,0.27397417530528295,0.11294111452293498,0.5158561744468284,0.258981821232136,0.08542286444930679,0.328371849913096,0.31154266521984264,0.08845505950269392,0.35614348825943876,0.25784099690954415,0.0397182009584668,0.5953553872281534,0.0785551519897488,0.9007037568079966,0.3861709139362786,0.07103626728144745,0.4545332497738624,0.4850549942651977,0.08134230608303626,0.10523958070782181,0.513434355308984,0.08870413920150527,0.09355482451714683,0.31019279172853864,0.038024600069004266,0.07827188402434918,0.3742002142123047,0.09751076908771877,0.06921647411926113,0.5411677937080582,0.18724008649491575,1.3690776426387705,0.3935794380843534,0.18663817996111842,1.6326198946532515,0.2956213410883691,0.18125034050620145,1.4780123930327522,0.2128113901952049,0.3091752866197503,1.3401816254442063,0.3804935315218878,0.5204366130365168,1.261165878504916,0.34149248291183576,0.734343760033241,1.1648256684558689,0.2966587592367501,0.7866175050498003,1.0723017641844994,0.2357060205652913,0.8030295805894272,1.062109172238509,0.24997198858256423,0.7735226091599118,1.075919063719725,0.23850271588121075,0.023739287284438262,1.336130591442843,0.3943837696482501,-0.18713447810824935,1.2838391866219419,0.3380804365855523,-0.38557491440269287,1.2277350966774951,0.2720160127221799,-0.4318328450490586,1.1058646007245991,0.2824645053474411,-0.45263895599516835,1.124722913175526,0.24126106356649896,-0.4268954848802057,1.144788058053274,0.2578151409281185,2.5084745762711864
0.25239597794350765,0.9098867044554433,0.35955207794044236,0.26531656377190765,0.4823729006276343,0.4447493212409142,0.27383832496196153,0.11349476857687033,0.5151201965719273,0.2592342460189754,0.0841187973589232,0.32845697025615866,0.31159618995421334,0.08840963040445013,0.3559647418000581,0.25767841474413544,0.04035200893959238,0.5942679820896661,0.07851356551802001,0.9002321395441533,0.3864907546156536,0.07102359443232836,0.4546404741835707,0.4850643659556304,0.08134324528169001,0.10527278458148948,0.5134414177786729,0.08869840836064574,0.09355970773805643,0.3101592914142228,0.038062944055746055,0.07744409159607481,0.37396551567160125,0.09714184051076424,0.0699136417390196,0.5397395015899568,0.18726667142344092,1.3696531271441286,0.3935752992818603,0.1862392872682924,1.632645897517926,0.2971917068280529,0.18035784460748622,1.4793719495229913,0.21223584817301486,0.3090563706092801,1.341879348532156,0.38053279467287593,0.5223761520614039,1.271283741358678,0.33979525151800644,0.7378620792873309,1.1820569426256828,0.30001902385672974,0.7845649955020777,1.080650045285543,0.2374807847128596,0.7994685588368198,1.0715095195756033,0.25348414834299166,0.7693143141350002,1.0895520844399407,0.23750468676165326,0.024235429978688737,1.3376198829100328,0.396592731783465,-0.19205234387117837,1.2891348268372735,0.3446256926444758,-0.3907254465861578,1.2415115368488503,0.2787797509337755,-0.4319520815654154,1.1222000344593208,0.2790579400116966,-0.45532587064546975,1.1409814829436118,0.24304762119216852,-0.42868085398490874,1.1588283579431653,0.2627684541076516,2.52542372881356
0.2521145038271719,0.909201623972722,0.3609021215150053,0.2653204093964896,0.48236613618876556,0.44474277373936205,0.2736465205067805,0.11414192685175753,0.5141980226311044,0.2594435481115837,0.08305571324293572,0.3284445527679951,0.3116944450181009,0.08831298318563284,0.3558517494339824,0.2574854036410896,0.041159826033062494,0.5930730815939653,0.0784142807883107,0.8996404129597283,0.38658314726247106,0.07102485604771444,0.4546357695642298,0.48510020993682823,0.08135679790660752,0.10525489868837765,0.5134495533269914,0.08868818813622685,0.09354662506385517,0.3101179760642383,0.03811265866458995,0.07677034009396143,0.3736526476760105,0.09684973215031058,0.0703915974627323,0.5384289238980258,0.18717614537955413,1.3700967919804103,0.39357763314294697,0.18579761674541123,1.632671170401748,0.2991358748639344,0.17940410284385183,1.4809921420901102,0.21221396617548152,0.30892884664722914,1.343216300024145,0.38052491382267184,0.5251963147547406,1.2791463265979452,0.33919611669693545,0.7407897661827796,1.200798856796431,0.3031546309231511,0.7852723760744833,1.0936855675772015,0.24017323065521523,0.8000060154871063,1.085492545973246,0.2584094670829861,0.7689118268008748,1.10600295313173,0.24217259519691456,0.024923611472541796,1.3394000223174158,0.39874590648448255,-0.19676559038491542,1.2937774893478597,0.3501733016783447,-0.39502468289428483,1.2560417754037134,0.28378184928923494,-0.4325340877463031,1.1402310821933965,0.2740726423873295,-0.45812402954098674,1.1586717276413367,0.24395961757316542,-0.4297153209397565,1.1743494815262503,0.2678983237286599,2.542372881355932
0.2518387805436786,0.9084068003850414,0.3622678405624964,0.26532305697269964,0.4823708758309221,0.4447248444727957,0.2734455056466887,0.1147704607938334,0.5132961808701803,0.25958904039596,0.08226211213135248,0.3283596618158915,0.31174897153630643,0.08819710817999242,0.3557968840817425,0.2572644715738197,0.041816460025090624,0.5921835989944068,0.07829432918862968,0.8989825988655372,0.3865010930715745,0.07104905269921882,0.4544600544549255,0.4851683637968835,0.08138175171787938,0.10518684489278395,0.5134554529770989,0.08867878165096806,0.09351501191232171,0.3100708409511132,0.03816399962661652,0.0763590490718786,0.37333729947024363,0.0966713209145127,0.07062505219689884,0.537399520554169,0.18684428830664412,1.370591585424485,0.3935232512912513,0.1852099076737816,1.6327879956482099,0.3014113057586821,0.17850692275180588,1.4828491557709094,0.21308074833690352,0.3088173045823198,1.3442850427922868,0.3804574125021989,0.5289078158291044,1.286536811485407,0.3389025684880185,0.7434496458666244,1.2207677959922185,0.3048411080246411,0.7876887281271326,1.1103929740458365,0.24446499077117634,0.8037110994614055,1.1029822727387908,0.2648191951289989,0.7714271169621925,1.124764370937763,0.25024900771332925,0.02567374618918159,1.3415209873297012,0.4001616652887504,-0.20082775627222518,1.2980881373712772,0.354099284758305,-0.39820928719289345,1.2716802202631596,0.2868753570455595,-0.4335186635382802,1.1596039080565976,0.26911950618413993,-0.46088318727435396,1.1777724413057837,0.2442032512958374,-0.42958961715073285,1.191498944494679,0.2723586176098115,2.559322033898305
0.25157706432267657,0.907532684569786,0.3636101262513911,0.26532326122855343,0.48240633902772523,0.44469650206042516,0.2732715771165802,0.11538776594211467,0.5125118750110733,0.25970331933300345,0.08162535392725934,0.32842667109747525,0.31176745274357315,0.08812341795842919,0.3558041417782829,0.25701499741196204,0.042127699762884406,0.5917711933562069,0.07818068903166593,0.8983309779977533,0.38633936041833034,0.07109519813406176,0.4541267865160287,0.48526542515877125,0.08141801914173544,0.10506675513443293,0.5134584406785282,0.08867215289166935,0.09346724699215557,0.31002770634168203,0.03803463930413652,0.07590680817944925,0.37360341294429594,0.09658864782279454,0.07068470473568668,0.536676144689892,0.18624190129980833,1.371379953364478,0.39337871500011995,0.18439841686601965,1.6329723933449354,0.3037518790665785,0.17778495520641643,1.4848177601043022,0.21484063182715765,0.30874267657338367,1.3452061128361184,0.38033291593937935,0.5329817150177758,1.2955434470775984,0.33810068305346763,0.746102048379977,1.2416380584247668,0.3042136869254998,0.7910892335037261,1.1298624426500796,0.2499802047602588,0.8089209899593635,1.1232178969265383,0.27129247777450316,0.7753440912684613,1.1453012068549235,0.2589078316852717,0.02639045568580877,1.3440907343857385,0.4006563187376214,-0.20404567832096182,1.3027291638001555,0.3568923098002069,-0.40024896907171637,1.288200887559022,0.2884949498084791,-0.43458697847876354,1.1801705088847916,0.26526982595823323,-0.46313057620188247,1.1980378806115388,0.24380929646177546,-0.4286101920636338,1.2098027362750656,0.2752460367033067,2.5762711864406778
0.2513306444862795,0.9066126348005458,0.364922978196603,0.2653214717648815,0.48248115266413705,0.44466206000710173,0.2731353524479455,0.11604545058843609,0.5118568031512623,0.2598393091508966,0.08101545006077933,0.32893212161291885,0.3117890546389551,0.0881386149834675,0.35588784350212044,0.2567406576068918,0.042065216987981616,0.5918126883098285,0.07811081681878274,0.8977840851896297,0.38624551172673527,0.0711526785005337,0.45371353088872823,0.4853853888894095,0.08146589794845184,0.10489297964285817,0.5134592440665889,0.08866567580338693,0.09341047226695903,0.30999987631776416,0.03756547338685934,0.07512783734324517,0.3749241035812739,0.09656045200436499,0.07065389596006813,0.5361937086404721,0.18543228529704606,1.3725476440811268,0.39314294211481055,0.18338919344966204,1.6331359128170877,0.30579709840590286,0.17732972390620055,1.4866991423490477,0.21725526489044758,0.3087170362120007,1.346117427492537,0.38019576275637507,0.5367474088465609,1.307191928025204,0.3367064133421324,0.7489323014346805,1.2630724653261587,0.30216598247076276,0.795313419659541,1.151195617080792,0.2558640189777356,0.8139692019946869,1.1456646493296243,0.2759647425782449,0.7795780447450682,1.1666110069724478,0.2671790622564937,0.026944651406381068,1.3471533509099631,0.4005919448187963,-0.2063585881802889,1.3086783063281824,0.3592715523784214,-0.40121011613835655,1.304945280978418,0.2892660167312596,-0.4352896444474756,1.2013296796563024,0.26301381851680933,-0.4644595552031477,1.218638291759242,0.24320582447648484,-0.42744881239410704,1.2283614861840557,0.27616549653977635,2.593220338983051
0.25108674042388257,0.9056524409513578,0.36625538899338317,0.2653197303774655,0.4825681112461739,0.44463108856300176,0.27302651084516794,0.11672845966996037,0.5113237568209443,0.26005446588179115,0.08031031676064193,0.3299975406384943,0.31183230587312966,0.08823786859234267,0.3560591419136073,0.25644795497472983,0.04167839309822976,0.5922271391190248,0.07812036623582627,0.897391082130181,0.3863596493744899,0.07121015324889471,0.45330230563813617,0.48552530683837053,0.08152543213958904,0.10466517744585209,0.5134585763789279,0.0886549973641467,0.09335203474047095,0.30999002179972984,0.03675267531387478,0.07398830530426831,0.37727911677107395,0.0965487552806541,0.0705684969240507,0.5359040693993607,0.1845259402791571,1.3739748847468924,0.3928319693080378,0.1822697057451349,1.6332479125074661,0.30723185396520003,0.17714188451246266,1.488342754727627,0.2199863926513357,0.30873898620516627,1.3472103972483382,0.3801110927774743,0.5397114408377656,1.3210725143672442,0.3352174868572594,0.7519186686587289,1.2847374841708803,0.30058072013981674,0.8002154844879616,1.1735504669928083,0.26106558370280186,0.8178392144467597,1.1695185099541752,0.278034804826106,0.7836313086253852,1.1876663766129782,0.27528209275014476,0.027170032256540036,1.350582193339625,0.4003130435886829,-0.20759546825361974,1.3169191002668066,0.361280495049578,-0.4011385740964334,1.3216172748047277,0.2895778908262438,-0.4353594353500014,1.2222062007351635,0.2622181951666006,-0.4649481632740601,1.2389588257125161,0.24317596945950884,-0.42661431731080923,1.2467553849865225,0.275558280090462,2.610169491525424
0.25082474323053816,0.904621396384021,0.3676740220432385,0.26531945292876297,0.48262819191505874,0.44461244128825045,0.27293161030318985,0.11733006340436683,0.5109062537682492,0.2604096587372563,0.07942510748064688,0.3314792626223239,0.3118915558572183,0.08837491826071354,0.35630414057612736,0.25614148832996475,0.041034165392345175,0.5929445274987025,0.07822266714788151,0.897095217295348,0.38674785220260677,0.0712618256319489,0.45293524448271794,0.4856790077717478,0.08159684271594464,0.10438151943202642,0.5134578540192267,0.08863796869985868,0.09329704783626054,0.3099922506473623,0.03571307667142638,0.07264558554168755,0.3803042885134151,0.09653064158252661,0.07042241317178853,0.5358095350165335,0.18364569104537812,1.375477273222721,0.39247627479336944,0.18112809479527636,1.6333911281411444,0.3079498036496595,0.17709984384391586,1.4897107267811835,0.22267308410209463,0.30879190926471234,1.3486202999086887,0.38011022251366605,0.5414891427599366,1.3359831532917956,0.33410439789498847,0.7547435072618842,1.3062774757092945,0.3007520284072103,0.8053882398535879,1.196346913739086,0.26475011899496,0.8204065400221454,1.1936714587286914,0.27799552440320896,0.7871754389537664,1.2080748665705403,0.28290105517702263,0.026991672600826057,1.3541242176290396,0.3997194807931001,-0.20756779016466848,1.3278508644936957,0.3624229763221152,-0.40013939216957517,1.3386237411050281,0.2896145821002105,-0.4348431742118607,1.24246085267152,0.26238175972002886,-0.465141866117055,1.2592576095024792,0.24428136083593682,-0.4262669566301234,1.26518217971926,0.2743916072085055,2.6271186440677967
0.25054818776398746,0.9035116819412119,0.3691401942435957,0.26532115442356546,0.4826495287735463,0.4446042081483484,0.27284630375005997,0.11771528249224039,0.5105928801519478,0.26086862182321285,0.07846867649374314,0.3329824890308573,0.31195385381259644,0.08850108572129357,0.3565691035449341,0.25581693986787596,0.04020847984186102,0.5939096437834775,0.07839596502240645,0.8968027190055111,0.3873642543578078,0.0713045606210925,0.45262807279777334,0.4858317953385258,0.0816817011879407,0.10403520958121393,0.5134599206304928,0.08861619685841637,0.09325053230503663,0.31000180090980356,0.034601982349018574,0.0713309199358581,0.3835511427633555,0.09651725007709297,0.07019949128848503,0.5359310543043063,0.18291242887321918,1.376934579836567,0.3921381777508592,0.18009785802350148,1.633650326244219,0.3081517457682382,0.1770602299398331,1.4908156153306855,0.22492399518064887,0.3088505096382034,1.3503269249117544,0.38016697532433036,0.5417669176817571,1.3505761126549376,0.3338112129033473,0.7568130057293654,1.3273862372566303,0.30275451076595633,0.8102828882758797,1.2195244623261303,0.26668526342066384,0.8220649249763097,1.2174978679051256,0.276550233076664,0.7898790749907688,1.2281570865398788,0.28924491150907616,0.026498301683799456,1.357504565038012,0.3985080877587102,-0.20641659090169828,1.3409253152260823,0.3623797102568111,-0.39853712682324394,1.356468220980557,0.289565217616115,-0.43400886628830054,1.2623919019356746,0.2630446153489493,-0.4655937870264829,1.2800099166358687,0.24658377043224783,-0.4264473674875944,1.2838065846098572,0.27344460083749966,2.6440677966101696
0.2503055254024978,0.9024017980448499,0.3704451391879141,0.26532784856599756,0.4826256606687279,0.44459825255499524,0.2727744960887551,0.1178348227902697,0.5103732607254763,0.26125922268974994,0.07775033123235958,0.3340548165260429,0.31201157136601476,0.08858820389617274,0.35678363279219294,0.25546290438309843,0.03926944812068378,0.595071026299799,0.07858897412699278,0.8964626424148853,0.3880570893767989,0.07133307310162101,0.45240155070606475,0.48596446786948183,0.08178255632201295,0.10361842576256512,0.5134671332772912,0.08859293678997923,0.0932197592648464,0.3100209622048212,0.03357230637409933,0.0702814482570473,0.3865836920005107,0.09654589893210477,0.06991664831287862,0.5362379472052479,0.18242588242021482,1.3782843658645538,0.3918880161505591,0.1793833459191317,1.633945686368548,0.3081632248314983,0.17701656138033178,1.4916187454376664,0.2262817007995843,0.30889650216220677,1.3522145664506076,0.3802340021867606,0.5405644228403355,1.3635280156704195,0.3351623254858551,0.7574867711839126,1.3480098225625587,0.30608016709567226,0.8144827165737225,1.2434921121983527,0.2670882878747686,0.8231783872495791,1.241358291042023,0.27390509024039994,0.7916060954846109,1.2483728535325112,0.29420864527466295,0.025826551047898036,1.360483949864936,0.39659362966420264,-0.20470530285935698,1.3548980268106314,0.3612261452289981,-0.39689009156249777,1.3749619627923313,0.2895748580302934,-0.4332215036753998,1.2821485391725358,0.26396320481995394,-0.4664062895903436,1.3008562773232528,0.2498227285527631,-0.42730824609263623,1.3023749801436042,0.27307088069183943,2.6610169491525424
0.25016600344963563,0.9014238945686363,0.3713107092736263,0.2653444140612847,0.48252092430768867,0.4445999073232486,0.27272416864185195,0.1177693920470613,0.5102465254931893,0.2614221499613969,0.07756860054143348,0.3344249024831158,0.3120606190300011,0.08862038001768428,0.35689253713051294,0.2550793841427102,0.03822509915540618,0.5963876930041364,0.07875866581844006,0.896063315503197,0.3886701189848859,0.07134128263232514,0.4522807036976044,0.4860616785042411,0.08189824777451248,0.10314241589167789,0.5134786573853146,0.08857118544396841,0.09321171171270007,0.31005467446745516,0.03276602905521206,0.06968545584854108,0.38897672497605795,0.09663563346607441,0.06964509570871255,0.5366057087989745,0.18221513827633712,1.3794468888898275,0.39174281210418394,0.17918726349289954,1.6340752198967718,0.30812968370349236,0.17710045391676613,1.4920528341358468,0.22639197159860802,0.30893155958341234,1.3541919005945318,0.3802894520463238,0.5384308097263106,1.3738329526017552,0.3391703863689674,0.7565075687892203,1.368423153473918,0.31037326537370663,0.8178914176360024,1.2684141659174737,0.2662331305693851,0.8239298546806142,1.2658323295420448,0.27027786484106914,0.7925907311698817,1.2687990483135163,0.29846176736734853,0.025075154628843913,1.3629656145708777,0.3942040211274358,-0.20306523174095686,1.3683434444005653,0.35906743648415773,-0.3957338464498097,1.3933334788133447,0.28959319154126384,-0.4327578842995925,1.3013321769306043,0.2649355603983952,-0.46736786414060427,1.320680415647477,0.25365803994814257,-0.42894723705125337,1.3205330615739768,0.27339305118032237,2.6779661016949152
0.2501780581970142,0.9006803464315081,0.37154642627768675,0.2653685502301005,0.48229475223038437,0.44463138246923606,0.27270529401560883,0.11764572037285134,0.5102166259787579,0.2613142167906523,0.07806557305882718,0.3340331884294338,0.3120875568586354,0.08858546493085252,0.35686732713891595,0.2546912429632005,0.037031810202112735,0.5978403440720899,0.07889036222151917,0.8956390639087604,0.38911666858278854,0.07132948480642749,0.45225753546943825,0.4861223493811816,0.08201502978971464,0.10266961981302661,0.5134903298311926,0.08855462641304228,0.093226736299686,0.3101039555262897,0.03229707537516151,0.06958007363197788,0.3903685403859722,0.09677582605915216,0.06946211362905058,0.5368966055560572,0.18220404411067503,1.380286833649176,0.39167367337936043,0.17960177282486595,1.6339340557592938,0.30799312103005694,0.1774278358902841,1.4921391501727308,0.2253118205148369,0.30897448300515656,1.3562419595216562,0.3803369160861233,0.5361741789697471,1.3814315419778516,0.3459684134977604,0.7541517179482797,1.3888091156989935,0.31495501835026585,0.8205813661443261,1.2935471585283635,0.2643936721920832,0.8244731532063514,1.2906301598563035,0.2664939830723918,0.7932031825256878,1.2892640055769742,0.30232800461630577,0.02434929447792091,1.365041640708687,0.3917700953125865,-0.20183034405850941,1.379961328274386,0.35589163174317107,-0.39518918722885055,1.4110149050946004,0.2894596902796444,-0.43267592869604343,1.3194866947494888,0.2656054901386768,-0.46844004061791167,1.3387261835321311,0.2578218094483832,-0.4309955535721568,1.338433111465126,0.2743818590948943,2.694915254237288
0.2503429356694416,0.9001958499021612,0.3711484259507013,0.2653800137883087,0.4819679220982609,0.4446843037883112,0.27272766697844264,0.11755057345055754,0.5102837761153787,0.2609777490180443,0.07916340906433902,0.33297296585645264,0.31205768348728924,0.08849007023747824,0.35671467633175374,0.25433269029621625,0.03570109070179354,0.5994222127782518,0.07896822296711958,0.8952785652231775,0.3893146730485254,0.07130722193856485,0.45227570715210613,0.486161411846958,0.0821033856940711,0.10230885715878744,0.5134972412377962,0.08854782143731552,0.09325705061247162,0.31016528500632873,0.03219302056858303,0.06976089651153441,0.390666539813859,0.0969517396559254,0.0693897263989802,0.5370709784413878,0.1822687880018642,1.3806645212272328,0.3916684471771016,0.18052398417777535,1.633572816365005,0.3076971304362551,0.17800455534173226,1.4919957356400373,0.223456226231233,0.30902280532651166,1.3583776400019711,0.3803713871837823,0.5343160785927399,1.3874053597905525,0.3540346604103593,0.7508940015435481,1.4087914375825215,0.3182364937512661,0.8225176206297126,1.317524891621842,0.2620018460941415,0.8249491644414451,1.3146120839340272,0.2635770479269406,0.7936208784507908,1.3096114566674575,0.3051811607303597,0.02376939834461097,1.3668289250318757,0.389760337532232,-0.20104974820606564,1.3888342504711393,0.35212189444942354,-0.3948443481228457,1.4279087305782596,0.2891378116934661,-0.432922150369362,1.336534006618556,0.2657665320051316,-0.46971920106179654,1.3552463342057883,0.26218079755197904,-0.432623441441096,1.356624580658006,0.2758980885650342,2.711864406779661
0.25061879646586244,0.8999236776045656,0.370281015987814,0.26534817259491295,0.481643762332119,0.44467200454231426,0.27279637676077584,0.1175157038723532,0.5104449551683753,0.2605139038536508,0.08051843298075227,0.3315130062898143,0.31192741401326207,0.08837573159349145,0.3564767538081496,0.2540234870305506,0.034333144766752886,0.6011256697183853,0.07895050854701594,0.8950632499839488,0.3891177654181856,0.071286826486438,0.4522706157718112,0.48619636316923154,0.0821356804049208,0.10214254176541882,0.5134968389852242,0.08855327494207649,0.09329245586531201,0.31023354664843783,0.032341860926007104,0.06985971254141687,0.39021982015587253,0.09714716364200843,0.069400865018166,0.5371789782913278,0.1823340421335485,1.3805609738042128,0.3917362236467208,0.1816787440943618,1.6330347253673758,0.3072926075935265,0.17875938514700002,1.4917516259850756,0.22120796232630702,0.3089951446970898,1.3605566601917116,0.3803613502939276,0.5328328827601723,1.3933197169238116,0.36097205799804283,0.7470897567993228,1.4276592686896736,0.31873415087660045,0.8235750109266182,1.3391420225772515,0.2596558096158159,0.8253726328504263,1.3366774619586872,0.26202459311487397,0.7939289082765641,1.329405486523524,0.30631581098865773,0.02343580772892126,1.3683609761124598,0.3885777828252995,-0.2006787827366293,1.3947971884761927,0.3489707543596747,-0.394113163377468,1.4438907664910634,0.28879836865109326,-0.4334463267166422,1.352480753539802,0.26572188910061617,-0.4709790336244706,1.3707564964769492,0.26669165426672137,-0.4331750018787477,1.3750831394330862,0.2777387186993475,2.7288135593220337
0.2509510287929059,0.8997859572925604,0.369153273910415,0.2652678924570937,0.48142336172902866,0.4445020628525628,0.2729061889334393,0.11751600875817989,0.5107023296699427,0.260057644638424,0.08162943671716322,0.3300711385007848,0.31172437787220175,0.08829755330913851,0.3562151499236705,0.25376602610769416,0.033015050832984415,0.602939598593975,0.0787983258202384,0.8950204433496096,0.38840675010694214,0.07127696510518787,0.45220397096689835,0.4862357809286911,0.08211189456711386,0.10217568396007842,0.5134895437861462,0.08856863107503396,0.09332336156917496,0.3103011344479157,0.03255738378248507,0.06960756102192651,0.389597665636191,0.09735123258998288,0.06945844273102239,0.5372831089414211,0.18239002214400252,1.380104900730365,0.39187051586913724,0.18277855876630245,1.6322666906219938,0.3068866303684073,0.17960335406372208,1.4915054076341794,0.21875277930444917,0.3087531414890928,1.3626707196178205,0.3802697704196089,0.5314086582550681,1.4002221615219443,0.3651656554491399,0.742955255511798,1.4448798641072669,0.3166593373821401,0.8236990240032965,1.3578574649788155,0.2579276289352815,0.8256192959533319,1.3563717732896334,0.26184409929061486,0.7943189661622587,1.3477039374969038,0.305897392260109,0.023424056722288603,1.3696931125896215,0.3885436210957674,-0.20057417285853,1.398555421136073,0.34759044220825036,-0.3926917280025832,1.4584188839262,0.28869439637740507,-0.43420565868995464,1.3669794678161402,0.26602913692435204,-0.4716822865258589,1.3850863522229147,0.27136850434408183,-0.4326798508708342,1.392893399692135,0.27948345910046846,2.7457627118644066
0.2512876281571906,0.8997095150685472,0.3679515466250016,0.26517950978418947,0.4813183328408207,0.44419659326470295,0.27304301689761196,0.11747856689513902,0.5110668360980302,0.2597127948442674,0.08207645258898666,0.329004181330541,0.31163576441000684,0.08827904460654752,0.35600594106289907,0.25355605439652634,0.03175920146441904,0.6048431443999465,0.07852270578143535,0.8951482628119749,0.38724481332033484,0.07128257010279725,0.4520530461381151,0.4862816751748386,0.08205953514262233,0.10235291062885318,0.5134772025717221,0.08858721418986115,0.0933375242662069,0.31035433541264845,0.03271759480382787,0.06901004477172451,0.3891464087820849,0.09759715839843104,0.06953605385281147,0.5374014832074312,0.1824498324475617,1.3794387512454747,0.3920476063254693,0.18364079470128827,1.6312422583261172,0.3065658110267446,0.18043258393146272,1.4912952503400125,0.21629170561814545,0.30821390796033804,1.3646290585665595,0.38009211718304553,0.5298088917741581,1.408066458695769,0.366533401389555,0.7386030393630932,1.4600698976051163,0.31383626732895165,0.8229583583269033,1.3739788732546754,0.2571584787383995,0.825497943542299,1.373885202015803,0.26288933948350907,0.7949732371266156,1.3636689258933112,0.3044846481820558,0.02374648486926329,1.3709126724154865,0.3897225640768517,-0.2003731793940991,1.4012705290566825,0.34794528887208787,-0.3906697972381896,1.4708542644724572,0.28897721287989864,-0.43517570586298665,1.3795788074064868,0.26689328014109875,-0.4715144752154712,1.3978006678028223,0.27625924673220603,-0.43162576828269766,1.409251428089342,0.2806856196629602,2.76271186440678
0.2515749390030634,0.899652932105973,0.3668602608853728,0.26513686695803806,0.48127702685606005,0.44386650322717325,0.27319537153766005,0.11732713648370043,0.5115534758827641,0.25953648326968126,0.0817363934232751,0.3284166092467716,0.311905576583604,0.08830233346783857,0.3559353419276716,0.2533914542353714,0.03054526320442738,0.6068017407517973,0.07818360050217121,0.8954465550625691,0.3858661933967205,0.07130590502663775,0.45180471502685154,0.48633420610877387,0.08201032971672814,0.10257382156223009,0.5134621196173998,0.08860180871173406,0.09332196870023983,0.31037794538182667,0.03280262187432957,0.06824050510560764,0.3888823304034724,0.09795110855650102,0.06963328259454195,0.5374758469449187,0.18252216574270655,1.378637766924522,0.3922447465761171,0.18416694599469483,1.6300917394461176,0.3063745636707831,0.1810896568223257,1.4910435769149653,0.214312252879062,0.30741195671241855,1.3663611161188638,0.37986610622208394,0.5279632673731645,1.4160217702613427,0.36579399460725825,0.7340262086949849,1.4726982902976093,0.312030117017876,0.8216109619011354,1.388440549307418,0.2574789326334383,0.8249469284422944,1.3897095641820798,0.2649826111408092,0.7959559405881629,1.377251533714291,0.3023073526532991,0.02429636900260529,1.371967131204114,0.391730662600032,-0.1996457723483434,1.4039244020130575,0.3490000543482247,-0.3883555327976055,1.4811293863499424,0.28960416455134813,-0.4363081118313308,1.3903942874648505,0.26771707463342265,-0.4707475987962454,1.4092642659612864,0.28109396131932024,-0.4304451211165128,1.424194180185959,0.28142379260684974,2.7796610169491527
0.2517767051573017,0.8996238547294552,0.36601343908744083,0.26516930552885537,0.4812550908977802,0.4436000428044315,0.2733639230190895,0.11701766647630592,0.5121785944561045,0.25955905752615094,0.08085373121009835,0.3282124053469875,0.312604545249152,0.0883395031735338,0.3560495642966546,0.25327808173580246,0.029363584752756192,0.6087804577957738,0.07784233131147011,0.895915034914921,0.38449383968488127,0.07134327669979847,0.4514905188768887,0.4863869292371162,0.08198173188054704,0.10273434649586509,0.5134461625256037,0.08860845168991865,0.09327284672284734,0.31036923418439044,0.03283467607811956,0.06746591897931002,0.38871490609476994,0.09843507460602828,0.0697966195806959,0.537405719999934,0.1826057329857656,1.377759282162122,0.39244072274642194,0.184361924577788,1.6290437612542812,0.3063229552269032,0.18139052975782025,1.4905817673825683,0.2134996759182188,0.3064594879580286,1.3677274682889546,0.3796398223494778,0.5259005435894025,1.4233080579587647,0.3634423256408479,0.7291555004812404,1.4823570244348483,0.3117405749656941,0.8200993205829521,1.4022468262204022,0.25895555774918244,0.8243113037681438,1.404268649897933,0.26820296819749795,0.7973672376497478,1.388991427273083,0.2997020021075473,0.024896056399430787,1.3726260167277133,0.3939398031867599,-0.19822776434074635,1.406965019123096,0.3498520554295179,-0.38610997467272923,1.489891453354201,0.2903779476824807,-0.4375966968841979,1.4002374477603696,0.2674369214123009,-0.47004632014154846,1.4204947389360836,0.2849596446209348,-0.4293785685369842,1.4379948129350515,0.2821185912979743,2.796610169491525
0.2519034325954555,0.8996631512906601,0.3654034485934712,0.2652791847971416,0.4812380008215552,0.44342600589010894,0.2735595436932492,0.11654408867478694,0.512955232196691,0.2597520591181647,0.07983929426135955,0.3283034484742815,0.31359649549415386,0.08837637182935394,0.35631477708327614,0.2532306157785634,0.0282294165206254,0.6107427375370109,0.07753343159629882,0.8965343631117757,0.3832146740333376,0.07138164221432815,0.4512076376264994,0.4864202604863343,0.08197342622804962,0.10280211274885204,0.5134303378826911,0.08860661501032835,0.09320025959525674,0.31034377744764907,0.03283439518485383,0.06680390967052699,0.38860655671309985,0.09899396074067734,0.07010117806286874,0.537175547272011,0.18269052813706402,1.376897299801796,0.39260944822167476,0.18436180276340539,1.628250960422066,0.3063535429516273,0.1812504399502406,1.489788089039768,0.2142348879674818,0.3054907977681722,1.3685751449789145,0.37943136361535745,0.5237560290164155,1.4296271886859044,0.3597042719211937,0.7240257761879837,1.4894165178327634,0.31229998196293896,0.8189302920001111,1.4161312406863942,0.261552803146905,0.8243567307071377,1.4178183287361406,0.2730680084286517,0.7993983883748235,1.3994725414156919,0.29764288699430996,0.025406674064852343,1.3726904453964102,0.39586850987145483,-0.1962971968311117,1.410342972513007,0.3502558427862882,-0.3842786064728816,1.4978932303376575,0.2910498002170925,-0.43941241521337027,1.4100500659156656,0.26568658363301667,-0.46993628326968295,1.4319075685324751,0.28684491686538865,-0.4286085146869805,1.4503737147557425,0.28282835928563527,2.8135593220338984
0.2520032001619889,0.8997980786072663,0.3649068913843332,0.2654560836721872,0.4812279433852423,0.4433386919265423,0.27378899905069515,0.11595359845734499,0.513862655260289,0.2600228328967671,0.07902000244481126,0.32867629498652196,0.3146901246506992,0.08840980808702062,0.3566553401075303,0.25326105377742436,0.027208107606699006,0.6125910552441663,0.07728628585885829,0.8972440925779023,0.3820428399007027,0.07140393219557047,0.451064278842036,0.48641072990888146,0.08197642946346675,0.10281382039519574,0.5134159112253847,0.08859734211201675,0.0931223339927361,0.3103225939609782,0.03281568235142951,0.06632988944547683,0.38856594059325933,0.09953154573890718,0.07056510382884923,0.536922567142766,0.1827639845035493,1.3761905921420154,0.3927317249914831,0.1843057704240884,1.6277088506920827,0.3063158422638059,0.1807599014727041,1.4887075545517656,0.216250187536443,0.3046404797174854,1.3689276468275295,0.3792038407629112,0.521759662467573,1.4349230272551408,0.355220316023365,0.7189243911826939,1.495077244942313,0.3125761631084375,0.8186391440582278,1.4303729823367375,0.26497597738827977,0.8258279955707201,1.4304788268523823,0.28000608403721944,0.8020804030986342,1.4092460503178272,0.2971877628958898,0.025770337045378518,1.3722422412290405,0.39730217669921175,-0.19419723508304124,1.413774843547988,0.3503186320754066,-0.3831245617688833,1.5053538900793526,0.2914352341782428,-0.4424383662903271,1.420364528753786,0.2634081549846721,-0.4705125951769026,1.4429053726158922,0.2864063121658353,-0.42830456378955595,1.4606650039860012,0.28316294980108464,2.830508474576271
0.252118200477265,0.8999947461787489,0.36441074100279763,0.26568744959710094,0.48122476991808827,0.4433218976671963,0.27402971034757845,0.11536468064962385,0.5147877801467443,0.2602654613948544,0.07866031858131375,0.3292402427734041,0.3157251931727543,0.08843681839345342,0.3570003552859696,0.2533588260691898,0.026431642465029565,0.6141148031983098,0.07713055009600747,0.8979461894173079,0.38102917142310866,0.07140113588196224,0.4510960723240246,0.4863531471492422,0.08198352013232696,0.10281024975645743,0.5134048895785353,0.0885830569915888,0.09305518030105939,0.31031654032837314,0.03279371089107247,0.06605335150590089,0.38858549676863624,0.09995383559813396,0.07109553718900284,0.536827397097738,0.1828226948935566,1.37577255218143,0.39283125078046427,0.18422349518858794,1.6273509673731137,0.3060649152776398,0.1800990701921577,1.4875515202693013,0.2188767954184567,0.3040350650000715,1.3690111976723323,0.3788739999153875,0.5201374068902028,1.4390948889254958,0.3511437998128961,0.714364762752218,1.5005397295844927,0.3116258920160737,0.8196688462091621,1.444527761540481,0.2686769326533175,0.8289429472522454,1.4421255343743227,0.2887577981596931,0.8051449920376444,1.4189195456880048,0.29860696303860007,0.025999051790186967,1.3716646440847453,0.3982137052104454,-0.1922690853747247,1.4169895301340913,0.3501891911750982,-0.3826898877755075,1.5119896217724904,0.2914980657571863,-0.4469233527585078,1.4312415259566629,0.26218445280295344,-0.47162031430201334,1.4528126679657118,0.28386346430627096,-0.4285789391122425,1.4685453306498546,0.2826967666193164,2.847457627118644
0.2522446117186424,0.9001754442143665,0.3639280540436729,0.26596376799300536,0.4812129074991738,0.4433597817954465,0.2742186657104022,0.11491700502640642,0.5155182639234844,0.2603993413109046,0.07899317654418091,0.3297918700760855,0.3165593745110812,0.08845257281731828,0.35728876434777573,0.2534805454756659,0.026050168515155434,0.6150613034022053,0.07702787963548241,0.8985624218192021,0.38020234556565236,0.07137829163549399,0.4512515179640703,0.48626920706977567,0.08199102190364664,0.10280738320424794,0.513399058662814,0.08856852641135839,0.09300696330002409,0.31032406743164936,0.03278680936739583,0.06591860528357357,0.38862113727967734,0.10020501876374155,0.07153772171876563,0.5369887354556382,0.18288302893485076,1.375662375151859,0.39299513183390555,0.1840679867757003,1.6271661284782861,0.3055275050147124,0.1794078693814875,1.4865735489615415,0.22152285113391756,0.30375069842580393,1.3690383401836743,0.378432052885548,0.5190008264656418,1.4420179481315865,0.3483046683400548,0.7108513855252441,1.5061636736332256,0.30906346936088247,0.8220827543545839,1.4575562770041421,0.27191898685120364,0.8333653685647235,1.4523576650472314,0.29848070203355476,0.808263200887207,1.4289021179004653,0.3013844324671153,0.026158134388876327,1.371357713145426,0.398682931893545,-0.19074986891927898,1.4197425460775381,0.34999515094966926,-0.38268871302373597,1.5174784924381555,0.29132844891414306,-0.45228178509660627,1.4423703607800236,0.2631524287607029,-0.4731018438459935,1.4615789101278294,0.2796487581609456,-0.4294465779809976,1.4743784273916305,0.2812657472202344,2.864406779661017
0.25233206103061157,0.9002887530463018,0.3636076884603529,0.26627913269424547,0.4811715209094541,0.44344405233783746,0.2742919832854479,0.11466900845776992,0.5158663682717508,0.2603915193393689,0.08003611260013026,0.3301383535504979,0.31705893618864667,0.0884551699878884,0.35747275990766836,0.25356575708871987,0.026149382517467325,0.6152836920729163,0.07684625307452209,0.8990746416797049,0.37940780476339836,0.07134914539964834,0.4514473093676164,0.4861909672081969,0.08199687490788136,0.10280493815727985,0.5133992707448203,0.08855981357715231,0.09297891916901664,0.3103374846059877,0.032800225685812874,0.0658963908082476,0.3886420018572124,0.10028289422647951,0.07174653805814549,0.537422702421256,0.1829580067504575,1.3757268477594915,0.39327700707795227,0.1837746403188641,1.6271690192002655,0.30462322295439986,0.17876338414865567,1.485941003487861,0.22382927133354116,0.30372211690239714,1.3690497848384566,0.37812784579012076,0.5183134124592388,1.443695424779246,0.34670552944900473,0.7086045910979516,1.5115496999333715,0.30515589080455324,0.8254324429795352,1.4684596196345512,0.2737466138809263,0.8384991913000224,1.4607650970108432,0.30798171706303296,0.8113030420508927,1.4390211790993088,0.30481253355311577,0.02630462243073655,1.3714201905053574,0.39880654710695845,-0.18972315735089135,1.4217568919421533,0.34982047915668685,-0.382675763721552,1.5216452177078332,0.2910401925975955,-0.45754821148752833,1.4530202433015011,0.2662920005653584,-0.47479267184525664,1.4694840604677144,0.27455541434431163,-0.4308092672503618,1.4788273909439018,0.2791097294684521,2.8813559322033897
0.2523272675607351,0.9003167011068345,0.36361360368019086,0.26662885229171546,0.4811128541832953,0.443580822051487,0.2742401544016349,0.11457962907577987,0.5158109701147366,0.2602499406427232,0.08150442927263547,0.33014446979867734,0.3171498153857501,0.0884458302243701,0.35753159362345577,0.2535768519532731,0.02670006720558275,0.6148591938457751,0.07649306732111279,0.8994892595892805,0.3783921195087114,0.07132903860336295,0.451602498587291,0.48614201737472024,0.08200021563963672,0.10279846717800001,0.5134059724824797,0.08856049501038168,0.09296823027955418,0.3103484059937144,0.03281445224703461,0.06605210259909744,0.38867002466597045,0.10021785462340911,0.07163370644606179,0.5381084161858388,0.18299470809204751,1.3758152813120978,0.3935079623033171,0.18331176478108233,1.6273022060789406,0.3032882108465159,0.1782284985719101,1.4857335795126092,0.22554020003544636,0.30372572352691474,1.3689862233586847,0.37840884716974243,0.5179667703720574,1.4443922138249625,0.34596955704707066,0.7074679701379177,1.5162301491644472,0.30067740109673746,0.8288990872406035,1.4767108434262397,0.2731876064944484,0.843647163274772,1.467219024583766,0.3157671136795387,0.8142413548180119,1.4484753347944777,0.3082841202363939,0.02641139987946338,1.3716218114032974,0.3987099011812678,-0.18916729057588338,1.4227969589562153,0.34970097984937853,-0.38240300954434925,1.5243383750161972,0.29071691618984824,-0.4620257360815403,1.4621793673071828,0.2705717942299617,-0.47644847379706873,1.4766113024501344,0.2698129355764991,-0.43251290933550435,1.4822442296272684,0.2768106949620829,2.8983050847457625
0.25221066911916407,0.9002324879952657,0.36401438707670075,0.2670052059133212,0.4811090146764255,0.443780512936406,0.2741088056009262,0.1145759084053173,0.5155053257494474,0.26000692663250946,0.0829243610257566,0.3298448555069469,0.31691553513060583,0.0884250488901336,0.3574848694406627,0.25352511979524023,0.027533798760802683,0.6141259782877428,0.07603583542921802,0.8998051726645051,0.3771360653488386,0.07133180594578484,0.4516348749009195,0.4861374788121713,0.08200105387446409,0.10278627028062678,0.5134191989154561,0.08856895676422394,0.09296746944566743,0.3103495896305876,0.032802677659485996,0.06646046743394102,0.38874577587968506,0.10004411185407908,0.07119771523519385,0.5390064559748392,0.18287031557751104,1.3758964622602,0.393312437062724,0.18271922524480588,1.6274463560331895,0.3016012825908628,0.1778646589213841,1.4859794564228392,0.226451860342974,0.3035381938182168,1.368802742431407,0.3795692260102205,0.5178595749875092,1.4445790601414124,0.34580455458176623,0.7070529778168718,1.5199313948447237,0.2965520614071199,0.8317025769981017,1.4822085515932644,0.26999798639552414,0.848050106252614,1.4719038830852533,0.32051006104463164,0.8169180418626181,1.456202133041581,0.3113324971951292,0.026365597666980406,1.3716372792795655,0.3986043628430404,-0.1890427509265897,1.4227470878929551,0.34969538961782926,-0.38193408407383966,1.5254472895483402,0.2904415531341346,-0.4655498495575462,1.469083449458662,0.27483631301205386,-0.477820385191318,1.4827279349121794,0.26659970682852946,-0.4345138483847848,1.484554312887749,0.2749892133132642,2.915254237288136
0.25199118063751935,0.9000094414383806,0.364791529624031,0.26739009528302404,0.4812540115260014,0.44402485069517517,0.2739610853824703,0.11458664911892033,0.5151805678135293,0.2597444849995757,0.08378689376689576,0.3296487366425569,0.3166054106985335,0.08839291895088199,0.35739415979280265,0.25344872188493034,0.028379778060329333,0.6135134355893926,0.07564143413484697,0.9000212145265982,0.375940408664458,0.0713641253760989,0.45148683051272964,0.4861862743384143,0.08199937993905673,0.10277107856575957,0.513436319337908,0.088580243557584,0.09296477214268012,0.310335284014355,0.03275233608405069,0.06709870441323758,0.3888830134862519,0.09978125539390016,0.07052007498646333,0.5400616234600772,0.18249129890925653,1.3760222255816408,0.3924087567183129,0.18209758864903008,1.6275163255798966,0.2997825733622979,0.17768899635310054,1.486605140097962,0.2265594436946107,0.3030981889677082,1.3684989826036655,0.38154998896869335,0.5178901296844031,1.4446312013091374,0.3459644949552249,0.7070337653464128,1.5223587186786847,0.2934314215209164,0.8336014249497014,1.4851484555530743,0.2653517430156534,0.8510458308718251,1.4751200019345587,0.32165561746922167,0.8190279907344273,1.4614165427994663,0.31369372583223476,0.026022507222007052,1.3712833906700734,0.3986600939258037,-0.18929595571005658,1.4216159200865137,0.3499065139425746,-0.381462689296469,1.5250795586256154,0.29030057642420903,-0.46821274638948696,1.4736351052605512,0.2782476294345626,-0.478803405672885,1.4875223358891996,0.26537396948726655,-0.437019607576416,1.4856405376939503,0.27420325659811245,2.9322033898305087
0.25168405179966397,0.8996556775728596,0.3659003719700632,0.26774763697051396,0.48157006878764025,0.44424315218730687,0.27384586626646945,0.11457290305119303,0.5150070796651911,0.2596060618679814,0.08380923262089235,0.3301392295218162,0.3164393826629384,0.08835449662571586,0.35733193614078085,0.25337498797848956,0.029017593301084145,0.6132326368054422,0.07543666041595067,0.9001430622154523,0.3751298025753656,0.07142099181184561,0.45116962601470684,0.4862771128115709,0.08199468072923982,0.10275692771361168,0.5134514418183631,0.0885904508054797,0.092952057360114,0.3103032694637508,0.03266711603548422,0.06786245352249246,0.3890677309348416,0.09941978032183207,0.06973434768426844,0.541208155209665,0.18186758758769456,1.3762268616040625,0.39081193430390276,0.1815702528084182,1.627515197115599,0.29809600359870403,0.17764047495102608,1.487387144398529,0.22617849333314172,0.30248507642759703,1.3681102357515347,0.3840576851142904,0.5179657859195144,1.4446101106494034,0.3462243416480197,0.7072612793387857,1.5232464669988544,0.29163957299135135,0.8348807579814894,1.486034513163092,0.2612923148714121,0.8523765706706821,1.4771104646176587,0.3196296413987843,0.8203678065277102,1.4640070152610365,0.31513005596110066,0.025275465229909158,1.3706002783425886,0.3988830074861479,-0.18984713724421592,1.4195675680469815,0.35034615316433154,-0.3811469960246411,1.5235410333161024,0.2903359297915006,-0.46991199364407626,1.47623479844219,0.2799176143307154,-0.47947225209766603,1.4908609417562018,0.2655954306571622,-0.4403660596579527,1.4856349991473148,0.275070558564534,2.949152542372881
0.25129963345522016,0.899206512992548,0.3673060260370541,0.26803792048216313,0.4819607861471369,0.4443543524564254,0.2737764618192136,0.1145619996885229,0.5150003548567128,0.25974307177596134,0.08318279218333223,0.33140316575270323,0.31643490327323165,0.0883221395595968,0.35733531113093103,0.25331242334043047,0.029407286908083585,0.6131950093210694,0.07542316079585318,0.900176145494526,0.3748190790291725,0.07149465675774483,0.4507611855625763,0.4863655495022963,0.08198636291233911,0.10274512287704202,0.5134595049684306,0.08859858956414696,0.09293485121369222,0.3102571368104768,0.03256162733181445,0.0686358194419986,0.38927554703017414,0.09892972116086587,0.06895890187578446,0.5423905996808017,0.18108679918945297,1.376498118871173,0.3887537404504297,0.18121802562242778,1.627528850804235,0.2967544226984223,0.17762629077003084,1.4880423103437725,0.22575667964438134,0.3018082343393865,1.36769087104194,0.38673828412511246,0.5180510447004774,1.4443965485304708,0.3465404272805156,0.7075188544946124,1.522680588225612,0.2914745290534577,0.8357533245232578,1.4856937390577494,0.25910554250427903,0.8523750237795737,1.478064097386617,0.3159501029963465,0.8210286446909927,1.4645293860755857,0.3152382384157706,0.02412448410657255,1.3697720576846344,0.3991870876477567,-0.19069271463829246,1.4169324375193026,0.35090772758858846,-0.38107004567666963,1.5210303036446702,0.2905355593291863,-0.47047902574349953,1.4772481596968845,0.2790421341605245,-0.47994451609901384,1.4927505963690546,0.2661753394776953,-0.4447034746403617,1.484842658212613,0.2780976079492184,2.9661016949152543
0.25084297518719106,0.8986897889748362,0.3689915981705971,0.268255671705072,0.4822918540958464,0.4443742802906306,0.273732459787299,0.11458531923526534,0.5150780971415007,0.26024405376068827,0.08243096288875061,0.3327243387312941,0.31649441910151954,0.08830989529668913,0.3573979612502307,0.25326418860814404,0.02963088987665249,0.6132365763893519,0.0755125432997409,0.900094702127929,0.3749689384023229,0.07158714253107781,0.4503570270245482,0.48637727388802765,0.08197464316861804,0.10273429538518788,0.5134599309239877,0.08860436940355235,0.09292848356141382,0.3102055052100704,0.03245477214643717,0.06932507448929165,0.3894828803470036,0.09828853640333422,0.06822063409163649,0.543598367302553,0.18026143688075214,1.3767940700427805,0.3865365373454111,0.18099321388077755,1.6276665240084887,0.29582871200911054,0.1776013981932167,1.488392591702035,0.22554142050859616,0.30115837695269737,1.3673012941851186,0.38923966301545143,0.518137124304486,1.4439595654765351,0.3469577818936211,0.7074490024117401,1.521080678883776,0.29295590452576403,0.8360683841269752,1.4850450590660873,0.2585306801857402,0.8517446688286137,1.4781401612651934,0.31270432694853223,0.821287957962759,1.4638061754165832,0.31380640997896503,0.022690889201603275,1.3689706455821775,0.3994944921133465,-0.19195773640161573,1.414062191483313,0.35156775267158336,-0.38124556677440957,1.5175167367897155,0.2908591767074945,-0.4701612870090774,1.4767543921873243,0.2757080984082364,-0.4802352802636105,1.4931289049688006,0.26641168392278275,-0.44985209911623636,1.483552464732393,0.2833680185744896,2.983050847457627
0.2503173427850221,0.8981022495360421,0.37094945228129533,0.2684428369604879,0.482492411323967,0.4444508320049619,0.2736847583739166,0.11459786473879358,0.5151736147816964,0.2610710121083772,0.0820685995689299,0.3331697435553819,0.3165579209619366,0.08832453723891072,0.3574981770609472,0.2532334039892866,0.02974459114780331,0.6133285449723077,0.07562938597929997,0.8998482936801928,0.37550142682164955,0.07170494457798614,0.4500160916323966,0.48624522503880696,0.08196082579234659,0.102722779449029,0.5134556901289611,0.08860617653710523,0.09294287789201762,0.31015812332024095,0.03236220917283614,0.06986218269018732,0.3896671377258072,0.09748520739519244,0.06745589062975307,0.5448854414500748,0.17950550291320044,1.3770542788063806,0.3844737779361543,0.1807354051779652,1.6279697154184805,0.2952495814355604,0.17757345425511561,1.4884381910086084,0.22551678369251793,0.300620125048052,1.3669998594382864,0.3912105410279797,0.5181778778325502,1.4434308189323506,0.3472792552607936,0.7068765161371786,1.5188715279587144,0.2951861415113516,0.8356589856962651,1.4846762896983505,0.2586478568556999,0.8510872192116816,1.4775013613659498,0.31096589432513017,0.8213220675575978,1.4624889736630777,0.3111626441854095,0.021177740089659496,1.3682272430778077,0.3997631875626614,-0.1937302788776609,1.4112044865973774,0.35246046306344864,-0.3816113044817159,1.5130401854879534,0.2912439057801283,-0.46941166671121776,1.47482548207395,0.27090334375630515,-0.4803003162573359,1.4919627211337803,0.26638352364005174,-0.45539819753965205,1.4820029909792265,0.2904776160490403,3.0
0.2497327879284611,0.8974070523893956,0.37314433641625366,0.26865192112711556,0.4825558191589953,0.44474548643806017,0.27361813290164383,0.11450304320657954,0.5152610226019061,0.2620574439109898,0.08246007781739947,0.3324018211160647,0.3166164121289026,0.08836119273154668,0.357612225919657,0.25320211125971404,0.029738325076367225,0.6135617334013902,0.07573380798448603,0.8994374525437183,0.3763248333639272,0.07183696770161847,0.44974696088351407,0.48598560007694863,0.08194646719106545,0.10270990738844603,0.5134502889970347,0.08860246612291688,0.09297466320826557,0.3101210204473919,0.032295678089075866,0.0701968302590691,0.3897982582910652,0.09652239342305194,0.06659195964021289,0.5463230050151361,0.17892789374156703,1.377207783244602,0.3828766810722144,0.18031622449224516,1.6283914600290919,0.29500429610650025,0.1775523406083907,1.4883120656104447,0.2255738200318746,0.3002738040454343,1.366826629292734,0.3923690822484219,0.5181265897353705,1.4429695946236725,0.34705055067095425,0.7059600660684187,1.5163472809087344,0.2966838518304391,0.8345344941760608,1.4847194213485955,0.2587399532735212,0.850646685276151,1.476437878835915,0.3101039972709886,0.8211208084539877,1.46092808763845,0.3078313197726251,0.01981946918742824,1.3674445860334228,0.39997183673793957,-0.19589473860203604,1.40857165463558,0.35372621779128827,-0.3820198114256818,1.5079575058773762,0.29158272705367316,-0.46825982002415956,1.471883581195517,0.26578498526526895,-0.48017815972128924,1.4895295549239547,0.2664181583103334,-0.4608743514437298,1.4804153533628894,0.29853708080175173,3.016949152542373
0.2491214621166924,0.896577920230303,0.3754462438850162,0.26891476126713915,0.4825018462127456,0.4453174782581215,0.27353745303038807,0.11423478065760026,0.5153249916833826,0.2630021906367159,0.08369413902804904,0.33068776574217923,0.3166702313381744,0.08840964000309114,0.35771358789536517,0.2531163008370661,0.029612808299298313,0.6139628461834277,0.07578487367310938,0.8989217928983637,0.37735188623099586,0.0719437083208841,0.4495357542867969,0.48571803225106763,0.08193246420866669,0.10269692953461651,0.5134456925504427,0.0885937978373775,0.09301279783571174,0.31009475734808367,0.03226566871816009,0.07028336199407817,0.38984343446682646,0.09545906028277222,0.06563757923576913,0.547883177944755,0.17860818471459633,1.3772167197360214,0.38198620320235616,0.17972159065905685,1.6288594066674065,0.29528858344448183,0.17753024507509757,1.4881682969513288,0.22563583852749333,0.3001567972448431,1.3667728097698435,0.39271195730821634,0.5180135284303236,1.442580009789404,0.3459352545090933,0.7049812415016378,1.513715319366117,0.29643833177860524,0.832675580192927,1.485137950291886,0.2580015049296927,0.850449842355003,1.4753868507988994,0.30895187924458506,0.8207127234753773,1.4593161628171514,0.3041867972123437,0.01882164997093627,1.3665689710944744,0.4000970328627141,-0.19814188139749872,1.4063779113728527,0.3552630444039968,-0.3823093934592404,1.5028122572884839,0.29170332721083414,-0.4664157456506962,1.4686041148277176,0.26118532751069784,-0.4800017378389015,1.4863863824879235,0.2665757763930556,-0.46591296231197754,1.4789679948634857,0.3060472089531501,3.0338983050847457
0.24854215460447088,0.8956818390193972,0.3776096954556585,0.2692485498414086,0.48234628962392934,0.4461408004933546,0.27345817115849846,0.11382537176311283,0.5153534715679452,0.2637167551282186,0.08543831143099007,0.3283734529113538,0.31671614667110576,0.0884643733959348,0.3577874254594208,0.25293900746735043,0.029428376019513824,0.6143712631646275,0.07574626156463542,0.8983294119080677,0.37852758621069316,0.07197702146463114,0.44936711896570397,0.4855823666180895,0.08191896021853866,0.10268770169753728,0.5134416160404006,0.0885822741234369,0.093047040961752,0.31007748709197325,0.03227710750944362,0.07009996834932809,0.3897911640681729,0.09442520794966933,0.06469796750040824,0.5493982329988393,0.17853973833769288,1.377152256984338,0.3818106941677809,0.1790288322170908,1.629327283935107,0.29629960170826475,0.17749942597695303,1.4880798666634631,0.22568068881637576,0.3002303372137012,1.3667676499171724,0.39263850360875935,0.5178958726162716,1.4420499281549597,0.34395020747306404,0.7041223872053342,1.511055902725869,0.2942824774059794,0.8300965385627559,1.4859342853644733,0.2553477816210009,0.8506425922185583,1.474731026479053,0.3068073428253327,0.8203821467368508,1.457844430866892,0.3006988565260457,0.018287097385010283,1.3656824178072884,0.400130869868598,-0.2000771582795737,1.4047436724825135,0.35651932974720674,-0.3824681080160623,1.4980677360276333,0.2914736519643185,-0.46398565186858876,1.4655395398877689,0.2574105486091327,-0.47994980026096257,1.4831565828639026,0.26667217577159924,-0.4702431294390833,1.477781751507381,0.31109023268322505,3.0508474576271185
0.24805207233134782,0.8948818248533703,0.37939286153486207,0.2696593863499249,0.4820778811101083,0.44716930397390486,0.273393751142131,0.11341188068784852,0.5153496349698594,0.26401363500346997,0.08707333356719898,0.32583077405189637,0.31675127131261427,0.08852468234227087,0.3578407108735895,0.252711901354558,0.02926699289684897,0.6145412964609566,0.07561642794889627,0.8976209482289514,0.37983752436741774,0.07190779544872762,0.44923529947535273,0.4856774315573378,0.08190558041570412,0.1026874336618883,0.5134357371150509,0.08856970083490723,0.0930714160636073,0.31006792962069224,0.03232407076150007,0.06967942995472219,0.38965813250978415,0.09354096024591958,0.0638959272248115,0.5506693700958846,0.1786045969749564,1.3771899832403824,0.38204338827526174,0.17837528927989263,1.6297698315567848,0.29788666326566604,0.17747147396163607,1.4880371657943463,0.22571641793906244,0.30039562524230373,1.366735162910039,0.3926300017681149,0.5177762867681062,1.4410921922620623,0.3413667786761678,0.7034802816578785,1.5082565127998797,0.2905682745554347,0.82723158692309,1.487048330840606,0.2501277775411008,0.8516783483001147,1.474609945251184,0.3032952053036405,0.8206161383305206,1.4566757090026712,0.29826806241532056,0.01817041608546097,1.36486833324498,0.40011580604540614,-0.20139648948883876,1.4036187300757885,0.35676057815011347,-0.38270507884127414,1.4939514318913982,0.2910291830440094,-0.46170802349043905,1.4629797162637665,0.25438426674052644,-0.48031499881428286,1.4803586792701509,0.2664381027401033,-0.47368684518421333,1.476852248852149,0.3122754327236353,3.067796610169492
0.2476691819550443,0.8943186466256745,0.3807184722621849,0.27011775913180663,0.4816908957672506,0.44835019380312013,0.27335169144520843,0.11313998529442637,0.5153272796400793,0.26379065556840553,0.0879750475241613,0.3237098052466924,0.31677468218871385,0.0885868692295579,0.357884669310498,0.25251987672445125,0.029204269162600684,0.6143312586257268,0.07543342344251076,0.8967592969739061,0.3813109785183841,0.07172909552165625,0.44914034184698826,0.48608331989713555,0.08189197489411368,0.10269792329009862,0.5134258730478186,0.08855754041193038,0.09308299051294923,0.3100659472926624,0.032394567554586494,0.06908878859578518,0.3894674803899116,0.09283219859784343,0.06330272401789065,0.5515679107412728,0.1786631791549287,1.377478413018617,0.38227946609543106,0.17785683642264627,1.630145230692842,0.29955206391476435,0.17748020764877698,1.4880160978218024,0.22575402094433922,0.30052074417344693,1.3666824396456452,0.3927218127822294,0.517694620337486,1.4394720116481363,0.33855609869800235,0.7032790405809868,1.5050774929439013,0.28601133965590503,0.8249551760564715,1.4882235244347315,0.24288621913611053,0.8541101560023927,1.4749458601348775,0.29836734752238897,0.8218597900664693,1.4557827618577865,0.29818108660965453,0.018320259646167632,1.3641128649364,0.40011881581026937,-0.20203882221090164,1.4027961154774138,0.3556363670609196,-0.3832958269762462,1.4904459849476233,0.290790229999793,-0.4603946470355398,1.4610636834443282,0.25200312933079444,-0.4814895574451584,1.4782354963101931,0.2656277149387014,-0.476424566145821,1.4759382386029019,0.3095836670163641,3.0847457627118646
0.2473649707809096,0.8940175748578194,0.3817040490762801,0.2705511575683251,0.48124015027495565,0.4496019760127817,0.2733343769959082,0.11305888886464181,0.5152951192511289,0.2631291251691751,0.08767466981470012,0.32282185190190454,0.31678554417717886,0.08864101587623874,0.35791737711708427,0.25242013612996617,0.029320361623763454,0.613753905702505,0.07524206047651627,0.8957809388245302,0.38298848575137046,0.07144478888407312,0.4490299274957497,0.48686131744799166,0.0818794922512591,0.10270826076515642,0.5134142462478017,0.08854833037930773,0.09307972049668496,0.3100720175483646,0.03247801770210475,0.06839718922600482,0.3892368486444164,0.0922557199299652,0.06294208979348864,0.5520374418601335,0.17867244683341718,1.3780344441397958,0.38232751342896115,0.1774408217353183,1.6303800864746538,0.3008092475653959,0.17755272947227757,1.4880228394155515,0.22579555255934103,0.30046605228148004,1.3667083075717252,0.39248294814175744,0.5178309668725658,1.4369231808292906,0.33591772237011874,0.7039421216844497,1.5013773968846562,0.2817259521952482,0.8241366703365272,1.4890878096720377,0.23538950585033425,0.8581328932665403,1.4755921833827583,0.2928836888063791,0.8242072296627967,1.454987558217156,0.30147011929492523,0.018583819457227927,1.3634169431414795,0.4001764769962775,-0.20213785090330538,1.4020218791628751,0.3532554518990372,-0.38436966045949017,1.4873926267343394,0.29116902943233974,-0.46041055825944965,1.4598203417649367,0.2504895639512969,-0.48370384645173636,1.4767370096549493,0.26415538485476436,-0.4791171302611572,1.474653573551437,0.30402696412447644,3.101694915254237
0.2470877070277165,0.8939129923230579,0.38256308174692494,0.270888055770407,0.480834709341051,0.45081166229070213,0.2733392748847172,0.11312768787857107,0.5152549402088741,0.2622207376606975,0.08603755543837488,0.32356665192682266,0.31678479400164516,0.08867819474001531,0.35793044088794856,0.25242778697557455,0.029661760075669313,0.6128951759030209,0.0750606928732797,0.8947825607166707,0.384869709075853,0.07107663137958732,0.44879265195432294,0.4879757145628455,0.08187339132954657,0.10268684888865735,0.5134097240409072,0.08854529661938576,0.09306233040889521,0.31008381434801935,0.032565830303154436,0.06767811792879398,0.38898594202463976,0.0917907442612146,0.06281517974269077,0.5520756253510409,0.17866138922774877,1.3787707186874196,0.38222399589946515,0.17706274231403363,1.6304294736371903,0.30142333235978275,0.1776588943254978,1.488090871165957,0.22582574707742745,0.3001419542965654,1.3669151924017011,0.39149330160222184,0.5183899356013612,1.4331661077273317,0.33384671124573995,0.7057787083544595,1.497379566626569,0.2787409252969173,0.8252977266067363,1.4894227169479004,0.22977827556144748,0.8632460643983917,1.476511251648785,0.28843016588804943,0.8272568725496274,1.454335069123673,0.3079287917684574,0.01885619468067838,1.362895237214487,0.4002802160989221,-0.20189173275137762,1.4011032118834308,0.3499724707181137,-0.385849651899994,1.4845705402656264,0.29232635838086507,-0.4617542138688696,1.459071110120919,0.2506571714762858,-0.486824459911024,1.4756829049703255,0.2621719202369097,-0.4823984051682487,1.4728050449529375,0.29669658779563723,3.1186440677966103
0.24680088297446093,0.8939346020066266,0.38344958755752695,0.271111557497673,0.48055763495886145,0.4518930316604078,0.27335842905896235,0.11327227109229471,0.5152112268438008,0.2612098852440499,0.08352881302788528,0.3253875271302241,0.31677859555339116,0.08870081150711591,0.35791981492443853,0.25253063915016954,0.030179835084100236,0.6118318275015396,0.07488591100547758,0.8938576105968361,0.3869068711676941,0.07067515656611849,0.4483989357255141,0.48925762384712757,0.08188099863683491,0.10259873871907577,0.5134220149031488,0.08854997711452303,0.09303984462254691,0.3100931218602864,0.03264943284595734,0.06702192146606539,0.38873938063095304,0.0914850115536479,0.06290570495164904,0.5517256383381434,0.17860522044625382,1.3795693451954345,0.3820324631171263,0.1767214636326143,1.6303615844181716,0.3013591027795426,0.17769748283389147,1.4882208261870105,0.22581888241824621,0.2995470562059812,1.3673119611816045,0.38965505951266505,0.5193927440279923,1.4282044183601665,0.33270339979859165,0.7086532726395807,1.493580509358807,0.27718173175405597,0.828493913766413,1.4894068083667242,0.22736416853760383,0.8683564137982576,1.4779046039955441,0.285988823830802,0.8304149445524502,1.4543404480934399,0.3160750297668708,0.019034108701644334,1.3626956180157432,0.40037559252549015,-0.2015442051556578,1.3999558025680734,0.3464406644160799,-0.3875551038330658,1.4816108431258446,0.29409538669283564,-0.46428794711976795,1.4584346945647648,0.2533694085012657,-0.49045011188456566,1.4748871802990235,0.2599828902602428,-0.48637563252692867,1.4706359204465902,0.2884321977106764,3.135593220338983
0.24650883459995646,0.8940648860367602,0.38435614202276314,0.2712674677484807,0.4803898605799316,0.45287525375445276,0.27337979781162314,0.11341360165944234,0.51517379109355,0.26019705884740485,0.08111396613730282,0.32710813619194906,0.316776472702345,0.0887216577456293,0.3578890206809538,0.25269773848924054,0.030774890916497495,0.6105944705208931,0.07471314362618363,0.8930608833587502,0.3890324377062788,0.07030281685482541,0.4479798447856687,0.4904890740510069,0.08190300170862248,0.10245335580960632,0.5134490495733256,0.08856123999144368,0.09302859650157924,0.3100913452357769,0.032721435784658186,0.06653287673153108,0.38852114854895115,0.0914290086181076,0.06318794992786524,0.5510379995723356,0.178400572801646,1.38031825441057,0.38175384248586747,0.17639094894461607,1.6303406520138195,0.30068581291207064,0.17752127401955525,1.4883017286606461,0.22578040508595168,0.2987518052974212,1.3677588488392571,0.38719634680862725,0.5206001599585894,1.4223775548754127,0.33269804613209875,0.7121346231297898,1.4900404905376186,0.27627099376017794,0.8332358478870482,1.48954973348948,0.2281690746455723,0.872283244673453,1.480084532028428,0.2852118033499253,0.8332975954687314,1.4557151865359519,0.32430421772135176,0.018993739875932444,1.362852672317833,0.40038119992438886,-0.2013183557656568,1.3986239395445603,0.3435324992122509,-0.38933963701485685,1.4779025535016732,0.2959363296742954,-0.4677067126809767,1.4574795946953916,0.25831457022718773,-0.49413551301132275,1.4741797847645186,0.25790618150603795,-0.49077753484038517,1.4686244661625851,0.28007140048912843,3.152542372881356
0.24624218146743623,0.894326254184259,0.38516888431515567,0.27141525814790196,0.4802447885736587,0.4538753452666049,0.27339427760560187,0.11349856678460708,0.51514895955771,0.25940004079207285,0.07966588269091819,0.32803728915666663,0.31678604749933637,0.08875169345127004,0.3578556597360602,0.25288705635424247,0.03139449313980903,0.6091791094611589,0.07454494124148237,0.8924140871627604,0.39118100547717943,0.070012075229308,0.4476985625806721,0.49148416519677685,0.08192870987024027,0.10231995658140877,0.5134735757151119,0.08857638817816683,0.09304036609023705,0.3100788818279445,0.03277830369428091,0.06628753614115607,0.3883514397332613,0.09169751192529697,0.06365210818313312,0.5500264652790946,0.17797141144086037,1.380925305478655,0.3813846936935007,0.17591756312895146,1.6305091877462368,0.299577411020962,0.17697156632414646,1.4881527075447365,0.2257614559083304,0.2978770558832165,1.3679585193995392,0.38464077859218576,0.5216251208146556,1.4160048818478896,0.3336177955054344,0.7158430634991261,1.485807400739553,0.2750988928567339,0.8385462604670897,1.4902515358776607,0.23143276325205975,0.8742315047211853,1.4831841463089044,0.2851450435450905,0.8357251598981255,1.4588723012796772,0.33156606455023857,0.018665446070122643,1.3632218733381136,0.4002464184994885,-0.20126959427824753,1.3971947040753536,0.3419311428141675,-0.39108363232378074,1.4727558147200384,0.2971269269010286,-0.47150215985066307,1.4558050618324962,0.2637256441052025,-0.49751313394440266,1.4733588023254172,0.2561886669466855,-0.4952348319206654,1.46708732493386,0.2724700947365445,3.169491525423729
0.24602907416025893,0.8947433256459152,0.3857809895482603,0.2715740948542177,0.48006800379464043,0.45495497176552746,0.2734026708261472,0.11352651994636533,0.5151335537289092,0.25916302862520413,0.07954422887001027,0.3284009776378922,0.3168102802940769,0.08879209348008454,0.35784782134640825,0.2530659051813679,0.03202550681321077,0.6076040354561361,0.07438829202100199,0.891923897190545,0.3932955230097631,0.06982907466000574,0.44763619044344494,0.4921231994708183,0.08194457614911532,0.1022741110083191,0.5134761388474213,0.08859217731759014,0.09307368526380161,0.31006360969069663,0.0328185972899629,0.06625852156496692,0.38824966103881553,0.09228920397815629,0.0643137618637281,0.5486914174499367,0.1773389397475456,1.3813442930172752,0.38096441529723896,0.17508489909250444,1.6309066400508636,0.29836897829717013,0.17596396536342976,1.4876778420576215,0.22579126114451126,0.29707204748876803,1.3675633566234144,0.3826878127005774,0.5221613290799733,1.40922909555869,0.334638455848999,0.7195456903618214,1.4794412126882555,0.27316927194852675,0.8432359287309459,1.4913472979246003,0.2360527051659091,0.8739622339846174,1.487034892683535,0.28521878797427075,0.837539704370575,1.4636041313735297,0.3370410137157175,0.0180846132884456,1.3635652496242048,0.3999736386263559,-0.2013315918874367,1.3956348762433408,0.3418603524374772,-0.3925860310297894,1.4657167494936698,0.29720560741625346,-0.47509805145749506,1.453060280552983,0.26754904739355256,-0.5002780323879469,1.472139726128877,0.2549825475496108,-0.49930415432995656,1.466082566074169,0.266189968237709,3.1864406779661016
0.24588662938738085,0.895330577558642,0.38612992325733136,0.2717227566621945,0.4798669427905824,0.4560663964161606,0.2734123449113875,0.11352802608891364,0.51511979552352,0.2597102100680775,0.08062973849559314,0.3285568245681442,0.31684691806528437,0.08883809945596659,0.3578800787735034,0.25324385895903245,0.032622063710347836,0.6059429386825743,0.07424695556540316,0.8915951521608059,0.3953222889140685,0.06972487094588224,0.447822949543487,0.4924290286743593,0.08194422751931783,0.10234322864290091,0.5134454851566611,0.08860539332013455,0.09311844721967774,0.3100515710804332,0.03283252472710615,0.06628768782662052,0.38825150118772905,0.0931215087264924,0.06518228426524038,0.5471127754838654,0.17658763590218296,1.3815924233728547,0.3805500501263447,0.1737687310236269,1.6314891158960263,0.2975276171105818,0.17456803799201884,1.4869280198834862,0.22581845775053572,0.29647855087294106,1.3663706972010876,0.38191517483678833,0.5221367584225105,1.4022273582889533,0.33463106767553163,0.7231630940735589,1.4701305245459058,0.27050261416407667,0.8463358697612042,1.4920706137623374,0.2405509691886476,0.8717915299365009,1.4911325302010445,0.2853792610679462,0.8385879854252702,1.4688674129670332,0.33995201674787223,0.01734306917491874,1.363718199285037,0.3995857984689617,-0.20144730340648748,1.3937149875525503,0.34300238176462977,-0.393649898293908,1.4567567285667642,0.2961422474006587,-0.47804114398700503,1.4490285802643104,0.26863309218217923,-0.5021873781123369,1.4702063580194884,0.2543116758945937,-0.502498047194445,1.4654308629181003,0.261223435294801,3.2033898305084745
0.2458236813962352,0.8960880006208836,0.3861865383015984,0.27182795720773106,0.4796771878591208,0.457109345950205,0.27342837824682364,0.11352669902149481,0.5151022893373228,0.2609648119719367,0.08249321290831518,0.3283464478439977,0.31688879962395006,0.08888689533156353,0.3579405883502203,0.2534758551639724,0.033118353064274825,0.6042884279031703,0.07411507925081456,0.8914368984382139,0.3972055443848532,0.069612400870277,0.44824671501729046,0.492609566479983,0.08192887733023438,0.10250480438037585,0.5133756089014156,0.08861376856767382,0.09316505099345893,0.3100439731781327,0.03279362044298743,0.06622990297103482,0.3884234306667896,0.09409093484322403,0.0662024360208394,0.5454919201234004,0.17581724562100684,1.3816950741997613,0.3801828918359832,0.1720284324833325,1.632186346617477,0.2973496372939064,0.1729343130467694,1.4860239863043856,0.22579704791290253,0.29619628573121043,1.3643935170571226,0.3825386454255034,0.5216792357563219,1.3953469706383732,0.33277273528312207,0.7267222402744468,1.4581713503026013,0.26741973049966217,0.8474624669120332,1.4914234633036303,0.24319169484535416,0.8686311825447172,1.4944821894505471,0.2854235328712126,0.8387978337435174,1.4727893394114184,0.3396788420995253,0.016527046934245608,1.3636491410762959,0.3991192782596152,-0.20151990834984004,1.3909751098200787,0.34457494783471854,-0.39433614804271144,1.4462316177626575,0.2941759143338205,-0.48029427037464956,1.4436806456065001,0.26692546635099035,-0.5032329269297883,1.4672925852631964,0.2539404757175382,-0.5044349160447156,1.4645032739472388,0.25715775090846316,3.220338983050848
0.24583736943768478,0.8969705802177925,0.385966829250425,0.2718549025394891,0.4795400757632004,0.4579677652520251,0.2734497848691719,0.11352935231960756,0.5150800775847814,0.2626473986236921,0.08455405741331724,0.3275271039398361,0.31692658426148834,0.0889366936920361,0.3580038723319275,0.25381588761123075,0.0335141216064898,0.6027047275683542,0.07398081391384859,0.8914607723994482,0.3988894029870626,0.06940798704992124,0.44879275215960995,0.4929321630051583,0.08190204512239047,0.10272023659458156,0.5132638541951781,0.08861685591916224,0.09320855831905148,0.31003947458024156,0.03269486966564306,0.06617924435879996,0.38876473491633295,0.09510277089278113,0.06723714146207636,0.5440281681451563,0.17513551010407444,1.3815873567160468,0.379895789106917,0.17006577066345066,1.632921712184225,0.29765085183126505,0.17113925649524137,1.4850811815789482,0.22585627525488444,0.29623631280280016,1.361804185451256,0.38435415500533154,0.5210486439503653,1.3890222633624068,0.32882047116005103,0.7301849614393559,1.4446028239738418,0.2642854330885417,0.8468758810754657,1.4885595720434923,0.24261878435693784,0.8658369404202816,1.4955896966888758,0.2846437243362546,0.8382550519215122,1.4733539061725072,0.3356903109477028,0.015701737581567655,1.3633813577473577,0.3986399948993578,-0.20137916143582468,1.3867227003721645,0.3458223222898129,-0.395019615118543,1.4346116378125966,0.2917006368502716,-0.4822595750418157,1.437046872684467,0.26297255247161455,-0.5038044262979583,1.4630832741705675,0.2533088186080597,-0.5050965982090659,1.4621587397687648,0.2538128346602658,3.23728813559322
0.2459023907795271,0.897872645900746,0.3855715762548411,0.2717771551303559,0.47948661035908147,0.4585444090581926,0.27347215124408747,0.11353473985210182,0.51505571090323,0.2644468106172888,0.08617320959455652,0.32647910768172894,0.3169535070409316,0.08897537836518074,0.35804913635449664,0.2542802018871582,0.033903881568607214,0.6012125994174669,0.07383815022960225,0.8916684162021068,0.4003234772874622,0.06910526617453817,0.4492837156462649,0.49351134603573543,0.08186405259461484,0.10297686934532914,0.513118783786092,0.08861607784951606,0.09324685626249526,0.31003650678398365,0.03262353684226189,0.06644353948935683,0.3890116468260782,0.0960669835045508,0.06815628765860705,0.5427660380753868,0.17465722576635326,1.3811278772431586,0.37972908783580656,0.16805965262314418,1.6335842488926835,0.2979881659453687,0.1691519982377619,1.4842062611389806,0.226254798475454,0.2964889157636455,1.3589137139492848,0.3868074902133139,0.5205796168747467,1.3836140573119882,0.32308820190430027,0.7334341465525152,1.4304988481850844,0.26156364270554217,0.8452877517929704,1.4828973336329097,0.2385875688537402,0.8646632439608604,1.492963887356606,0.2825584595263334,0.8372059929423656,1.4693901922843036,0.32789641248913687,0.014961912525414673,1.362915456112319,0.3982258576645596,-0.20089286547863358,1.3803073793437968,0.3464575535047131,-0.3961257884015692,1.4222058348112698,0.2891500208330985,-0.48423238095282073,1.4289853481478905,0.2575272256838807,-0.5044643502765954,1.4570289036559685,0.2518608398011228,-0.5050341601034916,1.4572512699408684,0.2514490374632915,3.254237288135593
0.24597023361052367,0.8987025678038084,0.3851743458341588,0.27160580941319956,0.47950941384204543,0.4588498167449882,0.27349292931245783,0.11353993770779221,0.5150329828457009,0.26604610175682536,0.08677497362953067,0.32609480722486767,0.31696695564176564,0.08897729049897878,0.35807153904500516,0.2548592399789079,0.034413561770666165,0.5997801940777289,0.07369519257829973,0.8920291603081206,0.4014795151945963,0.06877874762368291,0.44963559598997993,0.4942246247367697,0.08181102655473087,0.10330038917347269,0.5129631556717353,0.08861335533659995,0.09327664806456466,0.3100357933973681,0.03274852339790225,0.0672484867205432,0.388683020221393,0.09692605010852855,0.06893417638862175,0.541629244767316,0.17446999996916773,1.3802397219383105,0.3797107113457627,0.16607498665105674,1.6340292113305026,0.2981516433282347,0.16693891779867986,1.483522740988466,0.2270971942813742,0.29678892557842773,1.3561358315414545,0.3892268275348253,0.5204982795441206,1.3792957331078286,0.31656833787504846,0.736386233470347,1.4163977601939046,0.25975401178221674,0.84361061474636,1.4740339045422748,0.23197609105247594,0.865702283318234,1.4857758539837194,0.27968522754306674,0.8358356477902782,1.4607667785077991,0.3173731927386064,0.014529970593772642,1.3622316101735883,0.39799923020611594,-0.2000492039754614,1.3715984598469777,0.34653829560629623,-0.39781700251492136,1.4092153304973924,0.28682088824904534,-0.48608925018418864,1.4191762263736534,0.251791252290687,-0.5054936898737891,1.4484635274541087,0.2495180344053518,-0.5050713630101779,1.4492202411789663,0.25020238617609636,3.2711864406779663
0.24599841139882397,0.8994629955247392,0.38488502806910563,0.2714000719997385,0.47956482630210623,0.45904206741389997,0.2735138420429809,0.11354215798367044,0.5150145285934628,0.2671184253152894,0.0860999801497535,0.32697558386893705,0.31696559863482116,0.0889204745047008,0.3580786846678215,0.2555368510378343,0.03509345219722898,0.5983277228721756,0.07357770385703272,0.8924706035202064,0.4023887433304645,0.0685202874488447,0.44991598344376466,0.4948327592235099,0.08173960401576182,0.10372262652901683,0.5128207273301117,0.08860917502369475,0.09329451459858885,0.31004034415422166,0.03318814830522191,0.06856756005682918,0.3874454591483903,0.09766983124442415,0.06962030968301587,0.5405546921216688,0.17457222487606266,1.37899327113766,0.3798165839093186,0.16418250129814058,1.6341807629176235,0.2982398567320779,0.1645576448742981,1.4831391714371889,0.22827531250433675,0.2970268266472805,1.3538577676293775,0.39109623924938974,0.5207405857793255,1.3760631115776927,0.3109219955910238,0.7389344248462647,1.4023585943503256,0.2588474315503147,0.8426794502743457,1.4617945819288767,0.22420238281256788,0.8686405969805151,1.4739774675408115,0.27683627481121875,0.8340927107930057,1.4477492174164828,0.3061689539546212,0.014688741581701761,1.3613419501636563,0.398215598229568,-0.19898535723146676,1.3611433365346126,0.34626726867708246,-0.399945336443515,1.3959244945961007,0.2848363235379058,-0.48758877576792303,1.407476980625192,0.24744101144680208,-0.5067984666137435,1.4370489014282597,0.24667245152002176,-0.505718207540806,1.4381652103484777,0.24976894368457572,3.288135593220339
0.24598589840034651,0.9002154256950806,0.3846203424132214,0.27123199550507077,0.47961611345801697,0.4593280471757223,0.2735375957969666,0.11353984203858107,0.5150020449359277,0.26744444554935975,0.08431324588861389,0.32905604634867547,0.3169510459921122,0.0888071177981911,0.35807646216907374,0.25627333015076625,0.03584712595106796,0.5968047858148925,0.07352853444298242,0.8929175465397519,0.4031354579441574,0.06839270569921543,0.45022844722023675,0.49513592259895717,0.08165043832678276,0.10425113072592443,0.5127021360872211,0.08860267216624503,0.09330326707168421,0.31005180159520546,0.03392750574776582,0.07021149259156204,0.3853386985394893,0.09830677389047408,0.07025266796911667,0.5395412071673247,0.1748453101388342,1.3775604179377645,0.3799675474073739,0.16253993118990723,1.6341349880827336,0.29840295129343614,0.16215114677672723,1.4830264206334751,0.2297541241395173,0.2971716747060635,1.3523096066677684,0.39215223816413447,0.5210563856897015,1.373557186806888,0.30788251056601734,0.7408445815898246,1.388396091096008,0.25822655204186634,0.8429278602596619,1.4464819566465188,0.21683469904115546,0.8725871880428675,1.4579700314408897,0.27391692867295725,0.8319545601701769,1.4306731002655508,0.29638925593705656,0.015455344380028926,1.3602946316412907,0.39915997028905503,-0.19798951120288627,1.3498768403742158,0.3459332953222626,-0.4022663725133472,1.3825004108694812,0.2831768627400905,-0.4886200242057791,1.3941754233832508,0.2455062874996134,-0.5082392782786957,1.4231012009408126,0.24376726002289448,-0.5071341686752922,1.4245890750248558,0.24972824628942936,3.305084745762712
0.24597212372093094,0.9009932764769676,0.3842210010638404,0.2711396096138838,0.47965049332047144,0.4598156510854373,0.27356390050250073,0.113533340488115,0.5149975619821892,0.26706704302316236,0.08180640120731393,0.33195483248563173,0.31693848056333396,0.08866233895674205,0.3580678048309551,0.2569977620294649,0.03653195032751753,0.5953069979973862,0.07359561467388039,0.8933538180718786,0.4037464993941743,0.06842416022254433,0.45061892354568667,0.49502980643947997,0.08154687781377488,0.1048718848309785,0.5126055071822155,0.08859389313760302,0.09331083157607913,0.3100685593816362,0.03486070026604536,0.07195268234071638,0.38266432055403027,0.09883975446845619,0.07083413025837039,0.5386217800126792,0.17512743048927237,1.3761433947864863,0.3800850883615291,0.16123936708864067,1.6341130607789591,0.2987054785942604,0.15987555656428387,1.4829642475668843,0.2316749650051127,0.2972303785701448,1.3515065134144828,0.39240171178752753,0.5213841854318988,1.3706020781069708,0.3084227735077173,0.7418736841954884,1.3744387485062395,0.25749602945091393,0.8442945596843423,1.4288409775185305,0.2112251346378577,0.8767837790495944,1.4384817760700452,0.2704291429757753,0.8297444372205052,1.410444022916785,0.2896534879390566,0.0164265790772682,1.3590869540000405,0.40089295112718526,-0.19740185839490915,1.3388339327323597,0.3457178394572342,-0.4046029372235658,1.368688479999404,0.2817054405668004,-0.48916402594914826,1.379665406743443,0.24523529442682407,-0.5098112232438299,1.4074057042893295,0.2410580923205389,-0.5093720743121446,1.4091241762784852,0.24969371278045216,3.3220338983050848
0.2460010792340835,0.9017511486973104,0.3837236953396138,0.27110122446157386,0.47965158694655796,0.46043093886246766,0.2735904232008883,0.11352337123702026,0.5150028180012153,0.26631601090798823,0.07893299564191884,0.3353187334155743,0.3169599928706763,0.08851255134378445,0.3580670054237072,0.25765968371449266,0.03712653709009547,0.5940698386156847,0.07380584713136615,0.8938087287639808,0.40413685558056167,0.06859812185266416,0.4510919203002976,0.4945316495596168,0.08143253283992447,0.10556401185340014,0.5125250861901423,0.08858483191247551,0.09331846793306917,0.3100881297267474,0.035855966692207836,0.07355600593068799,0.37981004000404384,0.0992620279725088,0.07135968066057533,0.5378337723568134,0.17532447966407216,1.3749422373745313,0.38014602687444976,0.1601623220325557,1.6343024802138573,0.2991403379993862,0.15786508696651888,1.4827207424871642,0.2340658799381433,0.29722675246372343,1.3512534080796252,0.3921378723960959,0.521998147290708,1.3653985468929566,0.31228288878840754,0.7419923286380359,1.360089113024391,0.2568811508026315,0.8464545823832801,1.4095991414867277,0.20803181847935343,0.8808728781419517,1.4167398344630429,0.2668193621531305,0.8280909857282444,1.3888395659729178,0.2868920010394534,0.017086772844543817,1.3576184854247713,0.4032000352573087,-0.19743281711306093,1.3289956591822663,0.34561202535289615,-0.40677081572547635,1.3541147938454665,0.2803724060482731,-0.48928702077241704,1.363970697602841,0.2446153343442647,-0.5114015647087433,1.390685524180034,0.2386803054943266,-0.5121736959224847,1.3923437522699154,0.24907441639918476,3.3389830508474576
0.2460788318458151,0.9023864436792529,0.38337585881098546,0.2710541603774412,0.47957804222479866,0.4609808520013418,0.2736161040753494,0.1135088566264019,0.5150183558410386,0.2655825124106263,0.07603433429944274,0.33875157662642696,0.31702416829214913,0.08837390294734516,0.35808944202357,0.2582595147678328,0.03766963293139926,0.593317824945194,0.07411983796974758,0.8942757955719449,0.4042595193575662,0.0688547481690025,0.45162463739089503,0.49377863487420437,0.08131038928241349,0.10630662687795661,0.5124567735709846,0.08857710665198965,0.0933186038338993,0.3101091919949643,0.03677838940483666,0.07478066636118588,0.37717571391406907,0.09955623331493697,0.0718319842893878,0.537209670119517,0.17542929749412678,1.3741287449511095,0.3801712563911132,0.15909024599470073,1.6347439100056054,0.2996446769806512,0.15627880304399852,1.4822243731512448,0.23671021317535412,0.29718672842667654,1.351240815237941,0.3917587269221902,0.5231314304706338,1.3567571203262256,0.3180736367422532,0.7414679813310459,1.345065531904357,0.2566665401384591,0.8489950532486581,1.3891926210656387,0.20723342116166754,0.8846161226148839,1.3943420728577267,0.2642233522556808,0.8276997820839203,1.367652364876818,0.28820322833187356,0.017163838877029814,1.355750764002144,0.4057377164430649,-0.19808027587168048,1.3209907839921575,0.3455738047264544,-0.40850843614700694,1.3388340287282365,0.2793599756356226,-0.4891449043328768,1.346952776653229,0.2420370480677625,-0.512648193233568,1.373344368086639,0.2367484333850825,-0.5148599103442213,1.3748079011739933,0.24724987268598864,3.3559322033898304
0.24616312224118453,0.9028194659348434,0.38336684405706756,0.27096127893624544,0.479394750640386,0.46134918353713217,0.2736414381487623,0.11348785881420315,0.5150436938658679,0.26500264700081816,0.07372259910250249,0.34152494749754625,0.31704649345983293,0.08826519325981359,0.35810680813930446,0.2588052122629272,0.03809033088142189,0.5931658987613069,0.07441868008867285,0.8947023800135017,0.40422042861368235,0.06913238918585186,0.4521517367154698,0.4929322752321895,0.0811833292032061,0.10707990743257606,0.5124001880190739,0.08856912372664984,0.09331042173321823,0.31013357419088583,0.037494242553454855,0.07544591285194943,0.3751450942767872,0.09969244860888271,0.07222642840757382,0.5367823440688776,0.17547068654601305,1.3737785964776141,0.3801845817404942,0.15791058589768645,1.6353389263665916,0.30011486737047527,0.15528834460232435,1.481485477295703,0.23946878066547683,0.297121464771851,1.3512009345242213,0.39148172036425277,0.5246158865365345,1.3449996448453,0.32402355923317294,0.7407904701841341,1.3298564803828792,0.25680357523772,0.8514598422115869,1.3680384899297953,0.2083571194716617,0.887727226063829,1.3726172733032211,0.263077420458726,0.8289815983665892,1.3475243317963945,0.2927972494649948,0.016653467942256188,1.353353565622291,0.40815319627665675,-0.19919568927926912,1.3148005109685015,0.34561911550816476,-0.40965354864680237,1.3233727634373156,0.2787797353446666,-0.48870237713523124,1.3289968734693647,0.23704990663256018,-0.5132851864100181,1.35559032940643,0.23541015319788336,-0.5168102996386843,1.3571560624076826,0.2442104341240134,3.372881355932204
0.24620152894070851,0.9030277526724249,0.3836992954080849,0.27085153501487363,0.47913647449288166,0.4616082862392919,0.2736667580285204,0.11346005218929156,0.5150784439972208,0.26444718545630574,0.07281822309262644,0.3426430488521285,0.3168667622606076,0.0882143060397282,0.3580421124856233,0.25927813598656485,0.038240108604734695,0.5936490523180981,0.07458657643703702,0.8950511671134284,0.4041606106482828,0.06939642527481162,0.4525808248935959,0.4920984362187306,0.08105498502873548,0.1078654033092975,0.512359233564277,0.08855755833375804,0.09330921399711327,0.31016815017926486,0.037899734589681724,0.07556235506906082,0.3740055530075266,0.09964206936468964,0.07244615782697447,0.5365921902260605,0.17548251330460307,1.3737980828201037,0.38019994913023863,0.15668109393531066,1.6359261124812339,0.300452268661231,0.154919729507773,1.4805179363868526,0.2425303654640835,0.29703569667142354,1.3509790324020647,0.39130339633696726,0.5260353311935896,1.3315467456342946,0.32890664526216556,0.7404372135342394,1.3156260394697732,0.2569746257230223,0.853461723669932,1.3469335513695573,0.21048776230809407,0.8900136389101676,1.3521163107205993,0.26273377023580347,0.8317110518695988,1.3281333437692207,0.2989951141663174,0.015661199868491522,1.3503649149938373,0.4101461377282367,-0.20051217212379235,1.3098461828080514,0.3457902309331077,-0.41024895890536506,1.3083533149253297,0.2784283155031689,-0.48749185891169733,1.3111342930814118,0.2298957357917212,-0.5134518515920721,1.3375893459753554,0.23474222787754062,-0.5178916215252573,1.3399676326500314,0.24066394140882297,3.389830508474576
0.24617109070347507,0.9030119616035731,0.38429742612563617,0.27078022580556577,0.47889260237537973,0.4618983621857237,0.2736918909332863,0.11342654658693141,0.5151231487869717,0.263779802430235,0.07373102996125104,0.34158318514598207,0.3163778413162797,0.08823556273869249,0.35783427144980084,0.2596411267578984,0.03803755475673766,0.5947582114195678,0.07458624894608495,0.8953226702206472,0.40413688256625496,0.06961954468992287,0.4528455606025512,0.49137013914327693,0.08092951119032125,0.10864559863794303,0.5123389603206769,0.08854216994257366,0.09333075081221671,0.3102169344539098,0.03798768001565358,0.0753822055157852,0.3737696999308235,0.0994159625167936,0.07238659188264839,0.5366692075887852,0.17549423160519995,1.3739671048915796,0.38022591670708467,0.1555659991787943,1.6363593766571378,0.3006034570083196,0.1549534876783364,1.4794108571906035,0.24619005516052536,0.2969431776305539,1.3505229183497856,0.39116896063945145,0.5270593508287185,1.3180329035356777,0.3323535727262708,0.7405646305212427,1.3034309275470124,0.2568672400314104,0.8548435605906963,1.3270343214155058,0.2126468386415185,0.8914308637359596,1.3328019064384973,0.2623793311645825,0.8351956671493999,1.3095927616739311,0.3046148768314787,0.01432018794758464,1.3469134837072962,0.4115040674534202,-0.20163880266269335,1.305394174397556,0.34613608852901884,-0.4103020072633069,1.2941938339937742,0.2780777008696778,-0.4849137622458404,1.2943490936352517,0.22123864793300246,-0.5134448358072499,1.319586824154145,0.23451352290761215,-0.5183229380112423,1.3237006640952829,0.2374088923444444,3.406779661016949
0.24608256167224102,0.9027749842017584,0.38510566424592546,0.2707734667429964,0.4787161345671741,0.46225752854217766,0.27371638531479764,0.11338901433220977,0.5151764016171981,0.26296111599144084,0.07601223645969504,0.33892354015206017,0.31560626517210466,0.08831037326952386,0.35749165668641103,0.2598540308866933,0.037523259830887695,0.596408964522229,0.07443564580985838,0.8955216877648746,0.40418465660756464,0.06976101526411857,0.4529337128598979,0.49088732701666055,0.08081031172620337,0.10940343474337105,0.5123402262579663,0.08852831755823537,0.09336277151368477,0.3102645613098817,0.03788427215121372,0.07521783784509965,0.3740751634876861,0.09908301929577118,0.07207859332160318,0.5369606641358726,0.17552040609819372,1.37410165269255,0.3802634716542085,0.15471919841805706,1.636535502592192,0.30058099117679615,0.1550757219748936,1.478348327588622,0.2503829535867683,0.2968614631141377,1.3498782151156097,0.39107414034843824,0.5274708656400503,1.30590559152868,0.3347260848496746,0.7409552450220678,1.2934131792358312,0.25663962568828186,0.8557252130144766,1.3094243088319164,0.21429046232303167,0.8919938406578894,1.314776355651786,0.2618361864028479,0.8387580173912057,1.2930435514899297,0.30810883986596294,0.012847959847933597,1.3433250641283436,0.4121327737092733,-0.20217563170426578,1.30095514074053,0.3466953541386594,-0.4096247504989876,1.281151830620746,0.2776812511162697,-0.48069249331037145,1.2788673194179614,0.21228978306173768,-0.5132812704024798,1.3019359226486065,0.23433322710530474,-0.5182495286389102,1.3087947908616306,0.23481793449809285,3.4237288135593222
0.24596573192245538,0.9023445594813516,0.38609329792323005,0.2708268765841317,0.4785987406993645,0.46262453238101553,0.2737393056160258,0.11335058142397228,0.5152307683878087,0.26198161920959356,0.07869926117855323,0.33582492846699546,0.31466939034320524,0.0884020677265583,0.35708078352002914,0.2599103358137115,0.03681260409351396,0.5984166686770629,0.07417669091808014,0.8956133428459119,0.4044064220086795,0.06978345670242048,0.4528579098728447,0.49078141689379984,0.08069957788639841,0.11012197197127968,0.512359492214713,0.08852512661635153,0.09335717123728016,0.31027682828358355,0.037763441133832315,0.0752022524304462,0.3744288881367509,0.09873425710541395,0.07170081533840317,0.537287452094002,0.1755588196026594,1.3741545183265602,0.38030399615499433,0.15418768858820583,1.6363897757449335,0.3004673855669861,0.15514119563828271,1.4775353858563738,0.2544458810567616,0.29679958642695675,1.3491587021069573,0.3910354521553576,0.5270351990852427,1.2963507294262269,0.336993649743011,0.7413166463778051,1.284717112186237,0.256960162169198,0.8562463448309866,1.2947317436321946,0.21507731911530173,0.8917960141819918,1.2987636860242235,0.2613810650941522,0.8418673844414699,1.2796676678088383,0.30945522642190704,0.011606004334758328,1.3399944267182577,0.41213122214081954,-0.20190360059764595,1.2964715178903357,0.3474523389792067,-0.4080478170531534,1.2695298207638683,0.27712731149612,-0.47498389533907936,1.264233717759461,0.20455532882195643,-0.5127028971532555,1.284994717670502,0.23407283775655685,-0.5175678769007814,1.2954283153210362,0.23292235143277976,3.440677966101695
0.2458457589739881,0.9017998192178402,0.3872248740108012,0.2709297627079254,0.4785188805864637,0.46293888357944024,0.2737596485916636,0.11331525288873154,0.5152759084751114,0.26088606142868687,0.08102089415320765,0.33303193756559124,0.3137024607513696,0.08848251557076454,0.35667820454192706,0.2598800671561135,0.03598746008126455,0.600555165689125,0.07386543012910025,0.8955309311810068,0.4049143077567586,0.0696786942048413,0.45263105912664886,0.49108738125950935,0.08059947807311028,0.11078226173145807,0.5123946478269197,0.08853667766071754,0.09328660603214779,0.3102319481736073,0.03771292976085767,0.07528485712879213,0.37458196714619485,0.09843117045999249,0.07141987159384146,0.5374635984876617,0.17559951015840092,1.37416547972826,0.3803384735166145,0.15392615917872207,1.6359423903752255,0.30036333449643965,0.15524242108191838,1.4771038190189107,0.2574879298537782,0.2967555909470423,1.348489294761956,0.39103969324790006,0.5255779981221775,1.2900739446821328,0.3402416813826794,0.7415165537890787,1.2763902199641037,0.25838822119722327,0.8562353832009371,1.2831467742007046,0.21463013661342656,0.8910013240851138,1.2856830116975626,0.2612265484199039,0.844029987237088,1.2696646188853384,0.30962689266327165,0.010941610972112756,1.3372736254668018,0.4118165492797181,-0.20091883517692932,1.2921767432931446,0.34831439622716526,-0.40563967088179526,1.2595753052472871,0.2761887294351603,-0.46828637899696013,1.250084275200758,0.199268552810566,-0.5115606489237007,1.2691580776879878,0.23385415178600222,-0.51620202510341,1.2831700194102547,0.23182912836319972,3.457627118644068
0.24571196851065952,0.9012458315039841,0.38844715301411753,0.27106164801710003,0.47847152781352165,0.4631704910865496,0.2737770298697596,0.11328564549186469,0.5153072492990224,0.25982767500328025,0.08266068504090547,0.33074295456871944,0.31282859728357554,0.08854161902035539,0.3563358025008335,0.2598617499208155,0.03503724217423677,0.6026144783546337,0.0735418528618056,0.8952362831417624,0.4057194329228092,0.06946489538133,0.4522819701758049,0.4917608523847957,0.08051336387871959,0.1113614799804428,0.5124484880760323,0.08854804287766682,0.09323845637591291,0.31014128476886055,0.037714634896983325,0.07538056629886494,0.374572312644805,0.09817655622405799,0.07126638319596021,0.537450121607668,0.17563213508289374,1.3741737009874337,0.3803682322688784,0.15386231044498316,1.635321602144497,0.30031282945968274,0.15553702855775065,1.477027928546832,0.25903133666021716,0.29672351860375945,1.3479758792045156,0.39105257003030097,0.5232488282587233,1.2869199978347259,0.3448962860797806,0.7414900131685653,1.2683075312787402,0.26093382365815443,0.855413973604626,1.2746473108792449,0.21300185397015584,0.8897572782299396,1.2759224639824887,0.26143650826928877,0.8448714797361293,1.2625026512937794,0.30946242771277566,0.010883470265628794,1.335375771081127,0.41152217114053025,-0.19961777229563865,1.2882237694047527,0.3490785051470348,-0.4027068896776046,1.2510721171155939,0.27491405712912265,-0.46136404754025895,1.2366067087444201,0.1969103445677746,-0.5100045123754539,1.2549809411952964,0.2337702463949312,-0.5143462487693763,1.2712876062758496,0.23193680050936027,3.4745762711864407
0.24550975341418158,0.9007463559558588,0.3897046521396548,0.27117808572131785,0.4784599103246048,0.4632974095519014,0.2737916332988776,0.11326195082415991,0.5153287439881478,0.2590020141815698,0.08354492534386287,0.329059157459945,0.31215932393485857,0.08857783803720534,0.3560805359538765,0.25987545289949365,0.03394192324898025,0.604414713522756,0.07321377297312222,0.8947590514310207,0.40674333989714756,0.06916681310013484,0.45184755651453257,0.49272670272734354,0.080445620372311,0.1118334882238023,0.512526460708706,0.08852727768886812,0.09339789556548528,0.31002371516706184,0.03772077127762251,0.07544694826986618,0.3745114211777889,0.09792621325318396,0.07117994650869294,0.5373249963220496,0.1756511546175106,1.3741898068608616,0.38039224295205953,0.15390532535467083,1.6346826516127464,0.3002967684447145,0.1560919489222558,1.4771652472299939,0.25910825017726735,0.2967022690059039,1.3476915046960616,0.3910538969205543,0.5206898853197588,1.285820305892322,0.35046885152112345,0.7411950176341349,1.2611203240812405,0.2642187600327855,0.8539614929994117,1.269017253257033,0.2108826190914279,0.8881496666002862,1.269354211880818,0.2620451517871073,0.844283327599473,1.2578331331752732,0.3091968287463714,0.011115242468613945,1.3342976506488224,0.41136399417847064,-0.19844642102565424,1.2845280467773907,0.34937865487794734,-0.39967325809865073,1.243376634215207,0.2737877044498947,-0.45503376842033905,1.2241723396560598,0.19691847247141697,-0.5082539064305174,1.2429776936794121,0.233858552743605,-0.5122025983902823,1.2594320669723373,0.23359314931255531,3.4915254237288136
0.2451802069845888,0.9002989726243888,0.39095348303919697,0.27123524867166243,0.4784709767119037,0.4633123065840407,0.2738037388216936,0.11324164960433845,0.5153468190393067,0.25854037807225666,0.08366898367989177,0.3281300754440494,0.3117797035741644,0.0885846203878179,0.3559230268925128,0.2598604011829982,0.03276171144615182,0.6058769114317222,0.07287216187611126,0.8941820503558746,0.4079060001975719,0.0688149859333099,0.45133233083848034,0.4938573931426133,0.08040051635896098,0.11217267357610883,0.5126326415434166,0.08845018746032679,0.09389470470796032,0.30987317923379365,0.0377110435507415,0.07548298937313348,0.37444664787881304,0.09765139839391271,0.07111190915866898,0.5371695359591311,0.1756666893341728,1.3742136094565067,0.3803682401964378,0.15395878098861382,1.6341261606454176,0.3002793570236363,0.1568775298222095,1.4773895341905892,0.25790528510415156,0.29669636987378833,1.3476411991735229,0.3910433190714702,0.5187646304995055,1.2854497731327792,0.35591696614471124,0.7407806051171673,1.2556036890413589,0.2677820082964647,0.8524707480362798,1.2657529194682466,0.20904529252714713,0.8861875394226502,1.2657964505354051,0.2629669429343806,0.8425083917840102,1.2556623061874852,0.30863411711623207,0.011311922373205687,1.3338627449149745,0.41129413126939185,-0.1975504813367554,1.2809579763068426,0.34884034467242225,-0.39693835395511856,1.236030134989747,0.2732955354815108,-0.44992982991172803,1.2128926478527033,0.19804931583062899,-0.506371096526458,1.2332126635529241,0.23414557841704406,-0.5097557199668857,1.2478628594627135,0.23648532824564833,3.5084745762711864
0.2447153055347599,0.8998752815734841,0.39216133549870974,0.2712263033832371,0.4784753090253683,0.4632328424755334,0.2738136004861221,0.11322101105087413,0.5153640188470019,0.2584299889323255,0.08320633521978732,0.3279612474575692,0.31169358215682313,0.08855535554402848,0.3558485945361419,0.259752166891732,0.031600536819774774,0.6070733006591257,0.072511533698978,0.8935947352854701,0.4091586938995744,0.06845987667891276,0.45074680902478353,0.49495767263742513,0.08037985379678125,0.11236815838864182,0.5127648496756273,0.08831706713879309,0.09471373415673093,0.3096679448623698,0.03770803053856789,0.0755210684826949,0.37433086900263624,0.0973848565670222,0.07105292268744899,0.537034312870312,0.17570968163669362,1.3742514645318038,0.3802019735972629,0.15397912538113182,1.6336831615778953,0.3002386565170153,0.1577897029874926,1.4775974582751488,0.2557119735974818,0.29670767744001736,1.3477367993568805,0.3910265216705398,0.5179481821798833,1.285050685174095,0.3600752891213116,0.7405351545611469,1.252182459909824,0.2711828433036634,0.85128120897098,1.2641953573748892,0.20790188240539106,0.8839327202011064,1.264975336032819,0.26404171111018937,0.8401326612856233,1.2556097870907397,0.30753648689276386,0.011387944270329017,1.333836161987825,0.4112962537413337,-0.196745019013801,1.2774657248130685,0.3474065208188483,-0.3948625149800203,1.2290132926524677,0.27341620553927587,-0.4465543192684667,1.2027758923122696,0.19931726475582806,-0.5044638885264865,1.2252003496019832,0.23453506925912848,-0.5071596923753438,1.2371585681657737,0.23970951508199334,3.52542372881356
0.24416793388718688,0.8994597528515814,0.39331139721975605,0.27116967489047455,0.47847219857766543,0.4630734454171864,0.27382175426977323,0.1131993371685911,0.5153786033344572,0.2585017082397557,0.08264892841343248,0.32825249985155525,0.31178722432039185,0.08850235666989922,0.3558113223008529,0.25951638487028916,0.03053606283516118,0.6081299250815264,0.07213828165681178,0.8930524809346708,0.4104639633439351,0.06815766362498103,0.4501899494438754,0.495847943078127,0.0803787045302812,0.11244887647786984,0.5129091139677405,0.08814583615238655,0.09574558760404331,0.3094068386243783,0.0377649056309011,0.07561864770142412,0.3740469564141294,0.0971835668475183,0.07100605829295795,0.5369455279842025,0.1757956130954119,1.3743033476451632,0.37986708564865657,0.15398557874910568,1.6333479744465385,0.3001746694692113,0.15862610669745184,1.4776475135778075,0.25312896595572676,0.29672930987590507,1.3478530246061062,0.391007427150651,0.5180491602864945,1.2845768270316076,0.36204088091115294,0.7406211848796109,1.2507525722009487,0.27393044943037226,0.8502669980302182,1.263758766176773,0.2075971793588099,0.8816679203062195,1.2660753489198673,0.26548419334377865,0.8377874372534487,1.2565051931720985,0.3058902981326279,0.011426248879702911,1.3339727748664327,0.4114431827779125,-0.1958410359297436,1.2740607815915124,0.3453238494835815,-0.3937725453349403,1.222417837703641,0.2736488211709748,-0.4452031470490925,1.1940938466140232,0.20019686217472987,-0.5029668986055478,1.2181232856263662,0.2347756346070028,-0.5050646295608626,1.227848870633965,0.24258330558589208,3.542372881355932
0.2436071759129153,0.8990534386011316,0.3944031584097268,0.271076485288332,0.4785144424423794,0.46282009241482464,0.27382876780063703,0.11318057109072183,0.5153877058051433,0.2585623853494934,0.08257386418462756,0.3285837556721009,0.3119035759658752,0.08845684677907198,0.35576765065399546,0.25915177300373576,0.029603917256829416,0.6091125303037336,0.07176320785831643,0.8925657421618338,0.4117811488306832,0.06793392033473628,0.44978003420316315,0.49646421817178127,0.0803841490090036,0.11248560538792995,0.5130409614100753,0.08796101508904455,0.09684679686565979,0.30912091649833706,0.03790325766428439,0.07580125728699175,0.37356930102382047,0.09707024080393045,0.0709696624505111,0.5369062657483837,0.17585850567503905,1.3743312085433663,0.37960534164860016,0.15400895856172422,1.6331482907914476,0.3001084115472933,0.1591138944738158,1.4774613533409855,0.250930105729397,0.2967499764509876,1.3479204708702683,0.39098859156035304,0.5185100173579613,1.2842518262790694,0.36155002438931944,0.7409979630504999,1.250709871705826,0.2754620427815458,0.8492621923267949,1.2639619019066857,0.20819740355113658,0.8797401621977785,1.2677357111566636,0.26789875362125243,0.8357997287560994,1.2570179633022258,0.30388433143069427,0.011498373520343438,1.334072111390827,0.4117652299283687,-0.19483498940360586,1.2708356864315467,0.3427517301249216,-0.39374425809218383,1.2162236031075302,0.27353788535130097,-0.44561615886530004,1.187310384232257,0.2001212388788783,-0.5024062559341188,1.2111750833617883,0.2345572936519732,-0.5042221510286968,1.2201349603879337,0.24495171216656675,3.559322033898305
0.2430758872642545,0.8986649270219725,0.39543645560998103,0.2709429947140853,0.4786688857635587,0.4624444576058411,0.27383432384056633,0.11316927684016992,0.5153893891728916,0.2585388621010394,0.08318072015444943,0.3287482194436745,0.31196213730605105,0.08844437796556581,0.3557178088589457,0.25868945986366454,0.02880203927853634,0.6100295897765304,0.07139311074866583,0.8921199038535432,0.4130710257091757,0.067773691624491,0.4495098702530263,0.4968621064513801,0.08038394512911992,0.11253908681730446,0.5131392383834561,0.08779020015681889,0.09784688659354382,0.30884505747242524,0.0380240730522626,0.07596685598175151,0.37320152525067957,0.09703578968367689,0.07093974338490164,0.5369079939976823,0.17576044892212822,1.3742660494116938,0.37987968635890546,0.1540576161670701,1.6331730293141506,0.30006946620574326,0.1590616687284835,1.477163020688859,0.24962144373842904,0.2967617375473143,1.3479402602831974,0.39097480743631857,0.5188619258732705,1.284219618793868,0.35902980501739945,0.7414590943428764,1.2512128459672769,0.27540503014877826,0.8482595172220179,1.2643319584370716,0.20956227128913987,0.8782304906600016,1.2686677696399529,0.2712604546879012,0.8342240460084971,1.2564166593900419,0.3017630168670666,0.011568875407098202,1.334087702843315,0.41205300941888867,-0.1938194185888133,1.267973951580506,0.3396261173821605,-0.3944184742818549,1.2104449072256604,0.2730726014374865,-0.4470703766085047,1.1826093097325465,0.19863394559569097,-0.5028937091392465,1.2039623954997567,0.23358276162470434,-0.5048506670932342,1.2138202737973856,0.24671412686699937,3.5762711864406778
0.24258816252663506,0.8983044866369645,0.3963979803771977,0.270756861313555,0.4789729110915814,0.46192474425048513,0.27383699548841933,0.11316659696869993,0.5153828483338787,0.25845807152069644,0.08416033934240576,0.32876159766633634,0.3119724354187555,0.08847021112553793,0.35569519945203865,0.2581869732594776,0.028102965544909056,0.6108830085485051,0.07102997822911815,0.8917038143985092,0.414299515532773,0.06762886284538397,0.4492709860927254,0.4971892196640177,0.08037670666258487,0.11260840781892689,0.5131981365351189,0.08765926918960887,0.09857567614538287,0.3085975455816653,0.037928297303621065,0.07590092267608906,0.373509010416694,0.09707221487861391,0.07091470174074879,0.5369439482306835,0.1754013953861756,1.374063897683679,0.3810167511396064,0.15411931207628365,1.6334852056430471,0.30007660273580855,0.15852598867076845,1.477004398691311,0.24920429418302822,0.2967619806077253,1.3479347274870275,0.3909732663731574,0.5189131833945263,1.2844961561561263,0.35535789936917717,0.741689084037862,1.2515735551109106,0.27380859557530235,0.8472322131954662,1.2644733268784791,0.21103344486646006,0.8769962175866644,1.2682656574141835,0.27423223402402447,0.8330748570482872,1.2546163477709502,0.2997490429178206,0.01152562037280964,1.3341147357286023,0.4118934244188776,-0.19293228931165343,1.2656615882445996,0.33595342360154135,-0.3952510907735278,1.2053274615694478,0.2724598654391516,-0.4488914589088751,1.1795449489342449,0.19587158588434184,-0.5040410345816353,1.196595269398286,0.23172737205781072,-0.5064896714859438,1.2085097111685452,0.24756430917821173,3.593220338983051
0.2421462690480979,0.8979813888154109,0.397264131153224,0.2705047934179257,0.47942485667286056,0.46124829980895277,0.2738351650104389,0.11317074509738916,0.5153688133456363,0.25837215305078143,0.08501047151533356,0.3286671100261673,0.31196650298172596,0.08852825455690455,0.3557293701238876,0.25771775338004094,0.027502691371105097,0.6116682339353071,0.07067310734653906,0.8913208789004049,0.41543469099708685,0.06742880421764437,0.4489779868791772,0.49765781235087253,0.08036955543634,0.11264893017017288,0.513221984235207,0.08757961209276352,0.09896456727077489,0.30840547071344204,0.037471912049619645,0.07543848895723021,0.374888143345665,0.09717528083996405,0.07089500602115993,0.5370087066375032,0.1747911449888308,1.373737970945305,0.382982823270635,0.15416755213787467,1.6340473958618134,0.3001249877520723,0.15780383241495605,1.4771940010712312,0.2493033143182455,0.29675173202802096,1.347918185113502,0.3909886212644218,0.518635277947757,1.285016339228957,0.3516438786506846,0.7415191897245634,1.251462122018928,0.27111113245719193,0.8461340422201106,1.2642444192787758,0.21158775355137321,0.8760247267522183,1.2666836911965398,0.275262861419235,0.8323884008271405,1.2518917106695722,0.29806492941193014,0.011280697771464135,1.334253553333408,0.41097455833807184,-0.19238457611978152,1.264029303531245,0.3320304410403385,-0.39592489184145907,1.2012879006438224,0.27168677059800805,-0.45067930057611755,1.177210135144847,0.19237471014239058,-0.5053508819265713,1.1893552085423382,0.2291945387243328,-0.5084429879829799,1.2037746759940058,0.24727214115612506,3.610169491525424
0.24175245828531036,0.8977037887316167,0.39800844780052325,0.2701828844322513,0.47998220148244475,0.4604128963940932,0.2738282778808818,0.11317938878389623,0.5153517669304689,0.25833697419790475,0.0854731949146526,0.32848328983188235,0.31196093827848037,0.08860901428277268,0.35583055068668906,0.25733616975148416,0.02708115532367844,0.6123471624988628,0.07032541001978854,0.890982468089171,0.4164516812325765,0.06712474505984975,0.4485994449402039,0.4984194684395987,0.0803685230589644,0.11262642504372586,0.5132162746289066,0.08753507549394063,0.09914103987535407,0.30832812021894496,0.03666311483733671,0.07457651255278859,0.37729816007658074,0.09731892033883525,0.07088188478475474,0.5370891849571763,0.17401713713810085,1.3733370300022039,0.3854915696813084,0.15416604950008544,1.6347738659203779,0.3001848716394273,0.15722537403395134,1.4778272989102441,0.24952071595277286,0.2967340779769337,1.3478968692410134,0.39102073249447905,0.5180260421620855,1.285656485473336,0.3489468097276156,0.741118876682586,1.2507616340353134,0.26827357981871575,0.8450995913627459,1.2636521020293119,0.2105378313739717,0.8755297351851548,1.2643796128909608,0.2740755255704202,0.8321712328806049,1.248679335995255,0.2969239089148701,0.010822532321732336,1.3345344130722374,0.40925980259061034,-0.1923722357106947,1.2631227688271924,0.32829961899624305,-0.3964132548142515,1.1986190676206951,0.2706246616940381,-0.4522388558282391,1.1748417032848097,0.18866031735037112,-0.5065307332556421,1.182499716738368,0.22641862760932463,-0.5102306426150454,1.199218443727592,0.2460377326939667,3.6271186440677967
0.24141244723110156,0.8974802769450292,0.3986033735453455,0.26980743812326174,0.4805736038399827,0.45944971851738076,0.27381755490608695,0.11319055262375062,0.5153404782734387,0.25837902250527944,0.08568831173866265,0.32823913935857446,0.31195737695271847,0.08870122166977164,0.35598762093098024,0.2570472334034297,0.02698210395488562,0.6128562003953534,0.06999760325262991,0.8906947806033444,0.41734763838346906,0.0667447049464188,0.44814071354513835,0.49940957654148216,0.08037364579992666,0.11254821574227018,0.5131909273451769,0.08748524226369682,0.09938522954106371,0.308417407553854,0.03561786553597679,0.0734442311781158,0.3803809246526927,0.09744561370040582,0.07088076765017656,0.5371611085031157,0.17318828218299803,1.372916079580617,0.3881800231253544,0.15410566520529118,1.635573786043264,0.3002219586642304,0.15696975214356323,1.4788487293518608,0.24967112199152675,0.29671199935081155,1.3478726478472753,0.39106753835939667,0.5171190883229506,1.286256869662959,0.3479426103736669,0.7407675287724049,1.2494063940972115,0.26672631070946873,0.8444556223891618,1.2625739730646464,0.20807226816596386,0.8756953234694722,1.2616322560786855,0.27149776404844317,0.8323566821592906,1.245428427882283,0.2963813591146304,0.010191900679921373,1.3349249348400023,0.40689929707034106,-0.1929325338712512,1.2628228884841106,0.325028130464953,-0.3967866465146248,1.197251186666694,0.26942718231594115,-0.4534897883984742,1.1722719925177045,0.18511147606783865,-0.5074465987121892,1.1764508988851394,0.22388665890502235,-0.5115621339892833,1.1946767808861585,0.24448172744380173,3.6440677966101696
0.24113459593258849,0.8973220915687371,0.3990151451929594,0.2694261991737564,0.48113735414555614,0.45846909051612383,0.2738056317783348,0.11320261355972269,0.5153419899283186,0.25847040800351817,0.08592907659117724,0.3279721478661586,0.31194945723734946,0.08879516254696912,0.3561656904324079,0.2568276381101721,0.02728944799420134,0.6131336513923393,0.06970059574778821,0.8904491129381177,0.41815198389463815,0.06638745407999015,0.44766627654817587,0.5003593465368327,0.08038013268372861,0.11245859355820458,0.5131643364165756,0.08739675015386672,0.09991213125385173,0.3086671843457565,0.03448780560225152,0.07223085355432105,0.3836720371152642,0.09750363367484875,0.07090481153585215,0.5372015317816168,0.17241344565171496,1.3725275441654348,0.39067746618058546,0.15406367162198467,1.636301057796061,0.30023659980937545,0.15707017705580384,1.4799999469042362,0.24961845762903,0.2966869879858894,1.3478459413528774,0.39112491226518603,0.5160452574761656,1.28667250729093,0.3487926907817835,0.740597430890508,1.2474790332768404,0.26759932770209793,0.8444757850247655,1.2608015192910509,0.20521293403351923,0.8764345152371364,1.258547788118678,0.26839023741264983,0.832765282795336,1.2425349717480854,0.2962232280671606,0.009469288533844256,1.335339169092613,0.4041910477729963,-0.19391961768141242,1.262843294352231,0.3222347917587448,-0.39705428891300815,1.1968334961409648,0.2684672161837765,-0.45427387217767135,1.1698724872150217,0.18188462035339348,-0.5080049634731723,1.1719113162355708,0.22200926032550317,-0.5122009244531117,1.1904739925261698,0.24322919608507934,3.6610169491525424
0.24092876232187316,0.8972449350709453,0.3991979273380269,0.2691153697270457,0.4816424565340237,0.4576683636329112,0.2737950665294346,0.11321418471817339,0.5153553916375369,0.25855735868011914,0.08630526633533586,0.3277229501412834,0.3119295301136223,0.08888150561952093,0.35631291529402576,0.25666031948952606,0.027936188052752695,0.6131393314790781,0.06944311958741486,0.8902355364245027,0.4188875294089631,0.06614994917232601,0.4472912804236095,0.5009899066344806,0.08038312809375474,0.11240110485829644,0.513152714081923,0.08728051322574559,0.10064825065636238,0.30902873713146256,0.03343110702224125,0.07113197620966367,0.3867019832305511,0.09748678900259532,0.07096757163335306,0.5372037181553752,0.17179973343610033,1.3722215834967706,0.392620920528133,0.15418672103972017,1.6367501628991086,0.30026847791735656,0.15748743906161541,1.4809011639051919,0.2490931375533242,0.29666072946823807,1.3478184756277982,0.3911837112328058,0.5150316324144967,1.2868065248181375,0.35115793463857986,0.7406616581922649,1.2452610402602278,0.2711489698183562,0.8451309532313422,1.258329863797805,0.20321570761744945,0.8774917508074109,1.2554039003143997,0.26537541381951746,0.833174838864455,1.2403271950518653,0.2961341747712832,0.00880178023722733,1.335661032628258,0.4016959276100591,-0.19510090262040247,1.2629207085321592,0.3200872820631487,-0.3971254793310891,1.1970033845697554,0.2679139205017842,-0.45427971769879033,1.1682755197981716,0.17882721261398532,-0.5082098203477928,1.1695668895143962,0.22092817842468315,-0.5121605798251232,1.187411427803288,0.24244561473857118,3.6779661016949152
0.24080632877462363,0.8972649856968324,0.3991058281514464,0.2689394259064377,0.4820846866122922,0.4572271884126868,0.27378698808858637,0.11322381248602774,0.515375144229352,0.25858658829102693,0.08671133872544437,0.32754405042494,0.31189688937897275,0.08894819707343556,0.35638590112555485,0.2565315881796117,0.028738641227019954,0.6128883188863453,0.06924279937422206,0.8900723585599349,0.4194941944781624,0.06606649326519864,0.44708953391859685,0.50119023575745,0.08038176415681762,0.1123834264830982,0.5131562111931774,0.08718740858597127,0.10127728844020845,0.30945408991612694,0.03260189870225694,0.07031287565573943,0.38902794532119334,0.09741530218694425,0.0710738066477634,0.5371715985336469,0.1714340376068052,1.3720372812161477,0.393725545054293,0.15458194827989769,1.6367657477659987,0.30035131272403237,0.15810426003681433,1.4812758516188205,0.24786603750896766,0.29663699284962175,1.3477927162256715,0.3912327155992324,0.514298614898406,1.2866108494080644,0.3542851035372192,0.7410139360832146,1.2430033124002495,0.2769729321997756,0.8460754879249146,1.2554505719742552,0.2028601599634946,0.8787830142605223,1.2527122323282693,0.26325433905866374,0.8334739229406662,1.2390050179012826,0.29597846648198867,0.008384142398904856,1.3357916684577038,0.4001710731550689,-0.19627140974059104,1.2630246470234119,0.3191361412896965,-0.396965806030914,1.197506221884373,0.267685015291365,-0.45345708372051263,1.1680593405719277,0.17578335220218277,-0.5082241882627238,1.1696162514681605,0.22044355697644327,-0.5118330355374738,1.1862925054323241,0.2417664644855405,3.694915254237288
0.24077902285783737,0.8973806596474757,0.3987486752676578,0.2689020073118078,0.48250020986440273,0.45716729695814273,0.27378115784841034,0.11323060795651779,0.5153985930083088,0.2585223069305873,0.08694711013235379,0.32749516883357066,0.31186085349926146,0.08898482718307399,0.35637552348242507,0.25641560249184897,0.029517507378220165,0.6124984994454704,0.06912412684203367,0.890001151256554,0.4198339490532133,0.06611397386438396,0.44702987845219755,0.5010208990675075,0.08037824843478271,0.11238571329641209,0.5131625964904415,0.08716541382809345,0.10150790622918912,0.3099054479377026,0.0321188339684488,0.0698798874976662,0.3903166752635734,0.09728996497806204,0.07122327434690998,0.5371031073555789,0.17132952596217915,1.3719774777263816,0.393960646158654,0.1552454047505697,1.6363507935516692,0.3004865100525345,0.15870412103640896,1.4810799085426833,0.24596713587236319,0.2966192961825348,1.3477700499714262,0.39126471351643954,0.5139109149139904,1.286118244557317,0.35731175770357987,0.7416447693656323,1.240773877422041,0.2842330984901079,0.8469483707107256,1.2525890558151278,0.20428851353199953,0.8804287042972148,1.2508402748086143,0.26295331548075274,0.8336818110338118,1.238590328791555,0.29585311406234127,0.008357627792178732,1.335649462212707,0.40017298455208145,-0.19732987524884119,1.2633450924819927,0.31978440002836306,-0.3967775946083756,1.1982331558448354,0.26782360189024546,-0.45237862806385915,1.169419620284384,0.17301161737012236,-0.5082309122876287,1.171589252447806,0.2203172511938668,-0.5116584806733456,1.1873110407745484,0.24073663306632137,3.711864406779661
0.2408517895682493,0.8975453579647346,0.3982756380177152,0.26893913903161826,0.4829758379658258,0.4573185888479923,0.2737765722685901,0.11323525833485623,0.5154262484933,0.2583673134832899,0.08691736495492466,0.3276128790865999,0.3118330185191912,0.08899109130059782,0.3563088096579507,0.2562962944848252,0.030229387504253413,0.6121766156042086,0.06911095231350048,0.8900537422831172,0.41975668479614864,0.06623923123162162,0.44703816556718234,0.5006316635803093,0.08037449596599901,0.1123896460255581,0.5131622583808944,0.08723207544421047,0.10123032803314938,0.3103422743051657,0.0319953836660899,0.0698300932132133,0.3905468073758509,0.0970903851723177,0.07141662407972355,0.5369890665222752,0.1713869319792392,1.3719942366593827,0.39366935207918935,0.156077973380863,1.6356671027453453,0.3006604476735882,0.15907395074997469,1.4804485266211338,0.24365980786653782,0.29660673916662594,1.3477508616210403,0.39127877572274106,0.5137427118336271,1.2854785663016843,0.3596321969001546,0.7424386721685599,1.2387037037242103,0.2914772276773887,0.8477670821091875,1.2500758110438512,0.20732327312718854,0.882405468783265,1.2497178065279424,0.2645867668728043,0.8338323770690665,1.2388649206456994,0.2959142024307674,0.008717886775472526,1.3351594672689797,0.40169400284053325,-0.19829009488500415,1.264109113068616,0.32175694871250926,-0.39689087340235796,1.1993671451974957,0.2685243284391622,-0.45179531792791217,1.1720459245183894,0.17120817545769368,-0.5082350502200091,1.1746647958027439,0.2206282110853201,-0.5117691998254421,1.1899089355579133,0.239365096994228,3.7288135593220337
0.24100687241490815,0.8976760670558107,0.3979445040166615,0.26895435503674986,0.4836125614168574,0.4574000077178611,0.27377190639427695,0.11323959234540543,0.5154565300812369,0.25815329956329625,0.08669217192610335,0.32787240440624016,0.3118172145542489,0.08897372876434777,0.3562266884651562,0.2561975086980335,0.030933549208261295,0.6120904402346208,0.06921755455934192,0.8902300043167584,0.4191695968346443,0.06637089628625747,0.4470802332652047,0.5002166588231197,0.08037095476198851,0.11238918338915488,0.5131543469106878,0.0873785606093485,0.10048183349021447,0.3107192904778884,0.03209763884650718,0.07001254899092672,0.3901300740883551,0.09681915639809417,0.07164629289471192,0.5368317403204792,0.17145173698477995,1.372022870294826,0.39337424928255926,0.1569240225400624,1.6349262088096694,0.3008585226299433,0.15918721660706417,1.479607446077374,0.24129137068330347,0.2965945430949455,1.3477351426891748,0.39127970681556423,0.5136262623806599,1.2848924248153606,0.3610144903763279,0.7431696558725169,1.2372834378228104,0.29672578470882743,0.8489640125286495,1.2480405876559648,0.21163470516962624,0.8844051418088141,1.248994012981541,0.26668553517990945,0.8339056996500585,1.2393676400083116,0.2961049863239175,0.009318213096507186,1.3343289449101403,0.40417204090830416,-0.19921003380923197,1.2654309409262368,0.3244854264690218,-0.39748253221624885,1.2013577191900877,0.26980090418154246,-0.4519764704536784,1.1752720248543675,0.17124917827743644,-0.5080622893279902,1.1781483178832677,0.22169892012280135,-0.5119971632339625,1.1931747840541331,0.23834264594848684,3.745762711864407
0.2411974689982479,0.8977232553878022,0.39790014072557733,0.26887927453632093,0.4844572464790503,0.4571922213784454,0.27376578774710963,0.1132458901908496,0.5154843945615171,0.25791669588992594,0.08634511153168813,0.3281814132917427,0.31180928120143764,0.0889387417238714,0.3561565654151041,0.25615120775158784,0.03160217121689625,0.612256902187604,0.06941982167814276,0.8904945424411828,0.41818613890098777,0.06644904218426205,0.44715611999929505,0.49993885840458285,0.08036767012322102,0.11238536686937492,0.5131420991513517,0.08757797667586939,0.0994032399340195,0.3110081662624907,0.0322343706865081,0.07020952506865052,0.38964299686893905,0.09652498538781769,0.07187876787833425,0.5366553398865491,0.17142401367348042,1.372028196359342,0.39341804478276976,0.15762606069519428,1.6342713394853516,0.3010605303445312,0.15924711241976855,1.4787993802350385,0.2391900920855849,0.2965794364657409,1.3477230299395897,0.3912745323010978,0.5135082082182534,1.2844904161786213,0.36157871655245105,0.7435643099405691,1.2371559464470558,0.29830424145932727,0.8509128131746755,1.2465787633654146,0.21651843406533955,0.8860613348858855,1.2483928815186254,0.2669595326719335,0.8339126068411121,1.23962227353632,0.2959366520160912,0.00996559566647488,1.333329742232605,0.4068581988730938,-0.20011265751975824,1.267284766493173,0.3277506999258317,-0.3984652428557005,1.2045548842653404,0.2715468813734444,-0.4528712251184106,1.1783325401503542,0.17397523331500747,-0.5075324986064988,1.1815568179953138,0.22374646237211782,-0.511960004130992,1.196316060769484,0.23864395984006948,3.76271186440678
0.24137845755920084,0.8977123500764408,0.39804990333027274,0.26872772306426457,0.48544617530042533,0.45672037994082754,0.2737570201538382,0.11325614373274896,0.5155058946948742,0.2576929232872381,0.0858657456736245,0.3284358648791047,0.31180713390006587,0.08889953537969522,0.35610734257358834,0.2561536070542586,0.03210104006747817,0.6125926021333745,0.06966344599545389,0.8908100782569861,0.4171596573381683,0.06646292854160302,0.44725992604389453,0.4998337270647385,0.08036532211863281,0.1123807585048251,0.5131286552395243,0.08778787048742825,0.09824008954991241,0.3112184051690514,0.032303014146598044,0.07028466699153875,0.3893994641789837,0.09627332376867993,0.07204681251691951,0.53649365515826,0.171313895723622,1.3719944687521477,0.39378529299731907,0.1581233544000902,1.63376429744315,0.30122837347942444,0.15951780693707576,1.4782232512852742,0.23765091596213386,0.2965625261174089,1.347715720314853,0.3912664646554635,0.5134621113445967,1.2843175006072742,0.3616627226065097,0.7434611585892785,1.2385483243947402,0.29597056779354924,0.8533685020884468,1.245875992392016,0.22070502565749567,0.8870874935994981,1.2478203425378702,0.264134859898449,0.8340503963520431,1.2392684473550952,0.2948180458525657,0.010522979132791883,1.3324508205094825,0.4092008961021968,-0.20094163542024346,1.2696130785210464,0.3314807720276228,-0.39962890579914734,1.208977903815723,0.27376263167431203,-0.4546590263849162,1.1805056369037832,0.18009707653364848,-0.506614279148649,1.184338253587622,0.22669865526161592,-0.511079798993211,1.1987376471516817,0.2406134462518258,3.7796610169491527
0.24154454319317684,0.8976917873596597,0.3982335331847754,0.2685831322867076,0.4864058729384304,0.456245438362121,0.27374596463927814,0.11326960986342716,0.515522141661973,0.25751365231052714,0.0852763414541968,0.3285946375561648,0.3118163692008928,0.0888803767549656,0.3560850128043017,0.25618640078789706,0.03235471847148879,0.6130312470815008,0.06991127813195565,0.8911499560136319,0.4164073272824936,0.06644227188767045,0.4473778554317154,0.4998358109492735,0.080365050750021,0.11237719217014447,0.5131161969602038,0.08796059483925903,0.09728269883779073,0.31137658930192125,0.03231247922553321,0.07022828359460843,0.3893816690031598,0.09611903119682604,0.07208382930912216,0.5363792880205732,0.17123824711057611,1.3719006399218103,0.3940976469493048,0.1585164645994219,1.633444736097142,0.3012961413469889,0.16012789444158887,1.4780039662371434,0.23690853941597045,0.29654625142238616,1.347715382643917,0.3912533401480246,0.5136229497492326,1.2843986862380878,0.36138551871219776,0.7428928006628521,1.2411138010235057,0.29135499051353575,0.8554675239003137,1.2459203028223031,0.22296606501553862,0.8872384340998003,1.2470968003744516,0.25881636354025994,0.8346785430723027,1.237838724793112,0.2929063377620499,0.010927998505087856,1.3319270286541798,0.410905952539971,-0.20155840465434421,1.272423905973205,0.33526374123225317,-0.4008313590610201,1.2144644147362267,0.27641187214604274,-0.457664392401957,1.181119663616523,0.19000235623711093,-0.505446844641262,1.1858166551001195,0.23022435420432516,-0.5087879909205213,1.1998656535193215,0.2434472482510797,3.7966101694915255
0.2417220857135411,0.8976795354379403,0.39839171936765755,0.26853612705245905,0.4871389491748516,0.45606667654359884,0.27373539130379504,0.1132821609648197,0.5155365144952477,0.2573988178639476,0.08471352648448946,0.32868777623057627,0.311841977697273,0.08889529687838094,0.35609542272937217,0.2562492989076229,0.032388549343397036,0.6135610965317501,0.0701488694351397,0.8914581076878046,0.41597847445675423,0.06641719106672536,0.447508844323299,0.4998806083599367,0.08036749217359919,0.11237514531656706,0.5131042864765104,0.0880628426027782,0.09673397743016476,0.3114898179833414,0.032306156708233606,0.07010543113468558,0.38945949254194,0.09610532642132327,0.07199843021244413,0.536339941186194,0.17135802627702973,1.3717579399015283,0.39377746967889976,0.15900141260189138,1.6333361411215788,0.30120076465997275,0.1610391395101909,1.47813297050746,0.23698279112320772,0.2965314902472463,1.347723063000858,0.3912321389909152,0.5140904599571989,1.2847384917882478,0.36045749251924125,0.7420064613372516,1.244389271457553,0.28698649560752953,0.8563296568159384,1.2462534264830225,0.22330925199298846,0.886290967274356,1.2457127109888235,0.2526366886419712,0.836045679310921,1.2347423919011944,0.2911936698510534,0.011157505457198829,1.3318095226514322,0.41181981279759816,-0.20186724538847872,1.2757290712885032,0.3385723577894425,-0.40200046455137073,1.220841420303371,0.279247254263131,-0.4618383053155312,1.1797149566186091,0.20330374183298086,-0.5042479454960106,1.1856636674168628,0.23376053740190947,-0.5048640936743343,1.1993583427432644,0.24573681337255437,3.8135593220338975
0.2419327020907735,0.8976714312250476,0.398536906930111,0.2686425858094731,0.4875439229205316,0.4563481540454107,0.27372829121208025,0.11329049347387837,0.5155484772799461,0.2573538801253004,0.08434070780050347,0.32875991748066075,0.31187905904686786,0.08893041584982456,0.35613190482764,0.2563538664264367,0.03224096851609395,0.6141900450515254,0.07037187347549125,0.8916685750330877,0.41575109778833647,0.06639927388805533,0.4476643589303957,0.49994366509521826,0.08037238731584322,0.1123739062495317,0.5130900290024755,0.08809061527980963,0.0966071722313194,0.3115559009289062,0.03231147920409014,0.06999342085693637,0.38953684367367863,0.09624870998410603,0.0718782700717568,0.5363822758843818,0.17176339129675317,1.3716615684584876,0.3924037907844268,0.15973762504336092,1.6333955752122427,0.3009417160985175,0.1621836819303053,1.4784479839335274,0.2375443897048104,0.2965194246995507,1.347736657025317,0.39120289907583045,0.5148511548279566,1.28528353369496,0.35878174164572274,0.7409647685683418,1.2481121425953134,0.28479024352479165,0.8555343208652567,1.2462372821483034,0.22320590521588943,0.8840049504683445,1.243045880310753,0.24704390683116903,0.838053947286479,1.2297311426466164,0.29044875950252663,0.011222005197566075,1.3320210255950373,0.41196245918848057,-0.20197796403601065,1.2794729449264064,0.3412087189602782,-0.4030298778970979,1.227941312542012,0.2818308816520711,-0.4665922459172744,1.1764075003043863,0.21852447232404776,-0.5032189237990895,1.1843599452234261,0.23662246864038744,-0.49959757385585035,1.1975956867790503,0.24670062187861586,3.830508474576271
0.24217091884908662,0.8976634330073008,0.3986773290024816,0.2689048287672545,0.4876507490673053,0.45705139828801533,0.27372555713356495,0.11329491068185563,0.5155537318911564,0.2573691211434047,0.08422910579439176,0.3288304463197852,0.3119161578398755,0.08895743879876998,0.35617673035700886,0.2565080458731974,0.0319214465965247,0.6148884206316731,0.0705930401856438,0.8917757483662863,0.4156235886468848,0.06638820077502551,0.44785318066107765,0.5000233601419394,0.08037905812728817,0.11237191964779006,0.5130725490169875,0.08806972043199023,0.09672889368815926,0.31159438244302906,0.032333069511699467,0.0699308694823812,0.3895748485649604,0.09652622386062755,0.07179063320712102,0.5364848352292686,0.17241586943201123,1.371764561980617,0.3900123408894648,0.1607754413722588,1.6335240573869552,0.3005784068433173,0.1635723684319569,1.4788005900021903,0.23809381768060098,0.2965140028218112,1.3477519302348486,0.3911684859427079,0.5158362923596268,1.2859363131539332,0.3569901819571412,0.7399284177377754,1.2519881771845716,0.2855954001417916,0.8531173391908018,1.2453905123314144,0.22432287983711546,0.8802176858912049,1.2387780964701025,0.24287521369617737,0.8403067850648442,1.2231580019673784,0.29071051661364944,0.011184658583250146,1.332515845751025,0.4116276407897638,-0.2021577969927318,1.2835575340126517,0.3433162827136675,-0.4037795476701621,1.2355060467126984,0.28369216729927893,-0.4710841995403191,1.1721090662261051,0.2334394042256537,-0.5025035522139101,1.1829620274280366,0.23841533239117552,-0.4936706286492688,1.1955902871502073,0.24713231895990465,3.847457627118644
0.2423973206932517,0.8976569518067499,0.3987965724170517,0.2692703412370979,0.4875438070812298,0.45798168546300655,0.27372598484467314,0.11329653354379236,0.5155503423738858,0.25741666049259726,0.08432646156024118,0.3289027623388714,0.31194466534868726,0.08896141170739201,0.35621372031765297,0.2567068705625321,0.03143288092697821,0.6155337915236215,0.07083168512952501,0.8918277000252947,0.41557069037477656,0.06638124120485732,0.4480767384916781,0.5001208756838058,0.08038672060074398,0.11236741963818157,0.5130553540562133,0.08803508076793734,0.09688085914877148,0.3116374995673317,0.03235640810646958,0.06990403058104205,0.38958695849752634,0.09689911157924071,0.07172926023088955,0.5366220091125734,0.1731932345274212,1.3721727453422172,0.3871629879186164,0.16207317166696217,1.633637036777994,0.3001649583643719,0.16522156238226327,1.4792221345919092,0.23831561978648036,0.2965205344766431,1.3477654932429057,0.39113204860686923,0.5170130382411156,1.2865783214634805,0.3560532893906603,0.7390838523354524,1.2555013244190627,0.28943406642353037,0.8494563332935221,1.2433873062247842,0.22730569764821668,0.8751225199723647,1.2330400964864234,0.24052417930892678,0.8423617580886764,1.215682667115182,0.29203986977854834,0.011132752131311742,1.3333523918887018,0.41124141986007856,-0.20261669888569112,1.2878385544735,0.34506369051678387,-0.4042088410951351,1.2430793622170424,0.28469996092803374,-0.4745805195415131,1.168344117603575,0.2458740329531086,-0.5021453807023294,1.1824423326094702,0.23935944803194487,-0.4879052141789281,1.1943277465898432,0.2490221855175463,3.864406779661017
0.24255409535707886,0.8976547978447155,0.398873367936286,0.2696670413534821,0.4872761413797685,0.4589376804583024,0.2737273467932934,0.11329516007343894,0.5155404942163112,0.2574607284000637,0.08452067078449202,0.3289793357808388,0.31196173411476413,0.08894661127418606,0.3562312802097064,0.25692290097054443,0.030815295123122394,0.6159338110322159,0.07107964360095702,0.8918607479832471,0.41559783278348106,0.06637657428982983,0.4483313170194725,0.500232832690175,0.08039445929081394,0.11235967591265025,0.5130426506207821,0.08800381308419422,0.09697121639245107,0.3117045719783161,0.03235019628576448,0.06987570166256639,0.38964480677945185,0.09732706844676889,0.07166185926666156,0.5367799781046325,0.17395867191898384,1.372862890356016,0.38469272108107405,0.1635363298195326,1.6336923250955648,0.29973492454414885,0.1670311234754901,1.4798307858865452,0.23817704035886655,0.2965425403911056,1.3477757320339654,0.3910964580391223,0.5183367989028487,1.2870904707937991,0.3565717606395257,0.7386142574052881,1.2581939099074533,0.2956474348891093,0.8452808071878876,1.2400663326813068,0.23182918617669196,0.8693424242003498,1.2263505167142574,0.2400692091123739,0.8439439588142803,1.2079077788960442,0.29492467486496887,0.011113244201385947,1.3345964719446777,0.41106006467280554,-0.20340468715159785,1.2920833618547556,0.3463330085235567,-0.4045546695511856,1.2502435305041484,0.2850660793654266,-0.47657190767913105,1.16666622575189,0.2542764791274568,-0.5020401613007789,1.1833874649564258,0.24004290928010338,-0.48303611787777456,1.1944431582041197,0.25427707158946633,3.8813559322033897
0.242615362382106,0.8976561154265181,0.3989072425658116,0.2700447863870897,0.4868498561515074,0.45982488931048554,0.27372795620377666,0.11328982110321884,0.5155274019590881,0.25747966587799764,0.08474039772127188,0.32905898506395476,0.3119673142354637,0.08892042586943572,0.3562266260686076,0.2571129897645512,0.030166262533491035,0.6159978948435371,0.07128941942459655,0.8918767846206205,0.41569527761377795,0.0663732734174804,0.44860947018091646,0.5003538579404658,0.08040151845816253,0.11234914537130546,0.5130355983801662,0.08797309608962472,0.09704611023503526,0.3117993648593182,0.03227463535594893,0.06981607821598668,0.3898650763689335,0.09776742184394396,0.07157970400214496,0.536948980082946,0.1745937970702759,1.3737159151453868,0.3832792084273099,0.16502740260247611,1.6336836332936993,0.2993822147332762,0.16881154958922778,1.4806498305321107,0.2377820578269992,0.296580149006484,1.3477816417146713,0.3910665955722758,0.5196699295665662,1.2874051785958578,0.35858044120254245,0.7385492312461165,1.2599954289972215,0.30283154844586396,0.8416398883390177,1.2356234050334534,0.23729069181818685,0.8637389074649064,1.2194333997105526,0.24120200698062713,0.8450133670322568,1.2002822896691758,0.2995507386393892,0.011119581508258973,1.3362264250991323,0.41108976225353966,-0.20445186226461823,1.2960243215387781,0.3468387768601481,-0.4052444361016434,1.2571042754809367,0.28465166990571217,-0.4767368497836091,1.1679312506214656,0.25806190531830997,-0.5019872368345633,1.1861333864986026,0.2409346063874313,-0.4795490737480754,1.1964568002872298,0.26381685413035755,3.8983050847457625
0.24262126862284153,0.8976569562843788,0.39891692466396833,0.27038448279360944,0.48624960264095124,0.46063955493685954,0.2737277162344737,0.11327890190782029,0.5155137419139203,0.25747275622518084,0.08495757942317181,0.32913524183831966,0.3119619560851605,0.08888003266731068,0.3562093763920291,0.25724905478435606,0.029587132737744756,0.6158788064717569,0.0714072622309037,0.8918679881504337,0.4158361356288808,0.06637098714054633,0.4489025826589897,0.5004800106005417,0.08040772530715784,0.11233678054710662,0.5130328298338435,0.08793936473413823,0.09715720264668436,0.31190823778398613,0.03212690414889299,0.0697359134260021,0.3902703574421312,0.09820266723705455,0.07149519164896585,0.5371254772472309,0.17500378873346167,1.3745987754391964,0.38324798828229645,0.16639649767046916,1.633641732838823,0.29928505539693306,0.17040594157941197,1.481582282007988,0.2372706136519821,0.29663028768404553,1.3477821236997665,0.3910486950088408,0.5208177324621577,1.2875504118038203,0.36176767300932133,0.7386158887668852,1.2611038408874884,0.3092458652939038,0.839544177467014,1.2306162807833572,0.24309999069207378,0.8592091078569052,1.2128849422643273,0.24329678910009817,0.8457320028773359,1.1932009419762488,0.3051783136164416,0.011125510044281417,1.3382258994611589,0.411235316754877,-0.2055919172913978,1.2994881883916227,0.3465841225585322,-0.40649437729497295,1.2642908424657036,0.28293804707260395,-0.47522303392200044,1.1720053440727058,0.2578845397462894,-0.5018338040658719,1.1909180418456655,0.24228989359267716,-0.4775779692418276,1.200927796081136,0.27710475842765603,3.915254237288136
0.24263528338933002,0.8976549248136165,0.3989185182153458,0.27068204363527476,0.4855017223554815,0.46139129988512706,0.27372732905759617,0.1132623679814392,0.5155004710679401,0.2574509378454,0.0850997118123476,0.32919258457934114,0.3119473601521796,0.08881819143973729,0.35618307926847803,0.25733399876322516,0.029112200981379465,0.6158419229244447,0.07140882761225754,0.8918344462218725,0.415995225659356,0.06636960957625979,0.4492032122544645,0.5006092146989453,0.08041328411761244,0.11232434062131177,0.5130322953106621,0.08791184986854109,0.09725180212155056,0.31198638733710654,0.03201205399115991,0.06973488791267571,0.39056843566859206,0.098657900825434,0.07141573588242675,0.5373199408681609,0.17513773016035966,1.375387753564052,0.3846347223396783,0.1675413335005283,1.6336104284480097,0.299498347500016,0.1717320141666748,1.4824862435503285,0.23680972692317376,0.29668797380550854,1.3477757202433946,0.39104605983694857,0.5216512339526492,1.2876072434958974,0.3656478980229767,0.7383370001178772,1.2615809631888075,0.31369123428505274,0.8393036928916378,1.2255987443077547,0.24837701209857327,0.856413047409772,1.2069816380995009,0.24583412870118548,0.8462561063026747,1.1870681118770257,0.31044941100106815,0.011107567695317448,1.3406824241934552,0.41141273103445647,-0.20660935666830102,1.3024614354025517,0.3459070503197244,-0.4081730926504704,1.272428012633533,0.2801250165005424,-0.47310913103138186,1.1783118901780656,0.2555325273902233,-0.5015789155448477,1.1979217219059424,0.24435392160073416,-0.47683146103907476,1.208140499977534,0.29182197538524923,3.9322033898305087
0.24267436445443477,0.8976499797142861,0.39891604780230977,0.27093647518917197,0.48470998029522216,0.4620568840947798,0.2737266263046168,0.1132443692378772,0.5154867607645304,0.2574280344600968,0.08504841843554842,0.3291926340832048,0.3119284001460279,0.08874231585768938,0.35613238327225355,0.2573919430347659,0.02872443043905725,0.6160205560903679,0.07129917672480829,0.8917818165061221,0.4161569764444432,0.06636865557294068,0.4495047869389441,0.5007397116178438,0.08041812342104919,0.11231411052671916,0.51303250213579,0.08790900640266834,0.09719350567307693,0.3119699819864299,0.032117541905823756,0.06997275786162489,0.39021508543108774,0.09916664880019214,0.07133537230847725,0.537546023570968,0.17504297475576153,1.3759585134132888,0.3871428696377973,0.16844874538479016,1.6336129848743643,0.29980687592006106,0.17273266457898484,1.4832281672095633,0.2365798860300802,0.29674648016835686,1.3477623418444218,0.3910577310694914,0.5221960306109287,1.2876104135205144,0.3695193928015294,0.7373980003772884,1.2612677505539414,0.31596106425974135,0.8401512149829314,1.2206433414019022,0.25187505963389994,0.8553746025153341,1.201732098028101,0.24883063359946617,0.8463372590274463,1.1821240316116954,0.31410519179704,0.011056218837985602,1.3436673395323429,0.41157205145850134,-0.20737771624154333,1.305103716887462,0.3450469625598756,-0.4100911769152149,1.2818038734279014,0.2774466021864478,-0.47222032326224167,1.186503179983282,0.2535103528610284,-0.5013979036951617,1.207122112551532,0.24728237488080518,-0.4766605794955886,1.2177107591335539,0.30381835076884794,3.9491525423728815
0.2427018664309041,0.897642374282916,0.39890561546350944,0.27115651128388296,0.4839935733750336,0.4625929241179554,0.2737239576402919,0.11323021882923422,0.5154726011877253,0.2574176359903669,0.08473196722962804,0.3290837096835547,0.3119119849578096,0.08867670711573412,0.3560482598089725,0.2574524509678345,0.028412155467850867,0.6163282007947172,0.07109413104516903,0.8917146013142682,0.4163136783240779,0.06636678278038696,0.4498001352781398,0.5008677731545571,0.0804217739013569,0.11230753869229122,0.5130328442423522,0.08794449906900044,0.09687992859638721,0.3118184974218723,0.032569814596699914,0.07054152625329585,0.3888267335577655,0.09971978176617288,0.07124826083580119,0.537799161602958,0.1748808081594302,1.3762211514183795,0.39008527586905706,0.16922901598077822,1.6336659331660481,0.29998773831308606,0.17335493778743896,1.4837110940349243,0.23666130207946967,0.29679395991819985,1.347750850054515,0.39108104199205523,0.5225712292527602,1.287523422669987,0.3724636247744906,0.7359447508382111,1.2601283036221018,0.31651549888732333,0.8406975537443231,1.2151784259805232,0.25312001151411023,0.8552851505302521,1.1968540880716723,0.25277070391729556,0.8451548825481566,1.1782194316571972,0.3154063595016825,0.010980556971122341,1.3470461715225834,0.41169581996954097,-0.2079514814743567,1.3078120360911802,0.3441710371225652,-0.41211877772468203,1.2924285318680049,0.2761033167874435,-0.47391766162256466,1.1964649250327464,0.2538780123996735,-0.5015034588299305,1.2180607373270158,0.2507932129133758,-0.47641408107911276,1.2288079842201838,0.30853884667642584,3.9661016949152543
0.24267333415002967,0.8976330470487951,0.3988775959539497,0.2713521633665918,0.4833791739536887,0.4629660771234163,0.27371747225558224,0.113221893162592,0.5154591265073231,0.25743554107205474,0.0841518794410964,0.32884553952783097,0.31190266296808855,0.08864376084099346,0.35595670956496234,0.25752582471332425,0.028164384219226596,0.6165651193907213,0.07080238102343174,0.8916342965637625,0.4164619004351835,0.06636240261750023,0.4500823423153358,0.5009883547826238,0.08042386073119961,0.1123052721841253,0.5130326212864724,0.08801891847779117,0.09631706139840172,0.31153464996978036,0.0333544697910635,0.07140290067299143,0.3864376399740665,0.10025644875806282,0.07116011271136438,0.5380512041648231,0.174794871430267,1.3761937218258868,0.3926345976884172,0.17011860395349326,1.6337957023567313,0.3001159288548433,0.17362518616129233,1.4839193944083566,0.23684449872552285,0.29680788471863856,1.3477653147897442,0.39111234133253936,0.5228334744295318,1.287283534613089,0.3737882926960495,0.7344623004084143,1.2583877787746374,0.31602759633149774,0.8398436627073489,1.2083967454928608,0.25349463813964457,0.8547789375249217,1.191798601898867,0.25808144093193913,0.8416923831119247,1.1749529163168302,0.3140049840812631,0.01089442092907689,1.3504735101613026,0.4117833339501816,-0.20851327966106886,1.3112996709644713,0.3437861707683731,-0.41393126569047184,1.304177663538914,0.27646209794139615,-0.4777746868503612,1.2081032099222944,0.2564946982558076,-0.5018427799545744,1.2300535826795367,0.25408277826174436,-0.47582034344116986,1.2409165937984148,0.30455738830647233,3.983050847457627
0.2425681002483446,0.8976236030528318,0.39882150937821875,0.27150976516972264,0.4828048993696757,0.4631612607548863,0.27370695275259743,0.11321789077591912,0.5154483556077402,0.25750060040315126,0.08331587370756886,0.328514600220918,0.31190184621325606,0.08865043277567429,0.35590630063612627,0.2575923578312984,0.027938629063932772,0.6166656492736633,0.07042143252495196,0.8915416091603741,0.41660107301687826,0.06635473774237846,0.45035048147140644,0.5010997346821294,0.08042441954601308,0.11230768126381828,0.5130307739663714,0.08812300657225135,0.09559278811511336,0.3111486107594052,0.034363454322930864,0.072458911223008,0.3833920687747403,0.10070820912112609,0.07108464289783288,0.5382692547961878,0.17472635241093593,1.3760198320339083,0.39422469590309034,0.17140763709943757,1.6340061883224928,0.30053496079879666,0.17373017931483606,1.4839559343477893,0.2366596089080863,0.29675682175115564,1.3478237314456216,0.39114383387527696,0.5229495913431277,1.2868411982816972,0.373627648319991,0.7333611023873694,1.256274429594487,0.31515535644352605,0.8372126842769514,1.1999578578325076,0.25511276856982446,0.8525376494062127,1.1861615560085046,0.26455268409022464,0.8352715377827434,1.1721239711768494,0.3097323305030868,0.010795843155239654,1.3535794521372495,0.41183632680752236,-0.2092429527433045,1.3164921377184444,0.3445040105945686,-0.41491447295158024,1.316889992447321,0.27823286341182274,-0.48174523328732544,1.2211791866756663,0.2591868007287781,-0.5020249741770433,1.2427295772670486,0.2563793639807704,-0.4750193164219463,1.2541171328810967,0.2955560273044383,4.0
0.2423875803659684,0.8976143812232574,0.3987340150807247,0.2716109161934829,0.4821998729454942,0.46319814024528816,0.27369422463293813,0.1132157418393071,0.5154448164342301,0.2576263015173309,0.0822474679237498,0.3281567981027881,0.31190953260422044,0.08868917379825321,0.355928804777197,0.2576229468600253,0.027711974831257292,0.6167529058614571,0.06996997606315201,0.8914373012969841,0.4167392441246554,0.06634384347979594,0.45061640634241734,0.5012057671029647,0.08042370870574851,0.11231382137688796,0.5130272701384098,0.08824313300750589,0.09482125560840723,0.3107029475172376,0.035453372279319495,0.07362943210947334,0.38015482643117554,0.10103347995162622,0.07103381139312649,0.5384322278524087,0.1744728549976457,1.3758762851224422,0.3947592345985377,0.17333248120037797,1.6342514435155906,0.30163346569487215,0.1739383597541596,1.4839922535051258,0.23572265756854574,0.2966355084411433,1.347890589962328,0.39116632516866684,0.522926642498489,1.2861889656986254,0.37284169763190655,0.7327644565235173,1.25388918833325,0.31436545383922837,0.8328817771311421,1.1903156921723,0.2586880283751831,0.8478099829733089,1.1800481000063892,0.2710913573604341,0.8258080654825486,1.169843614410176,0.30294123393120453,0.010659206886991544,1.3561841359177271,0.41186954063266734,-0.2102199754295458,1.3240876364358054,0.34647847875637794,-0.4144718800424203,1.3303447389215877,0.2809686895213216,-0.48367027693225534,1.2351364790384947,0.2602275118153634,-0.501594481236028,1.256152097040811,0.25776874931032784,-0.4742958926296741,1.268507035155828,0.287746305292784,4.016949152542373
0.2421431962302474,0.8976043170550859,0.398619554175884,0.2716527547242819,0.48149186718970033,0.4631807158732507,0.2736821705578291,0.11321447655702005,0.5154527112484494,0.2578033905852018,0.08111331746134198,0.3278246280170736,0.3119232029426725,0.08874753569939747,0.356016290551947,0.2576022689531503,0.02758262095360239,0.6168147378705509,0.06950419781407545,0.891319221712587,0.4169004002687862,0.06633020233061211,0.45089558767579846,0.5013106731921769,0.08042178053765632,0.112320985249151,0.5130238324603937,0.08836308148607952,0.09411582462152052,0.3102519274557346,0.03647013340277516,0.07482017723398242,0.37719930487486464,0.10120622081869891,0.07101423705885544,0.5385269296047065,0.1739917889492803,1.3758389299806215,0.39457397302565195,0.17596673195244178,1.634453526069167,0.3036106395612237,0.17440804173560204,1.4841476359872021,0.23399962180459985,0.2965223764767816,1.3478570523882138,0.39118618694310503,0.522863625286226,1.2853650188170118,0.37224561723516664,0.7326239951689946,1.2513202186141796,0.3137985926935208,0.827003668339201,1.180482590794006,0.26293382545542393,0.840525208810441,1.173990495071662,0.2760667926034672,0.8138482048350257,1.1681144603861335,0.2948972753304366,0.010449613746610818,1.3583745608014024,0.4119082076303096,-0.21141227324906087,1.3340437979348954,0.3493265938092018,-0.41240075178035684,1.3441913458435308,0.2842989173945531,-0.4822591027925106,1.2494496907209447,0.2595542429246085,-0.5002194414261033,1.2705209850227825,0.25908750556455684,-0.4737869336503645,1.2837331096685816,0.2856700265529507,4.033898305084746
0.24184823766563698,0.8975921589905492,0.39848537436462833,0.27161327256384055,0.4806266432638528,0.4632862817909828,0.2736732138300533,0.11321476688380333,0.5154702364170466,0.2579906045709463,0.08023119168352758,0.3275432773786041,0.31193760368629386,0.08881619106825875,0.35613206416750437,0.25754007301038223,0.027698699907371522,0.6166147914599672,0.06904877790913408,0.8911784600132158,0.4171193771922669,0.06631503848906407,0.45117661635484574,0.5014100375776281,0.080418323789194,0.11232649242551218,0.5130228102471327,0.08846501756237954,0.09358150377052012,0.30986190358856225,0.037267895792921064,0.07585491323459218,0.3749466370798248,0.10120315569383424,0.0710286728382877,0.5385419861770414,0.17353426184510565,1.3758407078816743,0.39413547548099676,0.17913209916143302,1.6345454983293874,0.30640942565686036,0.17510944098618625,1.4844226068637076,0.23175449872058146,0.29655910144912123,1.3475723903488286,0.391233722710405,0.5228573650403547,1.284455476873858,0.3721185030980127,0.7328346336853644,1.2486756949884694,0.3133591171822049,0.8197314451607167,1.1716939775825963,0.2656076636348904,0.8311249679899377,1.1687331427462408,0.27793194540399974,0.8005461196849665,1.1666603604572967,0.2872333000640312,0.010186063031170506,1.3603530818814509,0.4119450686041427,-0.21265467316819278,1.3455042356541262,0.35240214822783666,-0.4090527821646712,1.3581264860575162,0.28767523602139405,-0.47707204974988204,1.2641001793199702,0.25771799112995697,-0.497687243254677,1.285830517775323,0.26079177531230213,-0.4732048213914454,1.2992181588633978,0.29018923027425797,4.050847457627119
0.2415137026036243,0.8975770880949695,0.39833843411184594,0.2714440946655352,0.4796792143239798,0.4635981717490356,0.2736679118409216,0.11321685944175547,0.515490296576558,0.2581420712441854,0.07990170316457769,0.3273239875368656,0.3119478299781724,0.0888869680234796,0.3562413001393639,0.2574721228529753,0.028024237922783475,0.6161022011998437,0.06854699350468578,0.8910062118796724,0.4174122276609782,0.06630037201965125,0.4514098994131388,0.5014882699720977,0.0804131883824279,0.11232942222075828,0.5130254268981629,0.08853367711083855,0.09329117478840437,0.30959722488126695,0.03773849083063458,0.07652866652428897,0.3736958286370972,0.10102529905188946,0.07107439575113803,0.5384777127355103,0.17345366503717002,1.3757558645303776,0.39369615332316177,0.1824482296024201,1.6345180764970746,0.30985026741758526,0.17590200239990894,1.4847366457748035,0.22939299888965564,0.29683465844701634,1.3469122787925494,0.39133921719459447,0.5229342124897756,1.2836084773756606,0.3723393296486749,0.7332092378027031,1.2460319218496012,0.3129965757321715,0.8113801624406111,1.1651676262398838,0.26498070654445793,0.8203984213499518,1.164978618720608,0.27572562765891767,0.7875404376854114,1.1652634078076733,0.28114298427233214,0.010002480967388684,1.3622332807962494,0.41190442305226477,-0.2135917813472007,1.3572109340811163,0.355120790370951,-0.40513092010664076,1.3721707950193043,0.29017543090048764,-0.46853981103548603,1.2792146487876,0.2552150374399498,-0.4939833801150933,1.3016230153016983,0.2624418693264655,-0.4717058539214388,1.3144852299107512,0.2989976860975287,4.067796610169491
0.24114759984893158,0.8975595537565307,0.3981841784125974,0.27110941775651376,0.4788790378172662,0.46393630473395114,0.27366486802571977,0.11322076704332487,0.5155061119156003,0.25825299007894614,0.08022766869049171,0.32717547326469215,0.311951492330668,0.08894472573219249,0.3563259192432558,0.257443479205996,0.028352838711231575,0.6155258547513037,0.06793215551053045,0.8908155031024535,0.4177228417599142,0.06628764420132166,0.45154043884633926,0.5015264031664188,0.08040696366130529,0.1123307608338471,0.5130308559577816,0.08856397101360212,0.0932357985497055,0.3094863975666944,0.03787088606120464,0.07675847236501157,0.37345500154805794,0.10072059311610347,0.07114150958933582,0.5383560587842563,0.17397541405732894,1.3754953440954523,0.3932941003110503,0.1855482775964154,1.6344347322684745,0.313606067136755,0.17662031424193456,1.4849972375766407,0.2273643649406546,0.29734762769656886,1.3458597818737277,0.3915119245849904,0.5230614857035433,1.2829861196309982,0.3726954538628474,0.7334781965430128,1.2435172462220625,0.31292593336817076,0.80251348127983,1.1616999552143785,0.2607171663669604,0.8093920896198046,1.162983782753195,0.2696675629003359,0.7765355100799369,1.1638853441217678,0.2775238630901329,0.010064427637220652,1.3640226979043717,0.4116612420760194,-0.21383285930084223,1.3679833341699505,0.35713584532171916,-0.4013086255189736,1.3865334940085923,0.29111058388381195,-0.45816735118683716,1.2945150432057226,0.25255579590013966,-0.48941243183120275,1.3171527926525752,0.2634069459069954,-0.4682846400895441,1.3291384398989643,0.3081642050902466,4.084745762711864
0.24075644192260703,0.8975429982622314,0.3980244081333352,0.2706002376712818,0.47847405862177855,0.463914120522281,0.27366199095716737,0.11322892812734706,0.5155135773787548,0.25835957933926174,0.08100341922890583,0.32709785520056384,0.31194915826854946,0.0889661622328574,0.356368354040661,0.2574784330278141,0.028598613290895043,0.615020576903233,0.06720141008658563,0.8906463788815011,0.4179175197994588,0.06627651270376711,0.45154033391077786,0.501511653820029,0.08040058689974722,0.11233252381224783,0.5130368433255215,0.08856613746231763,0.09330595332066696,0.30949836802676867,0.03779312186942986,0.07665583471892533,0.37381998121780696,0.1003664419809123,0.07121732260023701,0.5382118172002067,0.17512116400556213,1.3750399011702519,0.39293934408928716,0.18823524865451063,1.6343883172144946,0.3169371589293322,0.17712815573733473,1.4851460944359298,0.22602172019296632,0.29810115485044963,1.3445317810104662,0.3917532391252946,0.5231748576149333,1.2826369036016716,0.37305075479365346,0.7334406377589495,1.2414461601225277,0.3135348855985228,0.7938962196082855,1.1611370273008423,0.253750282062197,0.7994015452139557,1.1623394816683552,0.26160481634044985,0.7685283451855021,1.162433449698967,0.2771781867726428,0.010433410493351326,1.3656907124714648,0.41117749376707147,-0.21328308938405793,1.3769814773332034,0.35831268431431673,-0.3981300117904759,1.4011923082412856,0.29075629079030024,-0.4482055356640544,1.3095891284963284,0.24992490282440044,-0.484553827731471,1.3319056596001542,0.26356247331493676,-0.4625409432672738,1.3427014276650848,0.3136490346071848,4.101694915254237
0.24034601524754962,0.8975373318479117,0.39785664802702925,0.26992451290596753,0.4786094470517648,0.46313864437664304,0.2736570888845863,0.11324632041885671,0.5155099729324383,0.258487516895966,0.08184213057268214,0.3270765802380321,0.3119435869121632,0.08893409820756235,0.3563459079148548,0.2575570528916562,0.028857954033429157,0.6144699922810329,0.06639652537834073,0.8905376375787397,0.41787123356769923,0.06626521907887611,0.45141276994968077,0.501442390648694,0.0803944101958473,0.11233633263112605,0.5130412396719999,0.08855855407702265,0.09336638780516382,0.30957096733562967,0.037687471201398044,0.07640622701702257,0.3742257725779332,0.10002876569276263,0.07129137908540145,0.5380751702850257,0.17675040375422357,1.3744318506652493,0.39266924998281966,0.19046848235946495,1.6344169461976668,0.3188422667456862,0.17741035295033908,1.4851862301943213,0.22539217539456582,0.29913247561478645,1.343127457923191,0.3920653895927935,0.5232172771759831,1.2824614856580436,0.3733883012615741,0.7331955670409356,1.2402826538869751,0.31502969949327586,0.7866215573092656,1.1622139140513372,0.2458901487894281,0.7919331288351847,1.1622091420307807,0.2543632887190647,0.7633504275562454,1.1607184471217709,0.28008088257216646,0.01111113490451359,1.3671765602257202,0.410707793881205,-0.212213829363783,1.3837773341363464,0.3587774897848449,-0.39604210894515535,1.4157728278565636,0.28999275944411335,-0.44077004292127214,1.3243970858549572,0.24700869469342004,-0.48011966503926184,1.3458298408174254,0.26313240006245714,-0.4551674373960105,1.35475718735024,0.3124247733912462,4.11864406779661
0.23992119059086814,0.8975630576079825,0.3976766043851065,0.2691026092396455,0.4792950153013364,0.4613923942807419,0.27364775232480254,0.11327747615000491,0.5154930359318137,0.25862710535980715,0.08249290347800296,0.3271095797977093,0.31193794000444164,0.08885703243662736,0.35625854730454987,0.25762286073946317,0.029200625563205636,0.613798025291606,0.06556670632649071,0.8905084863681056,0.4175321721700433,0.06625130488484757,0.4511911937049713,0.5013293015409634,0.08038799033862555,0.11234237717121591,0.5130429945243714,0.08855282305527845,0.09335621760560431,0.3096627202325099,0.037647601909186,0.07609410231336916,0.37436927868236514,0.09973754233448845,0.07135594445666307,0.5379607280368406,0.17862462684524852,1.3737508694757856,0.3925222979701572,0.19233088869577747,1.634441974596702,0.3187675004530406,0.17764720352343155,1.4851825074445746,0.2250980362498537,0.3004047904086293,1.3418538806834905,0.3924376069698165,0.5232099175424869,1.2824125416428318,0.37376486461116454,0.7332131973634859,1.2404288638333505,0.317260187029448,0.7822165397549465,1.1631449339387394,0.2398484397376551,0.7883461183892737,1.1617426554070367,0.25032008398645833,0.7603950523670455,1.158594555205168,0.2851088024786268,0.012169177759733687,1.3684014403305245,0.4107520450514496,-0.21098154720528206,1.3884058321183343,0.35899727590800284,-0.3951253007913722,1.4297215424402427,0.28934936946952683,-0.43686382880278407,1.3393150195779968,0.24314341872917453,-0.47674418081041003,1.3591648057591739,0.2621963441830017,-0.4478262524520522,1.3654636545784626,0.30384008031213,4.135593220338983
0.23948770709065212,0.8976411889881744,0.39748231362856334,0.26817062376004763,0.4803808053843131,0.458809718055033,0.27363281967927233,0.11332371722983717,0.5154613555045732,0.2587586773328858,0.0829200198146026,0.32722906219673653,0.31193535068735967,0.08877196336436194,0.3561417946813835,0.2576239648584125,0.029591089043273178,0.6130807595983406,0.06474803970196792,0.8905547249012732,0.41695885116246806,0.06623274984241159,0.4509320078998801,0.5011895862713059,0.08038085568935731,0.11234968254735508,0.5130421338179426,0.08854993883718439,0.09329773170579964,0.3097599741361302,0.037660860858619846,0.07572363448290775,0.3742861643803475,0.09949469364249369,0.07140474938773708,0.5378695565986067,0.1804381817852464,1.3730925161840237,0.39251203223955183,0.19401577119594995,1.6343277464250618,0.3169779813081775,0.17812801832629294,1.4852246245636656,0.2245906083101078,0.3017396939483537,1.3408470604095202,0.392854138415326,0.5232972307175365,1.2826453533422402,0.37415872594005906,0.7340485804256565,1.2419989729756091,0.31989452605274943,0.7821660923082885,1.1628063474429322,0.23864480639626373,0.7893344945147197,1.1605152595795918,0.25071223873871923,0.7598440529362144,1.1560999246826813,0.2911464004459282,0.013715363633492472,1.3693107470669927,0.41168632684095907,-0.2096831389772286,1.3914002913809098,0.3594182828619849,-0.394834348954879,1.4424262608446201,0.28881551739359357,-0.43589260392720475,1.3549372408589366,0.2375310582067538,-0.47475444661001565,1.3723117965334573,0.2606816798726324,-0.44246615760496877,1.3757095618091402,0.29080772726520726,4.152542372881356
0.2390568310693279,0.8977627307579723,0.39727983517400706,0.26718372410333247,0.4815939471222828,0.4559017238959671,0.2736141392042427,0.11338139507424383,0.5154161133679752,0.25884645677970397,0.08314256036950157,0.32745910713554904,0.31193760560486433,0.08871459627925425,0.3560340809410414,0.25754434891425365,0.02997284145536283,0.6124100030332634,0.06394425488847288,0.8906369496357481,0.4163779371336761,0.06621059915818196,0.4506768945713054,0.5010337225253956,0.0803734435810824,0.11235702887410526,0.5130395484935004,0.08854771537982456,0.09323473285735805,0.3098529844764128,0.03768246152303393,0.07538611255863328,0.37414827480569046,0.09929013540471285,0.07143707558369164,0.53779633317278,0.18188533873951618,1.3725496407642794,0.39261237717992953,0.19574859138151934,1.6340136198056663,0.3142640301752136,0.17904152572117082,1.4853738477893175,0.2235035228734985,0.30291237915096003,1.3401143327492158,0.3933314538558845,0.523646406538979,1.283338693352393,0.37427662643189585,0.7358897074958166,1.2448557321646208,0.32263201064546465,0.7870284866204911,1.161680993189237,0.24381675891532156,0.7948000833085244,1.1589964960390884,0.2558395366286729,0.7627320642433715,1.1538460965554544,0.2978675685955706,0.0157237534740415,1.3699339515273494,0.41352474197632194,-0.20803514986684216,1.3935878740795207,0.3598455821430042,-0.3942895474171739,1.4533485470744247,0.28826414011695456,-0.4363830673534653,1.3716252008938998,0.2300175241806363,-0.47421143418875344,1.385869388505775,0.25883292106729533,-0.440513366920003,1.3865993658621067,0.27798735026127624,4.169491525423729
0.2386465839486175,0.8978786596194921,0.3970843790986362,0.26620504384044624,0.4826730813875651,0.45327370430140873,0.273595730310085,0.11344171257619497,0.5153626531873249,0.2587910179299621,0.08323380563676402,0.3277700127291987,0.3119411487166346,0.08868284154062403,0.35594146861297843,0.2573969568602112,0.03032023280243866,0.611818430120109,0.06314213789595573,0.8907018819625988,0.4160606019230284,0.06618961742184488,0.4504163229588223,0.5008624267412579,0.08036723618096259,0.11236344020044195,0.5130366613907138,0.08854501088118737,0.09319090815769523,0.30993050468470373,0.03767680136139654,0.07528351843363501,0.37410988383806537,0.09910354327119901,0.07146326859800341,0.5377298408926454,0.18282761410698128,1.3721851480681764,0.39278498167289067,0.19767353831551815,1.6335255465945369,0.31142041653533736,0.18035669208986715,1.4856328626808648,0.22183975808591297,0.30384909345705946,1.339609750534166,0.3938694880209622,0.5242654988794064,1.284453475315195,0.3736244102621516,0.7384179544295528,1.2488630193323567,0.32524016246608356,0.7960041800964331,1.1615989180917314,0.254290227468506,0.8040922836578479,1.1585253429917957,0.26521301900912486,0.7698438643236152,1.1532662906579791,0.30510631345463823,0.017961483561844297,1.3704373665644305,0.41600804340886044,-0.20560044737833383,1.3956716525482167,0.35933363398535895,-0.3928099932199137,1.4622639775107142,0.287345389334041,-0.4372155735822815,1.3891324354587384,0.22173073277545483,-0.4749879183199316,1.4006540943284862,0.2573111977110414,-0.4424692748256429,1.3990568734201843,0.2680704578357537,4.186440677966102
0.2382753384845554,0.8979362827934082,0.3969128704804361,0.265291361534502,0.4834529948890789,0.45128097523243993,0.27358143464474166,0.11349434814047749,0.5153081735838664,0.2584621547175843,0.0834050527298876,0.3280935431611893,0.3119382154352967,0.08864813751991805,0.3558435439467791,0.25720009361142193,0.03062643229102802,0.61130913443457,0.06233352641172041,0.8907238890089797,0.416059287304184,0.06617425291970316,0.4501110987232647,0.5006808613321194,0.08036383783217249,0.11236822375055015,0.5130340545729184,0.08854150663334437,0.09317189792874628,0.309985630792598,0.03763187158434925,0.07554821332043943,0.3742327784802883,0.09891219415450193,0.07149679054106198,0.5376560474510965,0.1834035215398213,1.372007638315147,0.39301333986545994,0.19976395177369555,1.632895903370636,0.3088176789511626,0.18188614204030432,1.4859584346806929,0.21988100792031234,0.30472334228316084,1.3393758127793929,0.3942751981239746,0.5250101912458232,1.2857428850327068,0.3719590407438118,0.7410937194046698,1.2539239236892943,0.32739275852399885,0.8074452519758311,1.1645117910677727,0.26706887793537004,0.8162184191767787,1.160687502147809,0.2774174530748569,0.7808746969070299,1.1560019498777656,0.31214741564872284,0.020104570146439717,1.3710529545064856,0.41875704510343836,-0.20211816551260003,1.397942362492946,0.3567929698810545,-0.39007192252239914,1.469344813634618,0.2851599040777719,-0.4379631178651725,1.4069900111570532,0.21443386011808313,-0.47650705356368583,1.4174851466964655,0.2564229021047576,-0.447768605506902,1.4138177921849084,0.26073191182953215,4.203389830508475
0.23795553291519517,0.8979144376011342,0.39677731909986846,0.26449845051314086,0.4838914681715982,0.44994191389717486,0.273572944405873,0.11353441090837448,0.515256507142842,0.2578446691289714,0.08382766601787746,0.3283669702651837,0.31192492221350443,0.08859995950338752,0.35572316354516265,0.25695374167668317,0.03087535895034597,0.6109054455348405,0.06150728847984117,0.8907008229276282,0.41622100318326066,0.06616540837503204,0.44975174405467666,0.5005050887451984,0.08036405955629933,0.11237091814890088,0.5130306077034228,0.0885376515459194,0.09318047752394859,0.3100178503428481,0.037562649655424246,0.07612783939767703,0.3744793874777351,0.09870719741066349,0.07154072548575267,0.5375670032664002,0.18389559052762913,1.3719723354327424,0.3932942267693431,0.20180326345036115,1.632154767625529,0.30641620916400747,0.1834065493186583,1.4862907537615795,0.21799144671885096,0.30578153212827847,1.3394890521569383,0.3941454323133611,0.5257958773544825,1.286957706602585,0.36965189228587875,0.7435098910088425,1.259825774230378,0.3284690505346532,0.8196989122473517,1.1715592688074998,0.2787613532001484,0.8299079909429237,1.1666866153439293,0.29012393408945714,0.7944784133076679,1.162958863142662,0.31794967503633337,0.021919608603773823,1.3719014063709012,0.42135309861849973,-0.1976140298654711,1.4002869861443406,0.35186236177418095,-0.38602891763958347,1.4749338753367658,0.28084902446984134,-0.4385200179277375,1.4249175798614275,0.2094578181736429,-0.47772134560899515,1.43659840738874,0.255480480293082,-0.45480816545192637,1.4311640752012615,0.2543569440927843,4.220338983050848
0.23769484922537645,0.8978195840721672,0.39668544717447407,0.2638616790467801,0.48408239065021463,0.4491272503607457,0.2735698433666838,0.11356976421624454,0.5152062630643469,0.2571205696827236,0.08437977889227237,0.3285647755966183,0.3119039603853216,0.08855442092312572,0.3555819184994506,0.2566237679967035,0.031022827674374982,0.6106831646058062,0.060662377765950945,0.8906256659845164,0.41645652259619326,0.06616111890836524,0.4493784647803504,0.5003517573891001,0.08036763463517636,0.11237166585954789,0.5130244063887843,0.0885339009225239,0.09321668388535424,0.3100330439797803,0.03749060652019342,0.07687207385292719,0.3747820029981764,0.09849430272357929,0.07158811933571448,0.5374633384395016,0.18449770612330257,1.3720086034570336,0.3936136952764922,0.2035089025208561,1.6313718210277743,0.3041538714382181,0.184714227075121,1.486567431483772,0.21651421805300902,0.3070932699302902,1.3399033695440725,0.3931624687591686,0.5266962371166731,1.28799988731393,0.36747957647558593,0.7454855447154202,1.266242670843877,0.32785899786678263,0.8314466718843292,1.1827906610665686,0.2873487912617359,0.8436083645078344,1.1767960926453995,0.30113352821976525,0.8087917869106943,1.1739023394048484,0.32183231559951453,0.023329963554950324,1.372917052474026,0.4233955348295498,-0.19233420256327277,1.4024052663135624,0.34523010353458977,-0.3809451057999016,1.4792509398957592,0.2744781294507242,-0.4388212547457991,1.4424865588436553,0.2072828008996617,-0.47767237827325437,1.4571037773670408,0.2532923447377778,-0.46156841469864546,1.4503900724525296,0.2478001664244584,4.237288135593221
0.23750162357728766,0.8976635089105133,0.3966418882677465,0.2633557073850364,0.4841715210782699,0.4487635944146433,0.2735724828921407,0.1136247938321105,0.5151540972058073,0.2565551956561985,0.08470790740959622,0.32869660861061006,0.31187728948570304,0.08852416182352088,0.3554332546428285,0.2561687895899378,0.03101717035487312,0.6107334456412309,0.059838931602843544,0.8904880211191271,0.4168194488833391,0.06615827484331606,0.44904390748365597,0.5002299655129658,0.08037293996152686,0.11237155770840734,0.5130141771845581,0.08853017541074051,0.09327161684382446,0.3100369316226043,0.037426676806708,0.07764901207068527,0.37509173915350275,0.09828389951441775,0.0716308865826989,0.5373521081162552,0.18522642799884403,1.372065129422929,0.3939389977079908,0.204732898488214,1.6306604198010684,0.3020710040224193,0.18563836730234595,1.486724990657483,0.21570489309989382,0.308557544122408,1.340485396974409,0.39134192466491585,0.5278283686045666,1.28885068264109,0.3660317557419274,0.7469447604666684,1.2728631732067637,0.3257969836314514,0.8416522734482064,1.197049483039632,0.293334271796015,0.855734549638546,1.189987459616166,0.3100290412585465,0.8219165935956216,1.187571744030387,0.3238735001812163,0.024308063784472624,1.3739388310707772,0.42458928357021386,-0.18673617410969193,1.4040712627438379,0.3381354180860112,-0.37540855712327426,1.482315202063628,0.26696300875360074,-0.4387584580554106,1.458768188194121,0.20740179794159574,-0.4759710710376451,1.477121467471363,0.24915724278329854,-0.466549768288655,1.469716199978301,0.24100141669433395,4.254237288135593
0.2373882459044507,0.8974468845453346,0.39664508881106597,0.2629258181157175,0.4842404602053443,0.4487985060141665,0.2735824843975797,0.11372638668230399,0.5150982068103603,0.2563120436735355,0.08453043418628112,0.32877798394321817,0.3118358238904068,0.08850239728511931,0.3552928622829435,0.2556119185244268,0.030865075724769993,0.6110429873111358,0.05910022693885735,0.8903047231026658,0.4173192162909376,0.0661548616438258,0.44877658887815053,0.5001413676160535,0.08037743109550194,0.11237116127649098,0.5130011670606671,0.08852779918936579,0.09333141129305592,0.3100299920696101,0.03737602168327029,0.07836632668458118,0.375370213601904,0.09808568352515457,0.07166336125658904,0.5372473870141602,0.18596898213066937,1.3721432502593378,0.39422419938248593,0.2055415277697511,1.6301324898772607,0.300113321361343,0.18609175810552347,1.4867156179010137,0.21558774615396384,0.310070559832945,1.341137032462797,0.38897720310441236,0.5292261706985038,1.2894613341355192,0.3654299775966804,0.7478769139207402,1.2793888387157943,0.3235927291367205,0.8497211490882878,1.2121660286644744,0.2986743082008305,0.8653294438466042,1.2043047452023663,0.3180584229806378,0.8321729098960925,1.2021167822106529,0.3245803592939803,0.02480527465670292,1.3748263192158734,0.4249050182081615,-0.181479972610615,1.4052220783399674,0.33185247395229067,-0.37016603708143475,1.484083760108182,0.25942524281164847,-0.4383132918526595,1.4725159033225215,0.20857275016621535,-0.47289730502638216,1.4944843006408137,0.2435031084870887,-0.4693608196924858,1.4869070623922813,0.23479614589921116,4.271186440677966
0.2373694702854878,0.8971525779752,0.39668883086276174,0.2625495789273782,0.4842927579089474,0.4490781070393976,0.27359750278155237,0.11386815865318657,0.5150400711330111,0.25638938145344686,0.08387857727039316,0.328818788550664,0.31175610980335844,0.0884763164613226,0.35518788687217967,0.2550606903346852,0.030655967415493528,0.611450968502895,0.05847824618348105,0.890129911309553,0.41781070883125604,0.06615115352268386,0.44858003566766624,0.5000837966840564,0.08037945016273075,0.11236885189748846,0.5129895850295214,0.08853017734100577,0.09338487425064582,0.31001287885167306,0.0373446164773827,0.07894149237214673,0.37558199523559727,0.09790957693111899,0.07168065423842718,0.5371687118840169,0.1865749616514623,1.3722575560626988,0.3944309685362471,0.20610407716038226,1.629822999078273,0.2981345881533347,0.18614864670664055,1.4865641623401065,0.21587457763387805,0.3115483086566834,1.3418036633442292,0.38645297780635784,0.5308254774851447,1.2898993121940658,0.36564420680522447,0.7484049246013702,1.2854357558489302,0.3226464879602793,0.8558328833063267,1.2257640809381534,0.30451591867464095,0.8724561298937323,1.2177891031575379,0.32598894933418776,0.8384819514793835,1.215700974775031,0.32430444050044377,0.024863821196395727,1.3754879770812414,0.4246693711419155,-0.17719540129190664,1.4058205660844474,0.32741892491452257,-0.36586113247772767,1.4845952927618855,0.2528185418156874,-0.4377508607004717,1.4826155155031076,0.20972774322507404,-0.46927322259447035,1.5074604344412426,0.23772722947531064,-0.4707420228829332,1.5001908370413755,0.23055020016703498,4.288135593220339
0.2374519814529285,0.8967596364125273,0.3967703911924098,0.2622315630834959,0.4843120710064104,0.4493939830215199,0.2736086912217314,0.11399800711541165,0.5149852325734006,0.2566985532055597,0.08307198552658057,0.3288415674980764,0.31163490425607054,0.08844105503868221,0.3551671920243585,0.25462915448043233,0.030503455090794503,0.611779410390514,0.05796212157098325,0.8900155554408175,0.418124327930682,0.06614851765531059,0.4484482584617011,0.5000555140876415,0.08037940932618193,0.1123624523370212,0.5129836428023955,0.08853933767225045,0.09342672190556937,0.30999111225330134,0.037334785802503045,0.079300294449684,0.3757075136911181,0.09776957758774009,0.0716808161757144,0.5371287935201041,0.1869456708702309,1.3723458076071704,0.394553196703795,0.2065269219333961,1.6296567754121336,0.2961298102824278,0.18601926026224952,1.486412355316133,0.21618592804925463,0.31283727129397554,1.342414162624759,0.3841293271154133,0.5325572935765305,1.2905650048827395,0.36671989643299124,0.7487690530126745,1.2905832466665854,0.3232305321058924,0.8607406189040425,1.2362444996394006,0.3102120615555976,0.8777297846031309,1.229092789304432,0.33267362990632715,0.841013787758637,1.2269213219383204,0.3232699700539162,0.024693314718709645,1.3758409139686933,0.42433531549154396,-0.1741706607127143,1.4057509708431133,0.325211042295874,-0.3628177649283287,1.483963190519277,0.24788027469238533,-0.4374622796293695,1.4885729494770836,0.21060213187858326,-0.46607559516743907,1.5151845357100988,0.23324031904538606,-0.47199838699910357,1.5087746450911999,0.2295097650283091,4.305084745762712
0.2376157020945313,0.8962883491384627,0.3968938826962912,0.26197748665464987,0.4843135241854595,0.4495871739376459,0.27360650001623205,0.11405773110879419,0.5149411635431445,0.2571463046725919,0.08243880770976575,0.3288772376378165,0.3115527733664029,0.08839651482629365,0.35526742663535665,0.2543741141349208,0.030485218438409213,0.6119554952604636,0.05753172503920628,0.8899697899825945,0.4182266212562544,0.06614825967767646,0.4483768924819615,0.5000558968739716,0.08037890101859475,0.11235200977938219,0.5129845411387559,0.0885533044423234,0.09345486720965872,0.30997138700168675,0.03733684659213102,0.07943286669789391,0.37576093166698693,0.09768764445725348,0.07167691215541526,0.5371083343266724,0.18708567842919338,1.372261423769336,0.39462306881169096,0.20680663847845404,1.6295405236118714,0.29430126410037116,0.1858915907958162,1.4864415480968085,0.21635936838794625,0.3137329279063143,1.3428429828575956,0.3823247996253351,0.5344030865178457,1.2920556508475987,0.36836932564861585,0.7492177031014622,1.2945490086781013,0.32433266550370937,0.8649203303338788,1.2433188754008526,0.31383257300773754,0.8816723612894208,1.2375489082887803,0.3359796674168479,0.8412325307943952,1.2349601259802303,0.32192026820702135,0.02453993795027056,1.3758134245749063,0.42413188980541894,-0.17224579014357283,1.4049429488364704,0.32462233273807045,-0.36102718882766094,1.4822761604050079,0.24515539233976058,-0.43763351062391,1.4907242080291259,0.21150799510219825,-0.46401132555358154,1.5176996596930015,0.2307133025074641,-0.47410549268423346,1.5125896330717699,0.2315857904593447,4.322033898305085
0.23781180662123977,0.8958165073046005,0.39707796780751403,0.2618117915727482,0.4843445599888751,0.4495802245908191,0.2735867535408076,0.11402281293647898,0.5149132268967173,0.2576201156386799,0.08207759521097795,0.32892501989215317,0.3116581742910014,0.08833829239558878,0.3554645139082553,0.2543061569950875,0.030606728937268856,0.6119880524053727,0.05718244945352294,0.8899686434008767,0.4181918290693174,0.0661511770334931,0.4483658358343289,0.5000836762208927,0.08037907859641423,0.11233945618993572,0.5129905937446998,0.0885674558134793,0.09346559535713868,0.30995711805461873,0.03733188016435118,0.07941609317154577,0.3757862541060716,0.09768923720809197,0.07171247496159038,0.5370309095291765,0.18710157473246092,1.371879109653106,0.3946987787040953,0.20692681236749738,1.6294513241044555,0.2929476468101179,0.1858272806067091,1.4866948656816117,0.21644361735185771,0.3141158159951154,1.342960891588817,0.3813012823255738,0.5362803888626646,1.2947420977216566,0.3696922765539966,0.7499185972315607,1.2973366238602917,0.32466688421527373,0.868068972568725,1.2477837170455797,0.31323274121221406,0.8847255583334368,1.24303336884892,0.3347590586412071,0.8409017156396748,1.2396847496297732,0.3207621738559957,0.024512109179232397,1.375418916200495,0.42404010606685416,-0.1709649298502834,1.4035301159080984,0.32440615232065895,-0.36033010345193883,1.479616833546885,0.24473822583692725,-0.43823151430642415,1.489854834252686,0.2127763458063227,-0.46346283812633066,1.5157843336177215,0.23014839440086066,-0.47706174602483514,1.5119201034674397,0.23450260802490763,4.338983050847458
0.23798947358752273,0.8954147376762863,0.3973529708191752,0.2617932382482445,0.4844226646196764,0.449416295160488,0.2735504975405975,0.11390024904927316,0.514901981388294,0.2579539435619669,0.08190701607470004,0.32892462189679345,0.31205162744575876,0.0882584277900692,0.35569165278428416,0.2544047239734735,0.030794335794048538,0.6118741589994424,0.05694167784524474,0.8900074645911767,0.41803554061306547,0.06615704844761486,0.44841665776631345,0.5001367859630326,0.08038003490242825,0.11232638140853238,0.5129993199318289,0.08857709811316283,0.09345609059524326,0.3099493049913151,0.037312284688804785,0.07931934131741142,0.3758066375630881,0.09777287024844926,0.07184401714460116,0.536796437272678,0.18712470948632942,1.37119715954541,0.39483031461089707,0.20693592597994648,1.629388355943222,0.29236792674126283,0.18581012545884762,1.4870065965893111,0.2165091458672243,0.31406375429162836,1.3427791328931744,0.3811255441276841,0.5379561017554455,1.2985390510994896,0.369764508934442,0.7510129001599489,1.299331884153802,0.32354521310591206,0.8695662952183245,1.2507795113347584,0.30696632169953625,0.887386005591194,1.2459436998811368,0.3293621329390588,0.8410001820127871,1.2416881626053349,0.3198015651282574,0.02456987521506855,1.3747649000421511,0.4240264625989384,-0.16995589616451245,1.4017906072440676,0.3236286880335787,-0.36050605870049496,1.4762298022911589,0.24585606411881905,-0.4392393917746229,1.4866910057484723,0.21440325633609464,-0.46458989193594924,1.5107102842040057,0.2311820770561721,-0.4798334957661915,1.5075485529901855,0.23496486165275166,4.3559322033898304
0.23811029312410703,0.8950968678346551,0.3977027779132104,0.26197599328173365,0.4844752807268383,0.44926289210896025,0.27350102862248926,0.1137079775298837,0.5149025897785988,0.2580155034401755,0.08182766976287384,0.32878150038634907,0.31271931500727834,0.08816283101565055,0.3559019764482652,0.25461844986986865,0.030967743329124393,0.6115494360153798,0.0568660288445362,0.8901250372651511,0.41764018134601955,0.06616472190914015,0.44853201588673985,0.5002138508071501,0.08038105367456183,0.11231319028763895,0.5130081580428587,0.08857912762309642,0.09343222114777729,0.30995017992680557,0.03729469598521514,0.07912369516895851,0.37578666478767253,0.09787255468112357,0.07207204920139884,0.5363995940689339,0.18720989942252445,1.370361900981618,0.3950143060471656,0.20687816790907654,1.6293476190785916,0.2927184307196348,0.18581901576056947,1.4871577545284556,0.21656721679934637,0.31382480380742706,1.342490898339441,0.3815109353212983,0.5391755217514895,1.3030364492570807,0.36842655496025456,0.7526786611199637,1.3013104572719119,0.3207541969985324,0.8691707852903423,1.2532954567297823,0.294566586511289,0.8896460746720369,1.2474015607949485,0.32010459578484385,0.8413830681979899,1.2421411942358722,0.3182575568629696,0.024631905409972676,1.3739708276905047,0.42418074137024775,-0.169284917573989,1.3999741684003024,0.32238916651582816,-0.3611920914837816,1.4725696856310069,0.24719741493999808,-0.440757194802204,1.4818639412987475,0.21593450088216865,-0.4670722016461589,1.5038939230785182,0.2330247650447151,-0.48083171100893246,1.5008292714273996,0.23124650595880825,4.372881355932203
0.23814364568583615,0.894841979255123,0.39802789535689487,0.26235783509415905,0.4843751606890743,0.4493060848898169,0.2734426807973174,0.11346194691255979,0.5149094938223796,0.257860314882997,0.08171143690175658,0.32850062813864683,0.3135718527961623,0.08809356357633188,0.35609157384725076,0.2548877808121927,0.031131511642062248,0.6109690110491202,0.05699585627261456,0.8903727889027704,0.4168640930564028,0.06617250799492734,0.4487189479123986,0.5003169703383982,0.08038065298428128,0.11229961731835893,0.5130141595509211,0.08857226994927886,0.09340716684396258,0.3099643324123598,0.03730238109629534,0.07877741880730135,0.3756742265943361,0.09788389326377368,0.07230809973787684,0.535986014450808,0.18733399869161743,1.3695970615842368,0.3951979296818387,0.2067142503202407,1.6293712215793985,0.2939083647871844,0.1858428007758975,1.4870674594747935,0.2165771724377738,0.3136594402401677,1.3422993813218929,0.3819527361335566,0.5398060415802197,1.3077395556283709,0.3663628994602184,0.7549137628804428,1.3043130422149078,0.3162175840343534,0.8670474848034195,1.2563088053395277,0.27659271189050405,0.8904383356542845,1.2492238535407656,0.3061376395221664,0.8411792817956799,1.2424588198685442,0.31513043982287525,0.024667339422442036,1.373145647114146,0.4245944952187268,-0.16939883113434773,1.3982238350401937,0.3216302005575711,-0.3619246192137275,1.469103958636632,0.2477848225483431,-0.4427712257840285,1.4761696795877093,0.21646883941261783,-0.46979949366346063,1.496629890966125,0.23422216602278512,-0.47880838461634767,1.493130855981228,0.22437409843808148,4.389830508474576
0.23808230657541046,0.8946197011687479,0.39821446233373975,0.2628880109461227,0.48403993085526725,0.44966107567302016,0.27338021970155957,0.11317053753338789,0.5149239036785326,0.2577308083609985,0.08133642033304776,0.3283638106123457,0.3144915694374454,0.08811855392455778,0.3562740983244538,0.2551715153672137,0.03138429668394696,0.6102040441729977,0.057325547512106466,0.8907825103902153,0.4156604374713776,0.06617780899022342,0.4489877407275667,0.5004538560977185,0.0803764673971974,0.11228630409297541,0.5130168413698623,0.08855688736857863,0.09338990087640749,0.30999294699633656,0.03734270833557966,0.0782754068264483,0.37545725201722996,0.09774149258575306,0.07244463311221969,0.5357370788981006,0.18746959250186684,1.369091965919715,0.3953331368621115,0.20638526667610585,1.629514239277654,0.2956862877468209,0.18588002210062055,1.4868232452625474,0.2164717879102098,0.31368804055302774,1.3422895060555138,0.38208120453117633,0.5398245644123545,1.3122108961897299,0.3644947100206008,0.7571978086959017,1.3093303661383744,0.31016461375154347,0.8633448622543654,1.2610556399309438,0.255104170209205,0.888268979737605,1.2532859979224258,0.2870089655667544,0.8395332998800781,1.243860540456403,0.3101862245131297,0.024735427666634904,1.3724301418035592,0.4250183265451096,-0.17068538112082288,1.3966185629539853,0.3222562958980821,-0.362340834525954,1.4661359690336002,0.24707907474914514,-0.4447539544110187,1.470765973734355,0.21511318269077637,-0.4712542084140898,1.4900239193861358,0.233030624210894,-0.4736661683156691,1.4852622481467805,0.21684479360076322,4.406779661016949
0.23796066498925722,0.8944212838030067,0.3982002506919686,0.2635197208338089,0.483457301235835,0.4503861937495019,0.27331595126995895,0.11283055645258147,0.5149522426809212,0.25786679800596873,0.0805490965961412,0.32886179565866175,0.3153470906613381,0.08826055530762372,0.35645506419079925,0.25545199995824547,0.031870807839937336,0.6092901022764122,0.05783270791805491,0.8913599930278276,0.4140752930298283,0.06617798897262006,0.4493338437507185,0.5006313592413663,0.08036678227037578,0.11227799642985892,0.5130220071852541,0.08853589328763818,0.0933791568989274,0.31002695151597187,0.03740749856335969,0.07766458362123825,0.37516425074977666,0.09744231956053095,0.07242745553047877,0.5357482942730762,0.18759383870195223,1.368970442430846,0.39539849541464694,0.20590350446735078,1.6297767344736886,0.29773615733890396,0.18594567584343025,1.4865862571435084,0.216243808861905,0.3138267551569503,1.342473414157586,0.38186016620899593,0.539277381725305,1.316102153326553,0.36325531924755877,0.7585164883200853,1.3168733083470285,0.3033118467309025,0.858184466142848,1.2688794104803183,0.23380444262642988,0.882470201894125,1.2609418246342514,0.2648617872443818,0.8360598328727169,1.247193436913942,0.30402907851931754,0.02493122850722848,1.3719640195030303,0.4247180420733415,-0.17307562272887683,1.3952418937260642,0.32440416003304245,-0.3622708817625889,1.4638492530040703,0.24460302542662063,-0.4455173281351315,1.4670565796742934,0.21194292629365855,-0.4704201003959464,1.4848861710328445,0.2286925058675823,-0.4664060772997508,1.4775032575714853,0.21088433764907616,4.423728813559322
0.2378340506246468,0.8942886294442094,0.3979586091021132,0.2642161041484373,0.4826378100169399,0.45149696208369755,0.273246671307099,0.11242419962840002,0.5149979237819186,0.25834575248802916,0.07949157115765283,0.33033647560685564,0.3160092016723793,0.08842100418745036,0.35663556366694427,0.25573206615458377,0.03270701535895517,0.6080766970635447,0.0584964491329884,0.8920742113941185,0.4121946548920648,0.06617380142157163,0.4497211947730639,0.5008391572585722,0.08035625300738823,0.11228304018468177,0.5130412087273111,0.08851490828770464,0.09336883878918159,0.3100508010420062,0.03748355987266867,0.07701469792468495,0.37484069617454635,0.09700861337933558,0.07223911361886551,0.5360533594610983,0.18762620088545234,1.3693242822440204,0.3953695917414125,0.20532840292791202,1.6301382059519876,0.2997443912193781,0.18606335462954732,1.4864669612568802,0.21607584730153445,0.31382582151940974,1.3428272751569021,0.3816004480599666,0.5382553529288864,1.3191902270982492,0.36228181990905356,0.757866639417357,1.3267416705203843,0.2965318408270637,0.8518850429453374,1.280851684486412,0.21655915026975173,0.8734713222782904,1.2729966218440671,0.24359992567777944,0.8307565810792517,1.2532628136955013,0.2972648125145084,0.025284996410626273,1.3718119720202464,0.4229561345499645,-0.17608736735250788,1.3941258818912925,0.3274719672361744,-0.36163518472647,1.4623475262301997,0.2402197236448518,-0.44361660885554416,1.4662139920638693,0.20825058725506654,-0.46719723149647485,1.4815804490495408,0.22230685136696188,-0.45837030087562114,1.4699792179757376,0.2081595916567183,4.440677966101695
0.23773353194564806,0.8942846392823125,0.39747322202876556,0.2649260754735393,0.48163957181341344,0.45288453211339086,0.27316550652345173,0.11193214717298514,0.5150598246802095,0.2590847583764472,0.07850376489058349,0.3326841150279847,0.3163802455414684,0.08841764747075101,0.35682837485431246,0.2560312100808228,0.03385518624931906,0.606499047051305,0.059270125727726115,0.8928562694466124,0.4101080985289736,0.06617044892211212,0.45010620346150326,0.5010438848052433,0.08036381184641272,0.11229841720925055,0.5130855018768389,0.08849987934999724,0.093357109797443,0.31005319462314057,0.03755812611163404,0.07639987218272559,0.3745355793623999,0.09646911350872499,0.07185113388357173,0.5367066387147101,0.18743136863249465,1.370211805138083,0.3952125577190793,0.2046798940066106,1.6306407562216427,0.30156861672727936,0.18620249533880207,1.4864937664754305,0.21630858246759355,0.3134281865112549,1.3432868573475618,0.38179904230218575,0.536853354793327,1.3214569844238615,0.3607654222258721,0.7547309961497632,1.338134437013555,0.29053943028456836,0.8445769785252641,1.2976445553329425,0.20534442970167688,0.8619320974692263,1.2898056649877936,0.22607902222869997,0.823790667161229,1.2631058248950942,0.2899381441285481,0.025749647955234288,1.3719562559108303,0.4196781308225947,-0.17930118989520677,1.393097180067826,0.3305900693095335,-0.3602373957110445,1.4615634428335094,0.23482371578053804,-0.43811141529818465,1.468810754769539,0.2054702926924059,-0.46179669534372425,1.48022716557913,0.21591752323227426,-0.4504015289595478,1.4630592899012183,0.209851614408619,4.457627118644068
0.23765394742177148,0.8944497308423328,0.3967464172854078,0.2656082174805144,0.4806294451298057,0.45423579449316265,0.27307012851403106,0.11137239411485171,0.5151339658924838,0.25991423508801936,0.07780795469161406,0.3353278907651656,0.3164440336654981,0.08812158990753044,0.3570507184533981,0.25637474367247925,0.0351083111880036,0.6047984835509965,0.060092299327512616,0.8936351540497415,0.4078881652004782,0.06617328599612098,0.45046624233584015,0.5012084696189724,0.08041539529585433,0.1122950276683703,0.5131539061386036,0.08849453171242579,0.09334991657735194,0.31003155284707257,0.037620919636967384,0.07590008438387655,0.37429319536316874,0.09587647470325271,0.07123746072088116,0.5377683278396918,0.18692262822806976,1.3716221074770243,0.39492504171148235,0.2039099568440566,1.631353241067663,0.30333109523923063,0.1862059830395389,1.4867196334734571,0.21720101271568837,0.3125467132369155,1.343766864243561,0.38279569369696065,0.5351926751461442,1.3230729780062147,0.35814951817071156,0.7490308971844509,1.350041091243573,0.2858153059286759,0.8356475141730157,1.3196404916474085,0.19975584905912921,0.848110141462439,1.3113402178751081,0.2130876332925457,0.8154751746924438,1.2775368445533717,0.2816219779922828,0.026230344334750678,1.3722419871605769,0.4155725101547284,-0.18267123752351974,1.3917587605865158,0.3330338390962032,-0.3576374768866407,1.4613469792067624,0.23040267365335865,-0.42889325062094563,1.4749278078844041,0.2040869937762112,-0.45397431579099856,1.4812608568141234,0.2107865077691624,-0.44237352844495337,1.4576507265187986,0.21559819890688933,4.47457627118644
0.2375925831943511,0.8947953494761645,0.3958275393534731,0.26625230217361245,0.4798241446584461,0.45514661937760376,0.27296929831221795,0.11082033501045546,0.5152109854404997,0.2606389029933501,0.07739852908691258,0.33746576143624657,0.3163054110830845,0.08753413943636654,0.3572917812220879,0.2567699325586129,0.03632260069604334,0.6031958477191091,0.060939448885454606,0.894370030176375,0.4055867750834243,0.06618363255006941,0.45078304584042084,0.5013145868888441,0.08051131318982559,0.11224212852988598,0.5132271846076082,0.08849977191211691,0.09335387987181229,0.3099876682143622,0.03766441530561909,0.07558965697591465,0.37414512381777176,0.0953169794833803,0.07044131669342575,0.5391838521113358,0.1861297069826254,1.3734474612496406,0.39455494624191123,0.20295848192143556,1.6321804996058187,0.3053253819723258,0.18587706632575218,1.4872567139132133,0.21877247800045016,0.31129404328399385,1.3442156685420503,0.38457496961427773,0.533465447034011,1.324260675035394,0.35458189369510984,0.7407988284379565,1.3617754675654372,0.28225002606357863,0.8239324975044524,1.34670403939907,0.19808980650254987,0.8321336479400081,1.3371210935762492,0.20449952483097114,0.806180536445769,1.2963991759534677,0.27194095063602514,0.02656838849139331,1.3722875059392183,0.41152779020861463,-0.1862723752318855,1.3896558461902455,0.3344713980035029,-0.35326951126810463,1.4617440161931532,0.228897766902502,-0.416182487602609,1.484405276964524,0.2036420411302525,-0.44305303734116663,1.4856494990616531,0.20697032491176212,-0.4335471981888648,1.455163352057304,0.22276040599615754,4.491525423728813
0.23757098573195476,0.8953011273256182,0.3948312928169448,0.26685837773542503,0.4793538630484564,0.4553754415816688,0.27287909644454056,0.11037355781673809,0.5152772592102985,0.26109421009868944,0.07717287760133111,0.3384594234237162,0.3161274670407195,0.08675176874948766,0.35750265611915916,0.2571813052406916,0.03756594200718085,0.6016415884092491,0.061824338344547376,0.8950467483068306,0.40324796648755945,0.06619952244974459,0.45102863920711617,0.501363853327074,0.08060825553342042,0.11214847275994047,0.5132781351792812,0.08851401828919772,0.09336840218074563,0.3099232535853666,0.0376869448597031,0.07548883089197414,0.3740955596562203,0.09487320904647224,0.0695852372481653,0.5407449077501326,0.18516344312524546,1.375497000176575,0.39416848938231985,0.20182801064962325,1.6327748715360515,0.3079023831830574,0.18517183247131586,1.4881353836846265,0.22084805849992603,0.3098599978723389,1.3446855243565647,0.38686664401595094,0.5319111749963709,1.3251294015472053,0.35096893360362985,0.7301677362722991,1.3732859741746444,0.2790386803203194,0.8083886507834802,1.3775620977731802,0.1986004251946425,0.8142404361668907,1.3659250618704784,0.20018669961054103,0.7958729054815038,1.3187120836561232,0.26109406469567054,0.026585744445725094,1.3716134815371446,0.4082896446590558,-0.18997416260906186,1.3864050181540406,0.33516214780052367,-0.3466934613522065,1.4630670438544808,0.2307532777099243,-0.40000543557358,1.4967249788201686,0.20350893835247963,-0.4283589369377686,1.4943486701596467,0.20433394015716103,-0.4231305425935835,1.4571786702279494,0.22765302922270847,4.508474576271187
0.23761038368618614,0.8959051995570633,0.39388419063685504,0.267419587805515,0.4792066817991954,0.4549726164963517,0.2728129079810812,0.11009745400950867,0.5153229421549943,0.26118092683309235,0.07705684015436756,0.33804811498530635,0.3160085473617156,0.0859026757019665,0.35763579024992487,0.25754219837207754,0.03894131017833552,0.6000544114474816,0.06275335130770161,0.8956615722047094,0.40092018142680286,0.06621904438127875,0.45118112019314,0.501365141581629,0.0806478632064944,0.11206020452717069,0.5132846533750717,0.08853344969877006,0.09338926507856758,0.30984277352170947,0.037698945742412136,0.07553791166697411,0.3741067387329018,0.09456405781753036,0.06879214448615675,0.5422181139018908,0.1841532092882821,1.377562293040263,0.39381191952329775,0.20060904003783717,1.632761887501995,0.3113527915063836,0.18422467519372662,1.489231165843644,0.22315322797641657,0.3083806898939874,1.3452939984830294,0.38930767692186624,0.5307307363366811,1.325577531649734,0.34869115252197097,0.7176391092087182,1.3850197605688794,0.2752995582396292,0.7884608824141434,1.409808432741314,0.1998919771738515,0.7942669399633083,1.3960011590608539,0.19958312721076132,0.783676559120061,1.3436423744789343,0.249800161277845,0.026228240643661326,1.3699244726439448,0.4066052484178948,-0.19355855806495464,1.3817187876186658,0.3360100492937391,-0.33779767056981896,1.465687740298088,0.23484703851386407,-0.3803143917401757,1.5108218029662306,0.20332207997459945,-0.4095402922076838,1.5074132790168164,0.20322880863389658,-0.41012353150453396,1.4648488315767068,0.22786503739650818,4.52542372881356
0.23772548479360303,0.8965359864678492,0.3930027024213353,0.26792091055177425,0.479265068280778,0.4542402035824728,0.2727735032405767,0.10998959673854786,0.5153471755331245,0.2608716492854898,0.07702974216799337,0.33635392734469954,0.31595149325920757,0.08510825908420715,0.3576934952408501,0.2577988642813386,0.04042859490045804,0.5984602925159331,0.06371247919636192,0.8962122329020543,0.3986561806556911,0.06624208935818347,0.45123235693144875,0.5013236293704233,0.0805913997195708,0.1120338622588545,0.5132289077869387,0.08855365157934975,0.09341607496156525,0.3097584833948996,0.03771890231064505,0.07565417388662059,0.37411846050777764,0.09433616563463196,0.06812448627595506,0.5434652619745267,0.1832155051971074,1.37947566066717,0.39350201575949245,0.1994194577858696,1.632017778055056,0.3157161322471553,0.18322194266093095,1.49038196894961,0.22537803049710878,0.3069320308778677,1.34609950476928,0.391521337620084,0.5299977167797789,1.325383283580429,0.34901110192374296,0.7039918741830866,1.3974911355877062,0.2709634215259542,0.7638875379923535,1.4409583171372489,0.20068565265764954,0.7712040725845709,1.425942106239147,0.20103640162209674,0.7681398582609464,1.3708106744839545,0.23874784321509698,0.025626124854155684,1.367295597501067,0.40722465375877503,-0.19695473558614102,1.3755131808215217,0.33803036499290895,-0.32678414564218883,1.4697412414479663,0.23992857431329304,-0.3573214377366134,1.52540542088314,0.20273518245256333,-0.38667516699188065,1.5236133975851887,0.20386747270648187,-0.3932878440381229,1.4781096977800954,0.22365224534767608,4.5423728813559325
0.23794632265251897,0.8971664501496209,0.3920595614893197,0.26834474200218866,0.479355636814844,0.45361062188245777,0.2727527733038648,0.10998077504686415,0.5153567590328872,0.26023104764278215,0.0770526999619282,0.3338940806579799,0.31591532598739913,0.08445945132713555,0.3577555424929525,0.2579235745733063,0.04192849669303517,0.5968868496560786,0.06467579644940623,0.8966925976943084,0.396506596434228,0.06626968769100346,0.45117999828886424,0.5012386214648835,0.08043398770419145,0.11211227266256257,0.5130984537621496,0.0885729110434626,0.09345170855038787,0.3096871114358456,0.0377595231158179,0.07579981637801939,0.3740942032151088,0.09412719889661474,0.06759369071713514,0.5444465361174343,0.18244770655715498,1.381092374024411,0.3932519732425885,0.19829082037152368,1.6306696642532335,0.3206756046864859,0.18232877207427323,1.4915019565836172,0.22722466904291405,0.30561134604276674,1.3470785138058656,0.3931588445507886,0.5296749024041636,1.3243919272730715,0.3526156413490775,0.6898228796755344,1.4108205853319313,0.2675189548437398,0.7345237262261359,1.4694380497434518,0.20024392272027797,0.7438342138628979,1.4550561530210475,0.20246943572595838,0.7480836998719852,1.399538752571615,0.2282148216155406,0.025018648776868855,1.36419915475517,0.4102536144413233,-0.20012551546953689,1.3680900940357812,0.34154982353072844,-0.31386296949785214,1.4749068712450915,0.24573465421251894,-0.331568136260705,1.5394876448700052,0.2017377264262268,-0.36008081715517465,1.540972265387185,0.20553143971876722,-0.3719267630128761,1.4954107461557955,0.21699465272266522,4.559322033898305
0.23831111404780397,0.897808341024391,0.3909114798167543,0.26868177862112047,0.4793362073391359,0.4534055827865,0.2727389002396359,0.10997788375855203,0.5153631680044132,0.2594412408169079,0.07706375528187698,0.33143447164975703,0.31585207794509707,0.08399013468880054,0.3579621481625577,0.2578899470715188,0.04331553811135527,0.5953885415553669,0.06560819449160993,0.8970830053484975,0.394520547787755,0.06630203145212774,0.45102212127930097,0.5011112486437106,0.08021139871465358,0.11228411476453545,0.5129066170888608,0.08859317445526327,0.0934971580885169,0.30963954428502805,0.03782104773437625,0.07597291624179148,0.3740359442348653,0.09392438841248273,0.06719239688867448,0.5451748270142903,0.18191799356767976,1.3822788400817654,0.3930943280374455,0.1971081850781346,1.6289373243537988,0.32566190091514396,0.18166750456901887,1.4925757646989917,0.22845727174086286,0.30452742755180573,1.3481818751013335,0.3939729330981492,0.5297113464371639,1.322668089036258,0.35952360078052586,0.6752768871503484,1.4246128349333766,0.26743414063914794,0.7006739114571581,1.4945401724757421,0.1992778567748152,0.7119747601608515,1.4828148541026893,0.2032062502435572,0.7231832222109229,1.4283066278067893,0.21840792144817436,0.02463793162879528,1.361277653207732,0.41449079332832334,-0.20286882755401622,1.3601608009430128,0.34600875473708737,-0.2991101991300693,1.4804890519526632,0.2525024844203289,-0.30361983319668473,1.5525260542125812,0.20151057192397948,-0.3302703130457515,1.5575358820690504,0.20728083082350018,-0.3464441250634559,1.5142662695049678,0.20962007248881187,4.576271186440678
0.23883607939724893,0.8984721650324526,0.3895179618170109,0.2689414566695571,0.47917518569180295,0.45364335380479226,0.2727242794405818,0.10991921781287889,0.5153780726793417,0.25875947727130816,0.0772344212903262,0.32948917438128095,0.31574457506387776,0.0836949320283436,0.35836233792228867,0.2576680809936585,0.04446478600378131,0.5940964319920146,0.06646069897494311,0.8973407284007622,0.3927557672357903,0.06633685371318515,0.4507641462972043,0.5009527931770145,0.07997689929981579,0.11246964918155208,0.5126986005746623,0.08861596100840194,0.09355021591764195,0.3096151596123766,0.03789319067481073,0.07616634489059639,0.3739611155260957,0.09375414258456578,0.06691385438386319,0.5456739958002323,0.18164387892166106,1.3830049921804883,0.3930518079221159,0.19570548084826356,1.6270658632169281,0.3298905745315252,0.18127122311163146,1.4935905174136919,0.22897875252723568,0.303683856995782,1.349325764612116,0.3939614928039652,0.5300647065271873,1.3206212717064492,0.36900278011980175,0.6599995401429177,1.4383057940252948,0.27179038508884695,0.6633052613844943,1.5157982772221792,0.19969288491579928,0.6767798388312238,1.50824254214812,0.20461502076678106,0.6939346454645949,1.4552628553426403,0.21049459656559116,0.02455008479680645,1.3589089358276893,0.4179111228090925,-0.2049199186700907,1.352569209705699,0.35041889700351697,-0.28274279214987214,1.485808256970498,0.2599559542564071,-0.27351883917348463,1.5641645911001356,0.2040231190909528,-0.2980861548485076,1.5716093135550333,0.20949001437183354,-0.318096260984794,1.5320372551986705,0.20304762801986634,4.593220338983051
0.23950314653053503,0.8991610575542355,0.3879433646413665,0.2691613846060569,0.4789083423831512,0.45415622624435026,0.272710721405079,0.10981311899968649,0.5154055053208901,0.2584207561690013,0.07805993989785297,0.3279941835696859,0.3156596508469618,0.08363211803999122,0.3586869899621619,0.2572370643578756,0.04528009563701102,0.5931640877650876,0.06718116323762964,0.8974178650248913,0.3912882882112535,0.06637133204418656,0.4504346185203,0.5007801693719509,0.07975161977335231,0.11258087882063803,0.5125116452830542,0.08863793706639389,0.09360747027905024,0.3096064144080651,0.03795892444487584,0.07635703768387643,0.3738845295023339,0.09364127268801048,0.06675356417844201,0.5459581390386755,0.18159832407592136,1.3834037015271887,0.39309237402257413,0.19403030743522634,1.6253858560702341,0.3322674606804365,0.18106320813076987,1.4944805867989839,0.22886668873932714,0.30296478027470164,1.350363969910979,0.3934547162290436,0.5306459717930931,1.3189021560276457,0.37950437214855526,0.6432899281720712,1.4514778358114917,0.27899568342506625,0.6236664640214672,1.53265232878684,0.20332325452734806,0.6396873575955708,1.5298411414565014,0.2085121934069115,0.6613453563537666,1.4791172494504787,0.20707767058117652,0.024599292850744758,1.3570439946750377,0.4190788031670736,-0.20622930514813886,1.3458834655928447,0.3539311431527536,-0.26520670127089446,1.4904851980487765,0.2673873445428109,-0.24089126951599407,1.5738586705225834,0.21036833563602889,-0.26429678051427674,1.5818669692319367,0.2137825039936419,-0.28838159692232423,1.546518214547217,0.20007762037085325,4.610169491525424
0.24026780905996042,0.8998754990610089,0.3863170794035941,0.26939220349864385,0.47858061732421087,0.4548375972497722,0.27270868278210136,0.10973257482390071,0.51543792906738,0.25856051818622183,0.07988164880363512,0.32655773067068106,0.315723150909502,0.08396734570393978,0.35839928045459013,0.256582513320185,0.04568226374883133,0.5927445152794059,0.06775603155149795,0.8973198171239739,0.3902111708159259,0.06640554965026427,0.4500870270113962,0.5006015447245569,0.07951071368864691,0.11258506411097877,0.5123432359497117,0.08865311264590012,0.09366447915384549,0.30960805633610017,0.03800285756034312,0.07652006718032581,0.37381637076144814,0.09359351783695213,0.06670507673119132,0.5460350301294948,0.18175065517486236,1.383684306695221,0.3931441630357498,0.19215141125212645,1.6243534161108812,0.3317765185502244,0.18088884036353892,1.4951708027611745,0.22822870121337768,0.30228784692273913,1.3511393141816286,0.3929152007094973,0.5313407804980516,1.3180023830968373,0.38902120563573345,0.6246495410811036,1.4636528881215456,0.28698066166331837,0.5828520920563381,1.5446363750101584,0.21130016450140138,0.6015000361122086,1.546031460868257,0.21577674949133263,0.6265133354784691,1.4992626056419205,0.21077906693059884,0.02459969253671041,1.3555225815943976,0.41795040660014093,-0.20714666378189303,1.3403504077549862,0.35616341448724104,-0.2468413177270207,1.4943259734076353,0.274577366440718,-0.20614092925055644,1.5806049633604915,0.22006144463411334,-0.22929761965001544,1.5877814716838101,0.2213185799016737,-0.25834904107330836,1.5562819265600956,0.20413712681490206,4.627118644067797
0.24108059542717028,0.9006078124436346,0.38476821907480974,0.26964507539619886,0.4782513159794076,0.4557086638646529,0.27272993874300117,0.10975972767975302,0.5154617198463363,0.2591260098039384,0.08242766997404637,0.3248183275440495,0.31601387608992043,0.0848413304578889,0.3570865699829529,0.2557009551647348,0.045621156219020215,0.5929418050096499,0.06824115840951163,0.897146561257348,0.38960910763428946,0.0664394943375042,0.44976896952062245,0.5004161623978961,0.0792201149017701,0.11249942686594983,0.5121787123621775,0.08865924863597138,0.09371344508816087,0.3096202491145129,0.03802038751512251,0.07663978452221137,0.37376397415990564,0.09360975881025425,0.06676567249491303,0.5459075889888376,0.18208524172703344,1.3840079638645042,0.39315511356762795,0.19013642842189993,1.624345980930759,0.32843425914017865,0.18055355263287212,1.4956784643294678,0.2270898500013691,0.3017200015344973,1.3515539100831233,0.39260886749831864,0.5320901044104548,1.3180586975441986,0.3957532632479567,0.6041501889979288,1.474032414249652,0.29562142271423925,0.5418161300420552,1.551703560500288,0.22429119488474503,0.5625646780501785,1.5559254612009663,0.22655544935526184,0.5905414064819665,1.5150634278544461,0.22207984322650362,0.024469777967705896,1.354296558173575,0.41540078323254015,-0.20824307271779885,1.3362172857157237,0.3572446697458443,-0.2277359851546228,1.497102651111639,0.28200906909110784,-0.17102931405579908,1.583076489559929,0.23226553143090853,-0.19369324320214454,1.5897155305842277,0.23195407216760855,-0.22816922181721033,1.560718327641715,0.21642453451466875,4.6440677966101696
0.2419208171258438,0.9013453667408876,0.383317748520798,0.26987889378036223,0.4779701784641696,0.45676651103041604,0.272780706362658,0.1099328925680121,0.5154642001459719,0.2598533685996237,0.08502075059215347,0.3225914319326746,0.3165152039459014,0.08624046211041062,0.35473741225429944,0.2546428840941063,0.04516754907197184,0.593643686680922,0.0687300322653341,0.8970410205703028,0.389476860121691,0.06646451166819417,0.4494852603411026,0.5002430037919624,0.07888230888451475,0.11234813998925515,0.5120271549659408,0.08865934261399411,0.09374203860333832,0.309642007526097,0.0380162164113691,0.07670222612220833,0.3737339196032974,0.09369468353908421,0.0669518070117372,0.5455543660342314,0.18258292341701413,1.3844559086046757,0.39312813428794885,0.18803117558148236,1.6253039970351522,0.3237067157672865,0.17990041440913876,1.4960829989974203,0.2257177212473661,0.3014089123376811,1.3516249210807842,0.3925428079565558,0.5328544964836057,1.319077781655208,0.3985967780681698,0.5821115307564688,1.4817584171544544,0.3055354715445159,0.5016514748716373,1.554183442045694,0.24227430050651622,0.5232594647580739,1.5597491313393843,0.24042889047507846,0.5549373398024341,1.52554191960966,0.23889108900479256,0.024137273128718016,1.3533377577570829,0.412309416000928,-0.2097891077593719,1.3338213018723455,0.357627031277976,-0.2079363530772259,1.4986006684785982,0.2898185733457602,-0.13744433215536894,1.5802794205976871,0.2468101700953137,-0.15849139099944037,1.5881978246729742,0.24518655970065734,-0.197671914807896,1.5598967082346338,0.23468604573708438,4.661016949152542
0.24280992306088942,0.9020746349948074,0.3818582600048683,0.27004895621989544,0.47774694457665856,0.45781279332223146,0.2728571050704316,0.1102293071307799,0.5154371296132064,0.2604468605134169,0.08711729446144469,0.31999205426857963,0.31715547895126334,0.08803091498685364,0.35173494949646106,0.25354893446202426,0.04454370903092261,0.5944670243588022,0.06928205160485126,0.8970699712632111,0.3896366938812152,0.06645843488838751,0.4491973590783146,0.500152637050338,0.0785454970654708,0.11213563551304756,0.5119141586009404,0.08865642449416386,0.09373768525477977,0.30966457578863954,0.037995152621266966,0.07669196349528692,0.3737309062571652,0.0938689917993783,0.0673117191798343,0.5449048627363231,0.1832101516539394,1.385116239614059,0.39311482878978693,0.1859449406594558,1.6267371872225325,0.31970852412506096,0.17890689720252073,1.4963709073840359,0.22500020887962155,0.3014061130521116,1.3515086676767962,0.39261588981229645,0.5334962053908725,1.32109290689206,0.3974495734975762,0.5587894402824439,1.4864391164702662,0.3157390416042568,0.46365469648092916,1.552454465912486,0.26349330530787307,0.4842119943330161,1.5584464847397885,0.2559449559109524,0.5214612590317798,1.5300991814407137,0.25808634607386727,0.02353981958014026,1.3526808913469583,0.40932309609715783,-0.2114885427757331,1.3334457854818758,0.3577713452663143,-0.1875372039598982,1.4988181302426247,0.29689680529081003,-0.10618159322863856,1.5720847439022518,0.26345171613669754,-0.1244161130546252,1.5832364983229628,0.260838734292866,-0.16733510301448057,1.5545449031022172,0.2551289852470354,4.677966101694915
0.2437804290243446,0.9027697154419648,0.38028466880922684,0.2701323543611107,0.47756904535392963,0.4585640866542417,0.27294462460600694,0.1105774506789455,0.5153840870462506,0.2607583967632483,0.08838593981151072,0.31756716772488824,0.31785334368108287,0.09003557270186974,0.3487127268618323,0.2525852785420934,0.04397824855256095,0.5950200985914854,0.06988371891875295,0.8971667618438756,0.38983175040051843,0.06639804792693556,0.448865606682214,0.5002317847228177,0.07826576345343109,0.11185241049749425,0.5118581936727096,0.08864951000530642,0.09369607762342898,0.30967437159623373,0.03795864209021679,0.07660859533155329,0.37375190213520876,0.09415526020008455,0.0679022301028644,0.5438720632099379,0.18392323369654132,1.386100485935091,0.3931794917637961,0.18405739226430426,1.628181307387091,0.3180848379155269,0.1776949552289788,1.4964042277160738,0.2260776491358289,0.30155167603373895,1.3513965815875717,0.3927088674001573,0.5337715469031251,1.3240582313152998,0.393256874295075,0.5345798450272294,1.4882949208179042,0.32392543358341874,0.4292025984943965,1.5468517269247466,0.28442075832050506,0.44654087988613983,1.5530840480220134,0.270877386023627,0.4914033348952833,1.5290949795314817,0.2771594161593281,0.022807468015627892,1.3525288796864359,0.4073193406865707,-0.21278490758235016,1.3352701930453699,0.35786617848274316,-0.16677222355283652,1.497990487379223,0.3016110025175289,-0.0773450128971715,1.5590870771634988,0.2810222938357958,-0.09189861324808127,1.5745381567586605,0.2781205922682136,-0.1382888375686919,1.5459792647461752,0.27467798970959195,4.694915254237288
0.2448389663098525,0.9033906388433942,0.3785944174845401,0.27013261250582665,0.4774188218416683,0.45893699536779853,0.27302761214430626,0.11089697227699838,0.5153381400772655,0.2607609439126892,0.0884589141578922,0.31616315483734997,0.3185298071265448,0.0919725268887414,0.3462207447895928,0.25182881259089795,0.04356208683759199,0.595170940450792,0.07047520147283642,0.8972038593284499,0.3899346887133697,0.06629205885620888,0.4484938401967447,0.5004668616670408,0.07807144139924313,0.11149485174948537,0.5118635691247324,0.08863644439310114,0.09362543958547799,0.30966110706403266,0.0379097874207983,0.0764729105554964,0.37378379524364935,0.09453918650334103,0.06872058533636846,0.5424619007947508,0.18463965305241617,1.3873758128216298,0.39334587375506463,0.1825058630224316,1.6294497288191434,0.31961968666409857,0.17647832321099557,1.4960447828407668,0.22952439737063723,0.301566123730604,1.3513761381761695,0.39271498439903024,0.5334954897467472,1.327766099108173,0.38745843942137426,0.5103963022896549,1.4877913205453026,0.32863390399745274,0.3996354945701413,1.5379577018365933,0.30154943135794715,0.4120679040541065,1.544660221305984,0.28338161893309305,0.46547838795818386,1.523398491398429,0.29455750322267327,0.02229836316219079,1.3530927038983738,0.4074685000799155,-0.2132624414428239,1.3392866178458063,0.3577511377474485,-0.14629369367797865,1.4964039462511947,0.30344362669358205,-0.05135976935722976,1.5421954081040317,0.29794212554967353,-0.061910022731697975,1.5622370831859684,0.29490281944409336,-0.11171228559568025,1.5357283021422663,0.2912855231783978,4.711864406779661
0.24595830420734682,0.9039027447882434,0.3768560424913879,0.270098743233124,0.47727911701691234,0.4590723228504995,0.27310209319515893,0.11113096427217513,0.5153773188737236,0.26045307545674873,0.08712372889470686,0.3164191773341068,0.31908991769912226,0.09336364459073965,0.34452218244965593,0.2512522336392422,0.04326161454039933,0.5950005469763874,0.0710027305809175,0.897096101235285,0.38997015348079866,0.06619202426807663,0.44812136973391975,0.5007015171595542,0.07796414326001436,0.11107548361782477,0.5119273348960613,0.08861874213894363,0.09354187109319725,0.3096217542566834,0.03785694644052778,0.07631131021491744,0.37381088900504195,0.09496322913117555,0.06967646652614942,0.5408170054649558,0.18518484151307968,1.3887010703315428,0.39356643948806197,0.1812670726209893,1.6304670002914388,0.3243647012014306,0.1754775395258708,1.495221530821063,0.23505683987541137,0.30127089794271134,1.3514276155270355,0.3925845059444967,0.532706597541788,1.3318905163351298,0.38131679267416907,0.4878332658834704,1.485284737630447,0.33060740517127557,0.37604645952063964,1.5268324387485444,0.3132006583976172,0.3829685644628909,1.5342042318788738,0.29273918997207093,0.4442774478076029,1.5139309215269738,0.3088096600241269,0.02236914000856257,1.3544118416690585,0.4103716025328384,-0.21277792143840346,1.3452192496046713,0.3571886786536669,-0.1271847015553436,1.4942250749986408,0.30357077904404495,-0.02921203590172987,1.5226453221280387,0.313237528875434,-0.03604561419954211,1.5473109466661412,0.30880098959345514,-0.08868381479658013,1.5251733883877414,0.30305285870770327,4.728813559322034
0.2470873702888597,0.904279011710545,0.37514023538332286,0.2701088220924417,0.4771542928479649,0.45912255834588006,0.2731793954100958,0.11125291774323147,0.5155839061876684,0.2598579575787602,0.0847299948058939,0.31830713522431525,0.31940872199779163,0.0937678712544464,0.34386528497137614,0.2507857329593001,0.04299494495030817,0.594617570994191,0.07145589358763,0.8968295519255616,0.3899442163302921,0.06615316302933297,0.44779580592706025,0.5007576476129543,0.07793511713507953,0.11062261620495552,0.5120474843340735,0.08860068267363072,0.09346255512601782,0.30956130330543996,0.03780929276370136,0.07614253552856609,0.3738259409877911,0.0953692267802354,0.07064312715045164,0.5391335506944884,0.18533446415713684,1.3898234566800118,0.3937500580796666,0.18016312166936624,1.6311492593301091,0.3317159540275875,0.17477166411089373,1.493903002595686,0.24186832311791817,0.3006750661512911,1.3514979803989844,0.3923420118719235,0.5316020440944672,1.3361441879697102,0.3756787668570339,0.46878250969082913,1.4813034676488097,0.33173750381311257,0.3589611051031654,1.5148904152913847,0.3196643516517122,0.3608608362365315,1.5229307470784077,0.299275406623951,0.4284438036337859,1.5020601258533863,0.3184019491706872,0.02311309271064627,1.356328559565285,0.41531608386919966,-0.21151284612060872,1.3525599866879474,0.3563233340156426,-0.1107002403109509,1.4915615096849097,0.3036062888122183,-0.011751955622322036,1.5024426828253188,0.3264619138333409,-0.01565313423100131,1.5314133354107922,0.318685177256799,-0.070177023757116,1.5154184733297036,0.30825193591287703,4.745762711864407
0.24816079441525007,0.9045088977466249,0.3734584186494856,0.27019719205740944,0.47707097060803194,0.4591424740450685,0.2732809217313422,0.11128995296077676,0.5159354394063398,0.25908117555947696,0.08210032259264027,0.3211784497062324,0.31939093051407774,0.09321312620339006,0.3445490388574113,0.25036097876950475,0.04271295942830862,0.594069118561355,0.07187028022030886,0.896437743057995,0.38975141933268875,0.06619564738255286,0.447583424988372,0.5005519101445642,0.07797583097860761,0.11016856399881055,0.5122239840708578,0.0885840413311286,0.09340292064218367,0.309492481446057,0.037769827873022334,0.07598053241415592,0.3738318895361103,0.09571154820714936,0.07147062596494805,0.5376533927835188,0.18497912058094187,1.390651530444122,0.3938201642264328,0.17904671716383325,1.6314641623130697,0.3403441364654088,0.1741924997723554,1.4921110525534174,0.24900189116408367,0.29988799583703507,1.3515421065823685,0.3920511439680635,0.5303634750663975,1.3404104699338237,0.37101597697130423,0.45464885679188294,1.4770922870756147,0.3328701455369237,0.34803163623991207,1.5037687125765056,0.32203609870761796,0.3461112900555559,1.5123201112889944,0.30372970643451125,0.4184176928386989,1.4900728937406744,0.32330459936398087,0.024289989063474737,1.3584542473462973,0.420718866853315,-0.20996925814732914,1.3604905938015384,0.3558112800739529,-0.0980152494318447,1.488753083107275,0.30405172150431137,0.0010046464651707328,1.4843925372073346,0.3367593321465112,-0.0011965906913259888,1.5164204103778283,0.324818090395527,-0.056892426753947616,1.5072986491139566,0.30691474852682527,4.762711864406779
0.2491137204209782,0.9046360875715095,0.3717363024580581,0.2703140178551134,0.47705470687909846,0.4591134820332055,0.27342378455765937,0.11132972357332066,0.5162729675581844,0.25833445447322617,0.08004367084420737,0.32425785965141785,0.319065609797939,0.09218880805036826,0.34646301943625146,0.24995488611845054,0.04246923787034726,0.5933518599518515,0.07228122002297274,0.8959821476549612,0.3892715344726513,0.06630896332736211,0.447556617297971,0.5000901667219668,0.07808239898830452,0.10972323308140003,0.512450904089763,0.08856727396482739,0.09337346507067244,0.30943015023823917,0.03773608512574661,0.07584238973748329,0.3738347020521219,0.09594654485009474,0.07197517361538294,0.5366932976115689,0.18422171572915969,1.391201911780613,0.39374295914005314,0.17796885008873126,1.6315069507205218,0.3483259295694606,0.17343865995951752,1.4900286459203336,0.25550359732505534,0.2990275661476782,1.3515334242969907,0.3917702922411052,0.5291802007700976,1.3445890428788483,0.3677529403755989,0.4460276501496586,1.4743995340305587,0.3336916554234996,0.34219176581607047,1.4952652904616885,0.32172049071860465,0.33800124451696645,1.5040233558976692,0.3065777353058978,0.4139459050874924,1.4808732021809665,0.32545733852041,0.025465652672876354,1.3602203951157548,0.42513371598923766,-0.20873715695753658,1.367862787091074,0.3563478519795999,-0.08984201440492853,1.4864674742671553,0.304353145737219,0.009477232145129941,1.471166885904749,0.3428042233140803,0.007584031977036821,1.504085856952052,0.3276896497624069,-0.0490961116227505,1.5014721261179107,0.3016867313353338,4.779661016949152
0.24991753099377448,0.9047387720995685,0.3698914199852881,0.27037920976180724,0.4771267200257567,0.4589730132550111,0.2735954546176181,0.11145714070541438,0.5164228379223402,0.25788357915330984,0.07900572880021964,0.3269950416236043,0.31856638474359306,0.09117067305067804,0.3490024484851044,0.2496132241828994,0.04237750753336966,0.5924680549393029,0.07267877579988781,0.8955467895022886,0.3884961404487087,0.06647829782339874,0.44772986479557475,0.49942058460317046,0.07825552081685992,0.10926466678070704,0.5127125926401032,0.08855150173244447,0.0933752365305673,0.3093850873310404,0.037709737087866485,0.07574478801740006,0.37383959641513653,0.09606918219561156,0.07205926380516031,0.5364332256303135,0.1832832983481557,1.3914634404867037,0.3935203971387732,0.1770964099115902,1.6315006545215192,0.35396750290277756,0.17236767120318142,1.4880800864795845,0.2604586727997051,0.29820145151561966,1.3514814191632216,0.39153988794977623,0.52836315850413,1.3483850668651973,0.36662663795960587,0.44311497639656783,1.474544300114344,0.3346030638135736,0.3403716811268457,1.4909441300385666,0.32099197159036763,0.33559920455050235,1.4995051972685514,0.3079522949826964,0.41380888940542115,1.4770007741893167,0.3267532387486805,0.02620358598279165,1.3611305313934603,0.42774777987947166,-0.2082437199594444,1.3736754144052743,0.3580598052666844,-0.0862205009918392,1.4852753124178222,0.3041662850126776,0.013532881643555346,1.4641474951120652,0.3437514924270155,0.010997064243912068,1.4957908114482972,0.3270112853544551,-0.0463768853688934,1.498313039143557,0.2961106256240671,4.796610169491525
0.2505991992273852,0.9048726126471672,0.36792825713841437,0.2703506808574643,0.4773029140412116,0.4586534712456814,0.27374242495135426,0.11169597767807053,0.5162930088775629,0.25789590080270164,0.07903660923097656,0.32890956476140504,0.31801651475932013,0.09033266874920656,0.35156087943582665,0.24940360925155203,0.04248268271203838,0.5914594108648445,0.07302876341359557,0.8952176342985292,0.38750994866880323,0.0667005242654586,0.44803777441727116,0.4986064468125709,0.07849740820996753,0.10876677898011265,0.5129927888946193,0.0885433802578475,0.0934005552739059,0.30936576821384526,0.037701939267575216,0.07569267796546678,0.3738522315629886,0.09612749042369931,0.07180249310786269,0.5367494842875723,0.18235455690346863,1.391392306705966,0.39318467990244693,0.17652683323154078,1.631623189417901,0.3568119140551213,0.17112170848077657,1.486807326171019,0.2631244078666717,0.29754129034796495,1.351456806397715,0.3913994841149879,0.528222022096245,1.351469754423147,0.3682456045960535,0.44592226662386975,1.4778342083863756,0.33677420198834734,0.34202372317408364,1.4916085736423201,0.32236068160393244,0.33832185094738376,1.499642526886318,0.30778658350812704,0.416431894921074,1.479609477016019,0.3273075075516819,0.026173180798319186,1.3609784763056592,0.4283352574673406,-0.2086792922688585,1.3776251551745642,0.3604837081031648,-0.08679572402098035,1.4852394754183948,0.3039745227107575,0.012565973001631953,1.463200042791642,0.339921637817221,0.009140970360350083,1.4922327674859208,0.3222751844328814,-0.047494424558246984,1.4976528526244983,0.2920159656281089,4.813559322033898
0.251204128876206,0.9050792430034694,0.36591506239634825,0.27023070910074765,0.4775802991086554,0.4581289296271911,0.2737933776136988,0.1120243771078656,0.5158360608966468,0.2583325275963417,0.07994319713649362,0.32944655345366625,0.31748035068363833,0.08967924710785385,0.35383351075659236,0.24936298966258916,0.04271741930752038,0.59037747414804,0.07332683933109899,0.8950357588427258,0.38639576520853636,0.06698211223595443,0.44839154988327423,0.49770508329790697,0.07881083021157935,0.10821992272698343,0.5132811532080963,0.08854942486543584,0.0934381475481651,0.3093775544192332,0.03772372597582309,0.07567556782141877,0.37387801561805456,0.09615341076119267,0.07132455610446538,0.5374459724286612,0.1815556539105227,1.3910456326590774,0.39280564371352183,0.17624995637459304,1.6318245441759542,0.35757422899043434,0.16993057593072491,1.4865700637066592,0.2633320008345774,0.29720910020917984,1.3515689752967615,0.3913932207108257,0.5287993927341322,1.3537629389619261,0.3723278401180668,0.4538652771418024,1.483799205332311,0.339864155945133,0.3470674103917109,1.4972243536259604,0.3262511868306965,0.3456293668595254,1.5046240997881168,0.3057905481397028,0.42086972456681604,1.4881727855383275,0.3258886998700827,0.025210484667640483,1.3598997223480112,0.4270072970991569,-0.20995190383519702,1.3800851161008187,0.3630309145914383,-0.09102911872334357,1.4861593006783842,0.304245417402326,0.006684219057678481,1.4674109871737095,0.332387458320835,0.0025575347757075596,1.4932192335862602,0.3141643733012187,-0.05096386085787005,1.4989308120709917,0.2887405409335472,4.830508474576271
0.2517451768423663,0.9054003156443768,0.36392140758085506,0.2700375715343543,0.477937798818185,0.4574169340639845,0.27369931314668833,0.11242608484918248,0.51502017280352,0.25904902077392467,0.08145688717615576,0.3283112207031714,0.31699849955816256,0.08924010910433516,0.35576293375823226,0.24949982126801618,0.04297840672937191,0.5892351866660325,0.07361210844328188,0.8949757671780982,0.38520074817929234,0.06733008394807416,0.4487452372244715,0.49674447030655033,0.07920018002746712,0.10761476590819481,0.5135669161029083,0.08857005894150784,0.09347607130626845,0.3094119412933976,0.037772559407431655,0.07567535393604251,0.3739177044639675,0.09611518206192249,0.07065239768981087,0.5384827060773533,0.18097720129649222,1.3906463807984062,0.39248898546416533,0.17620095137412173,1.6319472958701118,0.35710162598968703,0.16893657608171986,1.4873522573537097,0.2617032008137781,0.29727676589023594,1.3518886036545812,0.39152604443839445,0.529873595812562,1.3554046211541113,0.37807997103364677,0.46549948301331373,1.4916452902271355,0.3412366215033108,0.35547425607790933,1.5070435646804194,0.3299106483740109,0.35673272371845066,1.5138628037353528,0.301599578847456,0.4268505427772006,1.50094315556505,0.32133428953252774,0.02338228843229824,1.358332490982702,0.42411846246517243,-0.2116850261378459,1.3817547857527783,0.36521834713996826,-0.0980546958871994,1.4880763360066334,0.3043723011411153,-0.0027557418860907415,1.4756977566066543,0.3220782264712954,-0.007359844963122935,1.49786987119094,0.3044773884341541,-0.055962803622680295,1.5017098247169436,0.28466542839054576,4.8474576271186445
0.25219631505676604,0.9058495389609492,0.36201957494995934,0.2697838025280251,0.478357314262591,0.4565528741939112,0.2734702990453281,0.11292471263260974,0.513899574489275,0.25992636181645973,0.08321763287980018,0.3258332386760939,0.31662227046532343,0.08906284312544359,0.3573609316506694,0.24981371794139545,0.04320645926052877,0.588016729416853,0.07392373246310437,0.8949882852717477,0.38395204408353234,0.0677460209548134,0.4491064445849963,0.49570313579708913,0.07966403685417282,0.10693255143257789,0.5138316953225087,0.08859989458203604,0.09350319894599517,0.309446385324556,0.03783239089329092,0.0756806349041006,0.3739633606596644,0.09595685991246145,0.0697670199045479,0.5399010198793532,0.1806905351578052,1.3904132979756811,0.39233618687220473,0.1762781812527187,1.6319766819088404,0.3556817970246776,0.1682435222189133,1.4888797893733365,0.2591129422210191,0.2975985035662871,1.3524031219511203,0.39172518627421454,0.5312847972092432,1.356540385769812,0.3851554628015982,0.4788636518130173,1.5003847796102765,0.33802185411043434,0.3667705190567308,1.5194501908546334,0.32966251809722785,0.37070600836510736,1.5257274143660369,0.29517542297319566,0.4339758802884056,1.5155461517973945,0.3136572589213479,0.02100251178047721,1.3568178679762135,0.4204320288372648,-0.21340529398819735,1.383296108155911,0.3666080754383649,-0.10673904049972022,1.4912530093546512,0.30301414196481036,-0.0139618787804585,1.4866758230353647,0.3097633102828848,-0.018929928804376214,1.5051872007376033,0.2945998043062906,-0.06229550674543703,1.5059293040470567,0.27899058497613993,4.864406779661017
0.2525350970578589,0.9064012299692124,0.3603064537210865,0.2694726275115505,0.4788471308804224,0.4555779055853116,0.27317897045469525,0.11357082263385317,0.5126458991218944,0.2608666022284404,0.08481238737864133,0.32275578228589547,0.3164062315166316,0.08906666786893741,0.35846919158939233,0.2502978604421942,0.04342445730740338,0.5867581758305171,0.07425681244631592,0.8950549182932744,0.38267420255423207,0.06822832258181463,0.44948150728406566,0.4945095514085101,0.08017372093166697,0.10618408165889302,0.5140527112614237,0.0886313732409769,0.09351294812212724,0.3094611839205383,0.03788476445140172,0.07569592143488643,0.374000430433927,0.09565500083153794,0.06869087930476081,0.5416831385529122,0.18068815699320406,1.3903665714309177,0.39236888726387814,0.17637844255246904,1.6320144229076765,0.3532153362820478,0.16796463249435728,1.4908288925372173,0.25614009818275596,0.29790477739786625,1.3530412486742236,0.39188876511179144,0.5330880740203127,1.357199103490966,0.3935207238203998,0.4920259505452635,1.5088415580385455,0.32954779633082437,0.37965900828855015,1.5320341449866979,0.32415993303041885,0.3862272285374138,1.537729302395991,0.2870427181723971,0.44121110497554616,1.5294770563078444,0.3043391667538229,0.01853903777687447,1.3556851625907953,0.4170247464795889,-0.21477704075458381,1.3850122986004652,0.3669354189815314,-0.11604214776465131,1.495682016699183,0.2994602096632152,-0.025616266115727666,1.4984397537135203,0.2965997078164442,-0.030794714884722896,1.5143543425427712,0.285046637065857,-0.06961997543237977,1.5116053018094617,0.27203150785741836,4.88135593220339
0.2527805796145677,0.906989541744202,0.3588900159512474,0.2691064593772844,0.479441696453136,0.45453498547109095,0.27291087402805597,0.11439171530228925,0.5114437555722339,0.2617575300604234,0.08610882504529208,0.319707054099966,0.3163616620185025,0.08902272862967604,0.3588406316370095,0.25092979864772713,0.04373790125180764,0.5855855438022124,0.07457344988566122,0.8951960883117112,0.3813998131055173,0.06877068351394462,0.4498353203997785,0.4931017539245789,0.08066412772652316,0.10545057986349865,0.5142136541406344,0.08865828807257972,0.09350542193123977,0.30945104234949194,0.03791818764009214,0.07573206591730375,0.3740172013746748,0.09523767863871078,0.06751533810030351,0.543699822983503,0.1808404233364397,1.3904270209035847,0.39247746732163785,0.1764564784289183,1.6320980323215586,0.34967572597957086,0.16814223459005673,1.4928411468076013,0.25336841717459996,0.29802848265496584,1.35371553698154,0.3919643461466275,0.5352235155717062,1.3573795196950522,0.402484305457873,0.5032752590835369,1.5158197955608848,0.31797071581813513,0.3918700876639877,1.5423546537865789,0.3149454973353443,0.4009291152775457,1.5473615506592961,0.2781090232590444,0.4472090032553552,1.5404851632358565,0.29559007894543515,0.01644158575375559,1.354973701173026,0.4147635741614719,-0.21570542240957352,1.3868574805154141,0.3664611834318142,-0.12509983017325793,1.500705101093378,0.29458117859545774,-0.03675921278752187,1.509061158673412,0.28425776238205447,-0.04188302661467416,1.524391201136224,0.2764952329824733,-0.07702696608449042,1.5182350420111574,0.26460908001273364,4.898305084745763
0.25297667869442714,0.9075180129178966,0.3578178004537754,0.26869476702748285,0.48016788780264286,0.45345804084697056,0.2727127648986828,0.1153640454654925,0.5103904490278708,0.2624829970586669,0.08727574063189765,0.31704946698127157,0.31642430746527406,0.0888109556584978,0.3585713302812526,0.2516702386742758,0.044279738005651784,0.5846164729354688,0.07484319911024316,0.8954391543050464,0.3801664203654664,0.0693419338414402,0.4501181998927383,0.49153798031453877,0.08106899661854738,0.10484671626415432,0.5143106195313293,0.08867799398925943,0.09348460192131505,0.3094232695444701,0.03793056319052544,0.0757877547519905,0.3740129265353329,0.09477285518378406,0.06636387084053519,0.5457348849359251,0.18097596738064398,1.3906157413803666,0.3924708483670069,0.17651558573782727,1.6321893560131355,0.345364366792523,0.16865233446737432,1.4944961776975458,0.2517118430100031,0.29800497018122596,1.3543473580290852,0.3919589405026347,0.5371949255539763,1.3572526123791375,0.41028315653564396,0.5109373260655923,1.5203077293107505,0.306850705434617,0.40057330479742315,1.548764305046092,0.3047318753069762,0.4114653432401784,1.552887999233624,0.2697507380113736,0.45103376956409524,1.5468225782849991,0.2891054419475867,0.015022191782133359,1.3546470682022025,0.4139548523803589,-0.21631640197021418,1.3886849315768754,0.3660697039134526,-0.1330206556231087,1.5050947723825732,0.2904973973816865,-0.046076448049967536,1.5173152831731116,0.2749243790548887,-0.051013241954237704,1.533793237294604,0.27043126752406166,-0.08316846481455933,1.524538152343421,0.25771832640643005,4.915254237288136
0.25316266069211607,0.907923788849857,0.35698115217963533,0.2682556743110865,0.48100998614460155,0.45236646169114736,0.27258672690651814,0.11641910742841266,0.5095061485131159,0.26294840047447693,0.0883713779935668,0.3150617826553618,0.3164957637960744,0.08858077201949562,0.35809373552406476,0.25247340704385146,0.04512786149685824,0.5838359585693068,0.07506432628087475,0.8957752358358545,0.3790113740136642,0.0698828773272854,0.45029256270776963,0.49001709592908843,0.08136562964795928,0.10444332740067197,0.5143467987523126,0.0886907641296939,0.09345439378688866,0.3093890926284276,0.0379247628470032,0.0758495104082112,0.37399361656348035,0.09433796065999352,0.06532214323608136,0.5475719246506322,0.181007176627615,1.3910139588414228,0.3922630352482431,0.17655491586189132,1.6322677200830102,0.34102596785988104,0.16921638765607247,1.495443762131735,0.2519837298463502,0.29798613795022105,1.3548762439533473,0.3919006477903146,0.538325321509699,1.3571274538695957,0.41484189398886323,0.5134162475643953,1.521609130399799,0.2990820994913762,0.40342453212004487,1.5506470631414968,0.296045918405708,0.41482491521658393,1.5536519039283665,0.26402673536288834,0.4523637860300981,1.547527748705857,0.285453583475614,0.014419862172516297,1.354740716101582,0.41443061227994904,-0.21679096122239483,1.3902965285404012,0.36677083403591754,-0.13876887659996529,1.5076751559852237,0.2891650724247729,-0.05179808959682042,1.5226434995145943,0.2710727386699599,-0.05672937366144808,1.5407339396368334,0.26864728606217714,-0.086679815037412,1.5289504434179255,0.25253769081448163,4.932203389830509
0.2533729609062397,0.9082410148939326,0.3561491204245733,0.2678101134778688,0.4819091765123561,0.4512749424215597,0.272509315137737,0.11744032922217051,0.5087870054180209,0.26311202048442195,0.08927941620629548,0.3139277856772805,0.3165190955003056,0.08850517352369923,0.35771229367299207,0.25328559238702386,0.04622759574654371,0.5831571619483961,0.0752584408967852,0.896146096254897,0.37797586710817765,0.07034280926662485,0.4503509311577313,0.4887449518775813,0.08157421328590199,0.1042429416787894,0.5143277197676689,0.08869813458849152,0.09341652534822754,0.3093527734899229,0.03790398093601938,0.07590623874388805,0.37396237759090784,0.09398510052487959,0.06442106190606169,0.5490759436847719,0.18094399545662082,1.391616827416603,0.3920748966260895,0.1765511193309714,1.6323889688972288,0.33775768892482716,0.1695562894556097,1.495584248094202,0.25439392076062883,0.298091273144718,1.355251616731297,0.39181544365461474,0.5382879299599612,1.3571686890664931,0.4151925884722523,0.5097926924435345,1.5194602048240298,0.2960029364836801,0.39952538160245565,1.5480664547016945,0.2909581794485979,0.40990823661323456,1.549918124524202,0.26275537150038497,0.4510715892594348,1.5427008226586763,0.28449019228752426,0.014545626386959939,1.3552960865773291,0.41574463219621643,-0.21718415219467155,1.391374076873963,0.36891041026169397,-0.1412454515193633,1.5079687474349817,0.2913163581370972,-0.05254303595168961,1.5246635732050817,0.2741453084859968,-0.05767733904007599,1.5436738198532343,0.27202682331939226,-0.08665283779051326,1.530415843935983,0.25019841391538944,4.9491525423728815
0.253617751720096,0.9085532749267903,0.3552071240924689,0.26737162075993065,0.48279375527687873,0.45020010433455626,0.27245234334895463,0.11828869781932519,0.5082345495499054,0.26302512381633314,0.08999847987050215,0.31351006971404755,0.3164988806319073,0.08855668265651873,0.3574628570100474,0.2540429394091093,0.04736148035721939,0.5826325504741062,0.0754418070206875,0.8964833945475038,0.3770996488479126,0.07070488510082264,0.45032240455422967,0.4878219029162565,0.08173245978503323,0.10419385503584658,0.5142698133611736,0.08870318874949043,0.09337121181606874,0.3093108944879855,0.03787437322498663,0.07595195867410548,0.3739199268011174,0.09372823568937035,0.06368479894681274,0.5501999001562085,0.1808272911592932,1.3923257667678368,0.39235377886873124,0.17648807494996388,1.6326970805965626,0.33655140648911896,0.16959747106069323,1.4951263591658295,0.2585016217015154,0.29835737837627213,1.3554209710744853,0.39173225606365875,0.5372128209424726,1.3572677569526277,0.4121052011939119,0.5003978195831915,1.514077038841247,0.2976705720329903,0.3897422176261267,1.5412108397535471,0.29092901593932186,0.3980470995210982,1.5423231704184557,0.2662080819164428,0.4470030139039695,1.5333624932101493,0.28618533829126863,0.015092481944543025,1.356262820421321,0.41744767985295694,-0.21745646591518997,1.3916347495103856,0.37179245059010624,-0.1396745628375058,1.5061916622035725,0.29671552976461796,-0.048098789947262986,1.5230921070539827,0.28320414526765725,-0.05319572156599827,1.541964570922661,0.27950303741401705,-0.08291606112464409,1.5287087648899083,0.25134693841344147,4.966101694915254
0.25385252227219185,0.9088829054845939,0.35431996151064526,0.2669430493107573,0.48361442086995216,0.449155868103927,0.2724008775613317,0.11887926395017848,0.5078570537648932,0.26279344099183394,0.09064750318587152,0.31339347809084084,0.316465737912899,0.08862479338553633,0.3573073515614887,0.25470033852637197,0.048257810694643466,0.5824722672497854,0.07559183984205671,0.8967508678797923,0.37640353184631603,0.070972413941475,0.45021907752756285,0.4872634801533641,0.08187258581553825,0.10420755827932954,0.5142060681811031,0.08870942533686621,0.09332162091636918,0.30926606837091597,0.03784697838278889,0.07597878830046331,0.37387355272332046,0.09355905506752685,0.06315022890041098,0.5509414987042557,0.18069518674012228,1.393011736347583,0.39342442088405044,0.17641819688052557,1.633317411595523,0.3378879211357997,0.1694892224146451,1.4944626236140257,0.26339915585077467,0.2988087967700305,1.3553561398083094,0.39169044958761995,0.5353624732129527,1.3571573426898182,0.4071263312918203,0.4866954086137055,1.5061065785731091,0.3030644102939535,0.37642684782272373,1.5303249219837416,0.29590693795896805,0.38223853367092697,1.5315040012382943,0.2731427184652059,0.44022871124061747,1.5209262169611255,0.29092604624368074,0.015761707060573338,1.357478487625703,0.4194333419820233,-0.21758418098326648,1.3911073372458675,0.3741847944785507,-0.13408656531544816,1.5028626229062596,0.30469011827316994,-0.03929592728178481,1.5179963345152396,0.2953746709291583,-0.04361402079570114,1.5361236444766884,0.2884803395395424,-0.0761266326885211,1.5242867237024638,0.25592572097300004,4.983050847457627
0.25400526149875785,0.9091738779352222,0.3537762774891672,0.2665220358789823,0.4843549909611614,0.44815504287536406,0.2723588126789834,0.1192261911195931,0.5076577960650634,0.26246247539534695,0.09117309785428095,0.3133848835675286,0.3164449692187408,0.08866729436266693,0.35722981525474146,0.25525349375185036,0.04876160841149249,0.5828270331315156,0.07565577745150776,0.8969544203751519,0.37588876286710216,0.07114576919431696,0.45001681822458345,0.4870533629997391,0.08199179808434238,0.10421007669405458,0.5141615513530922,0.08871677230978015,0.0932785117988967,0.3092358449573304,0.03783101640776569,0.07597674530227269,0.3738412946959063,0.09346741129502009,0.06284374361349551,0.551308571803522,0.1805898891927027,1.3935101344256298,0.39531123849144856,0.17647104673399638,1.6341822372493344,0.3416384988316171,0.16940391821140455,1.4939179200186634,0.26803872271862905,0.29948424530295037,1.3550803263996796,0.39172336216403847,0.5329525512294906,1.3566040964457535,0.40138097782843996,0.4707607324728478,1.496507145958756,0.310237318521344,0.3626124585883865,1.5162321736473652,0.3036025995887963,0.36585111958758315,1.5183907963643577,0.28179277175967554,0.4313365101911244,1.5069222525964823,0.2987894494084497,0.01646846846963782,1.35868929886249,0.4218960619414103,-0.21756812590378583,1.390151461301297,0.37522542142166365,-0.1254161501565471,1.498687204701707,0.3137733256977274,-0.027417691311940627,1.5099392409058234,0.30743086292156957,-0.030217811264457717,1.5276224436974633,0.2964809950226427,-0.06767088567854483,1.5181247800166986,0.2631768472630429,5.0
0.25402750979397737,0.9093662486395925,0.3537577934544222,0.26610770608992834,0.4850116797176423,0.44721724063081547,0.27234050926920184,0.11940981735018767,0.5076282503290965,0.26200057192130627,0.09123619581264077,0.3138158574701076,0.3164509643258322,0.0887020555523203,0.3572184963549353,0.2557144459508917,0.04886551365711709,0.5836938467091476,0.07560862485041508,0.8971439341623229,0.3755625413563375,0.07121494330474797,0.44971326485827956,0.4871644887552353,0.08205116133815904,0.10419670936926564,0.5141264939380121,0.08872140261222727,0.09325669790749118,0.30924173036278163,0.03782869549682455,0.07594262395936636,0.37384206772834055,0.0934491183836652,0.06277446707612067,0.551305468898685,0.1805589696200476,1.3936178336856206,0.3978536791296611,0.17676181581760417,1.6350145189738177,0.34707280146830094,0.16940089452923163,1.4935640725236752,0.27160581764921105,0.30032354471534306,1.3546398220326044,0.39181972460884573,0.5302923440798029,1.3555521389668477,0.395593639541773,0.45488836756794604,1.486324832754338,0.3168538398320154,0.3509725345063095,1.5005940744593045,0.3105564464740011,0.35165736219479465,1.5044887304972938,0.2905257890361421,0.4214668623571753,1.49302036619424,0.3088050048452472,0.017249891006539203,1.3596478617432746,0.4249172794971656,-0.21739780748428655,1.3891833847897812,0.37473537663723683,-0.115185746987598,1.4945952156616042,0.32156860044075936,-0.013910294915245092,1.4999677558525837,0.3169846435673464,-0.015017652404711063,1.5183105447564114,0.3021949809427051,-0.059192211131643635,1.51151411418699,0.27193625895573187,5.016949152542373
0.25390976088357653,0.9094406981006098,0.3542822415993534,0.26570777487604363,0.4855719791702991,0.44636870711295423,0.27235765820254104,0.1195027742172767,0.507755279648654,0.26139250303125505,0.09044053104281831,0.3151887290166609,0.31649379730860727,0.08875495035872767,0.3572672388923529,0.2560821466157137,0.04862992601192506,0.5849892797458728,0.07548735627898784,0.8974013824029072,0.3754527206824338,0.07116653618186092,0.44934037079626277,0.487577983813559,0.08202685108329041,0.10421197743812773,0.5140815254820607,0.08872076549388294,0.09326510948110232,0.30929146677514174,0.037838148969963264,0.07589118773942807,0.3738782935519973,0.09350555598884672,0.06294714932578645,0.5509299042440687,0.18063401297423315,1.3931845693829379,0.4008421804777336,0.1773137718367096,1.6355082104924095,0.3530579916137835,0.16946109223221478,1.4932641816354666,0.27371500045541186,0.3010748165237699,1.354079275729526,0.391914964685393,0.5278961612261306,1.3541040872577208,0.3906179022065431,0.4412168502487197,1.4765702373139802,0.3209277226594962,0.343064894215647,1.4854923492582928,0.3144511243163697,0.3414329245811595,1.4915233247727444,0.2979912989206844,0.4120075576074849,1.480813686539345,0.31941836507621224,0.018073999778689613,1.3602608566738923,0.42828471587708844,-0.2170233747636719,1.3884291443367596,0.37295535064984,-0.10508382253566045,1.4914621087331814,0.32599077297648976,-0.0004518475033098853,1.4895254768294581,0.3228825100200105,-0.0003111657771691697,1.509843160183649,0.30533392586156133,-0.05197994720081141,1.5056958539404162,0.28113242375341374,5.033898305084746
0.25367877129325106,0.9094051272993287,0.3552291466376772,0.26534086968071596,0.48601346085830566,0.4456391005508179,0.27241214027269045,0.11951981659135125,0.5080324447868704,0.2607077164291127,0.08865608047239548,0.31774341533979217,0.3165781779140997,0.08883272009136035,0.3573936077939219,0.2563481888743415,0.04815389435743621,0.5865610484979956,0.07534932801379578,0.8977775775122918,0.3755726865893252,0.07099018520832162,0.44892217240269583,0.4882993912981374,0.08195529024880568,0.10428554574214412,0.514042843544705,0.08871620834487759,0.09330336560717747,0.3093757899587337,0.03785752425808814,0.07585318643920216,0.3739326418951291,0.09364119320190892,0.06337018489030447,0.5501722615814079,0.18080876028326903,1.3922192491494059,0.4040386208012312,0.1780715457859132,1.6354933016812259,0.3585493026835236,0.1695385290790351,1.4928447945248695,0.27451698180774675,0.3014172847358455,1.353454331225984,0.3919456900316949,0.5262864684430997,1.3524208775360105,0.3872403882941238,0.4312860126430031,1.4683532018752432,0.321962092939452,0.33911476589466416,1.472918189743563,0.3154464312387264,0.3357554702907199,1.4810150432689397,0.3031713974564685,0.4041589115881022,1.4714617332489281,0.3294242617410508,0.018827713095721597,1.3605747148998726,0.4316852427356728,-0.2163905696894879,1.38791480282815,0.3703701080775825,-0.09664110060800654,1.4896841585150162,0.32658777907121667,0.011056450172373227,1.4802549241027252,0.32498350814136306,0.01183593137857417,1.503343344177965,0.3061729013581724,-0.04674234723528871,1.5014945639664181,0.2898052446595227,5.050847457627119
0.25339235758434764,0.9092668977983108,0.35638744494385455,0.26502851528867877,0.4863172955784819,0.4450670855926668,0.2724990363912481,0.11943232512791577,0.5084627151642881,0.2600823663497973,0.08616645582761137,0.3213315538324407,0.31668737308447253,0.0889104752425593,0.3576376236565232,0.25652395797985844,0.04757749565558024,0.5881708134704292,0.07521661072502336,0.8982154678379639,0.3758419632700337,0.07068014635691357,0.4484599247092425,0.4893495569757087,0.08191385455262029,0.10440817293329019,0.5140503573994734,0.08871040294868825,0.09336444253312974,0.3094778167456118,0.037885155284974846,0.07585011262812097,0.3739847561142177,0.09385901986505742,0.06404890637321022,0.5490234816840825,0.1810426378230639,1.3909392348031748,0.4070530218723555,0.17894078303358787,1.6349305331863944,0.36297845070837187,0.16959540114250793,1.4922230442028075,0.27463040421161466,0.3011966837264091,1.3528373416535826,0.39189550371543175,0.5256407227348441,1.3506982527400564,0.3855782718280303,0.42583047367502813,1.4628509931018612,0.32166793909821245,0.338273870221517,1.4645285741517107,0.31532991723558573,0.333886262522839,1.4741754157626608,0.30559691917220533,0.39883427879787936,1.4656179675946541,0.33801048763028924,0.01944493351672889,1.360611662879521,0.4348189013957716,-0.2155411111397635,1.387605309473407,0.36766782124711306,-0.09099873506959205,1.4890730254484716,0.32467627085884565,0.018953654852544004,1.473635875444676,0.32397624488206384,0.02001702359743917,1.4992776529789134,0.3053466661116768,-0.043685638339551525,1.4990815073325172,0.2967849832912502,5.067796610169491
0.2531164549310966,0.9090109933344424,0.35758207709906475,0.26478752133716216,0.4864928952332322,0.4447065963100717,0.27261238176325364,0.11920755066442874,0.5090572759453328,0.2596213275002368,0.08359625879141735,0.32528900347237527,0.31677258219579907,0.08893502601253254,0.35803728420112085,0.2566507386067161,0.04701617229974755,0.5896083795686604,0.07508280612392473,0.8985687072369118,0.37604895623976897,0.07024231437683823,0.4479529768659033,0.49072251718345594,0.08194518396143524,0.10455717857661634,0.5141174588032837,0.08870367484684777,0.09343340718159901,0.3095802422852244,0.037915297013046675,0.07586829445747996,0.3740276418652448,0.09415086075516979,0.0649648949200358,0.5475043993779254,0.18127969174980932,1.389734786464942,0.40920366773725514,0.17980590356633613,1.6338340072895199,0.36613399900045834,0.1696499884539732,1.4914843425567494,0.2745586218445892,0.3005185810779302,1.3523087817739665,0.3917783374771796,0.5257176646489484,1.3492073329954677,0.38509056409924297,0.42492541648693694,1.4608699576971322,0.3225650138434079,0.33921122179857993,1.4614284339096428,0.31567054822625923,0.33424343012717417,1.4718091764914307,0.3057939075537143,0.39678182122110556,1.4635625344190826,0.34395187812767297,0.019988156304291155,1.360333871895285,0.4371777825102565,-0.21461456363656886,1.387519196007298,0.3655940714580885,-0.08868797832551151,1.4891186443307043,0.3223810733148117,0.022556568972903486,1.4705745436582505,0.32150612729641964,0.023794299506941133,1.4975173501059476,0.30387094239778256,-0.042589358906582275,1.4980550478065011,0.300864512428382,5.084745762711864
0.2529010036359572,0.9085934791559568,0.35877937457972836,0.26463210812933263,0.4865830998909765,0.44460725797291584,0.2727489886157608,0.1188227881955195,0.50983673045494,0.25931293639143865,0.08174458568788771,0.32838771200114486,0.3167858819904474,0.08887735046209892,0.3585282509165339,0.25676655971674783,0.046489265011827624,0.5908260837210197,0.07494413464890025,0.8987300663789558,0.3759793440780046,0.06971069285580217,0.44742942751408277,0.4923187869927007,0.08201119485142078,0.10472746493841106,0.514217848117591,0.08869334913583748,0.09348709526946543,0.3096663146973239,0.037934794868909195,0.07586867819009781,0.3740655346685495,0.09448626501265239,0.06605437997722584,0.5457065274069439,0.18146304306548997,1.3889989570547918,0.40977825836036175,0.18053378290316952,1.632328105832459,0.36786943989415616,0.16976924279467487,1.4908660565312255,0.2741830691255058,0.2996255188876288,1.351940865795886,0.39161457487985457,0.5261815998779132,1.348297625018711,0.38523526115428686,0.42822531798722474,1.4624798789836901,0.32561919340747053,0.3408234437931562,1.4638987578065155,0.3171112894300942,0.33544567303622086,1.4741339877693183,0.30523594365514445,0.3983744788545496,1.465251550074149,0.34548705916047817,0.020552245965511477,1.3597613312997792,0.437953940860836,-0.21373153408867399,1.387726369057024,0.36474139512620296,-0.08950967611016328,1.4893950340015114,0.3212137892594057,0.022375606480175385,1.4711445044930704,0.31971055758485933,0.02368971492883755,1.4975591204761163,0.3029847392148006,-0.042967951154665104,1.497911843355216,0.30135739976121056,5.101694915254237
0.25277102880796953,0.9079688590024505,0.36003416283955797,0.2645750711410104,0.4866084850314767,0.4447658892403158,0.2729106821783019,0.11826540097793106,0.5108235093767324,0.2590636614852969,0.08131584355311228,0.3292813274728762,0.3167461018204133,0.08881560040535906,0.35878982455229763,0.2568675489664814,0.04595281769566659,0.5918926122497766,0.07478793327839565,0.89871249557158,0.37562543096590306,0.06915048185441511,0.4469497807946357,0.49393126570232815,0.0820389005995479,0.10493432185161491,0.5143158969346503,0.08867764133716766,0.0935039456056944,0.30971926873692684,0.037930095312344064,0.0758239912609011,0.37409954705815485,0.09482320075287405,0.06722029983932025,0.5437788656762207,0.1815464399836041,1.3889321560434917,0.40860077222843405,0.18098024842132995,1.63078613722745,0.36809862425978784,0.17000836588585366,1.490599952166097,0.27313460111080967,0.29872375558660935,1.351764389572104,0.3914359330160952,0.526921320193005,1.348263949677923,0.3859310728021689,0.4351157660687849,1.4670135540775637,0.32991558715935526,0.3426309830043173,1.4711770070803565,0.31988036848177526,0.33700544566705337,1.4805404797846105,0.30525549085921844,0.40319835780311986,1.4702266841442855,0.3418004619647623,0.021092735327295456,1.3590157410042578,0.43652069459318327,-0.2129753427645626,1.3882452362482007,0.36535935300954386,-0.09268082963946153,1.4897839065613774,0.32137716156040513,0.019481836699147076,1.4746395258049239,0.3198735083585755,0.020674261878305584,1.498818869265386,0.3033849991592139,-0.04430748736340186,1.4983927444522542,0.298502551934047,5.11864406779661
0.2527009698067223,0.907135687118759,0.36138527752636085,0.26461395779339714,0.486523460636593,0.44508337932971603,0.2731028627562584,0.11754475645975698,0.51200611549577,0.25880146086138295,0.08259596010040098,0.32721056263353043,0.31674613663774165,0.08891966056863335,0.3583245487039284,0.25691845723892104,0.045375642417828696,0.5928599451592956,0.07457268323788081,0.8985747701686121,0.37519674951352694,0.06862206461670421,0.4465712982486148,0.49536459158367563,0.08198573773071775,0.10519458412645112,0.5143921636628862,0.08865904804425412,0.09347772200178589,0.3097264728324728,0.037898907458138724,0.075736788787232,0.3741230857282163,0.09514410599353032,0.06837985558647736,0.5418483248790716,0.18150735610449786,1.3895177326520955,0.4061202232191144,0.18106333472991337,1.6297721591189236,0.36683279058872353,0.1704033924124917,1.4907818193546027,0.2714340701121539,0.29793781910232836,1.3517601968227864,0.39128460963974127,0.5279820572742211,1.3491146822896323,0.3873500587690704,0.44479169853569617,1.4732397120534373,0.3344267869627864,0.34472467885659047,1.4814915155239345,0.32384898468591977,0.339332958413318,1.4894713476172456,0.3058908814426219,0.41005694642056834,1.477530819936927,0.33437459056644225,0.021434648163086132,1.3582643255403584,0.432998842053773,-0.21247741457700053,1.3889904525722878,0.3672737749580167,-0.09719766128731902,1.4903076936848918,0.32226019125256955,0.014791098147736985,1.479887975866681,0.3216356168070713,0.015571284738640454,1.500819871380479,0.3045371998257224,-0.046220634394346274,1.4992955384965485,0.2935154858653122,5.135593220338983
0.25260189477030776,0.9061609141663446,0.36283461687059765,0.2647126608335511,0.48627725888561535,0.44538340106098856,0.27332847527100645,0.11672047983498743,0.5132789130406502,0.2585290662258479,0.08529762236257801,0.3224365374732633,0.316875650912927,0.08931478364472799,0.3568242648214769,0.25689354127145286,0.04476156440409978,0.5937215678684876,0.07425204823233057,0.8983296127000049,0.37491870697599167,0.06814262730778457,0.4463315989812845,0.49656443102589126,0.08184969545251038,0.10550958252392462,0.5144426654498172,0.08864205100129027,0.0934229562099443,0.3096897711020787,0.037851747799283915,0.07562919207048117,0.374132226330968,0.09545818617364775,0.06946503716469134,0.5400222488952556,0.1813632384423141,1.3906171245735985,0.402970849948067,0.18090032163862396,1.629724292612182,0.36409395946366097,0.17100264127314144,1.4913855222687846,0.26948029413437574,0.29735931724198505,1.351892816182018,0.3911828849393757,0.5293138973032891,1.350454640460879,0.3895695475818659,0.4562151858427206,1.4796484120808895,0.3391375812658802,0.34763358716867354,1.492545058637459,0.3279788581971434,0.3434322992005182,1.4988446162941547,0.3059128604323298,0.4176149287702806,1.4857895073387593,0.32625359974850393,0.021433459848675143,1.3576741451917116,0.4282344472551299,-0.21240721456957057,1.3898513468608138,0.3700835297804623,-0.10219567711472433,1.4908610363412922,0.3233436605334071,0.008867451727679332,1.4855458783103863,0.3236350655347896,0.008867217746444065,1.503111506206789,0.305125347681769,-0.04850462441057013,1.5002481941019048,0.28814519118503706,5.152542372881356
0.2523848392648937,0.905169094103694,0.3643392456426916,0.2648097427433898,0.48589570505613955,0.4455280617073865,0.2735779938984814,0.1159063271743707,0.5144343984929575,0.25832972994810643,0.08860468295436831,0.31624303709807483,0.3171632464040468,0.08999791222028995,0.35438175242081865,0.25680661083154244,0.04412790122091942,0.5944504982963443,0.07380902494191463,0.8979607650943299,0.37489427636793227,0.06769851785159069,0.44625432360280926,0.49758564797869315,0.08164850810358613,0.10585410727097277,0.5144651047612471,0.08862933396586303,0.0933667903058783,0.3096314094772106,0.03780464723749587,0.07553059395713844,0.3741328223667782,0.09576263193491463,0.07038086007954644,0.53846766465755,0.1811777062083078,1.3920176134354374,0.3996799732186061,0.18079245103035857,1.6306568346050054,0.3599021955018678,0.1718719049837918,1.4923210252906607,0.26753038345088576,0.2970670690486009,1.3520962963872658,0.3910943021811779,0.5307605131450621,1.3516195894400642,0.3926961507124191,0.4681077078787377,1.4848680860888732,0.3442075102819788,0.3521528897838672,1.5021853289515996,0.3304969267403192,0.3502463861434604,1.5068300338012632,0.30410863868669735,0.42527426489891196,1.4934780372474603,0.320022903857916,0.02102303662943019,1.3573604012810023,0.4232459678839454,-0.21283237371520394,1.3907669373914833,0.3735373151267303,-0.10710280580284469,1.4912803483250552,0.32456488775452863,0.002037483986251091,1.4903161755693695,0.3245116270113102,0.0009110471940084767,1.505096621462088,0.30416286818612803,-0.05109271717625996,1.500911767185956,0.28389801322247005,5.169491525423729
0.2520320472886205,0.9042858897379947,0.36577544480439184,0.2648642671242282,0.48548203739553664,0.4455252670076445,0.2738173904412117,0.11520568407293956,0.5152791460825115,0.2583380676258527,0.0914478997797934,0.3103872836346412,0.31758530746640956,0.09087492365319624,0.3513640305436905,0.25671086931076254,0.04347773175343081,0.59504245054051,0.07325712399026127,0.8974603625490336,0.3751256431358783,0.0672832242365813,0.44631940524409747,0.4984857685889083,0.08140168740955377,0.10617770707608043,0.5144500488719502,0.08862201553048593,0.09333126322421896,0.3095817134940435,0.03777222865733894,0.07546891296661026,0.37413439296227124,0.09604404532542604,0.07105369288275554,0.5373254143767681,0.18101795969926787,1.3934394661144505,0.39658974638585975,0.18102232074943242,1.6321713660985742,0.354372274221703,0.17308150138752784,1.4934409182259132,0.2653921144962246,0.29708170689909047,1.3522424350578126,0.3909300200997313,0.5321954304654823,1.3519666950890936,0.3971895763138232,0.4791681434426277,1.4879991847252498,0.348575517653783,0.3589143095051611,1.5088823441282344,0.33000755198468956,0.3598394662383474,1.5123128287561816,0.30049985364488874,0.4333968391488705,1.4992297744061862,0.31632115249069415,0.020150977472279466,1.3573591764760924,0.4187342386214914,-0.21353410155331895,1.391679233600529,0.37780250266597754,-0.11161706071816416,1.4916161860931114,0.32596650307127717,-0.0053897415491159445,1.4932696362188815,0.323378696735117,-0.007779903725863734,1.5061353241344306,0.3016251483067146,-0.05398543639092826,1.501205034305491,0.2813099674543538,5.186440677966102
0.2515931231736945,0.903574711634421,0.3669945664694025,0.26489396301707285,0.4851488405634831,0.445499670237638,0.27398875639782483,0.11464447423436328,0.5157518559184743,0.2586535590274124,0.09298587425223626,0.30626811939763704,0.3180886756626762,0.09181764196796532,0.348217989332147,0.2566554257430034,0.042795914484684755,0.5955152503131201,0.07262461951378033,0.8968346359097582,0.3755725363964274,0.06691110979427814,0.4464482646455957,0.4992866173288947,0.08111737925930577,0.106433263319739,0.5143862722444061,0.0886219584832664,0.09332181127285043,0.30955736677473666,0.037763128832222555,0.07546042990320422,0.37414088537172724,0.09629543507954255,0.071508102009345,0.5365636610726402,0.18088305629238877,1.3945523319099862,0.3938347867348896,0.1817707035114028,1.6337084950705918,0.34789935077143885,0.17466443121886954,1.4945371389603304,0.2626359419568806,0.29730098399930155,1.3522004842192803,0.3906998429941168,0.5335706853507627,1.3511432649496478,0.4039437557696253,0.4884597522220866,1.4886683531392118,0.3501296172132856,0.3679038663437282,1.5119673636831399,0.3263821720049644,0.37136648084894064,1.5148701905629909,0.29600728758709066,0.44256975324235814,1.5020811392428521,0.313903244477831,0.01880997182234334,1.357672448334114,0.4151346790241144,-0.2139545336602072,1.3924439392698436,0.38341032933605396,-0.11582406162717176,1.4921219467866844,0.32713262375583646,-0.012990302072926372,1.4942089262295566,0.3199228903702651,-0.016541324616971276,1.5059000464351577,0.2981289170174686,-0.05725802211394772,1.5012156942585977,0.27937441196615376,5.203389830508475
0.2511277743985421,0.9030468896393824,0.36794263729908677,0.26494898276757395,0.484935985225617,0.44557552927071764,0.2740408666810713,0.11419299639170802,0.5158925026237808,0.25928255499429254,0.09291959406771409,0.3045471222237668,0.3186011981219504,0.09268908175121875,0.34538062015660626,0.25664557455326786,0.042082534398351475,0.5958493966505596,0.07194779706594583,0.8961375464391538,0.3761665518589869,0.06660457309662912,0.44656430425230986,0.4999799143377603,0.08078511768545359,0.10660864944817998,0.5142686449450681,0.08863152022196417,0.09333207337524155,0.3095557299113955,0.03777821589726292,0.07550460763937776,0.37414913957281076,0.09647520764545027,0.07178374244516533,0.5361159476979409,0.18070126921609048,1.3950120317024985,0.3915991177643063,0.18317690397115516,1.6347732854518084,0.34120120508325674,0.1765748304128999,1.495405116584036,0.25890762647317617,0.29750785586929124,1.3518935104972196,0.39073431351715876,0.5349000792951415,1.349195035649187,0.4139416690613059,0.4959296551414996,1.4869350595871058,0.34765037150488454,0.3784987504026296,1.5117156221090537,0.32029755989747344,0.3839214209001258,1.5146991110361077,0.2908209363443243,0.4529500359403311,1.5017463092979637,0.31107959881962166,0.017134672421849174,1.3582791898581328,0.41290032667016463,-0.2134546946455731,1.392864315797561,0.39073108740052226,-0.12032466340693551,1.4930060859911556,0.326772366278772,-0.020505725300064642,1.4937479513024137,0.31398752018320464,-0.02500624592323604,1.504584262984721,0.29376866587031186,-0.061155061649417586,1.5010855920199138,0.2757169516304594,5.220338983050848
0.25064895719726715,0.9027109183378628,0.3686540814430538,0.265044732172717,0.484810388457223,0.4457650635931894,0.27396705090267054,0.11382914843045046,0.5157629933303909,0.26015413069282306,0.09146542514482862,0.3052010083604557,0.3190371393989957,0.09335511594853287,0.34324151169058753,0.25667501257790865,0.041386311868865905,0.5959432713398082,0.07127420435961365,0.8954921188021646,0.37680258462136645,0.06637834784994281,0.44665389784560755,0.5005273048714913,0.08038873361860852,0.10672454921823224,0.5140940386719924,0.08865027210007564,0.09335319846037111,0.3095656680060699,0.03781112475877256,0.0755853490040457,0.37415446431822835,0.09649018188535612,0.07182046767390587,0.5360889769438774,0.18040470333981695,1.3945681226962814,0.39035596093670255,0.18530710361489397,1.635055829464841,0.33502567618253937,0.17869326181453882,1.4959272857191876,0.25408868567527704,0.2974804696982688,1.3512873455430237,0.3915312776810414,0.5361106271444273,1.3465028375360164,0.4273285010763266,0.5026769398093038,1.4833084377643504,0.34210862214895277,0.39014217860068967,1.5092117541738521,0.31162922930083536,0.3971480193437479,1.5126680781768371,0.2834837585277075,0.4644467139234716,1.4988969708229027,0.30631183148810637,0.015385836108799778,1.359099501548171,0.41228052520281555,-0.2117089195415045,1.3928343805189405,0.39949233691546493,-0.125829378670371,1.4943060861193227,0.3232158499008072,-0.02827647260742785,1.4929381302014701,0.3047723238479735,-0.03335195382148236,1.5027886417741252,0.2873430934323891,-0.06631236104576421,1.5010057444323666,0.2681075948216143,5.237288135593221
0.2501265753485044,0.9025853333887643,0.36914070369090757,0.2651397253741461,0.4847456126538657,0.4459463226463984,0.27381354563972704,0.1135567227632741,0.515460478961197,0.26114312925363437,0.08918367705852526,0.30754780922112784,0.319314705725843,0.09371225687193604,0.34206708419051624,0.25677320968996936,0.04078298903880392,0.5956961832161709,0.07065266665398087,0.8950264465875725,0.3773826120403794,0.06623579243184832,0.4467533597659805,0.5008628581164398,0.07993906024948996,0.10681352419080217,0.5138616076904052,0.08867254734453961,0.093376006489428,0.3095762499262866,0.03784908366989983,0.07567554772565976,0.37415503180108534,0.09627454375170959,0.07153366722910762,0.5366384806231287,0.17997567341908494,1.3931984801389876,0.39052607961224417,0.18812466722089072,1.6344729087580154,0.32984460174273267,0.18085464395732073,1.4960811406244423,0.24846211618710345,0.2971224872539306,1.3504088489331965,0.3931867239424328,0.5368415868216622,1.3437201079845578,0.4423231827032853,0.5104037651143365,1.4787200460564385,0.3357841918154331,0.4029112508740639,1.5059247134146478,0.2987926257388532,0.4111901104389266,1.51005799204156,0.2720181928018113,0.47704882702431006,1.4950452297164722,0.29727347590660286,0.013859663360814636,1.360016299188294,0.41290660188176,-0.2088775698211361,1.3923799463006883,0.4092596539918687,-0.13258025614463975,1.4958405879938086,0.3160026541957336,-0.037137770515098666,1.4927630739664457,0.29091017254759466,-0.0421389978771437,1.501280915622447,0.27689040441190793,-0.07390165791049533,1.501133190007865,0.255873568213391,5.254237288135593
0.24953656917739644,0.9026732065724269,0.3693660415464022,0.265179882241824,0.48475336322284146,0.44597269577370463,0.27365740841056346,0.11338147245573536,0.5151451383339782,0.2620994175670906,0.08677758633326411,0.3104670776845859,0.3194044671192393,0.09375263438462682,0.34184666406708836,0.25696374114478104,0.040314784150411995,0.5951872870943083,0.07009657811758263,0.8947783672737164,0.3779256323464008,0.06617233228356798,0.4469023295591375,0.5009177261494225,0.07948429576679374,0.10690233368183782,0.5135902332182869,0.08869010137547659,0.09339063166195755,0.3095783936645718,0.03787696838192257,0.07575150777761226,0.37414818331593985,0.09586189832410645,0.07093156055710953,0.5377612004455814,0.17942943015849466,1.3911144813787286,0.39206410697108474,0.19160938734502858,1.6331733713482883,0.3258407792872997,0.18291912621259718,1.4958858787648626,0.2427310849451223,0.29653543460508974,1.3493774607449724,0.39519754580629596,0.5365360473271731,1.341653411144854,0.4552794278234533,0.5203930284168425,1.4740290263896982,0.3306290879240125,0.41746718811569833,1.5031369671081278,0.28044970209970194,0.4265630991339687,1.507976959486398,0.25586048574600634,0.49083110893681264,1.4917536858783602,0.2815097260841245,0.012834657418081829,1.360898453804308,0.41425669795473397,-0.20546201805891767,1.391510143124715,0.4202888062148007,-0.14047599409823994,1.4971590283694174,0.3066976153817391,-0.047851636038299894,1.4938406570053187,0.2715940718397256,-0.052338605698468134,1.5008007137594512,0.2606157440220154,-0.08529094165130707,1.5014622816455492,0.23965922186170688,5.271186440677966
0.24887086873021919,0.9029013946672648,0.3693480328426836,0.26514106389693287,0.48484895285790286,0.44578158034668036,0.273562476187908,0.11329100611903017,0.514957985920953,0.26288984250283814,0.08486492452604887,0.31297798963702134,0.31936388466594473,0.09360101779519801,0.34220204100487256,0.2571986710144464,0.03997605105131736,0.5947066492275568,0.06956777445446687,0.8946598086849169,0.37859636542268504,0.06617602142966006,0.44711795804122356,0.5006761502087506,0.07907791478622254,0.10699222080023513,0.5133239718904027,0.08869858048349655,0.09338976737534893,0.30956456159966705,0.037885979240219,0.0758110582458547,0.3741249594517992,0.09536110636909718,0.07008978589985898,0.539330309563866,0.1787917872052652,1.3886196628823104,0.39461756543850685,0.19582970011079323,1.6315192238115013,0.32308453773096624,0.18488810782650944,1.4953404177265661,0.23784296899835966,0.29599113289217516,1.3483821941640326,0.3969154140337239,0.5347950763154904,1.340880385000993,0.4624493145138613,0.5330001301184312,1.4693866171419792,0.3273072524819259,0.43454723126289396,1.5015113670626294,0.2575417252762907,0.4440932374811528,1.5069079608685527,0.23640998547512534,0.5061159000084429,1.4895857419190965,0.25919345249278813,0.012507471738206696,1.361573652303522,0.41644901970321024,-0.20193994634269702,1.3901173180062163,0.4330406143795268,-0.1496569942139588,1.4977326808798808,0.2975011630879739,-0.06093321880639733,1.4963236162567415,0.2471732707988884,-0.06542812563831421,1.5019114571632195,0.23769788588429036,-0.10142511245389613,1.50186125736003,0.22069749205063902,5.288135593220339
0.2481198341838967,0.9031087105684121,0.36921223252753327,0.26502886373279455,0.48503265371806303,0.4453897668643715,0.2735419663542143,0.11326715683683306,0.5149180713977994,0.2634013540082836,0.0838284500248634,0.3145599538746448,0.3192918706069661,0.0934343484354868,0.34260598567939193,0.25739030631734755,0.039748069245648124,0.5945336000168052,0.06901877786990245,0.8945131653220818,0.3795738473982797,0.06622154051573195,0.4473748089095894,0.5002354145997906,0.07875038895949037,0.10704656392182295,0.513108098566406,0.08870033328901744,0.09337518208411194,0.30953044415993514,0.03787955288280889,0.07587219701453471,0.37407545803976183,0.09488785658479824,0.06910901438070301,0.5411544785484736,0.1781284043453657,1.3859540913907233,0.39784562477439583,0.2008437344893954,1.6299605830949904,0.3214663876730697,0.18691943054573304,1.4943737196583837,0.23481807566267182,0.29578370960621136,1.3476442423699042,0.3979573038198481,0.5316045995251895,1.3414401361217414,0.4617367436873607,0.5478639407706134,1.4643461250579544,0.3248840068473452,0.45459126305198516,1.5010558373830074,0.23296415036176643,0.46480917662066806,1.5064880438267452,0.21580833156626833,0.5235854121805852,1.4876693843535258,0.23392012097925285,0.012881766073235863,1.3619021454250664,0.41990109176361756,-0.19842362363482102,1.3882401026860935,0.44660714268097995,-0.1606760168228093,1.4974685157448593,0.2892593185400746,-0.0770706273590672,1.4998939643059064,0.21891017911930263,-0.08294442605105282,1.5047929571946024,0.20916850032550766,-0.1226192915168581,1.5022250032295577,0.20084461063445042,5.305084745762712
0.2472819132066214,0.9031640591988797,0.3690910102987748,0.26486076459779045,0.4853077835797606,0.4448367460584831,0.27356862831166084,0.11330408739826844,0.5149541203177221,0.26353911499115346,0.08380598422306504,0.3149287229955123,0.31925652988559405,0.0933725219932554,0.3427281857195902,0.25748383132465474,0.03960175582256295,0.5947478443150045,0.0684404231711267,0.8942168406088209,0.38092646991831763,0.06627169504873195,0.44759146251384135,0.49979402798523315,0.07851292775178255,0.1070190798779154,0.5129614173353568,0.08870041778020918,0.09336451833382683,0.309478164149416,0.03787076100306297,0.07595597463559833,0.373999311688159,0.0945227466134754,0.06812724564121059,0.5429418592604618,0.1775987302996977,1.3832568931080855,0.40147901404516473,0.20656584738456085,1.6288371906365955,0.32046766671359295,0.1891797624140803,1.4928917640106876,0.23441303516889778,0.2960616030314677,1.3473326693541134,0.39818973165781374,0.5272939433663704,1.342952683734455,0.45285952305835203,0.5641464665282016,1.4585362320346644,0.3211332577903216,0.4780406038984182,1.5012646846769315,0.20961224242765325,0.4897212273050681,1.5055038811732158,0.19585128463680151,0.5438169896230614,1.484309247843909,0.2102516388851511,0.013722923600890233,1.3619706257982873,0.42446465115506493,-0.19469250146730413,1.3865319764459516,0.4583097020538265,-0.17410613727439278,1.4971044723331324,0.281666945202938,-0.09735350849553648,1.5037130077280179,0.18903152419549915,-0.10592181385674998,1.5088611567482717,0.17811119271079345,-0.148658092495421,1.502444559615431,0.18256690450492372,5.322033898305085
0.24637216124767441,0.9030583917728172,0.3690422857489265,0.2646511812861055,0.48569824258073035,0.44415184164109794,0.2736098831012945,0.11338867793188097,0.5150039545145628,0.2632804625409731,0.0847409022100236,0.313892118545954,0.31928556928904817,0.09347252614036185,0.3424879828152967,0.25747002275241204,0.03947145606310844,0.5952857143000152,0.06786071470660197,0.893751290306957,0.3826172477646899,0.06630261886143374,0.4476888605901023,0.49952559938903174,0.07836650231930775,0.10692184999429,0.5128669559967735,0.08870037295007516,0.09339390454299139,0.3094156163293994,0.037873740093566005,0.07607439799463683,0.3739073576208005,0.09429602546304383,0.0672733095177704,0.5444121025348827,0.17741064956890917,1.3806688983625495,0.4052088936476011,0.21268548737629855,1.628230686736428,0.3193912941301328,0.19170195562100878,1.4909670812155424,0.23660397889404497,0.29679298328974557,1.3473965120040707,0.3975801894634785,0.5223709616452238,1.3449087564446425,0.4368674746451231,0.5805703376399761,1.451889765628396,0.3136065060353594,0.5054733708840922,1.500988904294552,0.18931002384214735,0.519079512489306,1.5023111907547506,0.17831160000641844,0.5668897772688277,1.4779006730143023,0.19123998431401004,0.014665974247314258,1.3621378281651277,0.4293972052759504,-0.1906066430907365,1.386306529538924,0.46516988610970544,-0.1901714916149584,1.4979260444157485,0.27497522931599644,-0.12286038079907122,1.506403482540667,0.16090698301314946,-0.13470395353596207,1.5125820700736208,0.14866543215768457,-0.1788155172874563,1.5021207227763336,0.16843184735363442,5.338983050847458
0.24539856034330737,0.9028320539615746,0.3691108841430981,0.2643964172600417,0.4862224016824327,0.4433440394146737,0.2736440928719566,0.11347570333058633,0.5150490935348845,0.26270024733511266,0.08639807806897704,0.3116297306399203,0.31937068329320406,0.09371624999859061,0.3419754367992977,0.25736162767251225,0.03925524462178632,0.5960772167390812,0.06730959235491624,0.8931871350530731,0.3845634389930073,0.06632078456359417,0.44767796779198965,0.4994570345015153,0.07830196375576973,0.10683632237381552,0.5127869179703678,0.08869613395403986,0.09350414497138908,0.30934962645341346,0.037894693806862556,0.0762224196878921,0.3738160761290321,0.09418639268864033,0.06660713282171932,0.5454757175953752,0.17768184603367992,1.3784028131102817,0.4084758005166919,0.21871178944689157,1.6279550638797986,0.31783644368991515,0.1943815319211628,1.488929834641077,0.2405035109370517,0.2978441125008573,1.3475338487120696,0.3962097289396215,0.5174271293665005,1.3468439159287164,0.41634986128820434,0.5958408110748761,1.4443882317333854,0.3013442706953072,0.5367803149858532,1.4983445480493287,0.17326986844791817,0.5516692119318178,1.4955259431522265,0.1653584266895235,0.5924512565864429,1.4672116062674494,0.17811398058215266,0.015419430019554016,1.3628026652325853,0.433809492014085,-0.18648313268285888,1.3888579672873247,0.46544145154875044,-0.20889879092287075,1.5008822394123909,0.26998202554480705,-0.1540272219576444,1.506387276731157,0.13843130332718012,-0.16896592489858847,1.5140874718468964,0.12464012532002532,-0.21198636348852667,1.5005693696318534,0.16021314429970884,5.3559322033898304
0.24434340054214043,0.9024827526284557,0.369392433474083,0.2640677007838416,0.4868420588935787,0.44238791067482364,0.27366213303932757,0.11351591631790228,0.5150944222695949,0.2619130001528531,0.08826315468739461,0.3089701710119349,0.31943268121073587,0.09390461642255599,0.34154218486770227,0.2571818657233461,0.03885440262896203,0.5970908213310108,0.06678555620112309,0.8926258399790554,0.38666852967764465,0.06634161255508679,0.44761849068817944,0.4995038085079781,0.07830637202232238,0.10682403672500146,0.5126977950536852,0.08868832028265305,0.09367695221643195,0.30928740660684806,0.03792790577897852,0.07637270476820399,0.3737404912825905,0.09414926642566449,0.06613817580467486,0.5462001542461316,0.17839584683707344,1.3766783142336485,0.4104358947529266,0.22420771133150036,1.62771059420698,0.3158554833489293,0.19708289639198628,1.4871618369609916,0.24500795767639125,0.2990454339244889,1.347391962942225,0.3944449000342213,0.51318223789956,1.3483972233781139,0.3955511281119665,0.6095376525501575,1.4359624027670363,0.28630858629946176,0.5704951150190456,1.4912088040907636,0.16258331233438694,0.585332145341801,1.4842721304013162,0.15852712960161913,0.6196174799712388,1.4513663476923266,0.17128028237859316,0.015928159976492634,1.364145016185276,0.43688088475094194,-0.18301798810045863,1.3946026393679594,0.4588447970597136,-0.23030485885533897,1.5059557704223716,0.2663164397435456,-0.1903602280592425,1.5025618881893466,0.12472825969576878,-0.20786719838650847,1.5122411747972877,0.10866457002247619,-0.2468162199614079,1.4974055903284187,0.1577492363758454,5.372881355932203
0.24319507903105564,0.9020011386377805,0.36998852313235475,0.2636345586219908,0.48748236245888477,0.44124035121857985,0.273666447979876,0.11350159599025304,0.5151455283901694,0.2610267541155164,0.08956571461979557,0.3071362573908073,0.3193341893763655,0.09367955743334791,0.341747195384258,0.2569568347923766,0.038232066505943775,0.5983050710290365,0.06625501737954355,0.89214254244048,0.38883193869281735,0.06636518089272785,0.44751314842472234,0.49958484869816944,0.07837510597657701,0.10687056243254972,0.5126118578190325,0.08869958602663355,0.09375272095539372,0.30925752542463075,0.037960786080773565,0.07648701251401194,0.3736885351329971,0.09415647159738616,0.06585191612515853,0.5466648384243326,0.17948196433057476,1.3755958108190771,0.4105004099911074,0.22899396083138246,1.6272852622038074,0.3138116835657947,0.19972663013684044,1.4858338119210683,0.24949241813261125,0.30021950179774065,1.3467310916203876,0.39296153091610475,0.5103523223401323,1.349359933102103,0.37886696517740887,0.622408600385979,1.4266979962662678,0.27262268757180075,0.6044317104509378,1.4781318226096738,0.15739218234618185,0.6182267735200505,1.4680354379858982,0.15694841457475123,0.646856155274256,1.4301950462740993,0.17089985487567994,0.016324865676656905,1.3660781461712816,0.4380093140366828,-0.18082826247301864,1.4027968886269226,0.44599139425402523,-0.2538912145712372,1.5123513067229486,0.26189887592665223,-0.2305595790244967,1.4948968025722416,0.12080052860990023,-0.25001951892419516,1.507090896673045,0.10188478224977873,-0.281803568608179,1.4928660802759848,0.15926775161560097,5.389830508474576
0.24199506168891793,0.9014377691864408,0.3709495129671935,0.2631103056920553,0.48810224616188547,0.43992696039050566,0.27366439183370506,0.11346131794129666,0.5152001116214416,0.2601454867455948,0.08966244782431133,0.3070426310425004,0.31897671574214603,0.09276398109202912,0.34297987168827065,0.2567022610425249,0.037431722428061136,0.5996827504883793,0.06569095869573821,0.8917669564237689,0.3909674709527475,0.06638057447371884,0.44733871748442233,0.4996612701510871,0.07851481207392033,0.10692964676797856,0.5125603612101258,0.08876473256297124,0.09350812737713762,0.30931401373775996,0.03798432109092574,0.07654109825289318,0.3736617346299725,0.09420442393922199,0.06572161865758194,0.5469026050557968,0.18086163406295808,1.3750299185043577,0.40890818303133275,0.23307668720045227,1.6266681635980833,0.31219482316475217,0.20222822621566044,1.4848284037968509,0.2539448349293257,0.30121179602434567,1.3454605174857588,0.3923161028530513,0.5092366379302615,1.3497835180087963,0.3684391659320699,0.6355894882000254,1.4170626272942857,0.2638193994003993,0.637112326964659,1.4588825599704682,0.1558196695491352,0.6496044281238713,1.446750929529312,0.1575516950753232,0.6725862161248186,1.404637564104584,0.17628522036242827,0.016707823143879193,1.3683588099858146,0.4369881921789054,-0.18018904185282072,1.4118661998222422,0.4281106742026911,-0.2780353713746085,1.518967123984944,0.2547214392690881,-0.2726477360181711,1.48448280211282,0.1250170255662115,-0.29314968806990294,1.49950745353062,0.10396574038853683,-0.3156015158844476,1.4874898413711701,0.1633295970598863,5.406779661016949
0.24081765437631886,0.9008753853445044,0.3722613180904187,0.26256445807294726,0.48867919408966914,0.4385859919287064,0.27365961477346057,0.11342308671875084,0.5152515370259396,0.2593810698901434,0.08835481441378812,0.3089014778496912,0.3183788628702609,0.0911613107164982,0.3452194254592769,0.2564207381229805,0.03653000666671638,0.601176825525477,0.06510530794094592,0.8914984938335223,0.39302261868221744,0.06638252394079174,0.44713285995530994,0.4997185954613494,0.07874067029414916,0.10696993118091451,0.5125698398648971,0.08888801806196646,0.09290273360930315,0.309489842281682,0.037996427108664285,0.07653444969948668,0.3736604117527702,0.09429816625240091,0.06572919889886812,0.5469145485119239,0.1824183343587012,1.3746790439347643,0.40642938855255295,0.236517596352972,1.6259855592142602,0.31162244597223987,0.2044387505193574,1.4838382518822304,0.2586262939531562,0.3019632997247195,1.3436712523119385,0.3924623703859471,0.5096376045835258,1.3498768465548596,0.36343361630465604,0.6497961868959946,1.4075872855053826,0.2612191601886834,0.6685333767003723,1.4341689840875855,0.15503711573646273,0.6798450812779535,1.420907118349514,0.15776531325903845,0.6961337012557755,1.3765529620234402,0.1855620094921478,0.017085416130277663,1.3707050274988497,0.43411438412571374,-0.18118617904137962,1.419927079840238,0.4074621424788687,-0.30043518252779344,1.524475264142748,0.24507453567251408,-0.31394849798651786,1.4729555687344553,0.1342001664380939,-0.3343026975627809,1.4906937111950185,0.11332573202885578,-0.34705591119654094,1.4819371110831672,0.16948773577354748,5.423728813559322
0.239708713824427,0.9003651530706643,0.3738358106632153,0.26207834258095775,0.48915938970612555,0.4373795459720246,0.27364954217667764,0.1133976336123506,0.5152954905914184,0.2588586116481124,0.08582644326543734,0.31241038110689223,0.31766998634035903,0.0891620904007998,0.3481459536655549,0.25611069511670537,0.03558916229921558,0.6027435571811047,0.06453696039381057,0.8913292647938061,0.39496191040466017,0.06637730183056252,0.4469699639222728,0.4997563977787254,0.07907317562917787,0.10696918018902399,0.5126597361086782,0.08902760706372856,0.09215586552459804,0.30975001774860095,0.0379952164547806,0.07647322470582377,0.37368740503228487,0.09444036412492138,0.06586984086747805,0.5466946370049862,0.18397639018483541,1.3742461232223837,0.40367650688599593,0.23952880422645956,1.6253040756954564,0.312754261721681,0.20630709927178098,1.4826210329771108,0.2635380627184201,0.30260814688088106,1.3416199293156819,0.3929228317078664,0.5112167605325646,1.3494940048451871,0.36175118005524887,0.6651362152583475,1.3980712008572895,0.26446030429888245,0.6994490317675552,1.4052188775203813,0.15403315579218313,0.7097545522322255,1.3916360334347921,0.15741779792841992,0.7179907424154217,1.3480038199864977,0.1969000011945198,0.01755574407646852,1.3728292502197756,0.4302816627378607,-0.18375335203344406,1.4252722987172044,0.38747345465801714,-0.31943115400766864,1.527288536252943,0.23576529577767663,-0.35145832254615916,1.461798032514581,0.145465107949985,-0.3709567358523952,1.4818911440174727,0.12766639849903824,-0.37485800470824504,1.4770028289330286,0.1773137238639765,5.440677966101695
0.23867854653469492,0.8999177527972653,0.37554768607302,0.26169646409950315,0.4894993851437162,0.4364010378871183,0.2736287744889214,0.11338370429861852,0.5153323806267214,0.2586841777030936,0.08250277860981098,0.31699137767084623,0.31700077040417207,0.0872045851463377,0.3513188654471212,0.2557739551051829,0.03464815781838901,0.6043455749590638,0.06402634429260648,0.8912636496880126,0.39671581980947873,0.06637541979628048,0.4468903037952652,0.4997780974686002,0.07951619404992237,0.10689543821103707,0.5128392352868767,0.08913259877532587,0.09153894107346382,0.3100114538096774,0.037977959208905836,0.07635396854714982,0.3737450607691769,0.09463054695199684,0.06614226963035785,0.5462402983866774,0.18534116420264612,1.373492229713928,0.40098082726765466,0.24256317491284962,1.6245811571982143,0.31580450270072447,0.20801458792756936,1.4811454657192231,0.26824019246552966,0.3034395409137705,1.339633745996773,0.39335160960355126,0.5136749176381488,1.3478425706526034,0.36198600124725194,0.6811763537337313,1.3875522335364705,0.27214412712558267,0.7298954824546988,1.373818359184533,0.15477376464111509,0.7393768302349759,1.3608345649678402,0.1582797629402638,0.7390620514446982,1.3206561135260257,0.20964570239203406,0.01832604789423392,1.37443959005986,0.4267321814881982,-0.18725226339297124,1.426793748115525,0.3715646930525366,-0.33475027647965,1.5260929293943029,0.23009725922628368,-0.3828976145348898,1.4519156079237912,0.1574385608644424,-0.4018688263526147,1.4741085508184928,0.14503752896444672,-0.3977045448609562,1.4732626472172095,0.186405242085352,5.457627118644068
0.23773928351925894,0.8995285149301149,0.37730541373639853,0.2614201600743605,0.4897171538540314,0.4356799633994147,0.27359509382707003,0.11337650667796559,0.5153644489207894,0.2588455580043505,0.07901087422184207,0.3217988363115905,0.31642425322691314,0.08568699817246092,0.35425278964785956,0.2554181855510153,0.033718672092358785,0.6059517816865166,0.0636109541890485,0.8913317726988627,0.39814788782083294,0.066383773585165,0.44688114207871665,0.4997827004179762,0.08001881702336279,0.10672497150908213,0.513087114017114,0.08917800437288685,0.0911976796216703,0.31020381988559975,0.03795346435820733,0.07617699785471238,0.3738163918368117,0.09486872740596496,0.06654417665907232,0.5455511747733317,0.18638424968775824,1.3721735359195582,0.3986627590670881,0.24612184829490355,1.6238105178047013,0.3202563892395689,0.20984051533940495,1.4793622600614076,0.2722305709425956,0.30467696046421283,1.3380363455800404,0.3937075870720814,0.5167186398793107,1.3439747637543247,0.36362293103961874,0.6969806737274913,1.3753303097023208,0.2818810016345284,0.7586123729899861,1.3423089482842105,0.16034023592844887,0.7674459036985823,1.330694448693224,0.1627315796025429,0.7593981264348197,1.2957018369287818,0.2237011416740785,0.019456576296223962,1.375345611048355,0.42436082228763017,-0.1903120931362381,1.4243835777385554,0.36147511479273114,-0.3469469982668444,1.520773246077796,0.22979597864291484,-0.40755653468089204,1.4434664003464017,0.17062187712965346,-0.4267795008972278,1.4677997764433826,0.16462669703860694,-0.41510445952615627,1.4706590169024572,0.19740424671891874,5.47457627118644
0.23692065144518137,0.8991933002601863,0.3790665866984634,0.26123208373292034,0.4898538069473836,0.43521849228872633,0.273554254278962,0.11337213911943941,0.5153920075507201,0.25912707575594685,0.07605918165257966,0.3258300063982577,0.315884185831571,0.0848707256423162,0.35646346429402176,0.2550549795423789,0.032773260169070784,0.6075364508343704,0.06331709504153347,0.8915765135504067,0.3991247601354779,0.06640384493729255,0.4469048748027981,0.4997733727881486,0.08048378250728026,0.10648899295452949,0.5133485071721678,0.08916208629823882,0.09117001130037791,0.3102967461937081,0.037950921061496404,0.07599652023069528,0.37383921011237026,0.09515820431936355,0.06707742515485815,0.5446232687390379,0.1871068594890612,1.3701534985515544,0.39705919554754104,0.2504260643450738,1.623049411238316,0.32527855501170666,0.2120148778130947,1.4770524724001486,0.2752727725175697,0.3062572972152685,1.3370583421591002,0.39403965280519887,0.5200219329680111,1.33752566187279,0.366063884498159,0.7111715506049034,1.3616129391874356,0.29087628893551387,0.7838618062529736,1.3130469629166244,0.17231902276369376,0.7920369367854337,1.3029358070893569,0.17245863293064356,0.7775665974060448,1.274148134964868,0.23827183467162993,0.020737341613253205,1.375638041431072,0.42332808091187746,-0.19160424915322127,1.4191498406025422,0.35695784827684135,-0.35652268897558725,1.512692475671517,0.23497873619520632,-0.4260490141536286,1.4359273526669007,0.18687555495839658,-0.4457966930425277,1.4627038419703424,0.18638095917755748,-0.42763841392649266,1.4684866258967948,0.21179190714198698,5.491525423728813
0.2362507582236572,0.8989112509905521,0.3808082771048495,0.26112582908363535,0.489903417138184,0.4350050930743479,0.273515962388903,0.1133686566525813,0.5154144949771989,0.2592014464109823,0.07415915547035896,0.3284079029589688,0.31531554285386654,0.0848684424398702,0.3575880314808691,0.25469554432600994,0.03176328464426352,0.6090743569427879,0.06312159647190167,0.8920035076971605,0.39969647832673355,0.06643336543039444,0.4469483536527589,0.4997649443643846,0.0808404804098378,0.10627383600900495,0.513571596499484,0.0890886962743822,0.09146044760424012,0.31028124142895264,0.038006134879932776,0.07596144776718317,0.3737211457606702,0.09550276623720302,0.067754899760102,0.5434440468916292,0.18761477226939294,1.3676604701081805,0.3962158094049336,0.25529961336702595,1.6222843501408744,0.33024656856511125,0.2147172831455009,1.4741289373992081,0.2774089555108026,0.30784739166679953,1.3366727235414104,0.39433040458910595,0.5231157230014154,1.3289512133200043,0.3683829030790075,0.7222864114317039,1.3470838140545893,0.2972098113864206,0.8042452329756539,1.2874877911866542,0.18996152142173092,0.8114785815651318,1.2784835024271346,0.18759211078736215,0.791677980680511,1.2566957160915668,0.25193557406771633,0.021876516662706007,1.375744377725869,0.42318316037315573,-0.19081423142308834,1.4130800829781642,0.35679877294517776,-0.3638954843713743,1.5038210092788638,0.24535502716511257,-0.4395118671416434,1.428491604313075,0.2079566610529625,-0.4592991933050992,1.4580868312056037,0.21024717753302502,-0.4364003356060864,1.4656967837560302,0.23069047277805582,5.508474576271187
0.23572002099922137,0.8986833137815131,0.3825000020636208,0.26112829028860607,0.4897923723221913,0.435017515331133,0.2734867832164477,0.1133664662393277,0.5154327096666064,0.25886099591606604,0.07331569381512067,0.32967271394782105,0.3146827971715059,0.08558138851230436,0.35760120331493545,0.25434655008381496,0.03069705050345548,0.6105282012891848,0.06293562541259398,0.892543423853508,0.40015393916694275,0.0664685275297092,0.4470493263440557,0.499775352429179,0.08108787912262684,0.10615730765330635,0.5137402458712766,0.08896351480839967,0.09203809147301976,0.31015016617024915,0.038111346992574416,0.07620970855995257,0.3734688359301255,0.09589154785704318,0.06858820463545948,0.5420052096489109,0.1880398774480977,1.3652947270058642,0.39569015529390017,0.26039860726536607,1.6213795232084152,0.33480852222378515,0.21810973249358154,1.470878419059872,0.2789415927950903,0.3090433786407167,1.3365482137438778,0.39451626101750836,0.5254323772771152,1.3192062365519068,0.37013694467206903,0.7294774624314515,1.3323431435535804,0.3009227151769919,0.8188159190734146,1.265639859538885,0.21103800118695587,0.8248419003051762,1.2574626744594781,0.206854835188531,0.8009201639568599,1.2430207335627053,0.26388178089015235,0.022721098802584612,1.3761946310482134,0.4230463635728841,-0.18872601209397166,1.4081147647424521,0.35960063775339146,-0.36983158891603607,1.4955969039889847,0.2602881146509759,-0.4491927312574214,1.4207904127790651,0.23388660751659862,-0.4681677341667658,1.453313387174205,0.2355992076145308,-0.4425751894232558,1.4615808655477074,0.254140252291847,5.52542372881356
0.2352667521592837,0.8985118914920771,0.3840924648929065,0.2612952397142385,0.48943826891264636,0.4352390390533581,0.27347289875388453,0.1133682341154425,0.5154450859775062,0.25812890602135774,0.07297692878367777,0.33044220852593953,0.3139588886225405,0.08664709722059645,0.35693024634570036,0.25400827339091997,0.029718766560686293,0.6118389379833024,0.0626656999551768,0.8930780225710203,0.4007976019647129,0.06650505653994755,0.4472696004211113,0.4998178856752039,0.08125931745716458,0.10616563250060403,0.5138653311477143,0.08880947045513674,0.09275280811958038,0.30991608951661903,0.03815490554725881,0.07664190833394553,0.3733683048681558,0.0962744004352001,0.06954995980412221,0.5403484448348062,0.18849658642361647,1.3636792613887976,0.3948002756339112,0.26549252224868886,1.6201584765146615,0.33864912537186664,0.22231547683076736,1.4677504739227705,0.2803663646274639,0.30960418995768474,1.336269025554993,0.3945555351131171,0.5266079881745241,1.309295030066976,0.3716971750220993,0.7329525900821697,1.3179240502976295,0.3039945868953354,0.8272097843184238,1.2465835587005012,0.23282765878105569,0.8321927359631736,1.2393450034352842,0.22815132006744923,0.8056629229855988,1.2317158591014552,0.2741431660228831,0.023313111793855913,1.3772574312677512,0.4220146027143487,-0.18645720130597265,1.4052518275056531,0.3640261895218013,-0.37516817131362135,1.4886728899560513,0.2778447977352838,-0.45644550281057694,1.4134895623304005,0.2622681347944095,-0.47386952847184916,1.4484284853346885,0.26058210103655194,-0.4473697105937099,1.4564866077529273,0.2805160570292522,5.5423728813559325
0.23482895989829866,0.8984066048844783,0.38551583086129904,0.2616587921366926,0.48884729364343943,0.4356842747278215,0.27348080065840075,0.11337695909591695,0.5154452611231397,0.2571922238770788,0.07255830286671626,0.3313614618294375,0.31319188005946186,0.08759969520850881,0.35619110654337466,0.2536810622050813,0.02905410562386916,0.612942160727953,0.062285098068499786,0.8935023684581591,0.4017068031450966,0.06653957529283447,0.4476485746109371,0.4998991091002551,0.08137692968357486,0.10628885175738184,0.5139603188536458,0.0886776677418713,0.09330681072504417,0.30966354843594074,0.03795622139930479,0.07691890930956533,0.37391125034984113,0.09656769629596465,0.07054263328477639,0.5386151310232286,0.1890612016570954,1.3630769264816,0.39310464780562004,0.2705322912654533,1.6185127596132132,0.34124951227695444,0.22727290423527613,1.4650334239641092,0.2820608806610242,0.3095365852918833,1.3355926796187398,0.39445157408837234,0.5265626083572572,1.3001314301043032,0.37335801744865665,0.733607992597211,1.3044725100713335,0.30852724491302164,0.8299288134759747,1.2296288299210456,0.25251525849692563,0.8346018184457195,1.2233681322143402,0.24886947550950678,0.8065940093704715,1.2212906917235233,0.28271356526379005,0.02379647111124914,1.3788421038632417,0.4197587499370643,-0.18468918684477198,1.4043943733114785,0.368915435813078,-0.38012486736681317,1.4834350762783322,0.2947986288690142,-0.46253884864887107,1.4082185376277454,0.28879554441663835,-0.47805492957741946,1.4444419438053275,0.28195756022299084,-0.4520734472987221,1.451700801629524,0.30619760367723947,5.559322033898305
0.23441485159669986,0.8983979076846916,0.38666959501226317,0.26216374687503835,0.4881434144762472,0.43639577668804774,0.27350837519533316,0.11339382453154787,0.5154275439094197,0.25630707409757836,0.0720078572588785,0.3323510448121633,0.31256534739974007,0.08814616290247158,0.3557571955820053,0.2533779825267146,0.028806727467836555,0.6137979664349886,0.061831361077264675,0.8937550716171636,0.40278621986299834,0.06657138289559919,0.44817472016111876,0.500011371530132,0.08144206821373828,0.10650952597173285,0.5140302610985171,0.08861712601955483,0.09346031342144323,0.309552548664443,0.037405133209523614,0.07676123810377869,0.37542474680558424,0.09671754741220288,0.07142774303207297,0.5370309040446631,0.18974035168238487,1.3632998828715381,0.3906642535242871,0.2755964005994027,1.6164803267526178,0.34194083307856904,0.23261494365326557,1.4627333426536515,0.2838947958801672,0.3089864955918974,1.3345105704002698,0.3942460506529893,0.5253257809356062,1.292621504919697,0.37457408783445245,0.7324645607718567,1.2926010263241483,0.3147173640418987,0.828466601924958,1.2147758568107159,0.26761392206319473,0.8339573732452525,1.2089416388940302,0.26653600169503844,0.8045685675812138,1.2109153341209355,0.289636447309051,0.024275035591115823,1.3806850872716812,0.4166274745178681,-0.18345153256770813,1.4048599458200892,0.3731723459127583,-0.3842678772194352,1.4803115821762116,0.3078450822770086,-0.4680657475397889,1.40678725766977,0.30867593967079715,-0.48187292409768834,1.4431098284015895,0.29631966244812,-0.45792904319566374,1.4489026333002584,0.3264216642086284,5.576271186440678
0.23409049974245794,0.8985393843191417,0.3874489943921775,0.2626770916885711,0.487493789621844,0.43740062825607895,0.2735448378775715,0.11341834056690372,0.5153918076950839,0.2556893375445005,0.07167799076757968,0.3329985594232923,0.31230577599939807,0.08827337823143964,0.35566213111517975,0.25311711731561504,0.028853334038054592,0.61437854980132,0.06136061885659637,0.8938151837958586,0.40391631772576103,0.0666019095460136,0.4487909997498846,0.5001318150451132,0.08144414525440677,0.10681508753849793,0.5140728340631889,0.08862292528439171,0.09329920909510239,0.3096995804172365,0.03653726320199558,0.07613894404786392,0.3778489881344248,0.09674338020201385,0.07210327639576974,0.5358150959586857,0.1904695943834238,1.3639521300516688,0.38790034352683445,0.28077940986915517,1.6142378320040023,0.34029200174101887,0.23780364511773,1.4606477519600058,0.2852371305319527,0.3081198103067468,1.3331713415817834,0.39402602834631684,0.5230925887451853,1.287455146180814,0.37457998483954236,0.7306578533374035,1.2824562954889198,0.3211858636048823,0.825090749119658,1.2020859494142984,0.27696477891435417,0.8325835834433226,1.1957141753154916,0.27976524568476047,0.8011533478788393,1.2002546118586856,0.2956801847251151,0.024779105781435936,1.3825069069209825,0.4132537437883739,-0.18233694730186456,1.405959447736152,0.3756000920232105,-0.3870139408057369,1.4794810609521512,0.31489943523810926,-0.4727034148014965,1.410238052060429,0.3186314363169801,-0.4856837039881794,1.4462441544096423,0.301933230335801,-0.46538271368536366,1.4499790885898625,0.3372144974636921,5.593220338983051
0.2339072686523772,0.8988750707569202,0.3878416215894012,0.26307447933876293,0.48699642985010816,0.43866524616676816,0.2735812009934689,0.11344935820434605,0.5153426433580239,0.2554159374506137,0.07198926707252827,0.3329382545508724,0.3125482322059094,0.08816264128797836,0.35579726944003703,0.25289183632991863,0.02903823516555641,0.6146195696506341,0.06091906545774467,0.893731189817069,0.4050009495214258,0.06663239126433515,0.44943320363922235,0.5002363474742447,0.08137036379504038,0.10719876739721076,0.5140825406323363,0.08864189741996471,0.09312868401496757,0.3100583877059875,0.035482040094898866,0.07516071265567756,0.38084596794827147,0.09669566083687664,0.07252581495798913,0.5351015260044778,0.19115240057163402,1.3646640586460945,0.3853066796553307,0.286062128477952,1.611995989790209,0.33634376360421664,0.24235665700253115,1.4585991218452754,0.2854416415652119,0.30712605494150785,1.331785694814676,0.39392368683711365,0.5203346168920422,1.2846686164997152,0.3733254868527882,0.7293553259121253,1.2735802471693531,0.32671797412786185,0.822020953791311,1.1912482341971105,0.2814562047477557,0.8323466288154282,1.1836881449760956,0.28834849489544007,0.7984322415393884,1.1891625492606144,0.30193956460700405,0.025343197649588672,1.3840483843590519,0.4102745995984594,-0.18079089135298632,1.4072540910577986,0.3753399505122765,-0.3880922667813198,1.4805190667651533,0.315816627311677,-0.47581090254653874,1.4185334256928823,0.3181763651391494,-0.4893568551328671,1.4548989232597778,0.29946943433282447,-0.47354537983130934,1.456480152960278,0.3374530944687445,5.610169491525424
0.23385604779781036,0.8993926297696192,0.38794721669242616,0.26330395278744184,0.48661452949504225,0.4400656258641265,0.2736151075979017,0.11348517047548787,0.5152868377841088,0.25544942071956533,0.07331815906011956,0.3318099207636581,0.3132623924177258,0.08802639695827873,0.3560541780381517,0.2526826540517579,0.029371106975311798,0.6144645068602501,0.06053604331856866,0.8936385524930438,0.4059585788830192,0.06666221289637357,0.4500628441186224,0.500310402219674,0.08121749041300805,0.10765658527260658,0.5140540785344982,0.08863365975897747,0.09311530871914903,0.31047268311758375,0.034393285879974186,0.07390642230534838,0.383970868027255,0.09660613954521775,0.07265930854066935,0.5349394407313378,0.19170231876219468,1.3650764696966415,0.3833104750593643,0.29129311484398956,1.609930360586423,0.33048500630510963,0.24592015810400064,1.4566095868146955,0.28425594388971287,0.306239450582101,1.3305606083700325,0.39400329253577615,0.5175972912702465,1.2836374981290826,0.37131556578915625,0.7292191100239539,1.2654576045422496,0.33095193860477923,0.820486201647605,1.1819876251117674,0.2833014651890835,0.8337914654988083,1.1733838015783373,0.2929039313962657,0.7978074430148163,1.1778502767044992,0.30907155793395624,0.02601799735636421,1.38510060830391,0.40827819190592496,-0.17827055775590828,1.4084644765428307,0.3726224736330289,-0.38765302375106997,1.482586235410425,0.3121073145284503,-0.47705688367268617,1.4309137054446657,0.3091065289741007,-0.49263730884338575,1.4688720041089955,0.2913453790786671,-0.4809197100963805,1.468520540111887,0.32939477297719544,5.627118644067797
0.2338734959517911,0.9000159017484164,0.3878540983001667,0.2633768585264778,0.48624622921968064,0.44141801161423566,0.27364764766580657,0.11352401712413837,0.5152303701096105,0.2556935043686925,0.07580346006561743,0.32946001344117026,0.3142363305143336,0.08796774215831293,0.35634609134236694,0.25252468494052976,0.029926403523959044,0.6140061860777793,0.06021511327671404,0.8936568377536084,0.40674870770984123,0.06668924211887112,0.4506692168434496,0.5003484704472738,0.08100810883068324,0.1081802713971361,0.5139868829817534,0.08859741191426955,0.09320437052474807,0.31081622853884305,0.03342189879915362,0.07242659178041108,0.38675696993630504,0.09650629585251361,0.0724716243601059,0.5353365898451821,0.1920721985686356,1.364832134579713,0.38220943799366797,0.29625231514897565,1.6081788248230455,0.3233844746882858,0.248299334492115,1.4547754708443252,0.2818479528071351,0.3056840577462995,1.3296619301166681,0.3940602516606138,0.5152907139518775,1.2835311005252417,0.3689942665306368,0.7301783125557426,1.2580837375180969,0.3340325356419566,0.8205633790943894,1.1743953457344332,0.28451336691195833,0.8362364958241553,1.165526818686348,0.2947224887531191,0.7992257666257945,1.1671024218458665,0.3172008133943068,0.026791846509384164,1.3855703516493925,0.40769735816425495,-0.17445020485362217,1.4093560131262335,0.3686355371426109,-0.3859573831146401,1.4849611684465613,0.30568405936771054,-0.4763860443851925,1.4462874713377556,0.29428543584287153,-0.4950138282445913,1.486769009583085,0.2804115944686683,-0.48640194151340077,1.4845165791024304,0.3168315384173366,5.6440677966101696
0.23389060272946582,0.9006502076662607,0.3875669140220174,0.2633342537779775,0.48585539737590094,0.4426264613802158,0.2736791499083414,0.11356553736527963,0.5151749953812351,0.2559806849921991,0.07917599628694826,0.3262598113879793,0.3151733447613325,0.08797301652497944,0.3566032323453234,0.2525079431007708,0.03069372124816718,0.6134919453008882,0.05991242506973794,0.8937600021551152,0.4074369373323795,0.0667119923648227,0.4512592806594036,0.5003515524955964,0.08079375648879959,0.10874413362779593,0.5138935805119271,0.08854870799418656,0.09329683263757943,0.31103803578344896,0.03270330318182057,0.07087235686368026,0.38877929846056597,0.0964673047290183,0.07200855080612047,0.5362483796392559,0.19227637909979817,1.3637796915990024,0.38201828634822715,0.30068035250293534,1.6068046185281792,0.3160391193377461,0.24956170857056853,1.4531120681990626,0.2787090204260487,0.3055702693667791,1.3291603452565752,0.3936514383335127,0.5136805591989315,1.2837139133015207,0.3666113813605128,0.7317366298251085,1.2518930417952259,0.3362384183413876,0.8216736975299996,1.1687052506034417,0.28612596888601904,0.8386144145048855,1.1604687645732434,0.29520763162842284,0.8016967330785068,1.1579889274835777,0.32600687761475594,0.02755444160345384,1.3855535831240564,0.40848960723492345,-0.16959345313820084,1.4098236326392897,0.36460990529263493,-0.3831340606347562,1.4873126269543928,0.297892274081432,-0.4737435576569011,1.463460450108792,0.2770794482367639,-0.49531789139610505,1.5065440390859521,0.26885976381255106,-0.48917413300390267,1.5021517769783814,0.3025670156984251,5.661016949152542
0.23387359109848901,0.9012081760761879,0.38707935585269476,0.26321922017820126,0.4854833500738274,0.4437418633320097,0.2737071036377493,0.11361139488624737,0.5151208079768784,0.2561192532101879,0.0828450365993333,0.3229816153613282,0.3158493025556237,0.08799561443309367,0.35677462038335,0.25266486528108445,0.03156703654463369,0.6131516328722804,0.05954079613610023,0.893786262950674,0.4082137472767111,0.06673204450643128,0.4518495630282371,0.5003267933436047,0.08062429705828654,0.10929557789542645,0.5138006915989995,0.08849805018769226,0.09335215677327975,0.31112225030607316,0.032328723485806295,0.06952643797253574,0.38976376898234505,0.09658091585323168,0.07140420826460411,0.5375289792806169,0.19239325278686426,1.362133850841677,0.3823716681947763,0.30431115414897014,1.6057722515100283,0.30958657425886443,0.2500487951735114,1.4516446594423538,0.27558778878641815,0.30581706322680835,1.3289707685414098,0.39244032872124596,0.5128560733593639,1.2838942754867122,0.36438914645931975,0.7333401984059748,1.2473909296542478,0.3377729546236978,0.8230727531279316,1.1649296514677834,0.28830227094481414,0.8402215125141376,1.157836932447945,0.29521466681896286,0.8043050028810559,1.1512565475554768,0.33476837240146523,0.028121355142264805,1.3853711133923656,0.40981202335467015,-0.16457218113102595,1.4099804694026707,0.36129014965486095,-0.37932197653253763,1.4895880129223908,0.28975051274169744,-0.4690877036960025,1.4813275066285965,0.2609552954646923,-0.4920376814581356,1.5260576428064025,0.25838692632969523,-0.4883049219813185,1.5193700501686376,0.2878715137926581,5.677966101694915
0.2338267697254954,0.9015838739748916,0.38646740037215715,0.2630620790959986,0.4852133570231763,0.4447656718012822,0.27372687046038446,0.11366596429465314,0.51507434646906,0.25602110953931145,0.08610576594306601,0.32029422525873746,0.3161754521512251,0.0880076033519818,0.35682530883876684,0.2529254447098606,0.03238607267568113,0.6130645325499553,0.059045866647551785,0.8935621818953045,0.4092850830168377,0.0667544626742815,0.4524433847613073,0.5002849117824294,0.08051356059534362,0.10977485189822014,0.5137300936575139,0.0884497030864799,0.09336480353647567,0.3110586951795027,0.03229091029964453,0.06859038460035637,0.38974785422504,0.09687826952765426,0.07078532905147687,0.5389603463344353,0.19251343355150186,1.3603172102397059,0.38276936024664804,0.3069280364312975,1.604973812010647,0.30492782423512044,0.2501970523753477,1.450504725375633,0.27327735231339684,0.3062437193829045,1.3288866793870222,0.3904364075924989,0.5127506130758614,1.2840448317626367,0.36260154409716516,0.7345379762256307,1.2449555645397068,0.3387188766360876,0.8242011787713985,1.162791975367127,0.29064180272012746,0.8409289200848242,1.1567584448012203,0.29509207252328107,0.8065771415810983,1.1471118834917555,0.34241418591864653,0.02829950530013149,1.385431591291946,0.4103563514782747,-0.16035122158122073,1.4100338540164865,0.3590622737558676,-0.3748287336165902,1.491774499455592,0.2824424445797971,-0.46257537229347023,1.4989840286625435,0.24846966483895666,-0.48448569080093973,1.5433341063508683,0.2505787006560125,-0.48324239976447503,1.5346426382450025,0.27383494127205116,5.694915254237288
0.2337740349781244,0.901683688928896,0.3858815769284679,0.2628892048577917,0.4851491295363817,0.44556790868205703,0.2737356852957448,0.11373990765915085,0.5150463577864619,0.25574711776671294,0.08841117335985228,0.31838181383133607,0.31618488541014717,0.08800325484963224,0.35674679545660165,0.2532149915410792,0.0330233435083237,0.6131624806252318,0.058472592039212824,0.8930321000455064,0.41071234156558845,0.06678472763504546,0.45299096206703254,0.5002329291709751,0.08044456927395376,0.11016340385432614,0.5136799979929871,0.08841021204170563,0.09331484970150687,0.3108535662321107,0.03245740054720303,0.06797110718487243,0.3891410271616988,0.097285280759988,0.07022414790878721,0.5403273211219812,0.19267450321352309,1.358637441592994,0.3829614645029877,0.3083442951924438,1.6042875528638212,0.3023938144689189,0.25028434160855006,1.4498458653120097,0.2721944878230065,0.3067812372995972,1.328744266422826,0.38791649341032153,0.5133628181712027,1.2841782874165415,0.3614584561613353,0.7350562700182404,1.2447779196141302,0.3392025187906253,0.8249053596473326,1.1620660670703222,0.29254757513990276,0.8409616937917797,1.1565835866719407,0.29503632230397336,0.8082040688095012,1.1456407196721228,0.3475191458613144,0.028003719736629018,1.3859428186459815,0.40934725935885724,-0.15755457889422111,1.4100709070252317,0.35822419891098467,-0.3701149734976922,1.4937323604188673,0.27702881771932797,-0.45475708200384807,1.5156609128193619,0.24043609906078123,-0.47361720441074706,1.5568352890040043,0.2458301262209728,-0.47454570785563227,1.5468944326891867,0.261746203634549,5.711864406779661
0.23372186347937388,0.901507119196295,0.3854499207449264,0.26272161576574743,0.48528994518625634,0.4461182624703642,0.2737365950776804,0.11384249006454614,0.5150350269546056,0.2554512955148989,0.08963642826424269,0.3170151352062856,0.31601643306943616,0.0879920556847185,0.35657844674471667,0.2535203195492962,0.0334404030350747,0.6133354261512208,0.05790667820498935,0.8923106977230746,0.412352815440849,0.06682387117067627,0.4533990830196373,0.5001725498849158,0.08039528352565516,0.11051124231877478,0.5136260650861726,0.08839331556213617,0.09316176808341795,0.3105640915200945,0.03265217899623432,0.06743767005105854,0.38847814327578756,0.09768549173711859,0.06976686441846604,0.5414707473731221,0.19286218388437354,1.357165290168018,0.38299745366090715,0.30843091868794825,1.603706660041532,0.3016393016542939,0.25031163028238795,1.4497135266513872,0.27213156465756116,0.30750924819180275,1.3285623603432768,0.385258004377671,0.5148041605684202,1.284246135898709,0.3608894701967588,0.7349627581659721,1.2468528306877036,0.33944479874238076,0.8253740273001612,1.1629506931073703,0.29359068912170316,0.8405904861262758,1.1573204750055672,0.29518729325314863,0.8088648070994017,1.1470857873593812,0.34886991499044956,0.027338641798026933,1.3867966628525206,0.40704510782216363,-0.1563681943128416,1.4100160844369742,0.35900209579345965,-0.3657603625744129,1.4952059815327396,0.2738445517854116,-0.4466445560640455,1.5305352558676169,0.23618802228147498,-0.46159733023336863,1.5659106751202079,0.24272331562721877,-0.4639571025866244,1.5555812811655887,0.25190610523934936,5.728813559322034
0.23365446235098697,0.901119768611733,0.38522102080869947,0.26255187997410345,0.4854393275347205,0.44659311290040726,0.27373682170568436,0.11395125768817899,0.5150190764325152,0.25529446131285727,0.08997528591116488,0.3159875766222729,0.31584395858954023,0.08798920563113274,0.3563889219582858,0.2538565451821965,0.033635153553308296,0.6135458637681103,0.05738675931953215,0.8916039970856774,0.4139443136058954,0.06686317662006802,0.4536119389431005,0.5001086151294312,0.080349428034888,0.11090228452476415,0.513539153734106,0.08840759913016394,0.0929188169068331,0.31030354401975513,0.03277546700217078,0.06696620266858447,0.38807264465118746,0.09801168328331222,0.06942790670101351,0.5423401747529764,0.19304526600419408,1.3559082673191278,0.3830006416153405,0.30732021771768814,1.6034007713754088,0.30197666819017,0.2501482883145067,1.449979540730099,0.2724811899249155,0.3084865033815636,1.3285090413902951,0.3828542248828973,0.5170275088346893,1.2843679391136238,0.36049416878539475,0.7347187202815305,1.2510518851502839,0.33957481738261364,0.8258682733428867,1.165953733341902,0.29360649383121534,0.8400291256386837,1.1594258584803998,0.2955676278006699,0.8083871593648191,1.151589678468764,0.34624387791317496,0.02655345543977915,1.3877313779237002,0.40431986979561907,-0.15656883736595156,1.4097545265418785,0.36122885626714113,-0.3622956786759376,1.495999679907453,0.27225468053990365,-0.4393417844004379,1.5426574637211634,0.23454254468100458,-0.45057860634261787,1.5709573125021505,0.23967922929880026,-0.4537706733191384,1.5608610522337203,0.2433581147072966,5.745762711864407
0.2335863345674246,0.9005657644281353,0.38521410179704896,0.26234525640427536,0.48533867217721455,0.44718821064732445,0.2737421275526094,0.11400340994328872,0.5149789612397996,0.2553224862239943,0.08959646822061021,0.3153635007518442,0.315782297701205,0.08800299848523535,0.3562319221147216,0.25423268099544133,0.03356949301295895,0.6138557137971781,0.05692697800039081,0.8910712416055099,0.4152455870960446,0.0668809065055696,0.4536358936383734,0.5000636359274873,0.08029913649655127,0.11136943185181158,0.513412164169607,0.08843595227133327,0.0927319439287245,0.3101744754061124,0.03281676388286761,0.06676171960458752,0.3879668990840232,0.09826020961259646,0.06918274634626667,0.5429809689461016,0.19318435116643934,1.3550165837197485,0.3830206453505855,0.30543171678516534,1.6035810587223542,0.30281638126978705,0.2496957201683041,1.4503732884911533,0.27271226976967267,0.3096400342709456,1.3287624922778407,0.381064102365287,0.5197418150752947,1.28504230563378,0.3599852734475128,0.7349353283259328,1.257104470913389,0.3395657132895053,0.8265111952324566,1.1712718304446905,0.29254490031196206,0.8395297077615831,1.1633267488278363,0.2961367813760255,0.8070100274508232,1.1589853756243518,0.3403508020800077,0.02590583205076237,1.388503240587386,0.40205341528555244,-0.1576652928302851,1.4092286991421363,0.3640197443035771,-0.3598946145290275,1.4961154591079453,0.27098569784058035,-0.433581941222291,1.5512069781059317,0.2344464995623146,-0.44185745991016034,1.5730557749999197,0.2363801938806393,-0.4457837970072165,1.5635112122242385,0.2353779492552437,5.762711864406779
0.23357354593141472,0.8998664778769598,0.38549705183447885,0.2620777708217862,0.4848941015146373,0.44798575660430745,0.27375542539379893,0.11393654463742597,0.5149243055418479,0.2554292895986197,0.08864505484555874,0.31516862847150134,0.31588525843195536,0.08803256850771432,0.35613791815033297,0.2546550723948556,0.033178922432277505,0.614342558112973,0.05657733335472944,0.8907753021393484,0.41610031231918054,0.06684651477194357,0.4534655476955231,0.5000980673967184,0.08025451950507573,0.11184985991409647,0.5132754585870186,0.08844327707503705,0.09279166697637634,0.31020091672804034,0.03279472908046423,0.06697926582459601,0.388089478350329,0.09844900760579695,0.06900230972597463,0.5434484713117882,0.19324222674389296,1.3547201139732985,0.383026878688686,0.3031056732503817,1.6043131568717148,0.30366267253415835,0.24880641168331513,1.4506334469746518,0.2726870867100109,0.3108212467424182,1.3294028270596607,0.3800999290407918,0.5226042057790187,1.286942566683872,0.35975931997589256,0.7360441264735355,1.2644584176766747,0.33932009622951387,0.8272713956960598,1.1783770622930163,0.29041423948246464,0.8393577651389557,1.1690970060288912,0.2968914157286059,0.8054758535995522,1.1688199106065478,0.33256746475276544,0.025558151063491623,1.388913902731164,0.40082512439384405,-0.159143937989762,1.4084631716518698,0.3660533159848897,-0.35836650400593023,1.4957007400548181,0.2689694553100995,-0.4296769086117379,1.5559282608804494,0.23475823077161054,-0.4359159062249767,1.5733749343572732,0.23317868209676185,-0.44062029057082075,1.5644970910686344,0.22865211930642093,5.779661016949152
0.23366827569494528,0.8990620717663805,0.38617895080586834,0.2617781550065208,0.484245692117408,0.4490276358796762,0.2737823396990043,0.1137332130416661,0.5148968278378727,0.25548626477188574,0.08738276989769957,0.31516826368746503,0.3161578402558414,0.0880746312809026,0.356126414742674,0.2551380618416882,0.032483704076089165,0.6149582477861207,0.056418129134157974,0.8907056731213607,0.4164669247770969,0.06674048355722174,0.4530651045286736,0.5002831993716917,0.08024910526013188,0.11224968983858684,0.5131757327694013,0.08840878528679039,0.09315997587334207,0.3103480010060049,0.03272670713306687,0.06755847982817212,0.3883475822376854,0.098588887047863,0.0688754762739177,0.543762745304171,0.19321785334010166,1.3550709810216508,0.38294199573639703,0.3003121313296753,1.6054443086454877,0.3038717368180711,0.24721501228045395,1.4506776141271882,0.27255411598329715,0.3119229419988696,1.330391467141079,0.3798582436990396,0.5252571558378862,1.2906358516651195,0.3605967067756577,0.7381025829987425,1.2724059756393002,0.3387568959390911,0.8280807549189,1.1864508169067771,0.2874545613803109,0.8396158126949556,1.1765595099298558,0.2977489588117489,0.8047886173813762,1.180340924498449,0.32485104570538853,0.025575552566846092,1.3887880780117194,0.4008717631388359,-0.16065472540569997,1.4075389523162718,0.3664162284364358,-0.3575586121378105,1.4949011001576682,0.2660349079040479,-0.427638643675885,1.5572558417883193,0.2339295257109791,-0.43287062987536773,1.5727201673752953,0.23031696196152807,-0.43803810567373225,1.5645216171930547,0.22455584593914124,5.796610169491525
0.23390271546188762,0.8982216799633913,0.38727600799987233,0.26153826939459823,0.48357941740806515,0.45037434766339757,0.27383230451038,0.11343641618846825,0.5149532542160303,0.25543467373748224,0.08607072610555128,0.3151226444533048,0.3164668328886966,0.08812490789373298,0.35618940264900295,0.25569076518946915,0.03165169828298089,0.6155082268767157,0.05652315424338022,0.8907619049852581,0.4165149907773429,0.06658591297407099,0.4524563762550276,0.5005958969947464,0.08032063974445847,0.11252164907784606,0.513137064837324,0.08833600770468539,0.09376839592243065,0.31057852278116166,0.0326287931754822,0.06830771647864836,0.388657857371259,0.09868063085407922,0.06880528612910322,0.5439206666131384,0.19316003461498127,1.3558667060490188,0.3826735204057025,0.2967997411283618,1.6066933466511832,0.3026744230701837,0.2447183012589415,1.450585754095455,0.2723936731592917,0.3129074250150837,1.3316429689232494,0.3799585116061235,0.5272635526626626,1.2965040068574651,0.36277844682082416,0.7407772311697955,1.2804931475515053,0.33794543353013295,0.8289085275978176,1.1952868037936422,0.2841815555600531,0.8401999905867994,1.1856066289032001,0.29844087590871826,0.8057921451456169,1.1925040901900381,0.3190457924271116,0.025964353974741245,1.3880076405347512,0.4021813128550686,-0.1620960864871671,1.4065077630947118,0.3651075492537739,-0.3576068045041064,1.4937429561842746,0.26276962185503683,-0.42728268318757434,1.5559045556883206,0.230657353495252,-0.43264334405945526,1.5714292382578827,0.2279173092400408,-0.4374953489336567,1.56384294774245,0.22363862466369377,5.813559322033898
0.23427865862466182,0.8974289428509115,0.38859509107872203,0.261474494340924,0.4829136819345902,0.4520059498336519,0.2738992874896615,0.11312509719200828,0.5151177854534112,0.25524960547048814,0.08489125897616986,0.3149629992270958,0.3165033278153678,0.08817647273700867,0.3562683547517268,0.2562834837988571,0.030864214432511868,0.6158069624297096,0.05694140293998277,0.8907782641868367,0.41656582397806796,0.06644856405506297,0.45176008377712645,0.5008833976430375,0.08047051989691002,0.11266173088315068,0.5131472076170109,0.08823862258422549,0.09452544507832343,0.3108662097211774,0.032519216748618164,0.06905764119151389,0.3889667968180941,0.0987207153372323,0.06879787448281663,0.5439162813664693,0.19311357694860265,1.3568324033314658,0.38221761347341676,0.29237721951887785,1.6078045738694697,0.2995291821997112,0.24132155428905946,1.4504398494131676,0.2720369139935726,0.31367809740157154,1.3330878840805456,0.38017655690271096,0.5282718291279668,1.3045805299046125,0.36590878865438925,0.74345537080198,1.2888021864795847,0.33715772489701945,0.8297075465263685,1.2054826895265511,0.28109770053344624,0.8409199338759663,1.1962512056886634,0.29873514523750616,0.8087910122870072,1.204254808795987,0.3160177447647382,0.02666467108386168,1.3865898289951695,0.40446747095524826,-0.16357410781491472,1.4053375931875054,0.36270285880698544,-0.35869610586405054,1.492140089698117,0.25980387125112414,-0.4283894182690411,1.5523868763223483,0.22494980558496797,-0.43476568120707537,1.5695138024101827,0.22599347321513724,-0.4382143234186219,1.562306261895859,0.22513937855625835,5.830508474576271
0.23473615559684258,0.8967499793579944,0.3898437629824365,0.26166910756651834,0.4821590214424753,0.45378146109087175,0.2739442783535291,0.11287939284105286,0.5152930349598345,0.254937156154238,0.0839958689984507,0.3147623154118893,0.31596010650869355,0.08822001798028965,0.35627804794872014,0.25684632227321436,0.03018190755907497,0.615794873738424,0.057686855039517294,0.8906847317445524,0.41672709017214754,0.06638901710788535,0.45110881423262883,0.5009862085976823,0.08063980524712545,0.11267770018530521,0.5131760998697237,0.08813162219530529,0.0953471024072591,0.3111810074248045,0.03241882833227023,0.06971145613301033,0.3892426584617932,0.09870614786091784,0.06885537917806334,0.5437492399814966,0.19303913577236823,1.3577640882009347,0.3818320174735902,0.2869989342750823,1.6086141242394698,0.2945334808771691,0.2371506820708968,1.4502916878037337,0.2710799795454014,0.3140040617400784,1.3346185154285073,0.38073963993362014,0.5282566138439895,1.3143240614862255,0.36938648655500356,0.7454168055121988,1.297911999259507,0.33670944438592093,0.8303386112187234,1.2176018497097607,0.278445264618718,0.8415961358900494,1.2084266875288108,0.29859041141085724,0.8132974311038186,1.2151136492827976,0.3155293017655944,0.02752487113401984,1.384701646877844,0.40708001462650584,-0.16516125494168243,1.4039701941082996,0.35968651783361744,-0.3607776862955645,1.4900120190872836,0.2574336842656537,-0.43071210616852296,1.5469347626591592,0.2181082403590882,-0.43845568384742817,1.5667545511445524,0.2246268396043005,-0.4393835870563565,1.5594820008018269,0.22783516128148068,5.8474576271186445
0.23518463305619333,0.8962139442604612,0.39084813860814227,0.26212741216479013,0.48131773839518427,0.4555782022337017,0.2739281738890262,0.11276539512382186,0.5152724057250648,0.25460493576708976,0.08347490493538581,0.31477756363274845,0.314766814355564,0.08824354712168642,0.3561675556933565,0.2573171964454957,0.029605395240771597,0.6155102277064572,0.058727280832740085,0.8906040196593764,0.4166802991573788,0.06642722047124135,0.45055414564286445,0.5008424956785,0.08072940926247833,0.1125896041514041,0.5131951370397662,0.08803108467562837,0.0961345720111039,0.31148097955217374,0.03234738716493487,0.07020422297212578,0.38945546115952284,0.09863642236159717,0.06897831111273572,0.543422141983787,0.19283022718080456,1.3585102144537229,0.38199194715238177,0.2807677837156364,1.609063504518179,0.2885355756829862,0.2323500739868301,1.450231822403513,0.26893994336121946,0.3137187533908519,1.3360213238600778,0.3820047077219571,0.527506865215015,1.324720365062425,0.3726631101596794,0.7460386766052678,1.3084884836556427,0.3367059757723114,0.8306427872911385,1.2315390995630084,0.27624642113427905,0.8420576213567129,1.2219704226612793,0.29795483150887514,0.8180802209802948,1.2255519975247835,0.31653577484796913,0.028330449030536622,1.3825600253454264,0.40919857666286047,-0.16672202157860816,1.4024104989469992,0.3562061154689275,-0.36360741537690844,1.4872330010837316,0.25584218294161437,-0.43375711567499975,1.5396371099175927,0.2116333017096696,-0.44311209181949596,1.5626805012903437,0.22428841133680244,-0.4407666220507874,1.5548887709854164,0.23101148099241514,5.864406779661017
0.2355982811294576,0.8958282892784871,0.39159127558230267,0.26277380654820703,0.48048792995035605,0.45736522581195516,0.27386039311108856,0.11279829617259524,0.5149401393948517,0.2544515965893917,0.08335066011952369,0.31539530663582316,0.31315037434834353,0.08823689481446702,0.3559559701001626,0.25767290371877094,0.02914398728185999,0.6150172203639531,0.059997696364948123,0.8907181869224629,0.4159946068275676,0.06654805250836619,0.4500795890533276,0.5004633258542206,0.080657376213837,0.11245170150211448,0.5131814845435262,0.08795383214713617,0.09677561570580961,0.3117164390439708,0.03231810063654382,0.07048392610278117,0.3895780699012545,0.09851290435516308,0.06916992027357527,0.5429355767242574,0.19242836232526522,1.3589417770579524,0.38305000571811265,0.27396953095156823,1.6092246248314837,0.28278629577255854,0.22711653226057785,1.4503336075215767,0.265127859028251,0.312934879434597,1.3370894517805458,0.38404101088378123,0.526396224361636,1.3346792922804487,0.37522073310405396,0.7450232354035706,1.3207165724560586,0.33689251526100256,0.8306640073902369,1.2467145553358594,0.27454918654138405,0.8421222580985803,1.2366778336417092,0.2966328408287652,0.8217084814549782,1.2364980490901192,0.31765488228605315,0.02886081465217418,1.3803469685466037,0.41032755183258973,-0.1680653969899002,1.4007261063776655,0.3524443170015264,-0.3668445934880312,1.4833621472585894,0.2552472067652808,-0.43687658074156543,1.530524565626258,0.20650298488932028,-0.4485502094580519,1.5566474244743405,0.2255019838999917,-0.44280848723030114,1.5482185054671542,0.23437784616525342,5.88135593220339
0.23604625160536863,0.8955968824244634,0.3921112058572811,0.2635315791298331,0.47971142822981877,0.459141115510803,0.2737841736053103,0.1129234726991969,0.5143956801026238,0.2546345076973862,0.08359151914269562,0.3168397837324124,0.3114977248033492,0.08820409378672264,0.35570803680986524,0.25791017609944944,0.02879007918890398,0.6143641471093475,0.06144751543252186,0.8910815529675168,0.41459096234159665,0.06671585914738278,0.44967117557952807,0.499874799889289,0.08042472211782473,0.11234475199410912,0.5131271129136663,0.08791280799786746,0.09718062150424212,0.31184713499177485,0.03233122794363116,0.07055512563110844,0.38960821554005265,0.09833644470829411,0.06943748863513238,0.5422845810355237,0.19186460165424907,1.3589835034101305,0.3849979822016633,0.2670033319817737,1.609284134980301,0.2784092227032755,0.22173338645115986,1.4505617879451747,0.25969314242922553,0.31192830157333595,1.3378806867947552,0.3866186104586947,0.5251758782403132,1.3433536531119976,0.3766131032867113,0.7425372313526472,1.3341089329854607,0.3368019843052034,0.8306867606168424,1.2623742862819696,0.27359365566771443,0.8416906591246783,1.252132284836021,0.2945628765015514,0.8233178772308268,1.2483623033505546,0.3179089828883774,0.028966535609544236,1.3782112145372796,0.4106844360480542,-0.1692331749485556,1.3989724397163776,0.3489642205484071,-0.3701228561759972,1.4776137996594407,0.2557264313420246,-0.43980849529383265,1.519669944565424,0.20321596929010233,-0.45477698963802726,1.5481080303861392,0.22824780279220197,-0.44616443432024533,1.5394834553289058,0.23752796673734874,5.898305084745763
0.23662957047387742,0.8955238961529195,0.39244360172111803,0.26441916195621085,0.47894719868285013,0.4608990434554549,0.27372661764404277,0.1130717733450321,0.5138252216083308,0.2551764627155259,0.08397677499001097,0.3189853677210514,0.31016206863464363,0.0881672255052736,0.35548705197283076,0.25801968710781686,0.0285477734806955,0.6135741293350445,0.06306481093238693,0.8915963955326219,0.41280980120929167,0.06689415411702361,0.44936032691862315,0.4990981643992943,0.08011690281741717,0.11232095513492019,0.5130474030873972,0.08790940701510816,0.0973342047707213,0.3118696213655252,0.03236961144669233,0.07050591812833742,0.38958271963899554,0.09810473195458669,0.06979216096039699,0.5414564912378169,0.1911822786878986,1.358663562307624,0.3875287728116952,0.26015229401397116,1.6094699350944937,0.2761196233962884,0.21647766958107692,1.450834732416117,0.2532163496778986,0.3108441587565873,1.338775982578362,0.389385955038989,0.5239399784706029,1.3503001065098055,0.3766723743170639,0.7390846433764786,1.347775434340465,0.33612580175961915,0.8309030745461815,1.2777411155221765,0.27360569799011825,0.8409117216812297,1.2676917916602746,0.2922817924971594,0.8229253751256234,1.2607966299778206,0.3170566347671704,0.028682714268382523,1.3762396619352206,0.4110759731458819,-0.17064932706222455,1.397170562911051,0.34642129939091315,-0.37321357084490736,1.4693367307634915,0.2570519003424962,-0.4427723597952107,1.5072921968376511,0.2017462480089809,-0.4616848500743077,1.5369331781050273,0.23183332865620312,-0.45136338813546917,1.5290046656195475,0.2399640875885896,5.915254237288136
0.23744031623011289,0.8956189383979138,0.39260809320640455,0.26552807168655257,0.47816536696501555,0.4626375910362585,0.2736825529254321,0.11321079415191546,0.5133399253959078,0.255986244882704,0.08407440494145664,0.32149214510910185,0.309365528718091,0.0881549110660313,0.3553399092105064,0.2579782372719789,0.02850474564616059,0.6126476789127315,0.06484826999864084,0.892135520984718,0.4110594394945771,0.06707803638299309,0.4492122268452257,0.498162312853841,0.07982245523775637,0.11236970132526927,0.5129660322410371,0.08793095921241556,0.0973182780023002,0.3118319582572902,0.0324072081079395,0.07044307269800223,0.3895543335439936,0.09781293391722462,0.07024410887274307,0.5404372978049421,0.19040076029882386,1.3581295702456062,0.3902029559860267,0.25341108790517286,1.6099395200255027,0.2761484088703995,0.21147272426883115,1.4511588222575331,0.24630377994172292,0.3096119376711943,1.3401608919281474,0.391979744828811,0.5227331701137977,1.3555255018685433,0.375772797313374,0.7352198135962575,1.3607648956921694,0.3349057354318729,0.8311294237640556,1.2922659168150104,0.2745081072970881,0.8401584986185877,1.282785078268638,0.29094008925537407,0.8211363432479035,1.2733259506826557,0.31535878392512395,0.028231789327146553,1.374379606023343,0.4122787169490361,-0.17283076688034082,1.3953265242946862,0.3451263756642738,-0.3760777553243202,1.4586201081566403,0.25876358106438285,-0.44597860281187485,1.493730553695398,0.20149237578273735,-0.46895215483003516,1.5235377488716688,0.23495191265791063,-0.45866636227400015,1.5171006087526597,0.24136910759434288,5.932203389830509
0.23856068527037141,0.8958943027024362,0.3926001617240802,0.26691235165375776,0.4773759882474615,0.4643642637552799,0.2736248082488238,0.11333980553355966,0.5129555236605928,0.2569124450330661,0.08360342917113688,0.3240044288123776,0.3091944097340757,0.08819115394075783,0.3553029279026758,0.25776216236167715,0.028796705313621943,0.6115666068439563,0.06677553287155208,0.8926465365510271,0.4095044021099588,0.06730270187331067,0.449277129468019,0.4971160804681097,0.07957567287747587,0.11244818597206555,0.5128953993391356,0.08795954423332135,0.0972547778042233,0.311800035956492,0.03242790835369512,0.0704109375216708,0.38955007570104294,0.09746309921274203,0.07078449284782878,0.5392420000725251,0.18953769570671156,1.3575912961540184,0.3925740439018371,0.24656485692426483,1.6107172007679051,0.278123468181312,0.20664907057987467,1.45164557630775,0.23935095315575008,0.3081483694938211,1.3421052208343447,0.39406287290231334,0.5215953667114862,1.3594160931643056,0.37479101833140765,0.7313618892381977,1.3724212749385918,0.3333751598543229,0.8309574150476517,1.3058269783463663,0.27584239770074254,0.8397333213665745,1.2971619725459067,0.29152466539961036,0.8187911717752288,1.2858114462994712,0.3134943115120871,0.027809604780857613,1.3724518090879787,0.4145182840739964,-0.17585827359102302,1.393412933134913,0.3450664004418819,-0.3788168302527422,1.446407544448679,0.26067707312281596,-0.4496018882123862,1.4792583695637793,0.2020708439864254,-0.47630964322287966,1.508539511198801,0.23639672762723576,-0.46784803639512995,1.5037168487500365,0.24170845960545453,5.9491525423728815
0.24003158341435554,0.8963426520149403,0.39240909546591596,0.2685093317994593,0.476600805571241,0.46608168059110006,0.2735214134396143,0.11346592766274524,0.5126447961870813,0.257780426727585,0.08272024058638539,0.32619280272685913,0.30958603885330666,0.0882880509222664,0.3553882902678646,0.2573817937259515,0.029462260271300465,0.6103062394661676,0.0687977287804133,0.8931420551420411,0.4081000613524564,0.06760940187372039,0.4495482869813145,0.49600908243679515,0.0793736418621489,0.11252048642287348,0.5128342438193526,0.08798317973268474,0.09721574564717939,0.31180062295443944,0.03243379090074411,0.07039784747412844,0.3895602247680246,0.097081402833764,0.07135377787171132,0.5379698865575548,0.1885361351345687,1.3572459175928304,0.3942582073238315,0.23940632161998127,1.6117938824298912,0.28106871973237396,0.20191313177118542,1.4524228026844326,0.23268365892999415,0.30654748960616396,1.3444000708203574,0.3953332292838257,0.5204703044329656,1.3626782911001911,0.37443881110648936,0.7277513113520014,1.38280238604424,0.33176145779671024,0.8301028743406049,1.3187456422395205,0.2769332499982668,0.8395925069997024,1.3109552560607252,0.29406200792612897,0.8168103518065952,1.2982909542907248,0.3123617576147011,0.027325965779662367,1.3702930509092452,0.4174494722037222,-0.1794235098259259,1.391348773394806,0.3460508502446643,-0.38174485956832915,1.4340054192446046,0.2633525924552254,-0.4541792090576684,1.4638889561349169,0.20401087263604578,-0.48386369891792047,1.492194934404651,0.23635400445225352,-0.4780193766184898,1.4885110255888876,0.2414257352110014,5.966101694915254
0.24181964927100222,0.8969255027297675,0.3920392657241661,0.27016806075463173,0.4758725140757155,0.4677636588796438,0.27337105794930233,0.11359339359322432,0.5123807429071214,0.2584191706697614,0.08182665513377216,0.32775651941028944,0.31032463430421997,0.08843742042616556,0.3555639059829158,0.2568903617999441,0.030345117694522365,0.6088850249608205,0.07085791882053047,0.8936391711666193,0.40678138179870604,0.06801384866165996,0.44996652856874886,0.4948671502095201,0.0792084700693298,0.11255998048342868,0.5127730470317934,0.08799667920950668,0.09721113118740556,0.31181450550950945,0.03243619185136225,0.07038530165123537,0.3895605712872012,0.09672137751835061,0.07183772376334828,0.5368159518794191,0.18719255167233972,1.3572323883898934,0.3949994352571421,0.23184615628852728,1.6132804234382432,0.28364487044317654,0.19735916819007165,1.4535463796329486,0.22663156126295045,0.30496717057093425,1.3468186751899085,0.3955607723561934,0.5192104087614124,1.3661633324389066,0.374637395651534,0.7244530983154092,1.3927735249840785,0.3303253056360161,0.8285609891702065,1.331700341403285,0.2773481128586727,0.8393720657432758,1.3244797129084789,0.29780119821759843,0.8159329910443724,1.3107183917844085,0.3124194629716953,0.0264157512070746,1.3678843119882558,0.42036094638261584,-0.18335348536618812,1.3889170456370517,0.34771676891655834,-0.3853322316768253,1.4224776109242332,0.2675901559061024,-0.46035799127111143,1.4472757125238478,0.20794302291472266,-0.4918137103493967,1.4743277708378744,0.23620774899315738,-0.4878352777547049,1.4712222290279109,0.24149629413345575,5.983050847457627
0.24383273096489874,0.89757990985194,0.3915072369086797,0.2717688970964961,0.47523292947592677,0.46934805297457566,0.27322311428451695,0.11372344328737016,0.5121576836883622,0.2587018379742201,0.08126736072707502,0.328519084961944,0.31115263418662037,0.0886119460410113,0.3557751896661553,0.25633696451894283,0.03120289574853283,0.6074268171452339,0.07291721480742741,0.894128572080544,0.40554846968524866,0.0685075158075815,0.4504699413655834,0.4937012589057879,0.07907802271568314,0.11254704594872615,0.5127019793884768,0.08799801691107742,0.09723317217393028,0.3118163947071107,0.03243923360564116,0.07035926601788135,0.38954604821746297,0.09643294155020636,0.0721315553115014,0.5359629702107604,0.18529448210711877,1.3575532830217412,0.39481269757181114,0.2238968014864198,1.6153593715345973,0.28449490693542356,0.19315191997177167,1.4548970499474283,0.22151069918585037,0.3033634991510301,1.3493032141852241,0.3947087409728407,0.5177523727259843,1.3704354676681283,0.37481577454368575,0.7213127752487378,1.4035326315463459,0.3292932085135665,0.8265184715659939,1.345294223132066,0.277149329641232,0.8386887964030482,1.3378753846609786,0.30191320665554067,0.8163230872068656,1.323065014781431,0.31329939245906546,0.02476992983730302,1.3653572189879803,0.42242415963375046,-0.18773832700795612,1.3855461108771248,0.34974561084212674,-0.38986381986381113,1.4123289441202778,0.27341904595102706,-0.4682012341365294,1.4286935737369388,0.21365457001848348,-0.49992461908721664,1.4546386599029266,0.23703177107826562,-0.4959882392929452,1.4516331107078841,0.24287852101042443,6.0
0.24597263171630485,0.8982359484052497,0.39083189514681954,0.27330790585629483,0.4746809041853148,0.47076261739422,0.2731408119039957,0.11385108524473683,0.5119957461739084,0.2586178996732942,0.081241565714355,0.328577087166112,0.3119714966667507,0.08878018365576533,0.3560149939413935,0.2557333866166716,0.03195564953834711,0.6061051811430251,0.0749642766522584,0.894577166081796,0.40444560241141714,0.06907259751625239,0.4510349233027343,0.49252933951574146,0.07898198407350311,0.11249007483726381,0.5126226256147289,0.08799024812009072,0.0972684095426472,0.31180096698210774,0.032425334702209374,0.07028550567413197,0.38956966267632986,0.09623037295582049,0.07220703186413494,0.5354671294311906,0.18283345646971522,1.3580274818733993,0.3940866958224408,0.21566401375972272,1.6179838089924683,0.2827793731563059,0.1891773135011929,1.4561302641922274,0.21755215330033084,0.3015300140901015,1.3519299957415705,0.392980102652302,0.5161991330412007,1.3755461571309546,0.374520345524242,0.7180006661619782,1.4158591398274953,0.3284749412969693,0.824197672246251,1.3594310978653945,0.27653868894495076,0.8374247665862706,1.351090781180391,0.3057096765590184,0.8174501696946455,1.3355763685008062,0.3141406453623938,0.022401145234697453,1.3629126322075442,0.42301747641076776,-0.19258260576502215,1.38033056460131,0.3520353881873647,-0.3952486804679914,1.4034853669590996,0.27988064209512087,-0.47699519158701165,1.407385469936008,0.22044328401353488,-0.5076347293389991,1.432762300441445,0.23910103259596713,-0.5015546158799071,1.4293475953126347,0.24595375862186608,6.016949152542373
0.24819019838306844,0.8988586515031948,0.3900289413421894,0.274860705118713,0.47414104356813813,0.4719648412606316,0.2731562765270238,0.1139548625388596,0.5119433435107792,0.25830820897041523,0.08181072121680198,0.32833244583664273,0.31291909933581885,0.08891802788907706,0.356353851175565,0.2551012686668735,0.03272305161992538,0.6050241153326477,0.07700392348992015,0.894949295480921,0.40352706311009634,0.06969086985449241,0.4516688334975364,0.49137850564806257,0.07891728974751248,0.11243661005159905,0.5125521833748203,0.08798436873263962,0.09728158439971728,0.3117797487637771,0.032357212148854377,0.07010169330005335,0.38974498114821254,0.09610256593825754,0.07210857149686513,0.5352938034353678,0.18005527688933565,1.3584022540131149,0.39336659355948145,0.2073026700676363,1.6206832206815616,0.27872776048828873,0.1850080125021805,1.4567749739127713,0.214901955142072,0.29943206973658054,1.3547479941069798,0.3906646636491903,0.5146487304215572,1.3812931279323117,0.3734432244906681,0.7142521460837897,1.429530241016026,0.32722319982677567,0.8217859271898103,1.373477421292336,0.27541639820438857,0.8357687403817134,1.3642591871628018,0.3085775845046766,0.8183900178356736,1.348685346434173,0.31425813961700133,0.019575429549254765,1.3607094527639303,0.42194699414314013,-0.19757459143833178,1.372658179009477,0.3542948475603679,-0.40110900027958885,1.395452636468671,0.28554370454814954,-0.4855179027199402,1.3833232718573556,0.22767233205466605,-0.5143772002797986,1.4084062426965371,0.2422511319673893,-0.5040636440689718,1.4043083000833965,0.2504299643000809,6.033898305084746
0.25048754745122487,0.8994759784225217,0.38910048651896956,0.27648116674602763,0.473566969168013,0.4729681810892104,0.27326976949030873,0.11398679352549834,0.5120897649848569,0.2579667520947123,0.08289812681526823,0.3282231211249056,0.31421776727641176,0.08900899896837026,0.35686972935669237,0.2545328513636674,0.033608162926315896,0.604197697250381,0.07903351581816576,0.8952355815457577,0.40284895760510425,0.0703459437037021,0.4523832766697099,0.49027593945078163,0.07887957096079576,0.11244787197670283,0.5125132079340897,0.08799512445513549,0.09722102397086599,0.3117689105659017,0.032225264015492985,0.06980074802765757,0.3901086816716811,0.09604229107591902,0.07192800170696742,0.5354016402908373,0.17734148995343033,1.3585144927478106,0.3929603580357952,0.19888233122623242,1.6228232942894498,0.27350109753610313,0.18022184948270759,1.456443544080012,0.2139580411703761,0.2973237161077337,1.3577072217191832,0.3880000534756113,0.513025650346308,1.3874994146393058,0.3712844062263181,0.7100528997895741,1.4433198070635578,0.3249650054226311,0.8194766336553259,1.3870827280834659,0.27340733588893196,0.8341343685713258,1.3777464772749923,0.3101412933143799,0.8183987420088789,1.3625698275096039,0.3135643936934148,0.016607095106812655,1.3587624753564507,0.4195128217841299,-0.202247332980585,1.362854340413831,0.35586178801888496,-0.40686031408153667,1.387607830187907,0.2890980107437191,-0.4925030792861884,1.357593794651078,0.23472671596898959,-0.519539829408177,1.3818960206507485,0.24585561694119532,-0.5033644113113652,1.377651948064631,0.2553709282624646,6.050847457627119
0.25287609565874575,0.9001516606227167,0.3880090839452708,0.27814171424253226,0.47305546388695524,0.47381533415857524,0.27347151773996115,0.1138961096953441,0.512529790867259,0.2576955598392253,0.0842672375630253,0.3283569040663313,0.3159584372742518,0.08904621509231583,0.357567126241712,0.25414795639998206,0.03459567069598406,0.6035531412645774,0.08102592627405936,0.8954578856163977,0.40246704107186004,0.07102381554567996,0.4531807777221485,0.489245893739022,0.07886583510079191,0.11256242807822328,0.5125197075356065,0.08802691620296796,0.097076434316677,0.3117731645928988,0.032120831562497405,0.0695636739715188,0.3904011255075904,0.09605154985527191,0.07179328988021756,0.5357212843727055,0.17502113020480253,1.3583474050081024,0.39284037412162653,0.19025721017862704,1.6240060935737746,0.26850421039600225,0.1746455712365238,1.4550739163585167,0.21552804634774816,0.29551526493458263,1.360718475832381,0.38517887557499464,0.5112283085130432,1.393954995925966,0.3679384190685512,0.7056347793348552,1.4556311497692052,0.32161216604985216,0.8174726951091914,1.4003976000418823,0.27021741889240747,0.8330755301047092,1.3917058129393713,0.31044208908143284,0.8174400353496755,1.3769634490269138,0.31248899130759716,0.013805489462402586,1.3568896753154915,0.416470003959182,-0.20623077374902474,1.3520657468498962,0.35617340807274056,-0.4118902379841855,1.379554082812108,0.29000225237776966,-0.4971718915783415,1.3319605800103185,0.24088292030944497,-0.5225071278409031,1.3544761321376408,0.24890334374279022,-0.49949431940553835,1.3516072001357027,0.2594857987611089,6.067796610169491
0.2553645821713201,0.9009342609128954,0.3866766585337963,0.2797644514839175,0.4727887486524321,0.474482030101321,0.27375326052229537,0.11369885407946576,0.513241427722982,0.2574863070547829,0.08553261897780179,0.32850623510323507,0.3179855856242811,0.0890383477017747,0.3583637213717167,0.25398953138952507,0.03558793655243533,0.60296405663423,0.08293333458568904,0.8956409035155423,0.40241483429147556,0.07171158157862571,0.45404533612753695,0.4883137568117377,0.07887514009990669,0.11277161683246853,0.5125690647118193,0.0880593303594948,0.09695646337674288,0.31176789953475303,0.032217450915260584,0.06971449465106755,0.39012039140343685,0.09611830046124123,0.07182222641425014,0.5361107321324557,0.17320299890599716,1.3580095739415738,0.39284215056194866,0.1810917357752035,1.6241052263495253,0.26493553275933374,0.16836579843968963,1.4530099190990173,0.22013237998152027,0.294114777644659,1.3636804962928788,0.38247457439039784,0.5093618753991773,1.4002640509219844,0.3636589928325408,0.7013754916739122,1.465279179533524,0.3174512193906649,0.8158400906074801,1.4136587625642014,0.2659493658144468,0.8329578875165258,1.4059193829675605,0.3097933126568212,0.8160621848281822,1.391512590563363,0.31149029477606727,0.011545189127390675,1.3547915430009672,0.41374319255522946,-0.20928033460667458,1.3416486237625966,0.3549827396444097,-0.415828696634195,1.3713132746483625,0.2886908241332901,-0.499291538788611,1.3081666226726376,0.24549055808389394,-0.5229386952714313,1.3280100241969832,0.25060255333422615,-0.49286372188345773,1.3283437719101783,0.26201568899400385,6.084745762711864
0.2579596696645526,0.9018176272247366,0.3851124974946759,0.2812995972364982,0.47290085852177244,0.47486794340939853,0.2741043343044611,0.11350157106045342,0.5140314626448085,0.25732225295442174,0.08633475534781274,0.32847316033002744,0.31990788486809574,0.08900504366636389,0.35911592757307326,0.2540146054538302,0.03644227840236629,0.6023746250666291,0.08470803101149474,0.8957959371841402,0.4026719982984219,0.07239274710693078,0.4549283188031469,0.4875105023084996,0.07890914591795296,0.11302278707638386,0.5126442813733874,0.08805535580436685,0.09705933049607338,0.3117054578986156,0.0326379850623615,0.07046947004514494,0.3889128168293862,0.09619748994700231,0.07205429350856718,0.5364229466245902,0.17170087252770744,1.3576718943239117,0.39282455642773817,0.171182900939745,1.623062407369978,0.26355889144380235,0.1616273956335343,1.4508272267981153,0.22723002315065016,0.2929974185332796,1.3664022467553805,0.38041060282552985,0.5076594840056596,1.4059220351918342,0.3589865545384498,0.6976660634150869,1.471954413886372,0.31283387499696347,0.8144248792116897,1.426990252353633,0.26115713387976863,0.833475025024691,1.4202229905718242,0.30837605970922055,0.8146097301808843,1.40613930161724,0.31050013474110016,0.010190785736109584,1.3522523626410627,0.41196128046097485,-0.2111919425740987,1.332677261594977,0.3524901500713815,-0.4185633463763495,1.3632558386951985,0.28601697728530234,-0.4988708398650001,1.2874261276072212,0.24862879433442853,-0.5209829176669274,1.3043795583832969,0.25083703732912965,-0.4846102701135726,1.3088500115287747,0.2635039182457659,6.101694915254237
0.2606114684929845,0.9027222733525155,0.3835863399976042,0.282745833956641,0.4733335956850062,0.47499634815807135,0.2745069275457882,0.11341799912497233,0.5146636155068375,0.25726859353830156,0.08654578046094276,0.32841016969025066,0.32124910602128753,0.08895993390109767,0.35966502800230044,0.2541762368090361,0.03706071497289368,0.6018382595451829,0.08631088967419953,0.8959420629650076,0.4031407730870899,0.07304422648599655,0.455750286514671,0.48687122582752457,0.0789715608688493,0.11325819891027955,0.5127265876560783,0.08798953548599626,0.09752235380473138,0.3115457715385853,0.033371313663245306,0.07179475715269451,0.38681479800017493,0.0962390061640789,0.07242196016710539,0.5366135984571712,0.17004472181920494,1.3574860411043397,0.3927126011020331,0.16082670367410562,1.6208815761541995,0.264564277444622,0.15476611785359992,1.449087531374096,0.2354530801047144,0.29201058121301654,1.3685871900065665,0.37965182988905527,0.5062195562567127,1.4105598692240484,0.35462207504037907,0.6947992205049038,1.4761968659063036,0.3080707635637794,0.8130398475394573,1.4404792116009557,0.2564768024360628,0.8337939886287389,1.434952980677234,0.30596293781980144,0.8128487977263201,1.420974876641039,0.3090650382329436,0.009815649821257431,1.3492474996360508,0.41116362731391976,-0.21190921813686192,1.3257238059587164,0.34959153134475407,-0.4201434642057844,1.3558334041890856,0.2829335466514118,-0.4963043903852424,1.2701240279313637,0.2516975039355358,-0.5173922609243667,1.2848566334804625,0.25030399610753074,-0.47638905210860416,1.2929339135869438,0.26558289081047093,6.11864406779661
0.2631815983432229,0.9035195629702492,0.38251373459268156,0.28408228483636433,0.47378105114767266,0.4751146975335986,0.27494112910048923,0.11347806439309852,0.5150056202582038,0.2574487142062241,0.08622359548984487,0.3287680813287528,0.32169726456997166,0.08890406559283386,0.3598991218560779,0.2544670853759745,0.037433530511485305,0.6014426808068636,0.08770328630220892,0.8961269863656703,0.40365865615091623,0.07364010587951739,0.4564365565670556,0.4864309347399723,0.07906582772941274,0.11344996160013501,0.5128068352839679,0.08786152373163333,0.09833598768146833,0.3112750017495767,0.03431112149041686,0.07349671229645076,0.384129214862458,0.09623310166652689,0.07277549133118416,0.536738365424133,0.16759836926051974,1.3575518659372194,0.39250059257765246,0.15073879196186185,1.6178318174604214,0.2676171028921341,0.148219496591973,1.4481745643807877,0.24336762816285648,0.29114524958373345,1.3699660913553502,0.38052800769877104,0.5049410724337026,1.4140645635034133,0.3512257439300665,0.692935714213347,1.4789911811627066,0.30350469578177985,0.8116676572731205,1.4542595590786946,0.25223463099131715,0.8332487932795918,1.4508610896875571,0.3021517592033137,0.8104697921722894,1.4361146672907863,0.30710118612762516,0.010035170252750403,1.3458872072174572,0.41085748088946783,-0.2117575364193779,1.3208891409716865,0.34733727127384656,-0.4207902365605407,1.3492794647915431,0.2805541987438732,-0.49262941251470205,1.2558508405602462,0.25676208625647423,-0.5132814997046651,1.2697603072901253,0.2503147802871846,-0.4695360000023324,1.2801656813878275,0.27007888396997154,6.135593220338983
0.2655399571780577,0.9040974636963008,0.3821270293361731,0.2852330515782684,0.4739494932773193,0.4754571223407,0.2753916891380654,0.1136277558537325,0.5150510355329292,0.25793527422385587,0.08543996675267047,0.329963310480218,0.3212624912496034,0.08883741767376908,0.3597971985433125,0.25490248743849686,0.03757185698248808,0.6012614181678347,0.08888166868572653,0.8964124775129116,0.40407937206936817,0.0741562637859379,0.4569511578789181,0.4862258068370877,0.07919450606706832,0.11360114663912844,0.5128881368210526,0.08768669068593823,0.09939487811228098,0.310909613891105,0.035320385904581066,0.07534312056978762,0.3812311488746,0.09620539970290314,0.07297910945612614,0.5368635762465126,0.16389011249329188,1.3579122622808386,0.3922240997994657,0.14165304384860822,1.6145235657518469,0.2718652512489424,0.14249063714321888,1.4481831221226462,0.24990139567743602,0.2904412523935914,1.3704621786450868,0.382718345747314,0.5036902867649268,1.4164419394065013,0.34915326863301815,0.692072065166917,1.4813049450390303,0.29954335939847376,0.8103761181364273,1.4685328543254803,0.24858262700755132,0.8315099735982933,1.4684625875287018,0.29688602991223334,0.8074593030227295,1.45157398987463,0.3049866725378316,0.01025657495943345,1.3423847757111749,0.41035227496373683,-0.21138613913604604,1.3178962294628103,0.3462066900491526,-0.4208233281527568,1.3435645630306692,0.27970875772607207,-0.489024955684378,1.2436875785914199,0.2650612459829194,-0.5094208093171384,1.25864247814961,0.25185532180434594,-0.46468043322720637,1.270333244865291,0.2780219363127045,6.152542372881356
0.2676531939085057,0.9044114551334557,0.3824031830112569,0.2861279647323539,0.4738668237525284,0.4760253542507371,0.27585226838354315,0.11379889351318323,0.5148625264783182,0.25869573247222394,0.0842701028073244,0.3320950750959024,0.32022033054254695,0.08876579050632019,0.3594338966828787,0.2554889583023676,0.03747119790444563,0.6013150095019849,0.08991909896359689,0.8968380464857699,0.40433878531543205,0.07457278222963404,0.45728854626240695,0.4862919091839237,0.0793606523723519,0.11373305371806205,0.5129821788673066,0.08748559735755951,0.10056962526882476,0.3105007861851473,0.03625779110237027,0.07709232397952037,0.3785062037534543,0.09617994877355003,0.07301543736161245,0.5370095960340786,0.1590005323732927,1.3585359604263934,0.39192454883043254,0.13413350505980723,1.611670907186674,0.2760046495799358,0.1379551559832741,1.4488399575364417,0.2544535461987681,0.28982832583836454,1.3702874408886088,0.3855022802263368,0.5024142615795474,1.4176522216474903,0.3484031343823351,0.6919336782593508,1.4837333833199273,0.29647940591111976,0.8091084279341427,1.4833607037566725,0.24579597003061215,0.8283334651908836,1.4874370344545158,0.2906080979918438,0.8038880893856029,1.467447092677644,0.302896164436556,0.010114323235305957,1.3390879223961032,0.4091773233727235,-0.21142746976630947,1.316045088353296,0.34635618830667514,-0.4205080502775905,1.3385184857933865,0.2804370244648885,-0.48612959618952617,1.2325288723177965,0.27650520829707603,-0.5059863264136707,1.2506204127347615,0.2550312438522624,-0.46209959932080474,1.2629347167390212,0.2891070335247277,6.169491525423729
0.2695177903086105,0.9044800737322376,0.38322777303742167,0.2867609358039985,0.4738227955253629,0.47667131982235617,0.27633127324030077,0.11398452460856962,0.5144902135127615,0.25960930500158075,0.08293776391588059,0.3348257778930755,0.31894698190624404,0.0886962223170209,0.3589507038365499,0.2562030883263528,0.037167908981720274,0.601498828923639,0.09090139654610076,0.8973719013918494,0.4044607556112786,0.07488647838940782,0.4574564633553624,0.48663773636982727,0.07956759601516078,0.11386818657305892,0.513098126756463,0.08728201344345221,0.10172827691896003,0.3101274444363355,0.036985965761912744,0.07849022165772994,0.37634921835181284,0.09616423311584839,0.07296175166823031,0.5371607546278215,0.15359305740926207,1.359334180945238,0.39164655643579593,0.12854823464652707,1.6096729821445364,0.2788345002477272,0.13465624108710827,1.4495970114514103,0.2568757871772868,0.28919424342653133,1.369866112699062,0.38824433360173116,0.5011183748495468,1.417734651760456,0.34870476524363153,0.6920477387563515,1.4862778931424794,0.2943079731590893,0.8076719106435177,1.4984319457885367,0.24438395865345502,0.823678612647731,1.5068496796230268,0.2840840707626182,0.7998066074396359,1.4838460852829134,0.3006020733880065,0.00960404738111726,1.3363908832539166,0.4073066953442329,-0.21222384031246677,1.3143876683655755,0.3479242022068352,-0.4200398591882015,1.3338844284960472,0.2821685277597068,-0.4839883533916878,1.221624239109661,0.2902698260799941,-0.503061470084068,1.2445250231544105,0.2596388724823935,-0.4619081582396837,1.25690291029917,0.3020138470140949,6.186440677966102
0.27108361413227267,0.9043524235380993,0.3844688309249684,0.2871831414676035,0.47406494340009,0.4772556704623651,0.27684227902915226,0.11427263882981868,0.5139020943009386,0.2604908240694388,0.0818698415500087,0.33741196034366516,0.31777581827994217,0.0886352379524087,0.35849620000021604,0.2570071863536183,0.036797355530677284,0.6015964524235379,0.09182390422841434,0.8978596886913235,0.40461772507644833,0.07513441487477204,0.4574914102967041,0.4871898925201853,0.07981271092517134,0.11400279873957823,0.5132270067535786,0.08710603861125332,0.10271350658510092,0.3098610933479382,0.0374004399366459,0.07932517701798607,0.3750819773130925,0.09615597077308922,0.07288866020577027,0.5372964020528942,0.14852780040557303,1.3602091172238786,0.3914255209856041,0.12489800760508604,1.6084675662997303,0.27995007971927166,0.13233912772417866,1.4499401547777881,0.25743827343393283,0.2885395243595157,1.3695811529715027,0.39058826645661693,0.4998470995664751,1.4170105842907148,0.3495398801569357,0.692072820493247,1.4884063945363764,0.2929275899296562,0.8058973065537979,1.513267302768163,0.24504397354466612,0.8179271679938198,1.5258644982865106,0.27831095446173015,0.7953999856207433,1.5004459423934815,0.2979775527860038,0.008905447953221412,1.3344837773953422,0.4050549092527592,-0.2137265710231137,1.3123641482312072,0.35057024129728565,-0.4196369455692604,1.3294779136294985,0.28422999822756406,-0.4823584575240466,1.21119264192511,0.3050418087418081,-0.5008523031315796,1.2392799043375384,0.26532797932954016,-0.4638438428869518,1.2513840493873254,0.31499633713876074,6.203389830508475
0.2722890359303498,0.904098914323331,0.38595374824918927,0.28745835719184404,0.4746135343939027,0.4776679842399958,0.27736523286587217,0.11478416195985226,0.5130033238442795,0.2611580197109159,0.0814926553724227,0.33888071340385695,0.31691821328992686,0.08859362997453904,0.35816204532103446,0.2578579884512587,0.0365414271176547,0.6014575490346952,0.09260295110815679,0.8980823132705704,0.4051114235864799,0.07538455329578421,0.4574688126103122,0.4877848408029669,0.08007099232630636,0.11409725120076666,0.5133369224035529,0.08699396697850678,0.10332466093339152,0.3097172400814224,0.03749464360299669,0.0795598843638198,0.3747495796129438,0.09615193719632681,0.07282039541771605,0.537405669511708,0.14448638165973493,1.3610932253462855,0.39125907898982587,0.12274934061745299,1.6078570488642252,0.27976921680949823,0.13068224557714647,1.4497008681760575,0.25681943237252497,0.2879688837322907,1.3695541203734767,0.39236188077186585,0.4987046607335026,1.4159097194242525,0.35038510094333136,0.6920093962084204,1.4894585275790995,0.2923291200828682,0.8037123823701309,1.527561684234735,0.24817133772975833,0.8117495560955527,1.543818970501785,0.2743240951022733,0.7910502868799202,1.516181597984549,0.29533783056846996,0.008213520154207454,1.3332083309483798,0.40284680169228265,-0.21553821324240602,1.3102347965548982,0.3533390928310294,-0.41953600633088967,1.3254756740207028,0.286258751578326,-0.48111376476945755,1.2024376998122845,0.3186905090164978,-0.4994394132459286,1.2345483003103794,0.27119974846804334,-0.4671100469225721,1.246572916067361,0.32620774049292656,6.220338983050848
0.2730982905056827,0.9038052527282248,0.3874802500842076,0.28761163444384735,0.4753383831671483,0.4778202043095492,0.2778268182820825,0.11554359226534149,0.5117321230197711,0.2615140878653732,0.08199872141242501,0.33835081567141856,0.31646169605046015,0.08858690284604144,0.35796760632114666,0.2586730155452268,0.03650448994220554,0.6011160971772492,0.09316139329346335,0.8979694023855926,0.4060553639265953,0.07566568259734793,0.45745910636879245,0.4882732564537955,0.08028642571387416,0.11410290914823415,0.5133889131970767,0.08697072564107824,0.10340764626879459,0.30964216707161296,0.03739644317480333,0.07940690231794004,0.37500591855946286,0.0961513998004748,0.0727537590187953,0.5374876175414297,0.1418628536787992,1.3619629050117676,0.391132486035107,0.12148800370560911,1.6077605086899445,0.27903340572276447,0.12947733886608204,1.4491125153722078,0.2558942911748191,0.2875816541599227,1.3696480364570134,0.3934989613419041,0.49785563745478123,1.414589309568756,0.35118196549728614,0.6921605514574962,1.4891700016776104,0.29229283928079786,0.8011012338031647,1.541056965277922,0.25333226889809934,0.8058023748813161,1.5597146832090272,0.27267695676596304,0.7873126498445268,1.529603404280811,0.29324148628369195,0.007680559408063543,1.3322899049549797,0.401081114572056,-0.21703229479406227,1.3087526224773116,0.3552711220842766,-0.41986177643473754,1.3224547984932067,0.28830688798954635,-0.4805247072580055,1.196943030070299,0.3285447866854076,-0.498723726015287,1.2309336627709961,0.2760867194211223,-0.47048037462740605,1.243397739508915,0.33413431142991806,6.237288135593221
0.27347717183154774,0.9035303227279892,0.3888836800696183,0.28761959970627843,0.47613527694259544,0.4777405488385675,0.278151488117733,0.11645071402363245,0.5101176579439839,0.2615576042621972,0.08332384999918613,0.3354511972131837,0.3163773954878637,0.08862582981271704,0.3578806967256236,0.259364507747455,0.03668800866279398,0.6006765673546235,0.09344900989248084,0.8977098654553773,0.40714268643937446,0.07592335422918013,0.4574778248181965,0.4886181521907052,0.08040162165643651,0.11399308064952601,0.5133640632423687,0.08702685578679584,0.10300024506521513,0.3095520771479013,0.03728122392013148,0.07917582107798656,0.37536000946465353,0.09615513379891392,0.07268017409845728,0.5375462079135408,0.14073143495446344,1.3627747290209453,0.3910563312897878,0.12064456926920214,1.6080744685657782,0.27837887405124284,0.12866190352229231,1.4485225410880074,0.2553206413424679,0.28740769942568956,1.3696902778903863,0.39404158721985977,0.49744878887810745,1.4128945877852974,0.35231289828147816,0.6929641346927096,1.4879243248731209,0.29202479235421286,0.7981177942946748,1.5531421203490736,0.25951142895660745,0.8004253065240704,1.572197346878981,0.2730258759640114,0.7847393941638723,1.5396086633071249,0.2920248657709454,0.0073907059866550944,1.331741559604951,0.40003633814057726,-0.2176090563093484,1.3084667957960767,0.35587166361626943,-0.4205488540484261,1.3210412821440511,0.2904988556541478,-0.48101823306935176,1.1959320416518684,0.3327594933969991,-0.49863029170844475,1.2294328479376342,0.2792260007721784,-0.47281984072622485,1.2424950954498655,0.3383146525657962,6.254237288135593
0.27338137640373944,0.903284774567143,0.3900812605898911,0.28745068947821106,0.476998150515828,0.4776052013108844,0.27832720814182615,0.11737257205594086,0.5083078941317664,0.2613884365577252,0.08523969238677451,0.33057099995737693,0.3165144431984619,0.08870633940837098,0.35783233082991767,0.2599279175411129,0.037071936409697574,0.6001637046634314,0.09341889546702295,0.8975553103182057,0.40794976223825896,0.07607751001291861,0.4574993455888268,0.4888362947340455,0.08040320486030694,0.11377802013230204,0.5132769727465382,0.08712748736137081,0.10230183193076726,0.30938804299423656,0.03723722449499482,0.07903346626408521,0.37555966422613934,0.09616403594302367,0.07259472234581871,0.5375845207366411,0.1408489389460677,1.363358762171836,0.3910465999734141,0.12004857400901803,1.6085859715819866,0.2780984837058545,0.12827286182027398,1.44804585243231,0.2552693654659384,0.2874252548276128,1.3696892108776013,0.39406215111515036,0.497473113906941,1.4107055658279277,0.3538025134135872,0.6947273475162661,1.4864769165263576,0.29037153978641916,0.7950096658063976,1.5626861981364801,0.2656893079666661,0.795568515257645,1.5802689736052846,0.2744036624830542,0.7834985986542696,1.5457373408002668,0.29149449978726566,0.007330512518872534,1.331874390774346,0.399734329755593,-0.21712526684386368,1.3093127326942327,0.35538614710582195,-0.42143319559339376,1.3214868738917802,0.29272830416899354,-0.4827567411949923,1.1995762016804232,0.3313470962363686,-0.4993289829570118,1.23062794385802,0.2805152480710912,-0.4738321522676866,1.2436692899059567,0.3396000552111849,6.271186440677966
0.27279824033590006,0.903065454309523,0.3910359141662828,0.2870962559357291,0.4779474895419142,0.4775749514380594,0.27839103894144174,0.11820770013046791,0.506575463390216,0.2612251179778755,0.08742295889868026,0.32472441257419954,0.31668336352036724,0.08880800919847114,0.35774685595996963,0.2604136156435791,0.03764336717234469,0.5995146842530955,0.09306297434132994,0.897569948602802,0.40838846241554855,0.07609647725188669,0.45750183265792566,0.48888319499553007,0.08033243995290182,0.11350012186112114,0.5131613977040616,0.08724410787763369,0.10149599982692885,0.3091450652008702,0.03724983599923372,0.07898152409356206,0.37564090167108594,0.09617870309324095,0.07249600680598023,0.5376028627565531,0.1418660340541799,1.3634587623452106,0.3911160910725327,0.11974458517698697,1.6091350006278369,0.2781882839158559,0.1283938514703683,1.4475544302851637,0.2554374656071345,0.28761409806770444,1.3698004068259084,0.3935246620857006,0.4976800830509426,1.4081681329941873,0.35471135332785275,0.6974553196610354,1.4854027947795625,0.2864995533546132,0.7922775361890422,1.568345011840255,0.2711440717585486,0.7912559903584143,1.5839912256270758,0.275926105439164,0.7833165990513054,1.547789000985287,0.29124732721411883,0.007396766485947913,1.3328745363173702,0.3998936470937462,-0.2160217921124146,1.3106988480587596,0.3548304936300234,-0.4224377418250176,1.323542296061943,0.29483547623802214,-0.48559747693483,1.2068003606984663,0.3255060461647432,-0.5012303962359422,1.2342943721577533,0.2803722640122086,-0.4742384932104538,1.246240294071257,0.33934369868395275,6.288135593220339
0.2717743241819292,0.9028885672813699,0.3916971104064137,0.28658003000828686,0.4789457208917075,0.4776376789403037,0.2783644524779007,0.11891082184265706,0.5051814669797443,0.2612754291247106,0.08947414598654843,0.3190991555941335,0.3167864448520272,0.08890627271063689,0.3575947405101776,0.2608180486540946,0.038368276947573283,0.5986816833208927,0.09246583414104961,0.8976349534775672,0.40871127030919996,0.07599690802849814,0.4574814367451016,0.4886740847652878,0.08025592828293973,0.11320873514653731,0.5130454740676961,0.08736340790945993,0.10068758843131044,0.3088576098207604,0.03727722589824086,0.07899517459397669,0.3757108013575148,0.09619905668765116,0.07238421141497915,0.5376003962446638,0.1435472103533799,1.3629284971639817,0.3913128195335168,0.11980390211357145,1.6097092324480131,0.27852747592422045,0.12906179918880914,1.4469060188869096,0.2553051697122538,0.28796564118906454,1.3701230408966754,0.3923152570173051,0.49774057301006003,1.4054793689375469,0.3537476255261991,0.7009419877561481,1.4847450552552433,0.2803349654748436,0.7904365659878687,1.569423627577668,0.2757026924976736,0.7879331813055929,1.5844451519958818,0.2772096559121557,0.7838702078170554,1.5455811686322571,0.29116705375967883,0.0074700807147131095,1.3346217210073565,0.40013743880731234,-0.21489772593504275,1.311860778735601,0.3553050193260684,-0.42362650856272943,1.3267559462263092,0.296750445165412,-0.48923828095833677,1.215982570607149,0.31651257753784084,-0.5046480344824895,1.2396467687206858,0.27953643921757365,-0.4751104692449023,1.2496754209029826,0.33808704108494564,6.305084745762712
0.27039749446709277,0.9027841724345588,0.39201041026729333,0.28595066031107835,0.47992668967856034,0.4776500873285139,0.2782370805403178,0.11950664261508684,0.5042100101962422,0.26151834146532393,0.09099132622128892,0.31459910105982725,0.31683261327946993,0.08898866492849908,0.3574087868279913,0.2610702466549147,0.03920029317843732,0.5977444117283042,0.09174099234939496,0.897633459942166,0.4091784834276222,0.07580439537876642,0.45743996189390496,0.48823654770497177,0.0802181526273952,0.11294762418925809,0.5129370822630867,0.0874726394210089,0.09997223782944359,0.3085668446911158,0.03729533821672958,0.079064139077339,0.3758109807023028,0.0962241821321904,0.07225955879359097,0.5375762322466588,0.14573760916270473,1.361828140156604,0.3917210550906587,0.12026187808274894,1.6103313900294496,0.27886067648338886,0.13016424827623618,1.446050179696887,0.2545457020105826,0.2884600649143553,1.3705705234020802,0.39042534747427915,0.497558593576803,1.4025383353458944,0.3504772233513603,0.7048937476479825,1.4838876807900399,0.2725731102488891,0.7896845314225653,1.5664944080886858,0.2797769298712329,0.7860504610598085,1.5828183050594637,0.2782839385238227,0.7849380559881005,1.539477251674429,0.291033342882946,0.00748317465973545,1.3369557322671184,0.40025850134665514,-0.21410323497974554,1.3123228144131338,0.357233038202824,-0.42499350302795624,1.330853917643263,0.2982698915078479,-0.4932673195426922,1.225820601725349,0.3059164504441138,-0.5093679939420818,1.245990336941603,0.27866198125844077,-0.47699815807360646,1.2539024488793133,0.3350358229667727,6.322033898305085
0.26878029037137413,0.9027587531625563,0.39200303114583346,0.28525076540305633,0.4808494919782148,0.47748463120663154,0.277994748119955,0.12005187091473671,0.5035997127435248,0.26169284766912565,0.09176548852136035,0.31170949932628655,0.31685722881370115,0.08905313061203027,0.35724519074241484,0.2611201883577412,0.04010141234369193,0.5969016328441283,0.09089572492857988,0.8975567558316845,0.409848564877265,0.07553464478720834,0.4573819369056755,0.4877747646224671,0.08021634021720883,0.11274997579683396,0.5128269000710229,0.08755207455567568,0.09947489404014766,0.3083083935311373,0.03730133679614943,0.0791240914791706,0.3759131199895365,0.09625386467158968,0.07211988704543988,0.5375281952417196,0.14830575477510502,1.3603380928323232,0.39235019989000114,0.12117354181733236,1.6109297897572339,0.2788114955785244,0.13149631222956704,1.445007558639857,0.2532396095364654,0.28907096347944133,1.3708610728478885,0.3880323601219079,0.49740314177999434,1.3990132518220042,0.3457119485366948,0.7089152258487116,1.4816073744345526,0.2644655609052258,0.7899252543405009,1.560795975269937,0.28365216070818167,0.7857198209466154,1.5793829844903968,0.27911211784294176,0.7862522929136909,1.5309847868222708,0.28975727499520676,0.007415719924110633,1.3398155174341195,0.4002229564500242,-0.21370624789947906,1.3124216482311954,0.3603204030665228,-0.42622673986376824,1.3357527324748066,0.2990297334409784,-0.4972380767414456,1.2356448592155669,0.29584870130265994,-0.5144707400096228,1.2533177001576419,0.2776649220736811,-0.47964897163664355,1.2593388366495666,0.32907877287307996,6.338983050847458
0.2670203154162421,0.9027504813424861,0.3918228128511504,0.284494361605592,0.48169402867431343,0.47708530137346666,0.27763812213664896,0.12056887276825616,0.5032812476651717,0.26153396435366516,0.09188665495823845,0.3106229917333074,0.31687381718914576,0.08909546616908828,0.3571432553285162,0.2609932017418191,0.041038235974623,0.5963387738815904,0.08983071535750174,0.8974401096875424,0.4106367192374742,0.07519350450779573,0.457336595816703,0.48751970858449767,0.08022778834744945,0.11260305060528374,0.512707894102442,0.08758919015874486,0.0992802323072269,0.3081215837231498,0.03731109870275924,0.07905363441991299,0.37594607774641475,0.09629039110871043,0.07195910171389276,0.5374517002584661,0.15121593928980287,1.3586715447253899,0.39296507016570387,0.12262876718734006,1.611381166104451,0.27813582199919923,0.1329506223995002,1.4438724130074994,0.25166342333062364,0.28977421062993547,1.370613261616373,0.3854372607018508,0.4976549067290059,1.394809844935009,0.34078633692366544,0.712533168658849,1.4765833815626963,0.25733360151974805,0.7910614566693659,1.5531558575946394,0.28658898665906507,0.7869259156623511,1.5735689605234413,0.2791839420025075,0.7875283742867936,1.5222270918974845,0.28563137265471644,0.007264738324487272,1.3430586619181866,0.40002431505255276,-0.21361559448359002,1.3134004837236504,0.3639942050491583,-0.426821945429675,1.34141069211284,0.2988681294477015,-0.500753093897709,1.245443522028008,0.28791674273215556,-0.5187784429178359,1.262156290044966,0.2759531275252905,-0.48251587882605074,1.2666697759875076,0.3202999168801997,6.3559322033898304
0.2651350397555644,0.9026219788167309,0.39164420092273694,0.28366973419117314,0.48243770132736036,0.47642758256761863,0.27719644912897773,0.12101855597507288,0.5032368409713203,0.2609775448230215,0.09158296600944564,0.31128241947618246,0.3168798751445399,0.08911155878390185,0.3571136195793017,0.2607599261002937,0.04193750785594477,0.5961539320940964,0.0884742587191046,0.8972754260944702,0.4114593251002656,0.07477709556128906,0.457368141731667,0.48756405485540033,0.08024603526175153,0.11243442301735299,0.5125890944822808,0.08760348827914927,0.09929790597118264,0.30804709435922545,0.03736100799679532,0.07878190323942141,0.3758081678001285,0.09633604503334318,0.07177033827349438,0.5373418374600724,0.15445387350050738,1.3570675007011128,0.39310865666523503,0.12473748119959814,1.6116563868055864,0.27689311973203007,0.13459375134032894,1.4427981699236554,0.24993541336199504,0.29052275500549807,1.3695559485359703,0.3830055735701425,0.49843871195308614,1.3902763236093878,0.33667428702375624,0.7153648471042773,1.4682065065775094,0.25195148562289027,0.7931106404068631,1.5436815719174242,0.28701151161186655,0.7895348749036841,1.5650327299350508,0.27780862270378115,0.788565694778083,1.5145073718579942,0.2775646027092858,0.007060421448164409,1.3463718087918617,0.39970096690517215,-0.2136826722068939,1.3167253497700302,0.367649864320136,-0.42643052625037275,1.3478099133709942,0.29808260766792877,-0.5034733735072261,1.2557993226571504,0.2821263113490293,-0.5216897146721527,1.2727762570412458,0.27372103826950345,-0.4853696095706693,1.2763826208879523,0.310355158438886,6.372881355932203
0.2630708911565107,0.9022353985659518,0.39155424601884475,0.2827619911222798,0.48302922343082877,0.47551265397281073,0.2767332356064476,0.1213198098754473,0.5034834742489902,0.2601624254433578,0.09100360160196463,0.3132863713834875,0.3168751330181052,0.08911087457443383,0.35714470769586854,0.260483033515107,0.04261880598236896,0.5964148281154973,0.08686325868000455,0.8970184555952844,0.4122983935688833,0.07427992939489345,0.45750834866982537,0.4878699844600598,0.08027928851516099,0.11217224792835896,0.5124885629559178,0.08763966957547867,0.0992480574926081,0.3080988712534275,0.03750055587415554,0.0783543087786975,0.37538428612874075,0.09638415736517847,0.07155629565562498,0.5371968338360509,0.15779491742806065,1.355768878006136,0.3924047880793376,0.12763844674842334,1.611834762860508,0.2753473848459416,0.13654225604463377,1.441961217954016,0.24792357279510324,0.29122938641940765,1.3676696386687552,0.3811306384234343,0.4996342755619183,1.3858268944643264,0.3338161263450369,0.7172843095454194,1.4569891947310039,0.2482704913815304,0.796025710655212,1.5322410814963445,0.2835519220839695,0.7931114986277923,1.5540675917447961,0.27471267935870325,0.7892133783768798,1.5074878002852614,0.2663656467851747,0.006904444236435664,1.3494267507012598,0.39949964573711866,-0.21366408152285754,1.323290702901291,0.3705486706764708,-0.4249314821861063,1.3549531336816731,0.2972679173678109,-0.5050860316197878,1.2676534540893487,0.2773063814925541,-0.5233133308272152,1.284987287008378,0.2722308168875954,-0.48839447696362215,1.2884258572057874,0.30162523718213274,6.389830508474576
0.26079310561945346,0.9015756399950036,0.39154392006962613,0.2817900227122406,0.4833918402521251,0.47439137363226125,0.2763110610790778,0.12138106275482347,0.5040484573038458,0.2593053636790642,0.09019542962492677,0.3160094858741156,0.3168674485341792,0.08911534380756596,0.3572216174580256,0.26018689756547464,0.04285796773100081,0.597173288269481,0.08511444990706901,0.8966346890382506,0.4131729963592656,0.07370539106773742,0.4576743597423111,0.48836454788825284,0.080331931579815,0.11181146229715011,0.5124243804725696,0.08772074203495811,0.09886431866632306,0.30825496405674996,0.03773596853781381,0.07784927618380627,0.37467977854215595,0.09640924920196713,0.07134657820435383,0.5370206478616812,0.16078306559510405,1.3549253609197696,0.39080089774985016,0.13146503667444903,1.6119532523834104,0.27374654698094514,0.13882690455842378,1.4415767614628532,0.2454172316768374,0.2918006057574019,1.3651268574547184,0.3801181780097096,0.5012006347319703,1.3815952572069583,0.3324289091204035,0.7184586939192095,1.4442035307799417,0.24568969879732516,0.7995511182056596,1.5190700665588694,0.2756923894284188,0.7971642704116022,1.5408387371916283,0.2701593146327885,0.7893953923215361,1.4995979692665107,0.2549959845476486,0.006936737347549367,1.3520680718004563,0.3998304084477906,-0.21316178512867448,1.3331447439957025,0.3718827843960029,-0.4222493173248066,1.362868091573671,0.29687201321519807,-0.5052065185147283,1.2818441229910449,0.2723202777083333,-0.5238547419392328,1.298676696030845,0.27232558306082505,-0.49189618425798093,1.302273851441597,0.2959580159549539,6.406779661016949
0.25836303789924325,0.9007932882433893,0.3915685031892624,0.28082841934955344,0.4834666563367621,0.47314417310540985,0.27594838450112985,0.12112744911874977,0.5049570718021491,0.2585871348418461,0.08920304101923554,0.31894159459494725,0.31686348718812457,0.08913946336299364,0.357337883386334,0.2598530580358427,0.042599140385590636,0.5983469335413412,0.08336388791402002,0.8961221729018566,0.41407421250720167,0.07306682977466677,0.4577219078218363,0.48899203637221467,0.08039878842702697,0.11141270359454049,0.5124143410659789,0.0878295097840949,0.09808303121119998,0.3084883438404689,0.037946331411784884,0.07724474889020091,0.3740363586328601,0.09637835570371092,0.07120103896914855,0.5368274389052295,0.16297712972899925,1.3544915758566787,0.38852058280831564,0.13624843398495992,1.611954209794583,0.27205222421372044,0.14142367744504186,1.4418397377498569,0.24231722505721165,0.29219938198937545,1.362213076487233,0.3799808589430098,0.5032123786663668,1.3776340901489716,0.3325689382072539,0.7192268848761545,1.4310388163632668,0.24353259053484294,0.8033446425671733,1.5047678385122962,0.26383214119340725,0.801456655618481,1.5249787281184746,0.26475216424301956,0.789260395519682,1.4891962724754881,0.24713223801007023,0.007229105300557031,1.354312717966935,0.40093249911790785,-0.21186233816189584,1.345477763849804,0.3712052935946927,-0.4184256800094669,1.3716221166989062,0.2968940195545209,-0.5034702185492809,1.2984121508151492,0.26705330120179865,-0.5234087354153895,1.3139599740449965,0.2733900273354843,-0.4959508904558045,1.317247259935718,0.29373661746808577,6.423728813559322
0.255939583246567,0.9001028078308032,0.3915952520075933,0.2799638517469386,0.4832646024155637,0.4718386942016135,0.2756292024631458,0.12051499538773865,0.5062194593911516,0.25813108498559056,0.08815533437213413,0.3217806347719804,0.3168592498461878,0.08917654845193154,0.35747499168114627,0.25944938921356325,0.042021391053313345,0.5997164879645417,0.08171290660423709,0.8955149878125501,0.41492831130378,0.07238513515544917,0.4575756690534212,0.48971757173456054,0.08047172491711219,0.11104574038072808,0.5124704191039873,0.08794140952838171,0.09701770905153351,0.3087843905716243,0.03791236960522254,0.07643267908286172,0.3740569800022652,0.0962919469849763,0.07117382271235748,0.5366432939482361,0.16424358182802754,1.354269031168728,0.3858916470463425,0.14185499136967533,1.611891540880865,0.26988681822068966,0.14438460683133386,1.442736196083819,0.238696594296107,0.29246945930454415,1.3593179571456029,0.38034800581305994,0.5054862062964622,1.3741928831885004,0.33367428337126176,0.7198621929217233,1.4179532675451618,0.24141660029282733,0.8071791604322949,1.4896591439846287,0.24921658036070757,0.805858797603503,1.5063970209012871,0.25925276253145435,0.7891508808633892,1.4756648672858879,0.24521039762341804,0.007742728628836756,1.3561740115638408,0.4026965060000401,-0.20986218200287793,1.358705826872682,0.36878351510553914,-0.4138946032722379,1.3812322273890905,0.2970206471454421,-0.4999751922952747,1.316324414178874,0.2623187200599294,-0.5222411268131044,1.3308029143291085,0.2741484697281999,-0.5003123632941578,1.3327577728142168,0.2939641573160772,6.440677966101695
0.2536900670962902,0.8996422064334043,0.3916040681988176,0.27921470949424676,0.4828870245383407,0.47050881572654846,0.27534076585436595,0.11954576760269432,0.5077993656329604,0.2580176290733628,0.08724909726534133,0.324267544477223,0.3168434081162936,0.089204206533575,0.3575871553056612,0.2589988120521444,0.04133828059804839,0.6011486351663576,0.0801794232305471,0.8948738843366101,0.41563797526754237,0.07168282297177272,0.4572682026425479,0.4905238851891237,0.08054613772599345,0.11073802342160258,0.5125895966628113,0.08804646354983742,0.09584110413663854,0.30912539740781586,0.03747973551549871,0.07538196541753622,0.3751716959375186,0.09620136856752029,0.07127613393516244,0.5364946731811668,0.16486013822443923,1.3541177835553058,0.3832488134044342,0.14804683605013041,1.6120815396030108,0.2669601540388191,0.147856564993074,1.4440304801776978,0.23471431142458504,0.29267233701698553,1.3568325357992588,0.3807191459446385,0.5074400055085593,1.3714404608530706,0.3344245757342196,0.7204595633693636,1.404757208707286,0.23943257256326841,0.8110024920222394,1.4735276993634248,0.23383741540153768,0.810115855273306,1.4861275209531197,0.2544059933615618,0.789340369273194,1.459463046301039,0.2496851389417214,0.008386436127158486,1.357649256191135,0.4048303443008598,-0.2076043367184156,1.3708717965636552,0.3654984881307824,-0.4094277860817505,1.3916053021214447,0.29691881000552134,-0.4954210661319604,1.334223187053826,0.25872198042849637,-0.5207854204318068,1.3487703267254996,0.27386091714512845,-0.504691181887452,1.3484098399503726,0.295057752119311,6.457627118644068
0.251691610466517,0.8994357797659476,0.3915627673679757,0.27853923530168767,0.4824537405064258,0.4691581414671008,0.27508518856790165,0.11831319079650546,0.5095592923154721,0.25822937071590146,0.08659205008455303,0.32612183355294727,0.31680886692711696,0.08919967794088389,0.3576381306515867,0.25859167546151185,0.04061780825051141,0.6026782213179853,0.07870005895761363,0.8942616410215849,0.41618614479002847,0.07097773480306246,0.45688430525487944,0.4914071467952994,0.08062028418216542,0.11047222692767707,0.5127556294616321,0.08813981162101536,0.09472854077266385,0.3094755218574834,0.03666026117781473,0.07420644118556395,0.3773672780541637,0.09616722640585072,0.07148540916703895,0.5363934497305546,0.16520016679955432,1.3540974928518048,0.38094931624792167,0.1545967899433159,1.6128633753530828,0.2634310917006519,0.15191174660005696,1.4454904928818062,0.23060768206821128,0.29281017747075605,1.3549649443560245,0.3808379982904052,0.5085547195792013,1.3688869211862138,0.33383624627050934,0.7210218193118422,1.3911736134607549,0.238009231730807,0.8147421486303428,1.45622844009441,0.22007743941313399,0.8139423545384423,1.4660131938829541,0.2508285726713748,0.7899932097920574,1.4414928294769713,0.2594756410794176,0.009064346789387723,1.358932047539584,0.40703843626629543,-0.20554546060786233,1.3803140674499563,0.36233326274214883,-0.4056929702248522,1.4026177596227767,0.29635385953614113,-0.49060912680820135,1.3514013170098536,0.25631557799513993,-0.519351241327569,1.367076531320165,0.2725143080806427,-0.5088801754304562,1.3640767140966286,0.29519037018963895,6.47457627118644
0.24992772680567904,0.89944430139038,0.3914588132296426,0.27792149217613327,0.4820237178305303,0.4677781284515198,0.2748645171403102,0.11701221444229193,0.5112577122795159,0.258590699282834,0.08614398501901234,0.327141793717674,0.3167583773161434,0.08915438526920591,0.3576352128448647,0.2582915196396272,0.03982325946710922,0.6042986009394243,0.07720344252245742,0.8937170783096211,0.41667386675301976,0.07028340125537304,0.4564947612638378,0.4923641868765987,0.08069227184911976,0.11021791097376721,0.5129510332094039,0.08821272010859776,0.09384630449263269,0.30978161421403133,0.035585123045839356,0.0730500082233119,0.3803036763373765,0.09621715799996866,0.07176057338823286,0.5363390442208249,0.1653585133755467,1.3543375831499274,0.3793751385828644,0.16133146790623737,1.6142334418195974,0.2597607474576231,0.15635904169481146,1.447016598858242,0.22684161309956183,0.2928440235682569,1.3536440283586235,0.38074552123797767,0.5089167704213797,1.365302613331896,0.33233557835829797,0.721497127438963,1.3770826598249137,0.2376892684130479,0.8180740767076755,1.43830758526759,0.20984456920014638,0.8173064615407601,1.447448990375139,0.24895726769229481,0.7913686486844398,1.422836566846027,0.27242732492550276,0.009672946491085604,1.3604116769784618,0.40904064618852204,-0.20395732053096904,1.3863573370079536,0.3598550017205684,-0.4029018282592398,1.4140707390593208,0.2952375574192419,-0.48615634689095377,1.367876635959601,0.25539659963383987,-0.5178993182142234,1.384969419479133,0.2702153905417446,-0.5123973509885236,1.3798965033472623,0.292594270254767,6.491525423728813
0.24834711675143012,0.8995908756936107,0.3913998923768033,0.2773776211728122,0.4816175101253732,0.46636910267280623,0.2746683626186607,0.11583302047400451,0.5126813587650292,0.25886058377576693,0.08586456226772618,0.3273603305468633,0.3166972168736368,0.08907736113965171,0.35759896316940576,0.25807750674844987,0.038909271233249554,0.6058710817312037,0.07568753015888936,0.8932490182507653,0.4172295887386141,0.06961215155570774,0.4561286607708413,0.49338376661337785,0.08076158652004627,0.10995782828135228,0.5131674666906189,0.08825730990226814,0.09331842348093417,0.3099926760649451,0.034424197008498816,0.07197528385768764,0.3835176498096044,0.09634981141438483,0.07202784093549146,0.5363322081908513,0.16531569014018987,1.3548300523908907,0.378744574471299,0.16809667800110817,1.6158080137934796,0.2565175825370253,0.16078585996268951,1.448567570557265,0.2240520084130364,0.2927636009429498,1.3525507053670427,0.38057272561499267,0.5091695394886175,1.359349647633529,0.33129906042398893,0.7217404046826446,1.36240265687761,0.2391196566142903,0.8206458197630772,1.4207645705213128,0.20351109571144974,0.8205835134005328,1.4303738956363692,0.2489864746868972,0.7937370450113485,1.4045712673968922,0.28552816135003156,0.010104863203944488,1.3623746122356084,0.41055505503870576,-0.20290045406641377,1.389629525113819,0.3581255061457538,-0.400854152752941,1.4255842698236112,0.2936359902230617,-0.48273979007746176,1.3838426799295838,0.2564106015926511,-0.5160666506782579,1.4022614125496333,0.26667285408457736,-0.5144265125114671,1.3961404643842195,0.2866955808908043,6.508474576271187
0.246896969283658,0.8997631607480068,0.39160484452610894,0.2768757928488236,0.4812256046113129,0.4649544213013698,0.2744831373143576,0.1148464156697003,0.5137801493581429,0.2589314716868473,0.0857467790324736,0.32710942398989357,0.3166252928156428,0.08898467155705077,0.35751951480215616,0.2578894171541875,0.03782743473764446,0.6073134138940554,0.07422610672826525,0.8928520632455462,0.4179113505092744,0.06897722429647593,0.455785802999707,0.4944486474840854,0.08083294766949316,0.1096784935167931,0.5134022083543577,0.08827986650049599,0.09315601553370798,0.31009310393408135,0.03334963700331298,0.0710024230131347,0.3865265338500818,0.09655629243547187,0.0721818649020851,0.5363807034483359,0.16530501071516024,1.3554416624545962,0.3788815195000421,0.17468294764815662,1.6171534322757017,0.25440169411112923,0.16485355230941062,1.4500548008524552,0.22263304236779646,0.2926063966936913,1.3513011297957642,0.38040797243236324,0.5098930171790108,1.3503777836303594,0.3318206872275252,0.7216015923726261,1.3472903015215891,0.24279400367634688,0.8225535914491424,1.4042047380177733,0.199707126679542,0.8243551939739674,1.413630864004511,0.25073721222505435,0.7971028064314587,1.387237535808386,0.2956811825093036,0.010284426543428465,1.3648345749062292,0.4113538810534346,-0.2022287182673193,1.3915496090386592,0.3569828777055774,-0.3992357591337319,1.4367780008331952,0.2917159510793739,-0.4810212322689461,1.3993947847011368,0.25886586985494087,-0.513640030220694,1.419296900709035,0.26174581464453045,-0.5144656260691316,1.4130036076469412,0.2787357820432272,6.52542372881356
0.24554096843034412,0.8998669711416981,0.39219100599465795,0.2763171297519543,0.4808050738108678,0.46358163215101195,0.27430945819032576,0.1140232700595881,0.5146228789117439,0.2588775566595678,0.08571540190119305,0.3268137558478826,0.3165414382681977,0.08888798422174811,0.3573720614839309,0.25768660846068336,0.03655785391190444,0.6086510025685711,0.07290102187871728,0.8925265135223768,0.4186859776247606,0.06839342155025122,0.4554595158413358,0.4955382176028117,0.0809161772006102,0.1093407807894769,0.5136473695391105,0.08830484396204047,0.09322245277773879,0.31011683259662637,0.03252491828986102,0.07021219563263441,0.3888755290482758,0.09682712175575017,0.07214844965513928,0.5364881218543416,0.1657190371760402,1.3560681901754301,0.37933308072516714,0.18079889770003849,1.6181288577015287,0.25415780052289205,0.16849874866644582,1.4513431604098066,0.22234724584995086,0.2924286338247997,1.349692719672701,0.3802994159998466,0.5111319068457593,1.3388060187220225,0.33401976513051096,0.7211246877639853,1.3325906296982382,0.24842639767950794,0.8243514573969917,1.3882445739345415,0.19663479816389523,0.8290744241701862,1.3962244288940275,0.2534548543956895,0.8012896616398779,1.3705846863936648,0.30107728140162254,0.010209217052594158,1.3676503942514233,0.41140469051431205,-0.20164277968807273,1.3933161259780684,0.3562773362579956,-0.3978064547299175,1.447396476230623,0.28977741481489416,-0.4811733933656919,1.4145531505884483,0.2614060601012044,-0.5109530304917044,1.4363139090182115,0.25644437144259,-0.512707714887082,1.4304001161266444,0.2708720564841308,6.5423728813559325
0.2442884232418056,0.8998869970581486,0.39305457722822607,0.2756135768659513,0.48036167314655165,0.46232349936418843,0.2741638485678698,0.11332226423574135,0.5152639442668737,0.2588078081415973,0.08566361544165285,0.3266828512365387,0.31645515445997185,0.08879396280222318,0.3571707743704699,0.2574738256968587,0.03517186775283041,0.6098444929813374,0.07174087503855966,0.8922752384517368,0.41946640755262715,0.06787595979317744,0.4551506083197324,0.49662785962025574,0.08101912184038612,0.10889628451593635,0.5138908611895608,0.08835008665435076,0.09332659457542677,0.310115876448308,0.0320718387494339,0.06973555911710048,0.39022634379852017,0.09714597492248009,0.07197271736068017,0.5366253542743687,0.16673656623093142,1.3566774877996928,0.37975035916334265,0.18620221009975024,1.6188247402938651,0.2562393708506396,0.1718153358261421,1.4523697368983397,0.22243929031903104,0.2922752333585796,1.3477650034383555,0.3802772924111543,0.5125905401734064,1.3259145160219108,0.3372948905454207,0.7205743338626746,1.3196570552293978,0.2550839913690557,0.8266097315529983,1.3719236434292015,0.1935652368392087,0.8349550168281052,1.3778652306016566,0.2557332662723174,0.8062036062544875,1.3539170533786775,0.3020935646850926,0.009959328605578254,1.3706422868598203,0.4109524458132919,-0.20081018212530571,1.3953631972554652,0.3559027766521351,-0.396359542206264,1.4571208438651244,0.28828112250059323,-0.4827278903565423,1.4292434899961808,0.26298766189029354,-0.5085086423888812,1.4531361083269754,0.25246033501154996,-0.5097583311281335,1.4479120812792894,0.26488603037831215,6.559322033898305
0.2431859268199068,0.8998649115594056,0.39403508627730544,0.2747466589814869,0.47996088120860253,0.4612909974050844,0.27406706884396953,0.11273059671435456,0.5156907434232022,0.25876201914284314,0.08554047156567406,0.32667924617366906,0.31639502200636477,0.08870706518968602,0.3569804889002451,0.2572878618370255,0.033785964186917816,0.6107645031206531,0.0707207381063989,0.8920721730529797,0.42019368179389815,0.06744013410053906,0.45486776870425066,0.49769117162597276,0.08113717480772047,0.10835213347763153,0.5141208407403781,0.08840219779307927,0.0933625621250135,0.31012038301766837,0.031993761346218695,0.06962394148095849,0.3905545184701955,0.09748438573954045,0.07180712700872757,0.5367107122059563,0.16825619670286984,1.3572397142534969,0.3800612277688136,0.19092274074460971,1.6191910668754639,0.260449907900906,0.1748707559926046,1.4532113262306405,0.222167347352018,0.29216188084250033,1.3456667155019844,0.3803450629542616,0.514094066723119,1.313315199065802,0.34100352197635164,0.7202417127018659,1.309453285993534,0.2620603496861931,0.8295998503637116,1.3547058330553796,0.19102857537581133,0.8418732153973543,1.35855292980193,0.25589266977668,0.8118223966829421,1.3365167559572604,0.30076465010392334,0.009658996836420915,1.3735544529036254,0.4103922119569937,-0.19951546452832358,1.3975601303391705,0.35572444784666557,-0.39471681598519814,1.4655345591111968,0.28755833666115516,-0.4847956601987732,1.4433064848300248,0.26321373799055814,-0.5064261625793944,1.4695284407008222,0.2505944165086416,-0.5063358773033939,1.4650033202631796,0.26148698933243614,6.576271186440678
0.2422673344800801,0.8998397143622647,0.395067998670759,0.27375148426970014,0.47964002874904615,0.46059996276834375,0.274030329672866,0.11226694011139562,0.5158539001256978,0.25873610972238964,0.08539729685686649,0.3266992387093623,0.31640135698562466,0.088626706015737,0.35687061735051523,0.2571661552382048,0.03248196760749794,0.6113128976515803,0.06979095086296555,0.8918470030386894,0.4209351213011988,0.06710137745755433,0.4546197033951971,0.49870396848490556,0.0812547040769974,0.10777542388528824,0.514320217205957,0.08843640617321291,0.09332981343942169,0.31013731485266044,0.03213372382171038,0.06977194465754646,0.39026628323990853,0.09781270051441955,0.07177278395643083,0.5366582119442437,0.17012411147956774,1.3576896878799687,0.38034599004755254,0.1953096604811882,1.6189559024276607,0.2658540469929041,0.1776636028414707,1.453919586306796,0.22119578848938692,0.29207593170873264,1.3435407229863714,0.3804746183906925,0.5156276689644883,1.302488694521376,0.34473875128435366,0.7203103186164517,1.301886721346946,0.2691642010086396,0.8331953025589047,1.3367001212972087,0.19029132531753556,0.8491060472401266,1.338240280316529,0.2527898916953989,0.8180867128170586,1.3178858835125642,0.29920633850422523,0.009435364450799346,1.3760546167256849,0.4101068485711757,-0.19777140426250622,1.3995733736815863,0.3555510059799951,-0.39282994615325606,1.4723534922760573,0.28741914499202836,-0.4863950802232484,1.4566578102762413,0.2619310758889458,-0.5044113861730829,1.4855729303259428,0.25034904134774344,-0.503026932277385,1.4813934437598884,0.2603701753131335,6.593220338983051
0.24153529805929888,0.8998316010812257,0.39613938203241134,0.27268714287234785,0.47941416504950624,0.46025381883392585,0.274040351725169,0.11196122876382436,0.5157310157411454,0.2587247392104985,0.08542598262120055,0.32668287032191334,0.3164813838318154,0.08854967154766756,0.3568655928362848,0.25714055026616445,0.03131219010611959,0.6114683188822786,0.06890797880485687,0.891526003583932,0.42187833882165154,0.06686841341096535,0.45441177721876724,0.49964163392199945,0.08136235945300235,0.10720510181795165,0.5144665181979099,0.08844816809324697,0.09326179747737799,0.31016657157884214,0.032280892517670134,0.06999232872664427,0.38991657773076266,0.09812818043429579,0.07185500041507635,0.5364873955503797,0.17225350040791426,1.3579637191105627,0.38066017628184834,0.19977298635654428,1.617981335703176,0.2712033768471894,0.1801483214888154,1.4543514341775878,0.21962643144211458,0.29201838113008194,1.341511233786304,0.3806252104291518,0.5169995527190665,1.2944780138328353,0.34811321932544315,0.7208227553821902,1.2960179135985905,0.27639948312867557,0.836890329756317,1.3181243198707933,0.1926126941551334,0.8553967458124635,1.3169612125912993,0.24658112819626454,0.8247010614253649,1.2979530060748927,0.2985886846872754,0.009395340543532128,1.3779127637488746,0.41042128154937335,-0.19576705227862137,1.4010419404409518,0.3553696959589121,-0.3907629045066256,1.4776031461306889,0.28731007341899006,-0.48676854681236587,1.4694766916069961,0.259232640696598,-0.50200204856303,1.501514112005892,0.2509651203405827,-0.5000336458466695,1.4971673367994371,0.2609352947749888,6.610169491525424
0.24098006855897416,0.899862169510504,0.39718486016889826,0.2716115892390872,0.47935484963659847,0.46009796230328576,0.27405733840623075,0.11179397327722057,0.5153968498862015,0.25872863121738415,0.08580414787647744,0.3266283284547466,0.31654768024093355,0.08848174520679424,0.35692875710140104,0.2572246722845562,0.030341140149525377,0.6112514492211732,0.06805751215558818,0.891093478396101,0.4231303717291945,0.06672731336438716,0.4542496529977765,0.5004692764835494,0.0814626851949585,0.10662564690606953,0.5145451079537955,0.08844837863076976,0.09318445854435238,0.3102038156056487,0.03233644187178604,0.07012290812367979,0.389765103106453,0.0984638954054603,0.0719395166293959,0.5363508064515292,0.17454558916644536,1.3580627627540494,0.38097777429854185,0.20452341943035407,1.6164843785382774,0.2756281821418675,0.1822937614427626,1.454300345195005,0.2178033335886202,0.2920630546924815,1.3397041611261078,0.38076234826458766,0.5177919766230726,1.2896507361593195,0.3506755078797194,0.7215999087214084,1.290915315300995,0.28359812866817363,0.8399933083043309,1.2991778354605468,0.19831544832676715,0.8595005802130017,1.2951051137099496,0.23897849888650374,0.8306555114527036,1.277201685468219,0.29904803662065504,0.009587316435844154,1.3791840141922431,0.41151717781913366,-0.19375169790282887,1.4017310656073108,0.35570794683027573,-0.38854999205277724,1.481602447717506,0.2868206323479938,-0.4855160823889204,1.482170261299075,0.2556798862439645,-0.498850195708289,1.5172093792554036,0.2522183841520665,-0.49725236436819464,1.5124210343151758,0.2628062574697973,6.627118644067797
0.24057883982391615,0.899965167879084,0.3980625043159613,0.27056036188087706,0.4795680500146797,0.4599627871136335,0.27404459452243335,0.11168046284558039,0.515023119745587,0.2587434455243274,0.08645848902259119,0.3265735098583893,0.31644291022639365,0.08843852044898116,0.3569935960782957,0.25739474306800086,0.02964694858582128,0.6106691865346203,0.06724150185855743,0.8906154044733421,0.4245511950010028,0.0666386148151255,0.45414406219054504,0.5011356805122331,0.08155525844965023,0.1060514316055712,0.5145574919824171,0.08844624587934766,0.09311545035661911,0.3102378732524921,0.03233467236881002,0.07005282583669058,0.3897284232090763,0.09885685177883063,0.07192040118194214,0.5364124525816478,0.17676844587686796,1.358069515731856,0.3812722317301017,0.20957145934597549,1.6148289671831475,0.27887703628527116,0.18413573832069824,1.453707404390201,0.21609344343579,0.29233514838738106,1.3382191017547393,0.38086430655556647,0.5177642562554373,1.2876019220622754,0.3522199016494341,0.722220570943749,1.2863669674431326,0.2902025894407201,0.8416649166853223,1.2803570666898065,0.2065278093912572,0.8606273339832959,1.273502902204082,0.23260023343179304,0.8341680169290755,1.256762709039231,0.29959589552791227,0.009974923084965863,1.3801136220546244,0.4133349354106354,-0.19200190097912817,1.4017091801818422,0.3574489659424724,-0.3861633957942602,1.4847515552181159,0.28585666340394067,-0.4826071297656864,1.4950957360742612,0.25224637812602957,-0.4949010531448125,1.5318264995146746,0.25423229537681735,-0.4945357177567774,1.526818740932599,0.26556321492509966,6.6440677966101696
0.2402681125699568,0.9001656945147744,0.3986377864168976,0.2695666581695291,0.4800915122622346,0.45979942756552156,0.2739989038839815,0.11155945383261795,0.5147622115581825,0.2587542275448056,0.0871377858494465,0.3265529226406148,0.3160611631234054,0.08843380904521544,0.3570118324142964,0.25763571118409634,0.0292940516111792,0.6096800336133921,0.06643993132183236,0.8902126517701869,0.4258647077555427,0.0665698682471095,0.454113754572,0.5015827068120026,0.08162789575717298,0.10557420001586978,0.5145167993853731,0.08844676561708277,0.09306724903677799,0.3102538154216522,0.03234177040993102,0.06973401523481755,0.38965265294842705,0.0993170601001355,0.07176116173778563,0.5367364119670954,0.17859457500173948,1.358079073106547,0.3815828316366374,0.21484050598712337,1.6132468266077427,0.28103335742426117,0.185739436308076,1.4527088599282472,0.21479765771909495,0.29290258920739304,1.337049739852295,0.3809199205724079,0.5171679132915038,1.287351270559344,0.3528817032711015,0.7222672505474409,1.2827840510181059,0.295580556495449,0.8407679982685776,1.262502217901973,0.21566705185621082,0.8584989666179579,1.2530366725639663,0.2297232805828251,0.8335894836568187,1.2381473149668287,0.2984580401778623,0.010456811362342326,1.3808733930686687,0.41562928988759335,-0.19077605331819109,1.401327591663044,0.36108394609254313,-0.38365657811418274,1.4873105787391623,0.28453967014863074,-0.4784950102456432,1.508283413897155,0.24986670964232713,-0.4903004679179705,1.544202164608877,0.2569123225284279,-0.49181670599866206,1.5395096034403073,0.26863379539282894,6.661016949152542
0.23994781114393293,0.9004608592309703,0.3988725893675183,0.26867051914201023,0.4808751457970606,0.45962869403853396,0.27393928556847774,0.11146169336256032,0.5146461951433506,0.25875211205390714,0.08765314876928508,0.32656365469569804,0.3154143076967524,0.08847483430303668,0.3569600126259712,0.25797611276394017,0.029355541462753904,0.608207600530739,0.0656099103686335,0.8900054535858939,0.42684293504963716,0.06652669105653024,0.45418349848635575,0.5017670261780883,0.08166141314879263,0.10533083249957179,0.5144399449831105,0.08845233264921118,0.09304510543592293,0.31024258138069577,0.0323900308237499,0.06919460746740004,0.38947894703904096,0.09982951772183077,0.07147414024116873,0.5373029244738565,0.17981006141986072,1.358114028102648,0.38194700274861704,0.22021433244772648,1.6117759188475262,0.28228232074164233,0.1871792001459891,1.4515798819245582,0.21412363776356425,0.29371823640349926,1.3360717107403415,0.3809250414513992,0.5165716604416027,1.2878016245119435,0.3528375841599475,0.7216705371359164,1.280552638117496,0.2997008330668153,0.8362472594577116,1.246455960404267,0.22399384423631197,0.8532895108041059,1.2341206427680085,0.23157534112612033,0.8283901237173263,1.2223978061731684,0.29451706236741443,0.010908007749233627,1.3814906257339457,0.4180868883708639,-0.19017040300718335,1.4009551661433683,0.3663086725259288,-0.3812548187896806,1.489415725105846,0.28309804381070636,-0.47411251833059653,1.52130832203918,0.24895023384044618,-0.485308049057247,1.5535695468286044,0.25968352060385225,-0.4892053677318098,1.5495492753666888,0.271708718945307,6.677966101694915
0.23955518545229174,0.900833876508542,0.39879570452655966,0.2678654103147582,0.4818287684544429,0.45940725342562494,0.2738804708920386,0.11146716662517915,0.5146236924788258,0.25874482273745286,0.08793459865820262,0.32658621969484547,0.3145877241479327,0.08856022032616828,0.3568199565570165,0.25842317629295186,0.02991396732093824,0.6062342929934686,0.06473697035809219,0.8900569982908116,0.4273648735330615,0.06653213494122974,0.45436655969418777,0.5016865528266019,0.08163956172872606,0.1054325715346778,0.5143388388419042,0.08846275655163259,0.09304644321347574,0.3102094394645323,0.03247862957623819,0.06850313619190519,0.38923149514216937,0.10037124026386693,0.0710725262256022,0.5380858306020054,0.18043252249612102,1.358132262941269,0.382313242214189,0.22548129987049376,1.6104073868944813,0.28288264072635677,0.18859711826648612,1.450609479555431,0.21408527668542165,0.29466737658611936,1.3351571941442688,0.38088594236182455,0.5163950555757448,1.2882928805489393,0.3520894269792946,0.7207643480933901,1.2797504970420446,0.3030319793158117,0.8280114651252608,1.2326529678143556,0.23013619127069324,0.845652479459056,1.2168098527900963,0.23820315793837837,0.8193460234966818,1.2096934095091143,0.2883553152064529,0.01126204458667813,1.381969390850191,0.4203761739042214,-0.1899572813326899,1.4007730663604974,0.37225772820335085,-0.37924164656655324,1.491236611801922,0.2817993820942182,-0.47032734435341417,1.5333029214062104,0.24916578614259016,-0.4803881896798444,1.5599810876048952,0.26177784107160307,-0.48695352497434835,1.5564814098332669,0.274688706783279,6.694915254237288
0.2391217564159361,0.9012673469697708,0.3984504369305221,0.26708705978506486,0.4828434938902354,0.45899499579972186,0.27382887596244,0.11162774800722158,0.5146448286251419,0.2587301895591113,0.08794877490944322,0.32663780364136213,0.3136785127021964,0.08867512499426498,0.356588603979293,0.2589097393694678,0.030929074949403244,0.6039602993947649,0.06386561749294678,0.8903461610689637,0.42745837725577956,0.06658165424797263,0.4546345089643279,0.5014197241138434,0.08156190647449049,0.10587550253486432,0.5142148538872919,0.08847688501846472,0.09306359845162734,0.31017054638946784,0.0325920356141299,0.06772007916925649,0.3889602758892094,0.10092582257432729,0.07054215514086537,0.5391064179591857,0.18063297500710096,1.3581039768223293,0.3825752086593724,0.23027466452891732,1.609268087198501,0.28312706018384715,0.19015949606399385,1.4500139339988787,0.21442888474040522,0.2956319567298651,1.3342599406887587,0.3808255717456006,0.5166989363137868,1.2888764092396898,0.35054145148377186,0.7200389654701588,1.2803874416744379,0.30564157346435006,0.8172929346699903,1.2210179794275724,0.233540572901563,0.8367506561228624,1.2013766174177207,0.24826202433538627,0.8081665085427976,1.1998997131152815,0.28160656256764427,0.011609939216763836,1.3823621656543719,0.42217486718939007,-0.18968099830459945,1.400804324105693,0.3779151462980399,-0.377794226774037,1.4929551420152227,0.2809339642956354,-0.46730428115931655,1.5430466894791874,0.24942717981110646,-0.47615147640210365,1.5640329417201477,0.26270720873502473,-0.4851247319601596,1.5605634014780403,0.27714108725646047,6.711864406779661
0.2387290867955535,0.9017256581455891,0.39793136556342557,0.2662949895042644,0.48381908025980114,0.4582737334603239,0.2737879991651748,0.11194293826520114,0.5146878564675331,0.25867802174316595,0.08764775701960316,0.3267754987054954,0.31277624729911757,0.08879576465465647,0.3563015316047126,0.259350171752304,0.03216632822156999,0.6018079781302934,0.06304205385571449,0.8907964580152437,0.4273219730597526,0.06663496559479742,0.454920470954289,0.501133975949634,0.08144773488665519,0.1065244032326435,0.5140659619490252,0.0884942126487794,0.09308638648233633,0.31014080742209865,0.032711057733765495,0.0668929701559203,0.3887065986995942,0.10149339003301698,0.06985726027961521,0.5404078792984583,0.18060516722694944,1.3580459797343587,0.382675045719111,0.2342026002519727,1.60855282877191,0.2832227966889627,0.19193031169632405,1.4499602483218124,0.21480839062293794,0.29650471193249195,1.3333878575426648,0.38077440411078195,0.5173729405766907,1.2899477457539745,0.3485015539212543,0.7198900496182532,1.282428376805027,0.3071540784976198,0.8060800772781183,1.2113958557522206,0.2345643158002399,0.8280281658720117,1.1886737245071917,0.25920435072986986,0.796941720641209,1.1931415518842066,0.27565632239350973,0.01212323076943393,1.3827170438898004,0.4232673496528294,-0.1890265152808664,1.4009942472113164,0.3824088520389128,-0.37694370272919586,1.4945566011336446,0.2806646048791219,-0.4646162417955847,1.549234751095519,0.2485070563990695,-0.4731018171528707,1.5662984459674867,0.2623352714832843,-0.48352060975140276,1.5625351319232559,0.27821173609558325,6.728813559322034
0.23843315609166546,0.9021396802664792,0.39741363847150313,0.26551890942516343,0.4847202566199694,0.45725420749752743,0.27375643199774086,0.11237237658131696,0.5147484913183403,0.2585558390411759,0.0870108063734907,0.3270396543920414,0.3119972436172446,0.08889872448432305,0.35602662033763766,0.2597163221778733,0.03333785750344031,0.6001582515565018,0.062241338837963955,0.8913070419667404,0.42722535218584556,0.06665559914675424,0.4551774177089898,0.5009802381276086,0.08132562609070147,0.10719776250173003,0.5139003697237492,0.08851400662793987,0.09310591816366241,0.31012708166769015,0.0328172387637132,0.0661417129018381,0.38849573262909837,0.10208639519292989,0.06903886103631962,0.5419498898021652,0.18050415678693757,1.3579888568493559,0.3826484511682467,0.23712786154490362,1.608286760473794,0.2832310045195581,0.19385912967274416,1.4505148999831396,0.21505346611496304,0.297177544871029,1.3325659191048882,0.38074813157958226,0.5183653856301557,1.2916927788284336,0.34696183029557565,0.7205472240736307,1.285553551436311,0.3074791787400333,0.7962271144336541,1.204035694309659,0.23423697425199264,0.8206568654253374,1.180004859601423,0.2682691807641442,0.7874830984378951,1.1897691190222388,0.2710589398816973,0.012830003005271944,1.3830137286045014,0.4236493271781697,-0.18801062991445722,1.401257106191389,0.385111658400142,-0.3765907547193873,1.4957362366845808,0.28069606253709267,-0.4618621411919184,1.551097233545666,0.2459666637415851,-0.47142430004868546,1.5671647793131238,0.2606052034778701,-0.48208818338793297,1.5631879186009339,0.27718728615054616,6.745762711864407
0.23823442632893996,0.9024320879324443,0.3970540339082993,0.26481650216155456,0.48559279967075497,0.45602976991081756,0.2737258041226953,0.11284432661817607,0.5148288194806702,0.25835358810317544,0.08616150209452281,0.32741918794785957,0.31153008930170306,0.08896481101062054,0.3558420777237231,0.2600196953450597,0.034236771769475566,0.5991300775424363,0.0614123217512111,0.8917569247207319,0.42734954572669526,0.06664717844289673,0.4554171304949436,0.5009672283940816,0.08122146704364071,0.10774873547760586,0.513739766242696,0.08853385232398497,0.09311854667247804,0.31012999641425615,0.03289612411212292,0.06577568837109235,0.38833571169086833,0.10270378567167028,0.06818121467997537,0.5435612198460498,0.18043397671949307,1.3579472444784781,0.38257726202124476,0.23925350604756618,1.6082948990200368,0.2831760848789195,0.1958308346877623,1.451517651044929,0.21515767576605446,0.29756156237517706,1.331860370083634,0.38074508695361065,0.5196845545718953,1.294030856356319,0.34687884074767594,0.7220830170150155,1.289175511729385,0.3068975253831092,0.7889119204935771,1.1994354830602076,0.23395160529254702,0.8151211042115205,1.1763779505980339,0.2736705526779033,0.7808457831006066,1.1898278113227068,0.26784979690505956,0.013608672920387194,1.383224979001681,0.42343852212023075,-0.18682582893337796,1.401523090674629,0.38563782627327037,-0.3764773132689968,1.4960995613037777,0.2803114225019614,-0.4590077213596684,1.5488996519984914,0.24220372634538612,-0.47092952784449693,1.5669590995816713,0.2575685017733476,-0.4811134663521355,1.563032500104185,0.2740189875328972,6.762711864406779
0.23808986419534062,0.902561179800103,0.3968757602756411,0.26423368047457824,0.4864820045984996,0.4546937858134889,0.27368835280345966,0.11327488461299337,0.514925687827471,0.2580904274554664,0.08543521845121776,0.327864232844442,0.3115664313584241,0.08898556811267673,0.3558067946947157,0.26026027932456863,0.03472194541240047,0.5986453167451943,0.06058128781442804,0.8920683004152393,0.4276730062337846,0.06663976069437984,0.4556537495965251,0.5009937417668342,0.08114944142381707,0.10810485477298477,0.5136049846309316,0.08855036432026353,0.09312328392426737,0.310146508146088,0.0329387398334825,0.0661622134600979,0.3882216173447415,0.10330250416535824,0.06740498890246184,0.5450228943953321,0.18042785550444046,1.357919341816858,0.38251917770828936,0.2408825743144485,1.6083631554044826,0.2831449880704221,0.19764631642733976,1.452670525375668,0.21508976007379144,0.2976504801220992,1.3314441850891228,0.3807699105542801,0.5211917071541559,1.2968840190776278,0.3484671720801366,0.7243028483312146,1.2926875285490413,0.3057560437272646,0.7846374098860927,1.197813249620094,0.2349236375632168,0.8113704523782923,1.1776359882189342,0.2753454184788564,0.7771587552482218,1.1926841244387476,0.2661599228722236,0.014380750820767431,1.3834021048877374,0.4226610877525155,-0.1856348009728886,1.4017348016069116,0.38397785930537853,-0.3762826374950321,1.495511289581354,0.27906481674338285,-0.4563588850088598,1.543618904744008,0.2378660433185223,-0.4713245115375988,1.5658736867218237,0.25372603336919564,-0.4809933022677375,1.5621771243653244,0.26922835747858076,6.779661016949152
0.2379563949873303,0.9025456943780706,0.3968046481089633,0.26380819362162344,0.4873400416916274,0.45333177755123505,0.2736463125615925,0.11359881473341828,0.5150223469920833,0.2578356262138232,0.0852431593601128,0.32829839304427105,0.31213971211950253,0.08897002437613552,0.3559214588957961,0.2604296311320268,0.03471356028650044,0.5985961639466227,0.059852403475642316,0.8922747321904971,0.42799163377512617,0.06665051165228948,0.45581396254804213,0.5009753590730129,0.08110782483804337,0.10827796299445287,0.5135005020953141,0.08856094216336347,0.09311550076229859,0.3101686622002035,0.03293907253693819,0.0673493252360208,0.3881555116203331,0.10379503996851652,0.06681119447848005,0.5461478000706455,0.18045986356650412,1.3578805447547475,0.3824892386116249,0.2421690529749639,1.6083412197906908,0.28321269200707627,0.1989973106243404,1.453762878108634,0.21480616597412602,0.2975599928624283,1.3315561597102714,0.3808441035826869,0.5224681264110541,1.300410164079849,0.35136278609653865,0.7266701421174497,1.29575551938258,0.3043403404139648,0.7834420839057743,1.1988973416225752,0.23763299100051066,0.80921304771435,1.1825215547985772,0.27479356778842967,0.775615482437402,1.197363132570544,0.26622990616499365,0.015145183182816139,1.3835909105579587,0.421242151362727,-0.1846278313333242,1.401827590114019,0.3807103742860776,-0.3759161895001354,1.494197782839184,0.27725112766335996,-0.45443687547568296,1.5362175540250753,0.23365827933658534,-0.47257946601153566,1.5638273221597196,0.24991082189099445,-0.4819686131448878,1.5603076160895042,0.26338891948545506,6.796610169491525
0.23783117704910414,0.9024579337689075,0.3967761902941171,0.26358397877393774,0.4880435441915089,0.45202072008023786,0.2736086837479399,0.11378771823322295,0.5150962548221162,0.2577017242451013,0.08577148179434681,0.32862314599495074,0.31308367811951093,0.08893464462449893,0.3561277758288157,0.26053089376193633,0.03428815258478371,0.5989167238941718,0.059318625998424655,0.8924731486349896,0.4280717400480516,0.06667117512904026,0.455772849862947,0.5008966481876446,0.08108651346079238,0.1083236742922616,0.5134180936516092,0.08856455525481521,0.09308943474843731,0.31018316089600334,0.03289398144354963,0.06895808437029056,0.3881538839588403,0.10408662111275027,0.06646193918707181,0.5468193703840115,0.1804950059933893,1.3577809177803022,0.3824841262515518,0.24306372550182892,1.6081956726619888,0.2833470511439994,0.19956076721755636,1.4546986340920436,0.2144709033168201,0.29746381920207343,1.332288586732681,0.38098586180629607,0.5230158303442451,1.305058584465812,0.35488575751537643,0.7285294685971079,1.2984867714415895,0.3028176612030257,0.7848683596580956,1.2020229038089871,0.24184164703458327,0.8084637150176461,1.1894828259534542,0.27394208316009433,0.7749543839091511,1.2031050237567544,0.26769344512089177,0.015865714773788852,1.3837369289330579,0.4191911187266847,-0.1842028619822343,1.4017594477261444,0.37674656208387686,-0.37566461947972507,1.4924993253957812,0.275512795144541,-0.4537720121317595,1.5274398338070192,0.23048470366085116,-0.47486019049552464,1.5605238954179663,0.24665951146080295,-0.4839708806982602,1.556710489275691,0.2568533005245111,6.813559322033898
0.23774298787722373,0.9023676584205207,0.3967696447302493,0.2635977147098245,0.48848463317986307,0.45079999565476536,0.27358145312823773,0.11385007503645014,0.5151339392953714,0.2577602312373776,0.086756827075046,0.3287499946906696,0.3141256688360071,0.08888741224979531,0.3563480355285145,0.2605862839120347,0.03369416653628169,0.5995951260704183,0.059002139165316526,0.8927305863260815,0.42777071147834295,0.0666882223295417,0.4554993379802521,0.5007828452366219,0.08107815630009506,0.10828710358477393,0.5133508496490257,0.08856113998670961,0.09304805446552895,0.31018049111000634,0.03281227475553018,0.07047434921651327,0.38822198788028156,0.10414124093886493,0.06634346769245335,0.5470672939693426,0.18051666519689652,1.357611983742229,0.3824983611750547,0.24333506225995336,1.6080545361597602,0.28343179556383824,0.19920555873484408,1.4554607253942389,0.21450391570959207,0.2974742629664865,1.3334965923231166,0.3811921077748965,0.522628342044341,1.3112428997924357,0.358107771931121,0.7294619321325544,1.3013352777132636,0.30126533706655356,0.7878660171903531,1.2062583701580478,0.24687588562906104,0.8088598286223564,1.197117055657288,0.27398191110435016,0.7744974055004259,1.2093680282029795,0.26956172579954496,0.01641201181192344,1.3837871231505,0.4166902088575922,-0.18480942370571393,1.4015589159994344,0.3726537966510838,-0.37596517725485096,1.490671397397085,0.27428465408558284,-0.45470749951854994,1.5180223364247516,0.22917566122584174,-0.47822914833994457,1.5555666597494808,0.24390245127628984,-0.4867057510242873,1.55058630997418,0.24997827682840784,6.830508474576271
0.23770577059199713,0.9022839005141707,0.3967830648963118,0.2638227036337662,0.48864328097797044,0.4496534463845985,0.27356480232225855,0.11381615160256497,0.5151335011440701,0.25799136206209555,0.08761608595062526,0.3286490409023574,0.31498234002587067,0.0888279020405919,0.3565168987489275,0.26063665755343657,0.03315572407011748,0.600693201533498,0.05886276533816674,0.8930467883532812,0.4270565941669342,0.06669824215576531,0.45509861994297923,0.5006683805767278,0.08108072895413632,0.10818728335459651,0.5132988273364978,0.08855067769811842,0.09300341300493385,0.3101659359242174,0.03271827299428122,0.07150758966912021,0.3883390820495098,0.10402187584723871,0.06635693377252436,0.5470807769417853,0.18052754069640364,1.3575125250771467,0.3825220859258497,0.24267551429471979,1.6081131418129042,0.2833342679340617,0.19811728158630204,1.4561870978258344,0.21530052623940324,0.29757753648402296,1.335010277442882,0.38143443441496694,0.5214875041765317,1.31891338269856,0.360106109797369,0.7294200027894843,1.3049331464648797,0.29978054577378255,0.7911892995955655,1.210814099315279,0.25195037589553165,0.8099850309051883,1.2043376058792294,0.275177928166376,0.7746548427500319,1.215578162831232,0.27140424342121494,0.016605552817129794,1.3837692954778327,0.4140369469973456,-0.18649386236611104,1.4013450969892502,0.3684601284584546,-0.37708064016314147,1.488913892407832,0.27369835272760346,-0.4573267934442814,1.5087576610541609,0.2296678060767727,-0.4825815825853338,1.5485857262091802,0.24134464155173607,-0.4899135158521637,1.5416758645440631,0.24336021813651587,6.8474576271186445
0.23768534233557745,0.9021733817210575,0.39680818456662165,0.2641434803211043,0.4886070791365753,0.4485096300697356,0.27355460800126363,0.11372751925442381,0.5151000428232191,0.2583352678845716,0.08787672021848819,0.32836814725567415,0.3154424853392085,0.08875362345428119,0.356595514866009,0.2607091233990885,0.032678564657987304,0.6022929370546175,0.05884922322439132,0.893379169919357,0.4260236900474096,0.06670210532106689,0.4547061197148341,0.5005814344186287,0.08109450984150479,0.1080258193493315,0.5132651896555376,0.08853416321899304,0.09296591440854449,0.3101564320073881,0.03263845392063083,0.07184224840018004,0.3884771711105706,0.10384092087926272,0.06638289560159044,0.5470794790776382,0.18055535747611184,1.3577291820367277,0.3825399359458157,0.2408876878947367,1.6084770654975264,0.2829969084142005,0.19665068015728232,1.457121451538798,0.2169239704776192,0.29764306494377546,1.3368135484139416,0.38164719484140974,0.519937852135056,1.3275573458247032,0.3602196367652215,0.7285053217659945,1.310043747605616,0.29842822549157505,0.7941400806790134,1.2157329462741124,0.25660077943292875,0.8113802981923903,1.2108666823654028,0.2772931905425708,0.7761572099079939,1.2214097610220345,0.2737603109925233,0.016349511505822555,1.3836737313268714,0.41158300040083895,-0.18870379984898553,1.401276805401117,0.36402761801588746,-0.3789843204296919,1.4873781268027249,0.2737318744119446,-0.4611603856563512,1.5003486669814627,0.2305306147325987,-0.48769071023214894,1.5394671144613448,0.23899419950711626,-0.4934048156954232,1.53052756603619,0.2376298346763417,6.864406779661017
0.23762383070833354,0.9020116405645675,0.3968267301205157,0.26443221112898224,0.4885386397526949,0.4472827435436115,0.2735433634676285,0.11363418758730509,0.5150476383960043,0.25872128231040037,0.08739092207388474,0.3280146782387592,0.3154116847676305,0.08866713075536498,0.3565683050290623,0.2607412779519666,0.03212660813749201,0.6043032212678237,0.05895088638370572,0.8936933516828461,0.42488959896785444,0.06670076439993165,0.45437972253387604,0.5005277240972577,0.08112071445187356,0.10779118397366315,0.5132501810939498,0.08851519932336742,0.0929385938956057,0.3101670530614517,0.032589238949182364,0.0714088343663227,0.3886133607761483,0.1036688308466876,0.06633978545227512,0.5472059605290305,0.18063636603196004,1.3584303912414182,0.3825295131431395,0.23794188928842083,1.6091893380954405,0.28258894375544835,0.19506138769037087,1.4584151377303214,0.2190186686380383,0.2975077061757042,1.33892228386055,0.3817163198781101,0.5182858430979391,1.3364557694003338,0.35824425884403277,0.7267026634183883,1.3174685748863773,0.2970131403553816,0.7968652312550666,1.222010728009047,0.2607823786890724,0.8127604448432467,1.2175892095556904,0.2797745850540122,0.7789623344279375,1.227320974275327,0.2769629398269289,0.015726299163228354,1.3833695642622943,0.40971807527102655,-0.19073072646433947,1.4014042913973557,0.35932563414960966,-0.38145511818334743,1.4860532030739655,0.27426262733827345,-0.4649187890213724,1.4931018049632874,0.22985837760511485,-0.4931882404170873,1.5284785437595207,0.23716060861349417,-0.4968707860278103,1.518086293761152,0.23302257559243675,6.88135593220339
0.2375079912462817,0.9017938504358605,0.3968163290684482,0.26464356982795073,0.48860636575855865,0.44598523823649444,0.27352534949200746,0.11356945963248322,0.5149990578752349,0.25905233083211565,0.086198809339162,0.3277108859146,0.31490272740422504,0.088591747631387,0.3564312589235466,0.26056850386013125,0.031451511101804865,0.6063839318407955,0.059193993283467715,0.8939762745238603,0.42387784640734194,0.0666976163342242,0.4540830930218528,0.5004924216421759,0.08116229301714252,0.10746043940496171,0.5132503282713259,0.08849812865538542,0.09292150063835301,0.31020166120906273,0.032577082110410105,0.07027564933781019,0.38872296722976896,0.10350775086770414,0.0661946479425938,0.5475139980938492,0.18072996292487375,1.3596333778265752,0.38245733443302316,0.23396625541160182,1.6103323302179895,0.2824996407577292,0.1934556422929331,1.4600397755311059,0.22098541265521712,0.2970976852131333,1.341197647423258,0.3815038878327299,0.5167114677615916,1.3448088403973406,0.35478684154996765,0.7239972513101527,1.3276242385661094,0.2952392283796539,0.7998796606320713,1.2307932921557982,0.2645859312565644,0.8140757922513786,1.2260205225704508,0.2818332607528562,0.782072966609487,1.234459248309117,0.2801642211916708,0.014896736071496889,1.3826961385816552,0.4088201446646225,-0.19237638086864284,1.4015712777696603,0.35455956788178133,-0.38426109032831746,1.4847143965738974,0.27493494760685694,-0.4672289033741751,1.4865861864640089,0.2271125136404188,-0.4985839843949307,1.5160887739848483,0.2359731258977075,-0.49985470530383314,1.5051429799724492,0.22937471289337583,6.898305084745763
0.23739683680147328,0.901522499581157,0.3967446050891494,0.2648060498409128,0.4888749706040808,0.44480029715203495,0.2735048947268861,0.11352407527781806,0.5149705170047836,0.25922990518724803,0.08444450002636276,0.3275465114470562,0.3140450362645128,0.08857434443327186,0.3562008491880419,0.26008154402170985,0.030758518729981782,0.6082159480173992,0.05959304867391717,0.8941945580970079,0.42309646723877326,0.0666907810906588,0.45374935248533865,0.5004788307248095,0.08122397309415884,0.10700768826830667,0.5132635389541823,0.08848397894103266,0.09291611332762975,0.310253168789201,0.03260007706984935,0.06871553204681013,0.38877641108850214,0.10333047743872183,0.06597895745393201,0.5479440336641935,0.18064289419303392,1.3612611634215024,0.38230489680874,0.22927505923655317,1.611969824999552,0.2830565815525365,0.1919197802642194,1.4618798090447107,0.22228686436122033,0.29644976442000426,1.3433816234587366,0.38097915146539996,0.5152400299778579,1.3518554526439968,0.3512359498734815,0.7206513410571738,1.3400206596302977,0.29326697302610527,0.803368714767626,1.242500690738403,0.2679594196571257,0.8153333546340482,1.2372623723231926,0.28279149986888075,0.784168864174174,1.2439250644919528,0.28174270692672915,0.01390765627352933,1.3815833888015767,0.40900537344538407,-0.19399036807737013,1.401545470729352,0.35022527356588434,-0.38724873324257153,1.4829890079879597,0.27518021174126983,-0.46795639902540404,1.4796769681133997,0.22381054548498144,-0.5033379600096513,1.502727282698483,0.2351277951636978,-0.501862107999968,1.4921267468531427,0.22674986874392003,6.915254237288136
0.23736830255774913,0.9012036271132078,0.396592208357076,0.264943408414448,0.489223228474569,0.44398268101236227,0.2734964086012685,0.11347566285832675,0.5149583067823053,0.25919994808915986,0.0824264146076647,0.3275556794766219,0.31309096231540745,0.08863641352130816,0.35593066788746996,0.25937236438045563,0.030197382173003624,0.6097432348437138,0.060139813572915465,0.8942678790511946,0.4225698591049288,0.06666176833969605,0.45333639770609996,0.5005455169068851,0.08131031020145894,0.10641452439282476,0.5132901377947655,0.08846996795354184,0.0929243057050618,0.31030777405251414,0.03264658271075903,0.06722458790894965,0.38875039422608143,0.10312684858225026,0.0657891322034598,0.5483236678707584,0.18009574188590943,1.3631659013930337,0.38211059622601196,0.2242690714400289,1.6140579661303722,0.28431232902553816,0.190542472103359,1.4639048399354535,0.2225758175344259,0.29560925827241663,1.3452846598402415,0.3804293760367481,0.5138084846901689,1.3570991075034537,0.3489755476873546,0.7171298944329663,1.35323781021068,0.29179390387481297,0.8070079341895666,1.2566518121548005,0.2706379120584137,0.8163827456654424,1.2514017247965974,0.28236004365904244,0.784294325682068,1.256077980856891,0.28043843163097726,0.012719902535257874,1.3800871982425107,0.4098073338743548,-0.19589629607005338,1.401192039489231,0.3468463817482348,-0.3902635841111278,1.480475972189468,0.2747484778304311,-0.4684508854245365,1.4710266615286722,0.22215335741764647,-0.5069732547983802,1.4887482504681444,0.23430229881107298,-0.5024708642148157,1.4792262952769553,0.22581059344818055,6.932203389830509
0.23746287606906574,0.9008497191758382,0.39643535371760863,0.26505405962987305,0.4894310964455664,0.4437018556840125,0.27351320934342654,0.11344003677911038,0.5149480127378996,0.2589852440305508,0.08061145432695996,0.32771257157396144,0.3123102894196931,0.08869644159068323,0.35569364996070224,0.2586607003275148,0.029877677897513496,0.611033133785295,0.06083343945487807,0.8941230948109639,0.422292993226959,0.06658531577990438,0.4528137721497106,0.5007703735239215,0.08142101813000585,0.10568866212416568,0.5133300461827255,0.08845302781967865,0.09294432984795103,0.3103493561675335,0.03269484304329297,0.06627217139347719,0.388654024868847,0.10290809737780235,0.06573121051827827,0.5484646836404582,0.17890209320761385,1.3651774856690748,0.3819565040797007,0.21929603023648206,1.6164727215914567,0.286102757480532,0.18933038728489426,1.4662515501616507,0.22165479470490856,0.2945721287400612,1.3468654766160735,0.38044377688833775,0.5123268453655583,1.3604774387842122,0.3486774641859574,0.7138039195547041,1.3655367766969249,0.2915222714738008,0.8102942887285556,1.2721310373698578,0.2722769106661175,0.8169749617826612,1.2675014467810093,0.2805780468113536,0.782236697114771,1.2702853748267915,0.2762171533453649,0.01138801775676702,1.3783291126073862,0.4103683578744572,-0.1980677189960257,1.4004756052229697,0.344616311284791,-0.393108110103048,1.4769378569118083,0.27414755402248103,-0.4703565186037952,1.459621216692498,0.22334940537533823,-0.509292776551469,1.474384307286048,0.23363794830810738,-0.5015333796871959,1.4664719095236776,0.22728182224723872,6.9491525423728815
0.23767251102645595,0.9004763384452744,0.39644823631603643,0.2651484566978961,0.4893733086138534,0.44400099672988974,0.2735559762798292,0.11345557220719378,0.5149319643029516,0.2587011170093849,0.0794822308335112,0.32793604488337175,0.3118305275271138,0.08857699419586132,0.35554057293484687,0.25812542713497094,0.029811898836895535,0.6120891780224268,0.06167677752788217,0.8937729378686637,0.42216718927830443,0.06646415082069942,0.45214213982895607,0.5011381531084067,0.08154508971726723,0.10489496899696478,0.513385024396306,0.0884322052612666,0.09296727356933703,0.3103651105163967,0.03271720245020123,0.0659632512437585,0.3885414464575838,0.10267225962555011,0.0658692919401052,0.5482439800428162,0.17709167379425322,1.3671889704628584,0.3819078550799683,0.21462364871866563,1.6190440211121113,0.2881957057667231,0.18817393170108215,1.4690819182275885,0.2196240140770577,0.29335534441256755,1.3481270822170808,0.3815387779897681,0.51072573510429,1.3624510242491896,0.3502448663375534,0.7108886361031107,1.375637949978956,0.29274743131578146,0.8128420303079841,1.287444086892657,0.27266694344847725,0.8170672819835727,1.2839196724511606,0.2777464973887081,0.77855629771414,1.2850767280449786,0.27039275852666855,0.010083777092964244,1.3764340356115836,0.41008938084512353,-0.2003921527905877,1.3994309771735969,0.3433970615863411,-0.3956524871420134,1.4724601451266293,0.2741523216561693,-0.4743372840581951,1.445218042631333,0.22724316007765255,-0.510480650240205,1.4596219483984736,0.23351255634990348,-0.4992406906216673,1.4535998263658085,0.23126722599481386,6.966101694915254
0.23793462599963877,0.9000928311878663,0.39673865487028825,0.26525015049158523,0.48908645777199294,0.4448172661747774,0.2736124659142815,0.11352607734387857,0.5149129755556918,0.25849634616793865,0.07913973343043018,0.3281347861316034,0.31158364790913096,0.0881278676387839,0.35547829331888064,0.257814948098524,0.02991447665420042,0.6128561823329239,0.06265233229171045,0.8933087264408086,0.42199553684495467,0.06634550677830768,0.4513215563204641,0.5014974086353204,0.08166238671451644,0.10415256331068115,0.5134615217006802,0.08840816837930342,0.0929806349379031,0.310351011289324,0.03269612071986471,0.06604499916597452,0.3884686314505731,0.10239947227378055,0.06621345092955247,0.5476236144505097,0.1748602902953073,1.3691650575918022,0.38196708811392066,0.21033973883200185,1.6215728630418953,0.2903774052629344,0.18690483577307015,1.4723815814032977,0.2171536479371235,0.29208530123763965,1.3490480967592198,0.3837653125344413,0.5091149019167786,1.3638389024783937,0.35309069114476743,0.7085659402286101,1.3831263820070265,0.29531297513114346,0.8144543057021065,1.3011208230829454,0.27193698030457947,0.816980582668039,1.298911815982332,0.274604481099319,0.7744280611167389,1.2985947088889152,0.26495659492345564,0.008976261648915494,1.3745865752191615,0.40890544148525526,-0.20293508891695033,1.398168763763606,0.3429152143379147,-0.3979392821929817,1.4674299059419766,0.27492460202309904,-0.4798046150654808,1.4284485788243952,0.2328749103130655,-0.5108932734395156,1.4443788765830805,0.23399589168635848,-0.49594143012699754,1.440155755299543,0.23709611256515162,6.983050847457627
0.2381669566179078,0.8997027757651631,0.39723785244715654,0.26537398686542263,0.48869254441673937,0.44595017006901205,0.2736680812276576,0.11361939086611104,0.5148970819094258,0.2584299223229042,0.07907973770742219,0.3283215089722802,0.3114065117857324,0.08734735968943357,0.35548326294286114,0.2576681728016723,0.03015033000840125,0.6132229325047285,0.06373865556597663,0.89282834130084,0.4216468241819805,0.06628594356279688,0.4504534267289963,0.50166884960443,0.08175789220031614,0.10356123925154238,0.5135667862359969,0.08838238627095402,0.09297854525742943,0.3103154040399673,0.03264188224680836,0.0661940330918877,0.3884373841336729,0.10208825349868327,0.06670882703073602,0.5466924596295057,0.17242086398588646,1.3711250979955176,0.38206638801740916,0.2062363819372669,1.6238838490671264,0.292408253858051,0.18541532417829426,1.4759713993870145,0.2152695401724021,0.2909876643189746,1.3496983848126451,0.3865924573324717,0.5078530916519804,1.3653009247834504,0.3564927104577917,0.7069780034949757,1.3884337511560936,0.29870303003535353,0.8151157377448137,1.312377634724389,0.27063887835252554,0.8171529009636891,1.3113326893423383,0.27232031698008613,0.771339355433029,1.3093169316282363,0.261533459487034,0.008136757456647856,1.3730673291615316,0.4070510378462362,-0.20573252139015913,1.3968259630577757,0.34282466649308824,-0.4001215797432625,1.462342037306122,0.27587795612112465,-0.48554151142567936,1.4105563811855084,0.2389246179675325,-0.5108464514161748,1.4288754897062927,0.234791477673325,-0.4920405885496695,1.4261300558718295,0.24353308576312332,7.0
0.23836739115965347,0.899314213390386,0.39779772343973474,0.26553500346000103,0.4883359274945889,0.44709162611381015,0.2737153135934883,0.11370783641680439,0.5148877114750635,0.258438571986929,0.07868418010981286,0.3286606996989173,0.3112400313389996,0.08641634169529254,0.35554075628746834,0.25760533351750386,0.030646170133365503,0.6130171034181864,0.06492401114345205,0.8923924401681955,0.421124610174729,0.06630894203297713,0.44970255370770984,0.5015577733347719,0.08183139598735048,0.10314126161901231,0.513697481946615,0.08835753591012079,0.09296466341368478,0.31027452469690564,0.03258222750718375,0.06623270544107344,0.38841459143700907,0.1017828079640212,0.06724054110054903,0.5456737159240971,0.16995426817090825,1.3731286427107499,0.38210661961815645,0.20199630323151335,1.625827489955864,0.2938948881422912,0.183706333764398,1.4796399886008738,0.21465928394455883,0.2902645980379164,1.3503171944473618,0.3891450145213322,0.5072812565940172,1.3670623097626986,0.35980914077884607,0.706063677218556,1.3926669017914355,0.30220740757401265,0.8149702624565851,1.3216482983405595,0.26954595164699446,0.817758038388969,1.3211711225642802,0.27190656592127693,0.7704279955857831,1.3168728863035735,0.2607780309994174,0.007527331894878321,1.3720506552793823,0.4048432797705756,-0.20847765836368637,1.3955340998346606,0.3427779904999636,-0.40227041818518644,1.4575579930346565,0.2762750696391377,-0.4904492084381868,1.3930491889843366,0.24383351051459737,-0.510566389751053,1.4136782382995958,0.23563340757360876,-0.4879888394287192,1.4123867493570654,0.2492643548246759,7.016949152542373
0.2386406534140808,0.8989417042604783,0.3983219445638745,0.2657678781143295,0.48813676350633733,0.44805781364518726,0.2737538440505739,0.11378291535491142,0.514885170958073,0.25844244256283794,0.07796129843507603,0.3292287258547096,0.31122390158633206,0.08562205157493545,0.3556694098262671,0.2575856521404449,0.03160049540755173,0.6120904665105117,0.06618004871629399,0.8920279124702185,0.42043906944737863,0.0664053990885049,0.44919399530653015,0.5011593356610193,0.08188572699390474,0.10288368422701669,0.5138310320328945,0.08833832104768595,0.09294391155007004,0.3102410570353585,0.0325323789216288,0.06618877588742209,0.3883987184516813,0.10155485361897909,0.06770050400273823,0.5447910301099683,0.16768754575807032,1.3751795599777044,0.38200681467885855,0.19748515265331235,1.6272724330648154,0.2944065052689834,0.18181590519389046,1.483126441497186,0.2153642131421076,0.28997307698220204,1.351154699533249,0.3906439520023402,0.5073578457787513,1.3691599059468404,0.3623556063576942,0.7053897893515915,1.3973318910675838,0.3050918681363853,0.8143026029753688,1.3304232958791218,0.2690654760032976,0.818662045710738,1.3296212925262219,0.27353612626014456,0.7717602697832937,1.3224357614630726,0.26250430588176926,0.007061469939249632,1.3713851617932793,0.40264194861491326,-0.21061955044200786,1.3944379069847024,0.34258069237795286,-0.40426337001278756,1.4532074883568769,0.2757036543569393,-0.49373925304571104,1.3773950508611024,0.24616626486278917,-0.510141236914831,1.399507458037185,0.23648594910114704,-0.48424788090470483,1.4001878802176184,0.25340359752566566,7.033898305084746
0.2390995396022504,0.8985988232091208,0.39878607552315254,0.266128876399943,0.48810765635365794,0.44897125606382676,0.2737856132169694,0.11384539294192775,0.5148887523316388,0.2584461511043572,0.07758185960483885,0.3296339162700451,0.3115454683501706,0.08521161329467046,0.35589340505503303,0.25759690067805935,0.033107325247300534,0.6104344170958423,0.06745915531506237,0.8917682168187777,0.41956971603921656,0.06655680161931975,0.44897195936426365,0.5005101863476014,0.08191437030150257,0.10281852313235543,0.5139380167425996,0.08833076568983259,0.0929149257297044,0.3102194049123086,0.03248795094951749,0.06621590038802622,0.38843231154062685,0.10144653980466539,0.06805575836355418,0.5441218353671515,0.16589372467080415,1.3771514658613153,0.3816961926242499,0.1927703859211081,1.6281866108125567,0.29385991614214735,0.17981462844293483,1.4860275666483074,0.2171091997612688,0.29005717678051424,1.3522855405413883,0.3906426693559116,0.5075448801363889,1.3716964453210019,0.3632648999865412,0.7042700571381801,1.4038383942680557,0.30673669113481083,0.813481994964178,1.3402858131307518,0.2687876094831215,0.8196476304992693,1.3384137670531047,0.276453703646447,0.7743862266712294,1.32817749721572,0.2660778645913198,0.006692351399106149,1.3707280502318377,0.4008339465838086,-0.21184654245338957,1.39361719754258,0.34222474315911694,-0.40590964372531596,1.449283302697707,0.27408094125631155,-0.4948752168840149,1.364676952638381,0.24538891374155086,-0.5095418408111462,1.387128135203885,0.2372875958336883,-0.48122445793028323,1.390403889657985,0.2556398705281577,7.050847457627119
0.23978351502717735,0.8982945471838201,0.3991975694611402,0.2666784375387576,0.4881444359207854,0.4501177378994744,0.2738123964839395,0.11389624483839833,0.5148991177763629,0.2585298368473964,0.07826514486453799,0.329083656731456,0.31226073067047555,0.08530398473402971,0.3561983580223762,0.2576371439524105,0.03507437125887044,0.6082053907917212,0.068728391105103,0.8916758156391068,0.41857684038063603,0.06674733180046614,0.44903339239304213,0.4996477056605942,0.08190847777800377,0.10298918436636648,0.5140087342164228,0.0883394484047657,0.09286705628806019,0.310205335566363,0.03244128675433825,0.06643791552448791,0.3885537682997312,0.10143438824035478,0.0683316610990005,0.5436181407657353,0.1647166239657837,1.3788694341056102,0.3810859245371213,0.18802668954252555,1.628637273118924,0.292581228058412,0.17786360242975613,1.48791570658441,0.21963465666010806,0.29045823417579275,1.3536311544952089,0.38900242612607594,0.507043446711943,1.3748208629154788,0.3618352481183339,0.7022510311941123,1.4128406963874696,0.306828575897065,0.8128076937403175,1.3518929762681389,0.2677891112342425,0.8205255001296637,1.3486933297716805,0.27942914994076107,0.7772955181536287,1.3359515395265216,0.27071526641283405,0.006452953652302645,1.369844781431545,0.3997355126775204,-0.2124091010191735,1.392976622613657,0.34180781575403685,-0.4071960102424884,1.4457887595982732,0.2715262550777448,-0.4939355579699217,1.3552538106985104,0.24231411518531143,-0.5087888962595697,1.37719434296311,0.2378236667337134,-0.47912282774044745,1.383198288879128,0.25624620865164627,7.067796610169491
0.24066966481921345,0.8980355091902145,0.3995649765890478,0.2674480616146721,0.48814335312332213,0.45168520413290586,0.27383605157728963,0.11393402258699567,0.5149192014495344,0.25876248663981694,0.08022030943847543,0.3271509186990992,0.31328583834350243,0.0858935263153185,0.3565308280923397,0.25770615928221324,0.03729333265677883,0.6056277635711504,0.06997921428154226,0.8917782883779636,0.4176107392481134,0.06696576892080056,0.44935908070659186,0.4985949136105018,0.0818670726924442,0.10339766239093567,0.5140631976100392,0.08836500303097991,0.0927817543452079,0.31018321694558104,0.03238929009132725,0.0668715153614351,0.3887617257956615,0.1014550379264237,0.06855145961216334,0.54322290205902,0.16400186947252174,1.380189194776872,0.38017671066394926,0.1834670623371249,1.6286739621924422,0.2909336939982213,0.17607356930058266,1.4886039661977277,0.22265749502892718,0.29109301711934926,1.355078654310426,0.3860121178890443,0.5052790859590605,1.3785946670871823,0.35807052663161276,0.699427851828401,1.4238713016314373,0.3054077721583655,0.8123709948218745,1.364771545737866,0.2651474742715251,0.8211179384853253,1.3604244281277278,0.2810510808790331,0.7802191302830274,1.3462324469302844,0.275661839894729,0.006387710186999159,1.3686715231158444,0.399408548203681,-0.21280790639121416,1.392328503939239,0.34146002345495974,-0.4083258608320449,1.44274766338568,0.26840236511977955,-0.49194721076424497,1.3487518454843335,0.23857145027572027,-0.5080492504766183,1.370046629645688,0.23800872163429065,-0.47790482878037216,1.3782262306260473,0.2559454178257763,7.084745762711864
0.24171458202650792,0.897828454860048,0.3998886013189262,0.26840622067175574,0.4880762108181086,0.45364154547901414,0.2738580156914331,0.11395665570942626,0.5149520850695377,0.25913983910277794,0.08293632046281084,0.32450122267751697,0.31446462921547025,0.08685127653834897,0.35684021382533754,0.25779016982311587,0.03952713541658347,0.6029271889955263,0.0712060661108374,0.892002358902674,0.4168028019074871,0.06720783505789661,0.44990251962471056,0.49736920521413436,0.08180013679831234,0.10397006905987125,0.514132490913787,0.08840228869793772,0.09266174034385788,0.3101398839741404,0.032331110164884214,0.06745458806191698,0.3890253532561726,0.10146034246799578,0.06871132913916697,0.5429297866505765,0.16336110006521898,1.3809825668552544,0.37927056447137164,0.17923532682704973,1.6283541168911264,0.2891028221241143,0.17426090185650517,1.4881948586107163,0.2257567765315931,0.291744282857261,1.3565180827222516,0.38263032854719403,0.5022790753473223,1.3829065949006607,0.3526108190373302,0.6962358948987254,1.4356797308519025,0.30265453705396306,0.812070335439957,1.3778661671833514,0.2600928042456633,0.8213034156181428,1.3728142383955682,0.27986902810848313,0.7834700002040118,1.3582148758300907,0.28026166135298514,0.006462261779008914,1.3672008793372497,0.39957670514834887,-0.21324862034479225,1.3915687962472028,0.34128819795729964,-0.40945554338572393,1.4400812937777712,0.2653902709373625,-0.4903743773218563,1.344486191715676,0.23552081630728908,-0.507545910799547,1.3656487723033297,0.23805089776861046,-0.4775473284366329,1.3750232410082255,0.25538514803098145,7.101694915254237
0.24287666470430774,0.8976817002482502,0.4001619918618278,0.2694615191961677,0.487944314734704,0.4557729868247438,0.2738781954915029,0.11396467280171196,0.5149977802590192,0.25960326628355,0.08542675341131664,0.32250202649684406,0.3156098254742252,0.08792140869698216,0.35711443409340377,0.25785995768599734,0.041543363880020626,0.6003237004262004,0.07238914781614192,0.892227616107119,0.41622414715171174,0.06747940751248122,0.45056873017709137,0.49600208879119395,0.08172750607858413,0.10455638261685188,0.5142276732418549,0.08843785620785369,0.09258215358529276,0.31009751660659357,0.03226993589877305,0.06809331349186551,0.38930999554168033,0.10144306808084098,0.06880142385889354,0.5427521759144387,0.16245627245953342,1.3811997822942994,0.37891951123412865,0.17540170425228024,1.627840720835905,0.2872587669290718,0.17201543414737935,1.4868957582984124,0.22854478294081843,0.29209915645768536,1.3578376816765223,0.3802113961758906,0.49861620472304075,1.3874821284510006,0.34623355317246607,0.6931162181147279,1.4469229984180547,0.2987888241097334,0.811728453479678,1.3901399994261192,0.25226066601548575,0.821134035208112,1.3850535444288659,0.2750988853470092,0.7873260204345851,1.3707083583093385,0.2840270644669285,0.0065913364057872195,1.3654361508052706,0.39985611567849383,-0.21357720766450167,1.3907324609064473,0.34132929957104713,-0.41047851125996726,1.437604108106728,0.2632657753152019,-0.49010547371989466,1.3420282107936294,0.23344710779771352,-0.5074441132780344,1.3635943940989155,0.23821479412289442,-0.4782689409174363,1.373110847005523,0.25475624581440864,7.11864406779661
0.2441196862321326,0.8976054893846064,0.40037656094804996,0.2705153418285074,0.4877479312079004,0.4578408692202177,0.27389447629235647,0.11396068505249832,0.5150529570405851,0.2601075645518669,0.08685597372397552,0.3219742156017689,0.3165335013361532,0.08880920447136934,0.35737172177179144,0.2579017727281327,0.04319805084485441,0.5979346123311535,0.07348729133487104,0.8923943396842426,0.4159078045491096,0.06779231998991048,0.4512510830282997,0.4945467453180137,0.08166858007837427,0.10501807947122593,0.5143276613427444,0.08845229535573884,0.09267437343292118,0.31011254775195307,0.032213653767279304,0.0686901075335152,0.38958154404777273,0.10141756437683629,0.0688535826809372,0.5426342347409377,0.16121445466471873,1.3809597471055752,0.37952968685362265,0.17197697247314989,1.6273202283563286,0.285808007363326,0.1690537682427904,1.4849222606036254,0.2309876877868668,0.29194887752750087,1.3589624995723875,0.37970057145377506,0.4950640302594237,1.3919466934616622,0.3396857868426959,0.6904292470405005,1.45657924920332,0.2942399838065457,0.8112275341968715,1.400991119324213,0.24233071085951655,0.8208917686916304,1.3967506423444902,0.26746011154922145,0.7917549436436233,1.3827658196192822,0.28679316466955956,0.006728051313983978,1.3634500612527185,0.4000676075975656,-0.21359629088994206,1.3899201095355203,0.34153385141476406,-0.41111736751052425,1.4351848649568442,0.262432670716777,-0.4909527411837281,1.3415186902820568,0.2316209765040725,-0.5078178866093082,1.3632779636798755,0.2384054229007741,-0.4803558681739971,1.3719081467490468,0.2539285261633204,7.135593220338983
0.24541048495204856,0.897609544478439,0.40052532646364747,0.2715091442233219,0.48752957379945905,0.45971239334067726,0.27390201883625387,0.1139415427267674,0.5151134035919196,0.26066946312930084,0.08699066418714169,0.3226959436949227,0.3170981599128856,0.0893302349201844,0.3576262964778992,0.257933849098019,0.044497351160733487,0.5957155959777591,0.07444633139593673,0.8925274711664766,0.41582670163085905,0.06815044972307331,0.4519138043060624,0.4930582061716512,0.08163202143702963,0.10531618786164754,0.5144071455265374,0.08843075581855109,0.09302794402504971,0.3102259677559278,0.03217107620639352,0.06915972824458555,0.3897971392746628,0.10138340609076103,0.068969708181749,0.5423949718996748,0.1597569744136162,1.3804852863895563,0.38109158059979253,0.16882419716142189,1.626910242795191,0.28535078657807866,0.16540744502687846,1.4825528868479183,0.23349359581422274,0.29132546728672026,1.3599039378829119,0.3811369717737503,0.4923442430726627,1.395870906988424,0.33379040571507435,0.6884856745835553,1.464028888547409,0.2897523952236844,0.8106033374978597,1.4105784692595655,0.2322477263385346,0.8210366366209249,1.40806776948229,0.2589888010719888,0.7965327479891853,1.3937983557924436,0.28874780754705487,0.006873251741310787,1.3614451997956931,0.40024012828604033,-0.21325123461182802,1.3891485002941586,0.341811405887349,-0.41118639547923314,1.4327969567493248,0.2626948690903348,-0.491994093484304,1.343385490940822,0.2291523139193234,-0.5086600799804833,1.364326782384976,0.2380270590613656,-0.4839055416068624,1.3709963946608072,0.25260052898629276,7.152542372881356
0.24671553714735397,0.8976949748178984,0.40060179020232883,0.2724243776424181,0.4873714823336201,0.46135228641611487,0.2738929716657324,0.11388933387087574,0.5151763876491158,0.2613283032014592,0.08615681990491482,0.32410896570829556,0.3172895599440414,0.0894866570569122,0.35787395466532246,0.2579681901311814,0.0454852623984498,0.5936411441937857,0.07523780533801162,0.8926996228730608,0.4158513254907808,0.06854051795271296,0.452609807723229,0.4915728580281179,0.08161884387649992,0.10549152476579413,0.5144670990385539,0.08837068213285151,0.09363982873170779,0.31043536674946715,0.03215048269765004,0.06944854696492858,0.3899131840367262,0.10130391029805103,0.0692819117434022,0.5417966295247902,0.15821420690578916,1.3799632811601499,0.3832823335789227,0.16575960948137314,1.6267073859488836,0.2862526248254891,0.16128592665162483,1.4801282353130436,0.236610213017664,0.2904600445064167,1.3607295041025393,0.3838290022603196,0.4910194325590532,1.3988558311407533,0.3294242649779434,0.6874918188384034,1.4690683116452394,0.2861178053572779,0.8099890286571312,1.4198262195085316,0.2243160214697039,0.8219889167653598,1.419568042947379,0.2517540754352008,0.801243225595661,1.40380272053864,0.2901117305492539,0.007027489237581797,1.3596690887369058,0.4004283522335619,-0.2125866170821481,1.388287868184708,0.3421036653571521,-0.4107407345258968,1.4303630260991191,0.2635304500587802,-0.4921331752361762,1.3477315676779165,0.22566709824169792,-0.509905730288106,1.3668049826148416,0.2364095613949811,-0.48880643994717404,1.370502493129711,0.25031239223288093,7.169491525423729
0.24799891850013586,0.8978402074881713,0.40059794819404904,0.2732558947580838,0.4873092440711484,0.4627506704587059,0.2738609236124805,0.11378120607006206,0.5152418996200537,0.26205649699100153,0.08494057968622958,0.3259294984452674,0.3172496706746941,0.08943084543707765,0.3581046880034543,0.25798321317096606,0.046131880951343934,0.5918697055506129,0.07588349084308166,0.8930065658625121,0.41577156148435,0.0689352617800806,0.4534156485039378,0.4901158933764773,0.08162847877780777,0.10561081260128122,0.5145145172964798,0.0882792592676302,0.09444973985207404,0.3107142942518426,0.032154236648047146,0.06956371391830336,0.38991404498278087,0.10111701542652242,0.06987448088255693,0.5406857756677586,0.15670185777099677,1.3794743929841893,0.3857000963830701,0.1628029615686211,1.626804783892855,0.28832690132750205,0.1568513625411364,1.477934126498617,0.24059340772275983,0.2896099029205748,1.361455376375989,0.38688399595992323,0.49132981714543866,1.400722825855112,0.32728516436677,0.6873884309991183,1.4719219981879654,0.2835942629911763,0.8094946040138676,1.4299333232639782,0.2199910190491001,0.8237403039862015,1.4318204401795558,0.2467279089162834,0.8050760524972811,1.4136405026451733,0.29083937357988043,0.007176090496393414,1.3582240399932397,0.4006362047465579,-0.21167912124249375,1.387233315313998,0.3423944337873183,-0.409973279624946,1.4277074248628785,0.2645358107366342,-0.4904345912535958,1.3540554023359075,0.22116305380795395,-0.5114305816755195,1.370918987545127,0.23334141796766505,-0.49472908042764374,1.371009576585087,0.24682576567471287,7.186440677966102
0.24922526728817318,0.8979962441955046,0.4005108662727569,0.27399059456908653,0.4872909908223965,0.46388631742914693,0.27380876023591316,0.11362247289577361,0.5153115282519398,0.26277483024929,0.08394217318766896,0.3279245663922713,0.31717864015028135,0.08934556993487236,0.3583148690227048,0.25795607384973884,0.04639365477273772,0.5906398995028324,0.07641621466622575,0.8935114839711635,0.4154177309945706,0.06930112939657802,0.4543841448385891,0.4887183712080574,0.08165963236322465,0.10573507208120567,0.5145265577897975,0.08817013304473947,0.09535481322870995,0.31102596092605833,0.032170686872573864,0.0695804381090169,0.3898321783115437,0.1007695294530852,0.07072337058623586,0.5391068075979648,0.15540756921507287,1.3790215080669395,0.38798945178929234,0.1601177477201282,1.627258736978911,0.29105527646997975,0.15221010843139782,1.4761351891909456,0.24526861996384425,0.28888333296330737,1.3620074237802064,0.38963245286718495,0.49297418231902423,1.4016009552708772,0.327418187169357,0.6877614063202614,1.4731589931193843,0.2816199962714464,0.8092046808239561,1.4415721525749585,0.21945626913584776,0.8257184463211336,1.4449774735557153,0.24392584129500705,0.8070896583068581,1.4245455843468733,0.2907853370304996,0.007300557958604281,1.3570889090524143,0.40083760022816467,-0.2106425071456165,1.3860854406596745,0.3426711035515829,-0.40905439866955284,1.4247676183479527,0.2655486314959624,-0.4864762761889293,1.3614549464355696,0.21556555309885136,-0.5130237056906786,1.3767182974883287,0.22911802305352383,-0.5010939790464044,1.37315511108726,0.24263017564163605,7.203389830508475
0.25036635929977347,0.8981078438148543,0.4003606215728602,0.2746030843614622,0.48724626139533994,0.46472892953459566,0.27374845879796494,0.11345867591640052,0.5153851488517377,0.2634726954961109,0.08367107129250961,0.3295068219680325,0.3171810612012502,0.08932220449639337,0.3585019000657459,0.25789293221928766,0.04627939201005615,0.5901073875854738,0.07682973649174676,0.8941807710005366,0.4147690791278228,0.06961090054284301,0.45553844008185485,0.48741816660205967,0.08170195346657842,0.10589600086719064,0.5144664401907479,0.0880671101800633,0.09617540059184825,0.31130948221929605,0.03218340557475783,0.06959143418848171,0.38972779855394546,0.10024931637675451,0.07165775279570319,0.5373720716967038,0.15454757831069846,1.3786222433740147,0.3898274427010048,0.15772334404486993,1.6280559860223263,0.29398336102572686,0.14765033385845958,1.4748493199442192,0.25019287958458586,0.28823351267323144,1.362318599646166,0.39166084097916243,0.49508526179459733,1.401797266047574,0.32882096947437567,0.6880987813130928,1.4734694462420463,0.2793280329257641,0.8091710157745675,1.4543260436179668,0.2219045079852658,0.8271734435848516,1.4585577972253534,0.24313849095754894,0.8069423036880756,1.4370514839815536,0.290034769882361,0.0073814881124020845,1.356326188603669,0.40099694818340176,-0.20964394925093494,1.3850574209837345,0.3429184045132662,-0.40813216909277017,1.4217517207844248,0.2665013781086135,-0.48070179900000753,1.3689817165820914,0.20881835098651672,-0.5144196736255786,1.384096906225426,0.2242985489771187,-0.5071652037348532,1.3773798412067841,0.23874775025884623,7.220338983050848
0.25140775325086995,0.8981387173349397,0.40020644983574816,0.2750629767118966,0.48717302557453196,0.4652447343194045,0.2736909499916642,0.11334177596013591,0.5154580709028393,0.2642112338637609,0.08441867680236566,0.32991267470732105,0.3172370773430245,0.08934682572626554,0.3586477754222816,0.25780517255958574,0.04579508986133676,0.5903177059913682,0.07708688976963769,0.8949072392899743,0.4139164005827471,0.06985783813371188,0.4568563382654397,0.4862513788931888,0.08172256370040372,0.10609453066632206,0.5143235043963397,0.08800385867913624,0.09668088864707697,0.3114783879391754,0.03218993954480996,0.06964832305669025,0.38964442021560763,0.09960349062790069,0.07239040466685284,0.5360017484106443,0.15417195535579561,1.378376748316295,0.39091320780481686,0.15545521525381634,1.6290188729200468,0.2967666195874727,0.143709115185237,1.4742335950688863,0.2547945572820738,0.2875938969394481,1.3624263376277852,0.39270055381816715,0.49662406635764994,1.4016503920400556,0.32984271491546774,0.6881843496068023,1.4734039601731586,0.27624509334897174,0.8093308386818665,1.4669465432546194,0.22589891312534344,0.8276307290896989,1.471608724318665,0.2438705666382653,0.8051507903128166,1.4504617072213786,0.2889644357413848,0.007404397226871787,1.3560437241410932,0.4010759910926273,-0.20887158607011008,1.3842554611536442,0.34312619654074233,-0.4073853989882058,1.4190439150717054,0.26735617786766963,-0.4744205482184728,1.3759367594297862,0.2015265705670411,-0.5154022120853499,1.3928397154426662,0.2196229530161224,-0.5122327839505623,1.3838339698823745,0.23606738358226437,7.237288135593221
0.2523445513912199,0.8980866348475628,0.40011434736542506,0.27534241885130695,0.48714941270776607,0.46539903711705577,0.27363985189850154,0.11329882896575838,0.5155218101605652,0.2649538690432781,0.08606379282694707,0.32885903086868395,0.3172854808470744,0.08937043837961672,0.3587149902375082,0.25765796074777847,0.044890686799497294,0.5912335296491132,0.07716059209820593,0.895584153948067,0.4129703905752831,0.07005397356711948,0.4582546290418392,0.4852483618317735,0.08168482418397945,0.10631392938387771,0.5141148783964864,0.08800952872713075,0.09670856664584314,0.31146176274475085,0.03220125809863465,0.06976190261621718,0.3895946283931904,0.09893176257966431,0.0726830455591408,0.5354252476471801,0.15405821560295063,1.3784158361331265,0.39113211736865505,0.15316953093782174,1.6298013172937083,0.29903251840710027,0.1408348074196079,1.4743962099079506,0.25842358111114133,0.28694389629958866,1.3624383352899387,0.3927267551732971,0.4969843578291888,1.401448745503571,0.32923704069706267,0.6881292993292087,1.4732478178287114,0.27240382207824154,0.8095428763336976,1.4781284086221715,0.22959623627626455,0.8269800138296699,1.483187788219912,0.2447815368820314,0.8026172286508222,1.4632963458998465,0.2879742146481238,0.0073721034685068475,1.3561786306608572,0.4010429337612688,-0.20844738281050235,1.3836432065428381,0.34327820068675274,-0.4069310483872794,1.417000019797225,0.2680893593755223,-0.4693891068130554,1.382109265715256,0.1951893090166947,-0.5158557693066789,1.402555716123803,0.21599741476882367,-0.5158685685482876,1.3923051469495153,0.2349955575525451,7.254237288135593
0.2531657764560349,0.8980020551433142,0.4000674536403478,0.27542579649846055,0.48727761155009836,0.4651779595368153,0.2735947675575677,0.11333799581535738,0.5155698663708117,0.26548907376019404,0.08801703311349943,0.32689082155316745,0.31728872851083345,0.08936243887511841,0.35867149652612695,0.2573658525980649,0.0435506252412418,0.5927323860762425,0.07705595570440894,0.8961525866312104,0.4120395223406351,0.07021455472220671,0.4596008895953595,0.48443295102001815,0.08158831186965425,0.10652820219664487,0.5138615752796243,0.08809055119287366,0.09626409987712921,0.31125877421413395,0.03222849581476705,0.06990853533477936,0.3895844704396448,0.09833210762502377,0.0725040921757699,0.5357026513617439,0.15386198079101387,1.37877144989832,0.39076152459233493,0.15089696650698392,1.6301147864048298,0.30044140554541476,0.13907448722545118,1.4751937041440861,0.26052737639399165,0.28626480471949084,1.36243537682109,0.3920890413750406,0.49625788692159667,1.4013240830724185,0.3268114476886378,0.6881433685196009,1.473078149978872,0.2681376214950745,0.8097152463369524,1.4869515411705705,0.23124363904063278,0.825351740273948,1.492789288290183,0.24419475222817869,0.8001174014549198,1.474178228612168,0.2871832463981975,0.007305751846182563,1.3564930892832283,0.40089628007989253,-0.20835076369185557,1.3831813701729685,0.3433623515699078,-0.40664773026149653,1.4158290564799385,0.2685799387335902,-0.4671773077766267,1.387776895628546,0.19144555328066395,-0.5157345621019321,1.4126233081104724,0.21429313677763007,-0.518119600848314,1.4022198186128587,0.23556863390399974,7.271186440677966
0.25385644916525885,0.8979664463344168,0.3999409342280324,0.27533475392924867,0.4876073815003055,0.4646402884034139,0.2735577808178644,0.11346871410631071,0.5156036929580533,0.26558892547639945,0.08954151907516913,0.32481616646628775,0.31724571400539775,0.08932109273378132,0.35852155938652636,0.2568701428668633,0.04192090398330098,0.5946403915594064,0.07680644848310972,0.896603385387472,0.4112445852677185,0.07034658834473005,0.4607475025741646,0.4838252968221641,0.08146439484505567,0.10671520005942067,0.5135777747755497,0.08822564038810546,0.09551818067765926,0.31094666038991836,0.032279303283541755,0.07000221946930191,0.38962896914991435,0.09785223082835276,0.07198568931388034,0.5366033419319686,0.15337507029310793,1.3793470376962151,0.3903242647150279,0.14880726721539358,1.629894586415017,0.300900672368328,0.1381895946056625,1.4762590564807059,0.26091200204234843,0.2855278400383394,1.3624436739605288,0.39130453717203423,0.4949750755271226,1.4011639804578406,0.3232095321528998,0.6883945307631445,1.4728832514028605,0.2638963929943582,0.809845309133555,1.4929155981649687,0.2300505802447195,0.8230513366196318,1.5004093522564714,0.241676036556867,0.7981606282107463,1.4823811598241885,0.2865653654147287,0.00723693338588218,1.3567258326912368,0.40068757659300985,-0.20843855259580696,1.3829022312132708,0.3434052662184166,-0.40619940590368897,1.4156271058484862,0.268593032286394,-0.46856928179339996,1.3934310605521214,0.19104374931151735,-0.515065332410495,1.4222917559263246,0.21498712650597346,-0.5193387756773941,1.4127400070095095,0.23762552402861686,7.288135593220339
0.25441380827815036,0.8980234089058565,0.3996043769845583,0.27514721653517193,0.48807105432013553,0.46394515188375385,0.2735375052289673,0.113702132701768,0.5156303708926221,0.26520044181665514,0.09032230475611033,0.3228394511451622,0.3171758578914091,0.08926213989730053,0.35830248112181967,0.25622621416368835,0.040255152017254554,0.5968349240691404,0.07645982362361914,0.8969376862207816,0.4106889333686662,0.07044463231554479,0.4615845990918866,0.4834533379475705,0.08133906483608508,0.10687730618694018,0.5132771662925575,0.08837962724057623,0.09469897073379482,0.3106224045015803,0.03235789779719187,0.06992208066705105,0.3897278346328274,0.09750755785540209,0.07128977812812527,0.5378418940414542,0.1526217135259369,1.38001932998991,0.39012706320686896,0.1470160440067665,1.629228649302155,0.3006589148964687,0.13795330064210118,1.4772816927640964,0.25988153237985284,0.2847483270303073,1.362460849588708,0.390694945153633,0.49362961565464347,1.4006670542338393,0.31930661263266263,0.6889723205704618,1.4725883768740322,0.260176922953131,0.8099680020599286,1.4960435747369107,0.226674482907288,0.8205564849936924,1.5063026460378433,0.23858836382093407,0.7969681008422655,1.4877290285775164,0.2862321611995062,0.0071971971018465475,1.35670321577398,0.4004989371919727,-0.20856243245051204,1.3828287194833384,0.34347614045469543,-0.4052980675494154,1.416412809384121,0.26796574743859347,-0.473271687587594,1.3995807211243614,0.1935880219492116,-0.5140091237762232,1.4309061672001764,0.21781383572122628,-0.5198073302787514,1.4229378088594093,0.24067706630459765,7.305084745762712
0.25483823462771027,0.8981591288235884,0.39902808630668374,0.27495353017532614,0.4884988750571662,0.4632639971987488,0.27354527343323937,0.11402919565125888,0.5156505385907186,0.2644679721695307,0.09064177963774946,0.3206231080303866,0.31709650897052033,0.08920283866401152,0.358051736575827,0.2555980674032482,0.03875020916185654,0.5992533342858871,0.07607569173623506,0.8971309291857136,0.4103644181385577,0.07049319935690472,0.46207158834101447,0.48335635521021636,0.08121896569905745,0.10704461008930076,0.51298146177132,0.08852234368885742,0.09397390621992972,0.31034368480305274,0.032460547693577126,0.06960238648640098,0.3898350139142986,0.0972939843101443,0.07054620399764888,0.5391824407456831,0.15175491436556474,1.3807178334074934,0.39001454131727453,0.14548337973514217,1.6282678177979628,0.3000982627439237,0.13820070827574507,1.4781277122760597,0.2582672644601485,0.2840242848480691,1.362469932930623,0.39035234680570435,0.4923850735028011,1.3995265735076774,0.3158607620053182,0.6899350277382185,1.4719689902111939,0.25766890358668043,0.8100899637970006,1.4969592335533901,0.22266794744202728,0.8184617873379533,1.5106745648518103,0.23671264330674707,0.7963705809002966,1.4903425974217221,0.28625253350985547,0.0072015597556038796,1.356411848331581,0.4003786445264043,-0.20867376298960608,1.382883377555779,0.3436516578649444,-0.40391343257476364,1.4180412745824749,0.2667409623812489,-0.48011917124358683,1.4066041048335987,0.19813000116615462,-0.5128657571262216,1.4380827226732251,0.22184466690695545,-0.5196509966746969,1.4320476217332003,0.24377303970135777,7.322033898305085
0.25511501662360725,0.8983447727389717,0.3983118734116929,0.27478251577680324,0.4887486474590816,0.46264353776182604,0.2735857942164677,0.11441866892552043,0.5156503605174966,0.2636059804845664,0.09095462803180772,0.3180375365050986,0.3170154274641588,0.08915275494628108,0.3577852984453892,0.25513386165609514,0.03745576693921841,0.6017927053109638,0.07573051706719643,0.8971562602357408,0.4101000301353648,0.07048131972461233,0.46220950972575636,0.4835518228385862,0.08110181058519884,0.1072452576363783,0.5127136319923083,0.0886347506114092,0.09343352644759728,0.310133981918245,0.032576174748409625,0.06906009171311438,0.38987756877011576,0.0971684340823256,0.06982433694068096,0.5404881319109364,0.15092019256741063,1.3814058567972833,0.38958756001478134,0.14414399790138904,1.6271914049004652,0.2994438886726209,0.13867270161046424,1.4787119809052185,0.25721342297739913,0.2835242348831442,1.3624533430595003,0.3903483603239194,0.4911891125372979,1.3976212735732951,0.31354858355384213,0.691400487497813,1.470642194302612,0.2570156304145647,0.8101769582429976,1.496658975891619,0.21938782425392317,0.8172388907242107,1.513573194364922,0.23666012921221363,0.7958640982032423,1.490709702969739,0.2863459431675454,0.007238310505496686,1.3559983882737379,0.40030126993632653,-0.20878606560641944,1.3829415600375579,0.3439278668471637,-0.4022661374606231,1.4201777440785353,0.26511656811311246,-0.48751540232064056,1.4144782528272875,0.20369106914032375,-0.5119530873923792,1.4437986230408641,0.2260797152003495,-0.5190017828720754,1.4396741906127697,0.24583391657872672,7.338983050847458
0.25522709621586925,0.8985639852055988,0.3976310894440645,0.2746060382288347,0.48883038191165495,0.4620069676873885,0.2736552541477307,0.11483909416725108,0.5156076963382155,0.2627762232047185,0.09140719247844908,0.3154313526326584,0.3169395305952919,0.08911519353651748,0.3575082035676389,0.25484773757428514,0.03628867195655579,0.604295085422349,0.07548706199877335,0.8970473437927766,0.4096296697844978,0.07042459622230442,0.4620087409114653,0.48397015822706746,0.08098654797442036,0.10747965522617059,0.5124827066919837,0.0887056355702403,0.09312982053532896,0.31001106305772774,0.0326919125562857,0.068352970951326,0.38980927000229587,0.09706044081804541,0.06912460359586445,0.5417407307271815,0.15020334197175125,1.382026666606632,0.3885984836397357,0.1430211656015811,1.6261880111910276,0.2987701800065706,0.1389783594179649,1.4789222485654778,0.2575975203415606,0.283410716863254,1.3624267056121016,0.3907132050303442,0.4901081520496391,1.395080201444108,0.31295725938192803,0.6934968644048394,1.4682748514375399,0.2580487502307833,0.8102124550954581,1.4961414783599516,0.2174190927733368,0.8168952094462152,1.515015610455215,0.23787579744915216,0.795045821861287,1.4896867188414469,0.2859390655914561,0.007278368405898016,1.355670356784968,0.40019612860758924,-0.2088424214749185,1.3829606110827317,0.344092473945716,-0.40064374558812976,1.422469300484442,0.2633476086508142,-0.49388751488535815,1.4227378766604657,0.20933407247816854,-0.5114378277887919,1.4484038743673862,0.22983705014018144,-0.5180069463611277,1.4458035982491038,0.24627569537211805,7.3559322033898304
0.2551637559657437,0.8988072089661859,0.39708245048649715,0.27439541560299635,0.4889061268577421,0.4612688699773342,0.27374621412007283,0.11525361265791226,0.515506033955559,0.2620805588473524,0.09177988817844157,0.31333779756966695,0.3168792494746701,0.08909216579331602,0.3572395389881758,0.25464054064554653,0.035164918344009866,0.6065788232703537,0.07534743501630135,0.8968996707827345,0.40872293427172823,0.07037058445847222,0.4615141519428103,0.4844392626259246,0.08087337578985188,0.1077371051099645,0.5122836440389026,0.08873267043713379,0.09305982642137085,0.30997701442441783,0.032794585805240986,0.06756200834957579,0.3896338013164069,0.09691245019428346,0.06842198168703541,0.5429692366868651,0.14968072927198142,1.3825041817219073,0.3871010888687513,0.1421301730135148,1.625512445513224,0.29816931581033207,0.1387929059140333,1.4787280578143034,0.25948526385259607,0.2837457258240474,1.3624524767392536,0.3911788034753469,0.4894188842288074,1.392157885961594,0.31424074086615367,0.6961793184261886,1.4647608635951743,0.2597525500050767,0.8102245082578642,1.4960382952720859,0.2167123756832468,0.8169725561916313,1.5150932578428802,0.23973231015567964,0.794044134047984,1.4881508296309887,0.2844319010696265,0.007291779817720676,1.3556234806588627,0.4000068868152527,-0.20869428686848868,1.3829915749011437,0.34377308959408137,-0.3991789794003755,1.4246868588952617,0.2616531464091629,-0.4982558394037213,1.4307326919479368,0.21425768969483117,-0.5112183261068368,1.4524346092745055,0.23267677818273996,-0.5167039283026387,1.4507029908498332,0.24527497306100737,7.372881355932203
0.25490509577173137,0.8990650611111235,0.3965701954723768,0.2741335263055185,0.4891655718897826,0.46038886902870696,0.2738486584068334,0.11561246539725811,0.5153499220667856,0.26160281342871017,0.09182531918949186,0.31213931761929203,0.3168408115222972,0.08908387640607648,0.3570178616712559,0.2543991756203861,0.03415340793746141,0.6084243315386135,0.0752801501359815,0.8967884013116935,0.4073418786236717,0.07036601356382026,0.4608463488783531,0.4847945212872877,0.08075931562070283,0.1080275831829267,0.5121065595613392,0.088726925367383,0.09313237475733227,0.30999604328601515,0.0328718133159429,0.06679837016779623,0.38938607259942204,0.09670779813140838,0.06770418964613927,0.544195569702827,0.14949585085979417,1.3828142412855302,0.3852870725236901,0.14136808263941114,1.6254544139079192,0.2977419912049898,0.13810700504894366,1.4783093271859598,0.262112935614367,0.2844896600799086,1.3625788438557382,0.3911991851440724,0.48935141868249,1.3890788456019,0.3167993211379588,0.6991409584380441,1.4601050182431754,0.2612048652527191,0.8102449410063932,1.4963725170530662,0.21687207649359178,0.8169875061391054,1.5139518873722844,0.24185658514574804,0.7933295995380178,1.4867421832739773,0.2815667462632143,0.007263012481545113,1.3559850587704998,0.39972071573958257,-0.2082303803719557,1.3830801851413985,0.3427154934561884,-0.39782994558676477,1.4266861977312748,0.2601403836125722,-0.500547530936912,1.437807099440401,0.2180635487799445,-0.5109411664616461,1.4563136315438647,0.2343225605565742,-0.5150262888655361,1.4548492649365958,0.24336376141352895,7.389830508474576
0.2544579193722184,0.8993360909791502,0.39591443381092883,0.2738085383189511,0.4896647286430369,0.4593595642065849,0.2739516283481964,0.11588392377853401,0.5151672990379881,0.26138193692407746,0.09156954284758922,0.3118405360881506,0.3168203797835577,0.0890862387020818,0.35687715150294863,0.25406721312466257,0.033437870762485146,0.6096333951973555,0.07529309550868264,0.8967271138756432,0.40570157952737923,0.07041682069761884,0.4601607475929247,0.4849978165849674,0.08063993481274939,0.10837464303240252,0.511939081201461,0.08870855961619957,0.09322148702133051,0.3100159779821015,0.032916519660663494,0.06618716752220764,0.38910892644411055,0.09646219931074326,0.06695920802097738,0.5454644688775517,0.1498051486859198,1.3830315044085904,0.38332246254534164,0.14060525016476924,1.6261016172225162,0.29749276211117953,0.13725094346149175,1.4779975133263132,0.26443868242794416,0.2855646028430025,1.362753923347438,0.3903709109372305,0.4898961305468317,1.3860502516146342,0.31952772604266955,0.7019292383542043,1.4542474667511338,0.2621418226172955,0.8103261354307925,1.49667166162116,0.21721934282349936,0.8167955210774434,1.5118018818560048,0.2435033545007544,0.7931829144578117,1.4858268779994648,0.27787665103658693,0.007205352164190652,1.3567010402572917,0.3993707328756248,-0.2074674742564472,1.3832370944038406,0.34095431844586677,-0.3965360441716146,1.428349438610744,0.2588986218563287,-0.5012877089582696,1.4434516814049334,0.2209009312463873,-0.510206869308167,1.460239585751994,0.2346945544255835,-0.5129578649571194,1.4588056081647967,0.24103362980992815,7.406779661016949
0.2539075514864185,0.8996301886031088,0.3950365248432975,0.2734388687050992,0.4902930472401167,0.4582491333291875,0.27404779408139857,0.11607032054565256,0.5149892930295189,0.26135569490086935,0.09125996472886529,0.312054606351533,0.3168088821851532,0.08909104713188148,0.35682133241513203,0.25365538868521886,0.03312168571572358,0.6101494700426405,0.07542903170884858,0.8967101688340838,0.40409053254269445,0.07049474955755293,0.4595409700587992,0.4851084266416313,0.0805183963591293,0.10876670599640201,0.5117707735620515,0.08869345884385763,0.09326068066482908,0.31001559473985285,0.032929474520170525,0.06582325776187578,0.3888420908262992,0.09619319304878732,0.06615069894814524,0.546864894675146,0.1506425361446848,1.383260466463243,0.3813752517003334,0.13985826344378643,1.6272467873394283,0.29736411259638557,0.13667085899901524,1.4780628153411635,0.26575103432532227,0.28687703419681887,1.3628183125318567,0.3887072345961463,0.490919299915066,1.3833250455374368,0.321535360653818,0.7042270743208898,1.4471544757300767,0.26270777256375577,0.8105829861709553,1.4962874422588661,0.21686879110846824,0.8165823078456259,1.5090158267036855,0.24361062527723149,0.7936386821776302,1.4854507475252312,0.2744935711512606,0.007152688681085659,1.357553410854214,0.3990331941322104,-0.20651612658066007,1.38350861730517,0.3387349141605231,-0.39522685320257667,1.4295922018668656,0.2581209693663695,-0.5010591297546861,1.4475696872620993,0.22317776067022085,-0.5088273629553381,1.464263578566271,0.23394213528309882,-0.5106720579668815,1.4629668785650474,0.2389297345012435,7.423728813559322
0.2533563514944071,0.8999550628942996,0.39397955349012265,0.2730996808283865,0.4908988469966496,0.4572773592126069,0.2741331370462773,0.1161850383459989,0.5148327055549848,0.2614125244193851,0.09107424257150153,0.31233198180505306,0.316801018845709,0.08908571034845852,0.35682991126993135,0.25319747143069293,0.033113759562858266,0.6100919261068734,0.07570497155821121,0.8967216417629092,0.4026589566957793,0.07057446925013756,0.45896656719817547,0.48518297759466344,0.08040896279918858,0.10913613916496132,0.5116066340587246,0.08868507176563989,0.09325534502457983,0.3100148676430398,0.032919505995105416,0.0657152283070456,0.38861832226110893,0.09590221096899545,0.0652407627593452,0.5484626527774442,0.15190806557748782,1.3835293773988684,0.37968611159039084,0.13930769263160114,1.6285915622656943,0.2973445926924197,0.13669397727657098,1.4785735810163994,0.2658093207106854,0.288303143659306,1.3625913925491477,0.38650774108064756,0.4923051523297851,1.381088111812897,0.32268001731943363,0.706027779819969,1.4390517346414275,0.2631125330166481,0.8111215821754509,1.4945596381474853,0.21518655970580847,0.8167574174924923,1.5061286571607146,0.24186610795994995,0.7948396301916103,1.485328325123942,0.2722542495570343,0.007131221431717658,1.3583327551603792,0.3988005960851859,-0.2055142200614236,1.3839952382341854,0.33638365641903617,-0.39372201904895326,1.4304080558005574,0.2579460783570504,-0.5001458027366179,1.4505175541696667,0.22491958828756378,-0.5069052161517588,1.4683001191024698,0.23247527216839659,-0.5085313286101066,1.4673421333324113,0.23795834686126294,7.440677966101695
0.2528280641039256,0.900303110756505,0.3928226703421805,0.2728956908462191,0.4913771962523127,0.4567401870329669,0.27420408984461436,0.11623409200634893,0.5147020754826434,0.2615204425959593,0.09096203558346143,0.3125008724703184,0.31679754816699607,0.08905571429297938,0.3568819632960576,0.25271108898631917,0.03319043597454045,0.6096885778813057,0.07609802846355752,0.8966916030679982,0.40142712918869095,0.07064829786196304,0.45838494088582366,0.48523681187224127,0.0803276979794086,0.10940553261743698,0.5114736949803858,0.08867836984794109,0.09323259605595581,0.3100417180131465,0.03290254313097896,0.06576594116771609,0.38847003603022506,0.09558077214601998,0.06426413139838588,0.550175331548951,0.15344638979405123,1.3837850842751522,0.3785021125888798,0.13915234032206117,1.6299279562422286,0.29749514995461396,0.13742821206304817,1.4794047949431306,0.26466582313424836,0.28967926005825556,1.3619835640775817,0.38413422705506095,0.4939351541763549,1.3792803403515748,0.3234556796326092,0.7074289471503525,1.4304789963284348,0.2635267327763764,0.811977838256673,1.49085622021791,0.21233713025557624,0.8179536322291514,1.5034719677124981,0.23938377632032637,0.7970914526586474,1.4848423522523337,0.271526276176578,0.007148732790137929,1.358917238245179,0.3987354460920276,-0.20459737811378093,1.3847568482829664,0.3342397828143178,-0.39184744131337923,1.4309069338583924,0.2583005754567731,-0.4984432091202508,1.4527967746902006,0.2254785315617183,-0.5047199440834567,1.472102979400805,0.23085471751690306,-0.5068702316821092,1.471614697857988,0.23874973095948138,7.4576271186440675
0.25228023296686003,0.900650232110752,0.39164695532549476,0.2728895829143444,0.49164247475400175,0.4567932633620746,0.27425730243184815,0.11621733523408082,0.5145977146781034,0.2617459716806616,0.0907925292885733,0.31259966347161483,0.3167979430170709,0.08899276710874895,0.3569597124202054,0.25220514421796825,0.033181770657663145,0.609132210493011,0.07656872249985339,0.8965244471646677,0.40037608685682485,0.0707157418376387,0.45777882808212395,0.4852588122023002,0.08028300355635971,0.1095351680843902,0.5114089381084421,0.08866903320558618,0.09321055205334097,0.31010317295580087,0.03289440900324919,0.06585558717832653,0.38844645477334094,0.09522835943467269,0.06335262409339613,0.5517535551016154,0.15508068322164906,1.3839644172235928,0.37789781078662865,0.13948781375096816,1.6311584381263218,0.2979223817419968,0.13875555869010534,1.4803042158798558,0.2626212484294391,0.29082645046482036,1.3610376849846058,0.3819288743349496,0.4956675769420567,1.3776254635125078,0.3244649456541501,0.7084688257743661,1.4221184358907994,0.26405480445862195,0.8132470743457583,1.484724403965042,0.20932460172055056,0.8209844849958461,1.5005688683247123,0.23816365905964124,0.8004839970701226,1.482978403845945,0.27264669141512965,0.007202712552911547,1.3592433855137973,0.39884387037175856,-0.20389184309471522,1.3857128966132537,0.3326165826618964,-0.38966692170814965,1.4312321213500863,0.2590289222253291,-0.4957299510832596,1.4548402122830184,0.22400981938034922,-0.5025894688787921,1.4753720792050553,0.22953291345138263,-0.5057544561733806,1.4754014732873453,0.241096787094056,7.47457627118644
0.25166737778404336,0.9009598779693699,0.3905539980474275,0.27306237248779763,0.49160490622202835,0.457349977457981,0.2742901946681979,0.1161347461708896,0.5145200913407404,0.2621308167577231,0.09054441550965836,0.31261195983638856,0.31679614378241727,0.08890147430928275,0.3570414775841664,0.2517009064543876,0.03314077086444037,0.6084526953692196,0.07706884863909874,0.8961857892986841,0.3994374232120982,0.07077436281039338,0.45717305949853476,0.48523697133591803,0.0802760036761245,0.10951779417566822,0.5114361212518409,0.08865773927507725,0.09319458659763179,0.31018733734817283,0.03290132147077622,0.06595290786992142,0.3885978518207472,0.09486250689504819,0.06265025123665834,0.5529436271896909,0.15660758243446143,1.3840395720233534,0.3776782642131677,0.14029739700815966,1.6322472630743323,0.2987032159516173,0.14037159195761237,1.4810138790769096,0.26029222045158423,0.29162273113329645,1.3598818760376874,0.3802315006062517,0.4973601268516436,1.3758488085059997,0.3260958318939089,0.7094014176040677,1.4145881253778925,0.2646998450408682,0.8152561610216248,1.4760933701882226,0.20745959870534753,0.8266213703141845,1.496109420572858,0.23971997325066358,0.804665647316096,1.4785167118652103,0.27575705178649523,0.00728249746235498,1.3593148329977318,0.39907735530128285,-0.20348916381595844,1.3866353476826998,0.3317332304771687,-0.387495425300075,1.4314307330271627,0.2600276949884275,-0.4921700724662683,1.4569946779424898,0.22027077612514778,-0.5008008684692377,1.4779024918825707,0.22872120011013053,-0.5050271120561445,1.4784515527857915,0.2439865426675803,7.491525423728813
0.2509718931583623,0.90119868252146,0.38964176068361617,0.27334218207935634,0.49118744486490373,0.4581887016160399,0.2743005255206986,0.11598886310999901,0.5144705441754036,0.262617365256117,0.09031912011284922,0.31244345701890724,0.3167887623383371,0.08879883084523262,0.3571151237327133,0.2512331209430795,0.03328152070220599,0.6075507880676729,0.07754260497132799,0.8957288567034578,0.3984713895397246,0.07082276700716951,0.4565957186938436,0.48518173727308306,0.08030587051224015,0.10935036880365459,0.5115475745448519,0.0886468820282072,0.09318388825485192,0.3102784918812087,0.032919423706471294,0.06608964741697038,0.3889095003717051,0.09451430166817042,0.06222903249092532,0.5536297074998167,0.15779724830673533,1.3840267220749456,0.3775388281411117,0.14151318450825745,1.6331716895843666,0.29969975023878287,0.1418931926039647,1.4814204242858986,0.25844513762790755,0.2920661446790239,1.3586784983119387,0.3793362592534837,0.49890670087563804,1.3738853038874126,0.32851798034825463,0.710813767083309,1.4083319001939896,0.2654234964206744,0.8184346221460506,1.4653389238113463,0.20767961444633476,0.8351889865573866,1.4887883075852568,0.24418847787542292,0.8091889351618676,1.4705012798414498,0.2806176816173579,0.007367337309743495,1.35922903905659,0.39935215726201817,-0.2033849248422511,1.387292023490842,0.33158765915281335,-0.38569856814372927,1.4314921459026513,0.26121561608578503,-0.48842346840053585,1.4594048677521423,0.21498513023183932,-0.4995743288280741,1.479656999901279,0.22844176884435513,-0.5045264500045864,1.4807254278971107,0.24619443844802844,7.508474576271187
0.25021826719636525,0.901368694383724,0.38890675612280706,0.27367513903752355,0.4903358352656945,0.45915494118414946,0.27428516775972683,0.11578114226276019,0.5144494820836842,0.26313298130926777,0.09023773309462155,0.3121458317733097,0.3167804991437364,0.08870614914002635,0.3571924046230881,0.2508331547620305,0.03372292654962652,0.6063308212662872,0.07794898201503388,0.8952619891654132,0.3973600538461645,0.07086822077961875,0.4560327814782845,0.4851329676391654,0.0803734469565168,0.10902854018968264,0.5117077804639585,0.08863653340431064,0.09318033387398594,0.31036298278374413,0.03294130239950128,0.06626314258667046,0.38927817071876575,0.09421259026872515,0.062094422397510535,0.5538072363833721,0.15846176334714596,1.383994523456175,0.37732971620937483,0.1430627795616017,1.6339491189793338,0.3004234131911076,0.14299883380024458,1.4815981425163092,0.2576179033631215,0.2922542947236119,1.3576113435303492,0.3792911651972366,0.5003414928342955,1.3718900201410311,0.3316989004601663,0.713180585954708,1.4035786422308938,0.26634556882239746,0.8229701606020696,1.4531073615064065,0.21019913254742398,0.8462437409285805,1.4778926191908126,0.25087926024358914,0.813965786271078,1.4584394773856255,0.2867943451541384,0.007434849956634676,1.3591192252610163,0.39958559913741803,-0.20344674928519368,1.3876386665942504,0.331885977196321,-0.38446810908491624,1.4314630498831744,0.26246581133124286,-0.4851326635808041,1.4618984788289364,0.20944932665091717,-0.49899369417171835,1.4807662907361054,0.22856386724233627,-0.5041680605240407,1.4823653595850113,0.24690737770942955,7.52542372881356
0.24946935209579124,0.9015152812376473,0.3882117578836628,0.274065993557284,0.4890452317023461,0.46025427300697946,0.27423920965467646,0.11550220306313934,0.514455907380097,0.2636467130349618,0.0903020514159332,0.3120721325490127,0.3167759066927861,0.08863792956737297,0.35729585946749026,0.25050949519541454,0.034385178100066145,0.6047903345184537,0.07828308103487389,0.8948895179844861,0.3961134848750685,0.07092213991183988,0.4554479001034194,0.4851314968862795,0.08048119776613102,0.10856318876928452,0.5118836224480806,0.08862472981040542,0.09318853692434875,0.31042818227521224,0.032959352812325884,0.06643676547319535,0.3895822113030112,0.09397176534454604,0.06223198658768564,0.5534938005409308,0.15862263893876247,1.3840470342100046,0.377104660111387,0.1448287383198745,1.634687636476549,0.3002876541997362,0.14353754688126732,1.4817783877119175,0.25780120297881576,0.2923102139357544,1.3568530187538588,0.37975206691548724,0.5018629788315638,1.3700488938926774,0.33542617608953806,0.7164113762389239,1.4002867217416235,0.2678224713101463,0.8286284796959291,1.4399922848558613,0.2145529388479335,0.858615433014944,1.4631068703387504,0.25904789281162205,0.8191739967852242,1.4423138295728897,0.2933345076518953,0.00747247115566845,1.3590575597949848,0.3997264418350709,-0.20350648543896144,1.3877963216811573,0.33223070937479365,-0.3837305474497442,1.431433410681769,0.2635609243733842,-0.482576660860528,1.4640306737177935,0.2049711128127423,-0.49892365366924857,1.481449965124885,0.22883210077501323,-0.5039010844589646,1.4835379799803259,0.24586404389780464,7.5423728813559325
0.24879055044521167,0.9016870471880392,0.3874036098133616,0.2745316479610451,0.48741092896784083,0.4615134756721453,0.2741569587806294,0.11512511510448356,0.5144897115890558,0.2640909402793629,0.09030016536870934,0.312792333665273,0.3167727249629875,0.08859727324248574,0.3574384154242727,0.25023683696892535,0.035110938623191965,0.6030682182236825,0.07856240574431453,0.8946564336012404,0.39483278688302564,0.07098538952303907,0.4548523188162975,0.4851797398713036,0.08063063604326258,0.10798430130175316,0.5120716549768369,0.08860992925100628,0.09320553517535625,0.3104656006177997,0.03296557019033327,0.06658181428738039,0.3897518109283474,0.09379531608299993,0.06263366635013756,0.5526925448969069,0.1585801602462238,1.3842760046261284,0.37696958501711586,0.1466186755480351,1.6354991743941985,0.2991980984212378,0.1436174018679834,1.4822997856879256,0.2583551448415111,0.29232348759699694,1.3564787861816117,0.3802171233053431,0.5036196454722516,1.368446698182591,0.33934849330460976,0.7198833870371599,1.3981137016653356,0.27016434069684325,0.8347339906962905,1.42631051326904,0.21967094922244038,0.8706046625548267,1.4444375477646878,0.2674820342600164,0.8247557677991102,1.4228207285272503,0.29845668449670504,0.0074754536334607725,1.3590484645825125,0.3997618628521741,-0.20350287891547686,1.3878699653014244,0.3324397073696296,-0.3832989646684367,1.4314645081355581,0.26424204251279676,-0.4808589094531127,1.465205123243678,0.2027057205327461,-0.499067411990461,1.481887122015627,0.22904492139375798,-0.5037103377412939,1.4842332910590965,0.24322860058772763,7.559322033898305
0.2482181751558872,0.9018998273054023,0.3864310851690681,0.27504175171063955,0.4856138958352326,0.4628384461192078,0.2740375636851215,0.11462851071365515,0.5145513668396537,0.26434797355664236,0.08988166421853992,0.3148201556230379,0.3167664032208455,0.08858037599143558,0.3576187500706557,0.24996612378745242,0.03575839591777703,0.6014245275804444,0.07880131444535678,0.8945515921266727,0.3936036978469002,0.0710477325449095,0.454303274002259,0.48524588557902815,0.08081723403508977,0.10733915262199493,0.5122801068152669,0.08859277789274089,0.09321708584509586,0.3104760175336416,0.03295427316422323,0.06667427364861322,0.3897701995130878,0.09368356586061946,0.06329050011332961,0.5514200955736983,0.15868364574312616,1.384751827648975,0.376975254654598,0.1482498382284505,1.6363466965328202,0.29781060430283435,0.14358303514069345,1.4834073566572983,0.2584090980980412,0.292326118415444,1.3564147351795524,0.3804286652054017,0.5055117012714725,1.3671388653883005,0.3429793594520049,0.7228920655121082,1.3965675255789929,0.2732914318189583,0.8402967521071998,1.4121161045832387,0.22399415247161802,0.8801754985652672,1.422616803147034,0.2739486265750417,0.83015686431073,1.4013805830713233,0.30069863258270957,0.007432275647798843,1.3590886563138573,0.3997195179615018,-0.2034988239266877,1.3878766197448695,0.3326061657667147,-0.383080222808476,1.4315699116145413,0.264430263284967,-0.47989773558461357,1.464926573663543,0.20335070246020412,-0.4991829304962381,1.4821210943738832,0.22923291924675934,-0.5036127637626338,1.484251571089378,0.23947951702661963,7.576271186440678
0.24775825674777444,0.9021406231374782,0.385357586350488,0.2755353453628347,0.48382340277562286,0.4640820238631853,0.2738945198343968,0.11405424442884901,0.5146360205549798,0.26435999232892493,0.0887912387049083,0.31830247644900966,0.31675663148467986,0.08858120074070365,0.35782640299150464,0.24966133127505172,0.03623410346237963,0.6000790298692507,0.07900342665449397,0.894539556331342,0.392462877760161,0.07110128454314951,0.45383630804925407,0.4853043649777025,0.08102545623269901,0.10668852721051697,0.5124893911020688,0.088575727605403,0.09320987398488331,0.3104691069446663,0.032927024760744855,0.06669097427190529,0.3896423594847102,0.09363381184688482,0.06416376988540642,0.5497736897889163,0.15904783150186103,1.385526978601227,0.37712281268699516,0.14963396055437392,1.637045098485619,0.29706828864755047,0.14378591915637076,1.4850049467504332,0.25750639603255054,0.29231467892809004,1.3564924681055421,0.3804371812337125,0.5072869164828976,1.3662295645607105,0.3458059179938947,0.7251067025117303,1.3952805502025727,0.2767919839896734,0.8442978728415964,1.3974778257262201,0.2259739226614596,0.8853644264307948,1.3993830470582647,0.27587713616198817,0.8345253551315969,1.3796229112673135,0.3001898298604185,0.007319092270478746,1.3591794935587507,0.3996547080584314,-0.2035593852057081,1.3878014134721515,0.33284235489562874,-0.38304215004583475,1.431688559530378,0.26436200833588264,-0.4790642302726178,1.4631000531264513,0.2063426446274777,-0.4992155721565784,1.482027635418182,0.22950767258322186,-0.5035677923718996,1.4834397612460741,0.23525821769790375,7.593220338983051
0.2474002029553629,0.9023861326313558,0.38432653999697297,0.27596679019531156,0.48213041461694367,0.46515604209415923,0.2737561770801915,0.11352579779931411,0.5147300347957535,0.26418580165183037,0.08704202554000126,0.32292139217349936,0.316747652537898,0.08859204702008133,0.35804869808843587,0.24932590447518738,0.03653229817833838,0.5990502968017911,0.07916236291351207,0.894575660156782,0.39142399219857427,0.07114550663155332,0.45345091111825264,0.4853607929834794,0.08123010760607502,0.10607590858015012,0.5126617114286462,0.08856054870885888,0.09318365395768746,0.31045729926949506,0.03289341256687235,0.06662229886636833,0.38938255746535205,0.09363564545993373,0.06517004460957067,0.5479568753972545,0.1595641101747398,1.3865891183083567,0.37739231990812994,0.15072023648785735,1.637400701019914,0.2975564277663674,0.14435363198219683,1.4867074528423003,0.2557496560501328,0.29228926371533137,1.3565605335841833,0.38038135650801574,0.5087291533144324,1.3657870647822283,0.3475433288821604,0.7265621113918743,1.3941209929945904,0.28022921619187335,0.8459192825404094,1.3827412519570137,0.2247950487377413,0.8849441306592016,1.3771575790713346,0.27174348870952025,0.8369362457649889,1.359026197667795,0.2978513020809258,0.007154619454945747,1.3592864414511552,0.399598443469718,-0.20362449490712625,1.3876738935325725,0.33300390012390013,-0.383077209126921,1.4316566099851997,0.2643948100968583,-0.47721376707490226,1.460059404579146,0.2096076007841941,-0.49924430841150746,1.4813379442421897,0.2297664193607375,-0.5035190516450716,1.4817238349585586,0.23127361044251987,7.610169491525424
0.2471359278050931,0.9026161741870835,0.38348468969192584,0.276317342682965,0.48056412776495977,0.46603458061984904,0.27364961262847876,0.11316833672402626,0.5148167347157743,0.26394918281660373,0.08482724173040883,0.3280598168004137,0.316741656744857,0.08860330427190113,0.3582652887186457,0.24898432348151375,0.03670812224224039,0.5981988647195242,0.07926421382829107,0.8946254517927076,0.3905069290728401,0.071184934983843,0.4531436949180297,0.48544192867341446,0.08140031661339708,0.10550819436696998,0.5127883534469403,0.08854776062328257,0.0931492096837413,0.3104467617114296,0.03286700905289021,0.06648376034074367,0.3890353755573783,0.09367073269377613,0.06619996680779827,0.5461812858158425,0.1601197111752151,1.3878227533262788,0.3777524501229795,0.15139021692265123,1.637353539779788,0.29932970928883257,0.14519875564192897,1.4881574451257042,0.25345460595880165,0.29226109715839743,1.3565626413413576,0.3803435591255309,0.5097352429573448,1.3657353799400798,0.34828561314491435,0.727294310314961,1.3931034536380948,0.2832557129126498,0.8447810270911518,1.368454195771357,0.22075927698792197,0.8789655645212164,1.3581065950528355,0.2619324380764304,0.8363831598148348,1.3409371974084845,0.293950371256662,0.007082038646282041,1.3593265147549354,0.39952690692328585,-0.2035154379738739,1.3875600970665336,0.3327052873932055,-0.38306094700614324,1.4312886827923015,0.2646832882690005,-0.4733653902942005,1.4562703620342947,0.2107036543855558,-0.4993802899269424,1.4796860489187222,0.22969500918488597,-0.5035870014948247,1.4787638731344457,0.2281958687294912,7.627118644067797
0.24697614978319193,0.9028297563676991,0.38284197059774094,0.2765864916046705,0.47913402979193714,0.4667159078137552,0.27358476729808767,0.11300962056993472,0.5148877144386277,0.2637570176046904,0.08228427437625589,0.33301504353600836,0.3167335421587743,0.0886044892285019,0.3584370095424825,0.2486607905766552,0.0367960259203819,0.5974236515874471,0.07930112765227998,0.8946893383773165,0.3897682074571086,0.07123033136516103,0.45290420406958604,0.48556719405447457,0.08151164927675465,0.10497571619981158,0.5128953643543924,0.08853937963194695,0.09311731810554165,0.31043346802953947,0.03285915977823615,0.06632889002308566,0.38869859395589273,0.09373306066070125,0.06715005882971391,0.544533106414774,0.1607423940541987,1.389025263029991,0.3781682944441628,0.1515076553789419,1.637054269885999,0.30213623062253214,0.14617280349987863,1.4892308601989024,0.2508921581441843,0.29224374478500914,1.3565251905875269,0.38034388418044185,0.51039015773229,1.3658891416701817,0.34835154185725126,0.7272582358393016,1.392298721806373,0.2855491094754755,0.8412390227073732,1.3551751626733177,0.21506170663745186,0.8687841049787255,1.3432773471214654,0.2484901200515169,0.8319422894891271,1.3264447584772834,0.2880917610125346,0.007303048010719546,1.3591765621180794,0.39942036298408456,-0.2030638463924526,1.3874644643312855,0.3316006046141908,-0.38301469846972686,1.430519425425982,0.2649549547780081,-0.46749079219977163,1.4519469734796995,0.2083906655989432,-0.49968049816782634,1.4766377252889022,0.22879545359081144,-0.5039563547909357,1.4739063769946679,0.2260900360303704,7.6440677966101696
0.2469390833875224,0.9030645510624897,0.382201717112307,0.2767842185248742,0.4778507520318907,0.46720787694485283,0.2735539936771574,0.1129799037472812,0.5149556188786613,0.26364448451511974,0.0794617056902524,0.33715881075549425,0.3167171451246743,0.08858934379376246,0.3585253311648482,0.24838219786158272,0.03678317153261953,0.5968348169129927,0.07929027172629792,0.8948055289639709,0.38931105917917563,0.07129430572457385,0.4526859391968614,0.4857337393899645,0.08157271630224794,0.10447020006793427,0.5130053944920911,0.0885390307667833,0.09309189948971515,0.31041091263621967,0.03287002884894591,0.06623144838509604,0.3884896507484238,0.09385642359260793,0.06796867855788763,0.542971214703442,0.1615035214278599,1.3899726273020787,0.3785877829522345,0.1510653535323166,1.6367844991029832,0.30556242144258816,0.1471090820504078,1.4900095671315812,0.2483166907053984,0.2922490273946269,1.356490674145293,0.380374438088801,0.5109590893431029,1.3660658209820093,0.3480338621929286,0.726600711298972,1.3917815770743927,0.286830403441875,0.8363616699088744,1.343471169664731,0.2092108033314462,0.856549225943024,1.3327063196440934,0.23392846374441081,0.8234205617852626,1.3161414159012885,0.28026521714605684,0.007894254095030305,1.3586627393410955,0.3993271734275066,-0.20219752315838374,1.387303316714712,0.3295698221348598,-0.3830860170289285,1.4294168041332345,0.26461375346679744,-0.4607045526373704,1.446901472333024,0.20312971642507965,-0.500095467265769,1.4717599300015485,0.2262910258649079,-0.5044353684320417,1.4666792321288968,0.22387945126254513,7.661016949152542
0.24702896508923522,0.9033799629049464,0.38129653253598494,0.2769258767784054,0.47672350025384846,0.46753690375535917,0.27354146829935455,0.11301821291635895,0.5150604687172776,0.26360698584073006,0.07649442651047672,0.3401040478532968,0.31669438038049036,0.088560213581524,0.3585257360568564,0.24815773473808597,0.036678909471937624,0.5967146730764687,0.07927540861102346,0.895022739020936,0.3892228866616868,0.071379414869878,0.45241932108253957,0.48592659230046503,0.08162299289814355,0.10398814263828683,0.5131188570957523,0.08854767273524997,0.09307297735957956,0.31037993660937824,0.03287695624594089,0.06620352088972312,0.38848246613499626,0.09409709350568679,0.0686752128391387,0.5414561502308477,0.16227209644691276,1.3905589369340956,0.37890213626510844,0.1502183252814848,1.6367621840470494,0.30895448822120725,0.1477228177276405,1.4906601735083387,0.24613467816392554,0.29228208634022645,1.3564790146379857,0.3804247977277053,0.5116472020457694,1.366139988528446,0.3475754509024214,0.7257153540604264,1.3915608089182316,0.28695817190456546,0.831415916701949,1.3339760610784457,0.20446818791219468,0.8444884998943579,1.326132610772939,0.2202287788824823,0.8119732666191615,1.3100265246195912,0.27174540572249845,0.008750619776705649,1.3576274996092352,0.3993294142920477,-0.20097053963071554,1.3870298975987425,0.32676033404515636,-0.38338783873502424,1.4280676258584157,0.2632690535638577,-0.454547373453825,1.4407339019338492,0.1963380569402294,-0.5005290778110801,1.464736833465183,0.22163741519654925,-0.5043471140377246,1.457171658777934,0.22009735584759094,7.677966101694915
0.2472457833058492,0.9037854330264067,0.38001693551931676,0.2770335390298385,0.47574840356986936,0.46776423069822337,0.2735334422790241,0.1131590826513755,0.5152489864266177,0.26366058196032605,0.07367351376987379,0.3417836619670485,0.3166717941458729,0.08852213037775178,0.35846473828672815,0.2479591213765595,0.036563492371085825,0.5972306336084259,0.07929823146512818,0.8953397050211307,0.38946875557305194,0.07147737409757217,0.4520612169201049,0.4861316876601221,0.08168914817267349,0.1035356240709203,0.513224641179995,0.08856164584535381,0.0930610301485873,0.3103491477552338,0.03283490906515384,0.06615121700366929,0.3887080828439648,0.0944863248812969,0.06929730256570818,0.5400483444243604,0.16270399759151047,1.3908892312965058,0.3789668592867646,0.14918309821191883,1.6370401619491843,0.3114602301903874,0.14763956123231514,1.491333269952262,0.24492558809349563,0.29233877383446333,1.3564905969168222,0.3804883175711957,0.5123863230707589,1.3660518309433785,0.34731580760949965,0.7249730198342476,1.3915711307934722,0.2858899153888819,0.8273536580609644,1.3272107554795949,0.2015265469426626,0.8344617332669693,1.3231085773099471,0.20892494212908252,0.7999596041428458,1.3073924861555375,0.264599371658623,0.00965733206080531,1.3561041585158122,0.3994662950464737,-0.199632305407753,1.3867241932614278,0.3237166532961734,-0.3839693827579049,1.4265571569859632,0.2611707146269374,-0.45000702038877216,1.4330840503530744,0.18946182862998354,-0.5009520843910348,1.455423206943091,0.21541320876025824,-0.5029078539342848,1.4459561356167177,0.2141607592149673,7.694915254237288
0.24759286140152914,0.9042150779130488,0.37846845908046545,0.27712851433818403,0.47491703470730745,0.4679540922514491,0.27352458162314497,0.11348754021682465,0.5155039994736141,0.2637591393504625,0.0713526188463668,0.34229680534544105,0.31665189641726177,0.08847599194526001,0.3583694528264595,0.2477673263946881,0.03652070642058678,0.5982175943652555,0.07935712615780867,0.8956604048845772,0.3898631877284209,0.07158088340469089,0.45161976447026103,0.4863391470190896,0.08176611497312332,0.10312900813524742,0.5133126344932656,0.08857599658934676,0.09305585691583912,0.3103276724091418,0.032725944217766256,0.0660030158320147,0.38911933697397844,0.09500638546251448,0.06981611108526067,0.5388699310664512,0.16256479243734884,1.3911358287101414,0.37871960197301535,0.14813250948774678,1.6375473555091713,0.3124858290793808,0.14666600454462408,1.4921468954881192,0.24517874619536378,0.2924095946549732,1.3565207051740766,0.38055630091813,0.5129121571733011,1.365852278468533,0.3476915961954732,0.724491651587997,1.391794210853628,0.28356839697398917,0.8246569269429156,1.3232876971047685,0.20031570043185154,0.8277727967200572,1.3226771345181452,0.20126874824393798,0.7900568649551722,1.3070118376016566,0.25984593449100307,0.010365585722293659,1.3544059048479655,0.39970204908257645,-0.19863142295954375,1.3864986296597746,0.32141079594093425,-0.3849133907264095,1.4251004610891342,0.25899422084554935,-0.44733722063348813,1.4237311084839188,0.18370622836150374,-0.5014150547507066,1.4438618312257836,0.20926053859271995,-0.4996616458959307,1.4337872469250676,0.20655681714907353,7.711864406779661
0.24805653113623913,0.9046096016002984,0.3767870933569079,0.2772008008386497,0.47425887196004096,0.46807600837405455,0.27351797127834976,0.1140266958080156,0.5156930035945855,0.2637146473282532,0.06980012302456218,0.34177859351072126,0.31663400430201927,0.0884239267965859,0.3582523982903894,0.24762276005438388,0.03657351906734075,0.5992910347019037,0.07939636719597808,0.8958435478297478,0.39018346903038836,0.07168905644437777,0.451135986006081,0.4865433545850603,0.0818382617306179,0.1027876328096415,0.5133791010904262,0.08858871903590188,0.0930567841616835,0.3103185723514831,0.03263886135955578,0.06589351797665062,0.3894250222220092,0.09559011344615902,0.07018760264250912,0.5380167655906686,0.16194647437892076,1.3913529810431349,0.3782405218474059,0.14718142490550049,1.6381601529937158,0.3121966125383052,0.1449909938766336,1.4931812920083116,0.24699815315045226,0.2924836505328503,1.35656615084726,0.3806123388624855,0.513001088360203,1.3657094532164862,0.3489954537250377,0.7241083841044719,1.3923337969478853,0.2800207572928976,0.8233243870325022,1.3219277275908832,0.19995715664852692,0.8248527860611699,1.3236295080960054,0.19763315643684523,0.7842149037226609,1.3078513526372018,0.2566984918318693,0.010671886241543152,1.3529924929720567,0.3999529903958908,-0.19848349776087518,1.3863769829544537,0.3208303881048303,-0.3863588004369193,1.4241062384144123,0.25725037187778266,-0.4464915242250655,1.4126589239674454,0.18008077502453088,-0.5019318944291156,1.4303282692156358,0.20485438806414002,-0.4947405514630845,1.4213820916565891,0.1984574633162018,7.728813559322034
0.24860669366939964,0.9049780380971555,0.37498094988201786,0.2771966384286564,0.47386706521403826,0.46797649519887047,0.2735211470753268,0.11468523622255458,0.5156724610690804,0.26335309384173444,0.06910525107827621,0.34046146610413547,0.31661977217857584,0.08837612636719387,0.358120169736125,0.2476084329710929,0.03668590971385865,0.6001441313333381,0.07935061429457647,0.8958104710750661,0.39031185036435845,0.07180404720346131,0.45065991182985615,0.4867412607766375,0.08189578367612221,0.10252817592257019,0.5134244607070589,0.08860156823039161,0.09306692894127598,0.31031910949557495,0.03275149057652586,0.06611947545271847,0.38912002350864205,0.09616900475357958,0.07038139672404525,0.5375268232296385,0.16112767418072083,1.3915343672849207,0.37763209868767145,0.14642904528514242,1.638748798842124,0.3113804705168085,0.14304845348226053,1.4943664703030353,0.25010507062993687,0.29254903411337096,1.3566229441763584,0.3806369667121468,0.5126392989516957,1.3658148563677168,0.3512068583688428,0.7235724009313138,1.3933240627518122,0.27560520224125373,0.8229923456041518,1.3227852622012988,0.19931112625363062,0.825080210803486,1.3251787622833746,0.1970942973639809,0.7830917753301095,1.309430972808427,0.2541705014129551,0.010477687073878863,1.352220891157403,0.4001496397162947,-0.19960270362519889,1.3862442970723627,0.3224084979200885,-0.38838374621425675,1.4239666830018367,0.25605723914199185,-0.44715104288917024,1.4002019336788083,0.17897740988727995,-0.5023619770135687,1.415353683755574,0.20311650072225584,-0.4887424831117876,1.4094142610621954,0.19149834311637487,7.745762711864407
0.24921418808957618,0.9053609828503704,0.37298429140227535,0.27705359800918566,0.47386585304282247,0.4674966786887786,0.27354243474509643,0.11532935963733014,0.515439245445516,0.26268169888917614,0.06923685891943089,0.33864540140654115,0.3166141562556274,0.08834819867811138,0.357986963328597,0.24780377181383337,0.03678566800832968,0.6007163082357457,0.07921060773722699,0.8956053957052033,0.3902281181002989,0.07192733126592105,0.45023497226594295,0.48692954538807215,0.08193563452811031,0.1023594023435688,0.5134493346889438,0.08861715404081305,0.09309183793776696,0.3103255253271861,0.03318894029258536,0.06689620452973273,0.3878598889069174,0.09673904205899399,0.07039501277253478,0.5373947176051878,0.16034889007878733,1.3917208362366764,0.37689633728926736,0.14596136579519797,1.6392101226707008,0.31076316510277446,0.1412108063035987,1.4954037165456209,0.2540743163437188,0.29259480176444685,1.3566843943881834,0.3806211542300327,0.5120299373056829,1.3663270052512588,0.3540763611517603,0.7228204137299244,1.3948354308082234,0.2710567984551584,0.8232172073525976,1.3257396022453012,0.19777444803454639,0.8271631314316779,1.3273025768116016,0.19793987902068344,0.7862286294790131,1.3115299521237584,0.2524267173560807,0.009811168589524187,1.352170184470538,0.40027474882991665,-0.20210610061847695,1.3858763975568467,0.3258254283822792,-0.39084553729466287,1.4246820478697024,0.25539868680602085,-0.4485020472218493,1.3870882529514739,0.17964737660535882,-0.502484968703949,1.3997309252345607,0.20407405030051262,-0.48235492177957107,1.3984689521445908,0.18738291652907504,7.762711864406779
0.24983660144630013,0.9057845942783112,0.37075342870287026,0.2767370972859621,0.4743456829058046,0.4665777121197141,0.27358503493809316,0.11591982196185721,0.5151011618467719,0.26183600168449,0.07011843825936681,0.3365071700001427,0.3166218143311633,0.08835436120497961,0.35787515548001286,0.24824622964927823,0.036834298498823165,0.601107554274385,0.07903426718108511,0.8953612934928616,0.3898955833654336,0.07205430383679336,0.4498740035731191,0.4871053859874346,0.08195990778319012,0.10227094808566206,0.5134570021055284,0.08863578437269662,0.09313228880098147,0.31033373440756945,0.03393377504495265,0.06825650969492485,0.385705654955671,0.09732320062650411,0.07023593038127582,0.5376073911928486,0.15977206607133498,1.3919313521767391,0.3761313186353788,0.1457918145466065,1.6394941092587658,0.310568226263053,0.13967038999526568,1.4959326921859823,0.2584496515315195,0.29261662991394993,1.3567439187252965,0.3805734006100508,0.5114206053107371,1.3673374886047691,0.3572126182186511,0.722038381733813,1.396863104422617,0.2671872558796961,0.8235982667023589,1.3309224846340413,0.19548714287558688,0.8297758139789391,1.3305656312294394,0.19871828508981906,0.7924238506905193,1.3141465007365856,0.25196798859783054,0.00885511391803827,1.3526386361398852,0.4003395136013878,-0.2056816473060581,1.3850870227913437,0.33023115538422326,-0.39338324454513435,1.4257272745991452,0.25533436636374235,-0.44955673553899433,1.3742074656712138,0.1807282758877765,-0.5022175175731289,1.3845098499154733,0.20704665902575436,-0.4762989734984315,1.3887712247243498,0.18727510141941073,7.779661016949152
0.2503964129153538,0.9062621898086076,0.3682641114443773,0.2762446576856034,0.47528834020480104,0.4652463913285079,0.27364124751663066,0.11650636039583831,0.5147532608175224,0.26093632992082744,0.07156333780358595,0.3339736035324114,0.3166422840069152,0.08839989535021708,0.35779894684872976,0.24891641058242436,0.03687768296314091,0.6014125267167678,0.078886456309591,0.895205787662077,0.3892439832361121,0.07216693194841362,0.44954794571656376,0.4872673696292954,0.08197383108546039,0.10223400734904448,0.5134555546384973,0.08865558522711953,0.09318325614508123,0.3103350541905166,0.03487928518561595,0.07015247950654119,0.3829725470428565,0.09787914222898783,0.06989327969658125,0.5381788753189363,0.15954881524630882,1.3920590557920032,0.3759079032625678,0.14581838595424035,1.6396083899573153,0.3106426753818029,0.1385544721384001,1.4957917081655552,0.26270184269710756,0.292619681028459,1.3567994739105316,0.38050950113549076,0.510889564058846,1.368759310715484,0.36005853382984443,0.7214026474282724,1.3993369391343273,0.264650360045227,0.8237720692442954,1.3384629754855517,0.19298976144080504,0.8319398386989252,1.335683201840123,0.19897188130922094,0.7999014435797303,1.3177688260407867,0.25261544708187905,0.007922987964722128,1.3532672034254352,0.4003535410068706,-0.2097284716096745,1.3838138796533113,0.3346752387643549,-0.395680173722606,1.4263163174986468,0.2558397024234449,-0.4497989282040196,1.3623310100735802,0.18145005404973868,-0.5016642955394223,1.3708200138522846,0.2109775316624254,-0.47147449639708905,1.3800883177458814,0.19127111921279605,7.796610169491525
0.250810181104515,0.9068009972908497,0.36551131758463384,0.27559898427199064,0.47653774234480695,0.4635702958705243,0.27369901386398043,0.11708464787145477,0.5144337490065792,0.26002719233517085,0.07323842823334407,0.3309278746717112,0.31667063141531393,0.08847687602109038,0.35775240015215515,0.24976776569796397,0.03698103518372457,0.6016583820389045,0.0787910316738679,0.8951977662103758,0.38824168070925225,0.07223050335378607,0.44920257534018104,0.4874113123473086,0.08198148095698177,0.10222351746235163,0.51345478175994,0.08867485380300677,0.0932408480476355,0.3103182448109671,0.03591415494713149,0.07250937308448205,0.3799946587660081,0.09830023802607966,0.06933942563063548,0.5391456560890531,0.15976977925702263,1.3919158554563709,0.3770646238340134,0.1458915501687128,1.639583413573132,0.3107765933493294,0.1379889906983927,1.495059693798174,0.2662667902496406,0.29261368252668235,1.3568553050889705,0.38043818761038134,0.5103453205875779,1.370319145876278,0.36201541393307507,0.7207434944430016,1.4021672794273334,0.26418690586239957,0.8235032710578671,1.3481641071586494,0.1908261807918915,0.8330801955415842,1.3431143383360218,0.19902054224374527,0.8067367407166453,1.3231419553745987,0.25382951294730094,0.007289396370038614,1.353662194459897,0.40034857923298406,-0.21363926664496452,1.382068396625763,0.3384485737791318,-0.3977361707370397,1.4257726144277694,0.25655483579095895,-0.44949635390310283,1.351993242532487,0.18203475340509434,-0.5009843596155928,1.35954516958489,0.21464237571934225,-0.4686635657277948,1.3721584392418127,0.1981958926837004,7.813559322033898
0.2510467516070737,0.9073813610083615,0.36258240728206864,0.2748492371842678,0.4778925084527585,0.4616642464415558,0.27375240978816984,0.1175694745295864,0.5141430026124629,0.2591565970316879,0.07483653527747995,0.3276742432143221,0.31670401154917216,0.08856866624016317,0.35771974511882165,0.25076136099312185,0.037130061978327335,0.6018199105034294,0.07873986212097561,0.8953299641019327,0.386917044468566,0.0722083919188927,0.44877128131007143,0.48752852915215145,0.08198356524161869,0.10222878746988777,0.5134665428871188,0.08869266417830476,0.09330436082542765,0.310281598157051,0.036915779512760004,0.07510330260552113,0.37714274025240563,0.09848957432216246,0.06856612848635997,0.5405137291930562,0.1602670459408721,1.3914087158666326,0.3798711734088116,0.1459344577707361,1.639423962139258,0.31087774300224025,0.1379778507433695,1.4939147608694578,0.2687297987535858,0.2926052103361639,1.3569183386415613,0.38036240573955055,0.509716788293072,1.371760533635546,0.36277922790518485,0.7195917876787706,1.405362329166796,0.26656954049082154,0.8227528716386401,1.359386626034505,0.1893700040024738,0.8330118892229965,1.3527931370757766,0.19922855509944973,0.8116771288061801,1.330616684831406,0.2554539152503572,0.007031982447104302,1.3534932433094298,0.4003896210618209,-0.2169168927308006,1.3799131749646354,0.3410680127636828,-0.3997461065387331,1.423755714809044,0.25695009769818405,-0.4496026005182262,1.3434850004338688,0.18326800973424048,-0.5003245663747752,1.3511911555925396,0.21697114585080318,-0.46787414449581344,1.3652382957286404,0.20595327065686825,7.830508474576271
0.2511388227224672,0.9079420548251536,0.35968979161626236,0.27407112499782504,0.4792216737500243,0.4597028169936669,0.27380028431844206,0.11788337275163982,0.513872308347449,0.25846218878646093,0.07625819467776573,0.32496962348820946,0.3167395469776405,0.08865764704022978,0.3576900455351814,0.25183871803432406,0.03724171945217694,0.601832932221078,0.0787147140732536,0.8955528958413534,0.3853097922234109,0.07209981234355403,0.4482041947561941,0.4876093736460517,0.0819775449300636,0.10225213385490471,0.5134997121186735,0.08870746270415958,0.09336670155139523,0.3102396804659384,0.03767732713003803,0.07739014416278804,0.37501591561721315,0.09842896122519912,0.06763492694652208,0.5421790639517419,0.16056417999841083,1.3906670598701163,0.3837180931243081,0.14597028875032209,1.639104027082603,0.31097959875951425,0.13830425776264596,1.4925399169948186,0.2700112311310679,0.2925946615322134,1.3569922122246385,0.3802888201045042,0.5090275955700874,1.37301908223754,0.3624539507626155,0.7176444510129152,1.4091258102895534,0.2717120991449361,0.8216245159186775,1.3712087680759535,0.18882799223393743,0.8319822040613423,1.364093439994397,0.19964462684899956,0.8145841817223615,1.3398518945275948,0.25790648465010585,0.007064531612699701,1.3526308901250241,0.4005159835975871,-0.2191738904412151,1.3775076843535319,0.3421604962981571,-0.4017135084173521,1.4203529867654072,0.2568324632513479,-0.4513366166397891,1.336955740721554,0.18615179753717764,-0.49983204158028427,1.3459706890533387,0.21780980292836052,-0.468092371652263,1.3601450208158719,0.21231953082901517,7.847457627118644
0.25115120853995776,0.9084014486295793,0.357087608137997,0.27334242599954695,0.4804564084097909,0.45785372505966754,0.2738413930797878,0.11799042014499415,0.513618005917092,0.25807333000417026,0.0775083144179297,0.32341144509116676,0.31676072954527346,0.08872947162728953,0.35766027956408253,0.25289695073286805,0.03729036447709467,0.6016237241045359,0.07870035369199675,0.8958106371710965,0.3834010694814338,0.07195733916901287,0.44754563535770264,0.4876420182944744,0.08195614860161636,0.10232015534640271,0.5135377485775472,0.08871677468978631,0.09340839782702828,0.31021388395161203,0.037939767604753497,0.07863296733694185,0.3743372027804521,0.09820954134585999,0.06668892189506659,0.5439083170951832,0.16018446680447995,1.3899536584108658,0.38771891788941515,0.14606613612976893,1.638608747946252,0.31117844412706336,0.13867459377732214,1.4911176049172852,0.27037285521165033,0.2925789508706675,1.3570726441852,0.3802263631511708,0.5082662263658861,1.3742183722508512,0.36114930229979075,0.7150370023602464,1.4137765751705378,0.2782415351571997,0.820286464281222,1.3826707548630481,0.1891628480569931,0.8305672981275869,1.3760287692182345,0.2001297707416608,0.8160498217062829,1.3500650562142416,0.261639977245935,0.007239189791607368,1.3512515263676301,0.4006931182118429,-0.22022358101567568,1.3751369513806306,0.34166577171897733,-0.4034003324177837,1.4161321776154618,0.25650806122421194,-0.45540823230519356,1.332534000513527,0.19141077160253211,-0.49963588998727393,1.3437919567983923,0.21815372556174856,-0.46792548015621255,1.3577551368859078,0.21577142528285065,7.864406779661017
0.25115273359758156,0.9086899656483299,0.35496724585547923,0.2727045014827974,0.4815357029247924,0.45618737129240605,0.2738747268906357,0.11788203773588254,0.5133782343898441,0.2579666866973876,0.0785225685002729,0.3229862440815822,0.31674346013821497,0.08877646130559604,0.35763741583393543,0.25386101353419716,0.03736198164712567,0.6011953483273652,0.07869385417401613,0.8960831302308705,0.3811075728368478,0.0718497694652384,0.4469522190738984,0.4876117382588011,0.08190938486731573,0.102477854565798,0.5135308974608662,0.08871901996104772,0.09341136414900188,0.3102170395824046,0.03758339766481981,0.0783945622632096,0.3754196015276609,0.0979732251321431,0.06587030484738249,0.5454725072994481,0.15902505989504262,1.389433764477775,0.39122645401581113,0.14626516876615617,1.6379686680231609,0.3115098090414563,0.1389506888300491,1.4898342391576607,0.2702494858535004,0.29255671146161494,1.3571398989678491,0.38017570038507426,0.5072979724651882,1.3755871726910607,0.3585811850546939,0.7120886689458272,1.4195202598423418,0.28429178361312557,0.818916991281246,1.3929399155975513,0.18998178181286235,0.8292837319771955,1.3875008343253674,0.20055140713218045,0.8166914633931361,1.3604867327671393,0.2664024352513181,0.007415691470820191,1.3497622328247076,0.4008420801660474,-0.22017490705058662,1.373142483859974,0.34002402068668236,-0.40462943221926273,1.4120724593366667,0.2563589918843116,-0.46137176711353456,1.3303146058966342,0.19850079374821875,-0.49982463675733013,1.3441460896162218,0.21917427433467185,-0.4667108569699048,1.3584091584405493,0.21612491249828103,7.88135593220339
0.25119824444595446,0.9087888031753102,0.3533823889383513,0.27214922942081604,0.48241777519408113,0.4546828088179774,0.2739007784229393,0.117571311397353,0.5131480064472055,0.2580260397827427,0.07925658310075964,0.3233236654039276,0.3166860551474924,0.0888016718558585,0.3576383146718627,0.25474040097711464,0.0375352057352357,0.6006758589800838,0.07869988366951583,0.8963706971485615,0.37841917898391075,0.07181803266806257,0.4465754844471119,0.48751527954961005,0.08183378485237483,0.10275523057238226,0.5134327766309711,0.0887155880049475,0.09337820962926656,0.3102479932215208,0.0367525761737886,0.07684508193313805,0.377834761266851,0.09781564732605277,0.06522339341567865,0.5467973493611848,0.15739318434051153,1.3890850424642922,0.39370942750810195,0.14650245963688094,1.637261959676203,0.31177922155063414,0.13914806833802185,1.488853610627859,0.2700167363975988,0.292531284421181,1.3571506712122927,0.380125796504012,0.5059853723916579,1.3773348058675696,0.35435856834147833,0.7089434995865694,1.4262727766335763,0.28842571521764787,0.8176633607314833,1.4014195017705124,0.19072313963925436,0.8282803735791912,1.3974961436723974,0.2008332774953254,0.8167572409231455,1.3706154009583293,0.27117564580407316,0.0075290855024620195,1.3485683984390338,0.40092632229518915,-0.21937282710280476,1.3717953987098024,0.3378476877449334,-0.4054311005828455,1.4091977618557012,0.25641140651094596,-0.46780821986818866,1.3302774005012683,0.2053068984707906,-0.500394201318041,1.3461707333812247,0.22116259966859714,-0.46505170318826583,1.3616423416772192,0.21468763717558975,7.898305084745763
0.251330036397845,0.9087853079742652,0.35216586365111646,0.2716340502930954,0.48309934884679856,0.45328939957796704,0.2739216968396314,0.11708869307369671,0.5129212874324027,0.25819717098311856,0.07977107048237311,0.32417879439794245,0.3166060887861146,0.08881643431111837,0.35767558317681214,0.2555642423205041,0.037744681748391094,0.6002379773984675,0.07872014790657507,0.8966419789125574,0.37555104356454233,0.07187322535301698,0.44644708271400946,0.4873767609185049,0.08173985043094878,0.10314686912297846,0.5132462120346286,0.0887102702114844,0.09332946204320326,0.3102996977325054,0.03573306554367549,0.07451636920754733,0.3807717631232279,0.09777034129573059,0.06470003208137412,0.5479371251537548,0.15574652926161403,1.3888352503245116,0.39451719512407074,0.14656933456265023,1.6366014913942835,0.3115763446360193,0.1392528499424636,1.4882615731303197,0.26982548649989474,0.29250697486541005,1.3570653131200754,0.38006596559657985,0.5043575460178885,1.3795192858843255,0.34860609451582114,0.7056138149965374,1.4336744339275642,0.2899628759590988,0.8166222896318825,1.4078269007992594,0.19104460454908573,0.827452808218094,1.4053004795325312,0.2009344078548046,0.8162218654961064,1.380052886541332,0.27481375243995176,0.0076051575768298196,1.3478641979904438,0.40101565018834917,-0.2182354066916234,1.3712439555757936,0.33550802930563767,-0.40589874817133287,1.4081028933020794,0.25641657793435063,-0.4731941261892096,1.3322156991162741,0.20932156953356879,-0.5011850403750955,1.3489873763885067,0.22349114808226933,-0.4642736581982969,1.3663215602034986,0.21356323048955136,7.915254237288136
0.25158696765521,0.9088571711544386,0.350951091728469,0.2711151477003447,0.48359985058888616,0.45196692446287234,0.27394001014163427,0.11648390792424312,0.5127034358210999,0.25850303495140164,0.08010289002220893,0.3254834396825354,0.3165019169556197,0.08883116987559399,0.35774370285790913,0.2563172439745173,0.03782229442691902,0.5999935030347702,0.07875683476868107,0.8968465151222592,0.372876904129337,0.07201646158425375,0.4464955961142413,0.48723811473070355,0.08164419468145881,0.10362302188356258,0.5130183542317858,0.08870613326894311,0.09328264239727407,0.31036765077718637,0.03474452224607409,0.07190951815051315,0.3836184146677059,0.09783319347677327,0.0642184270640147,0.5489748809045721,0.15445802373738893,1.388686167832434,0.3930641328607658,0.14622815736696818,1.6361119524520167,0.3105635377773293,0.1391513024766619,1.4880405863212725,0.26966841366109956,0.2924787827412275,1.3569334870519685,0.3799999482297269,0.5026154294728921,1.3820698943525505,0.3419870615330006,0.7022937774389678,1.441250171628135,0.2889498863233334,0.8158414866979854,1.4122577552370592,0.1909933876701937,0.8267168586045901,1.410732934820705,0.20085269626914198,0.8151422240729105,1.3882977397766672,0.2766446192163222,0.007688528807966156,1.3475749286718144,0.4011843311156393,-0.21708320381972557,1.371552611413891,0.3331789679233976,-0.4060202428590328,1.4087838420004777,0.2561957790822919,-0.4766609023860296,1.335647612109371,0.20917838428834742,-0.5019802015932856,1.3520733750441951,0.22527239695305049,-0.4654626892946797,1.3710266052146478,0.21446013774554373,7.932203389830509
0.2519773434532138,0.909116072928468,0.34947926827855474,0.27059110848758855,0.48396428959056537,0.45070450313453897,0.2739552150109017,0.11581757432947049,0.5125186979365196,0.2589470320530259,0.08020407658581627,0.32702320661431256,0.316374660845965,0.08884847229750807,0.35783245724199103,0.25695924717891766,0.03770236306916819,0.5999723982416267,0.07881778816478484,0.8969710554051592,0.37069471331290904,0.0722495259173091,0.44664436593998874,0.48713114389465373,0.08155324339005438,0.1041592817574153,0.5127913725789885,0.08870371090898843,0.09324264193490099,0.31044579818011236,0.033890794296027184,0.0694220057357208,0.38608701043910437,0.09794741147672167,0.06371287905237427,0.5499969464924879,0.15373589938583543,1.3886601205357256,0.3893751733680377,0.14538129076183262,1.6358716364884285,0.3087089733509641,0.1387243478755923,1.4881115869990098,0.2695818254800616,0.2924284142214287,1.3569415564381777,0.37994440821999087,0.5009923410514994,1.3849043834577088,0.33510213737416783,0.6994244324955488,1.4485323641011383,0.2858040928707983,0.8153311580316953,1.4152274983148567,0.19090365970905537,0.8261064664278203,1.4142136114784785,0.20067402623663613,0.8137959223004442,1.3949386424749772,0.2767510702381547,0.007755103903325499,1.3474608548691056,0.40127946779832513,-0.21607752614472558,1.3727101628197365,0.33107237359224306,-0.40572543752842294,1.410798213071922,0.2557750781282236,-0.4781009134265941,1.3398348790141208,0.20527248984760316,-0.5027017749215079,1.3553039585400066,0.2259374280213372,-0.4689751982027745,1.3745269727705693,0.21780898155484274,7.9491525423728815
0.2524486429723435,0.9094845799145742,0.34794260937131744,0.27010627555057154,0.4842883376944279,0.4494919891615134,0.27396360339248266,0.11512782120885809,0.5123962800856433,0.2594450635353134,0.08007821692868552,0.32828827093264706,0.3163159230154224,0.08885911131399973,0.35795988636704035,0.25745607990439157,0.03750030688053048,0.6001744976379013,0.07890883801693431,0.89705959328312,0.3690748756444189,0.072569668777687,0.44687315652169135,0.48706606714000944,0.08146204145130795,0.10475547249749631,0.512575119930378,0.08870222534573505,0.09321102477220336,0.3105180222458104,0.033240558532601425,0.0674406667988717,0.387978174008724,0.09802017200755207,0.06319941248924368,0.5510576986717242,0.15357719388561922,1.3887056884615816,0.38437524496398184,0.1441139138465915,1.63582164747183,0.30625351463509287,0.1379615677518996,1.4883681529619561,0.2696684098725928,0.2923426758691724,1.357306449053661,0.37992952838179816,0.49962912373716095,1.3879069971540627,0.3281925446917921,0.697386301653973,1.455144530003079,0.28092491230115957,0.8150824530573682,1.4175010003564086,0.19115323391174416,0.8257010522513123,1.4165160739193476,0.20061823021608,0.8124888369540881,1.3999095878586345,0.2758800721713856,0.007709718535288445,1.347331746846157,0.4009107314955298,-0.21531389645384985,1.3745640125996406,0.3295097619645734,-0.4050990628664971,1.4134689608719782,0.2553032900664626,-0.47783585942930407,1.3440808461092104,0.19925667377837297,-0.5034675479131293,1.3586507160270491,0.22548987010061566,-0.4745432083073164,1.3761832543252224,0.22275279848986723,7.966101694915254
0.25291754062407307,0.9097842763935385,0.3468672396499811,0.2697118302426308,0.48468539651632003,0.44830911436955606,0.2739649421927796,0.11443573286105711,0.5123515836075447,0.25985392001792285,0.07990004862809819,0.328833313268316,0.3165031688238471,0.08884322718090566,0.3581735413014222,0.2577772302930144,0.03732855110678531,0.6006285023947487,0.079029244861455,0.8971890502438704,0.36787888489948734,0.07295109165623576,0.4472014274533873,0.48704444417190695,0.08136758178162874,0.10541279348753324,0.512365431250553,0.0887019435324228,0.09319450104265704,0.3105619290108619,0.03286541568278322,0.06628296904732468,0.3890796043809136,0.0979958619665116,0.06279738460844489,0.5520812602595113,0.15371887937945655,1.3887549755790372,0.3792396885005176,0.14261850658894865,1.6357598059583929,0.30358245908821113,0.1370228628766842,1.4887059091608779,0.2698585349091864,0.29223597308529536,1.358113955017504,0.3800071228115981,0.4985874002371245,1.3908624943944454,0.32155280084767285,0.6961903230482547,1.4609434683290168,0.274748528043559,0.8150839803248775,1.4196636973525358,0.19191006839033073,0.8255368137281892,1.4183160240962362,0.20095632085002213,0.8114364278273805,1.4033846726121446,0.27488684294568827,0.007469678738646067,1.3472185313357963,0.39976048413904247,-0.21489587405666039,1.3768022987308473,0.3288057748942429,-0.40445765126816524,1.416082434194336,0.25494888785221814,-0.47645669964324655,1.3480721461331517,0.19304602153659134,-0.5044787193606766,1.3620070239131306,0.22439970518058225,-0.48152789916347893,1.3761216059339236,0.22791450138577105,7.983050847457627
0.25332459146139363,0.9098965967972802,0.34668283830013513,0.26944934823658684,0.4851852669222406,0.44722098342884864,0.2739667264701883,0.11378320723535645,0.5123842554404591,0.26007515147501464,0.07992422608320017,0.3287378995686846,0.3170596890309263,0.08878671377980306,0.3584976036150488,0.2578922466236176,0.03714189694743289,0.6013700707721789,0.07917173735272355,0.8974213310257212,0.36692631506394036,0.07334000688515228,0.44765150003875304,0.48706693882307234,0.08127740879345222,0.10608944587838678,0.512169034954878,0.08870463015004346,0.09319850536564268,0.31056418876913006,0.032778315486925266,0.06599875969341115,0.389348080085648,0.09787850223516807,0.06264297863446949,0.5528538444105929,0.15372750506425897,1.3888570329828416,0.37443130044794276,0.14111745805723078,1.635496344315206,0.3011409516813045,0.13621669508906134,1.4890932999838786,0.26972914514018737,0.2921234990999431,1.3592908539330004,0.3801772344525285,0.49794249582151695,1.3935589845903837,0.31586206812910883,0.6955416271226799,1.466029534372125,0.2679225089371243,0.8153241597392639,1.4217976316141465,0.19308945312373277,0.8256360493184611,1.4198822987200084,0.20182851868730337,0.8108371348381996,1.4055591012367017,0.27420906539726003,0.007019484736026319,1.3473140527997587,0.3978251098203461,-0.21483976791242018,1.379062623533363,0.3289750777149739,-0.40410490785248543,1.418151657787905,0.254829328826085,-0.47486401398107636,1.3518689281596215,0.1882077677819839,-0.5058359581149818,1.365381792790731,0.22310532559648663,-0.4889097277396196,1.3751803060220629,0.23201109850811258,8.0
0.2536567810060908,0.9097947580992722,0.34753065016912,0.2693517038389917,0.48568934664398616,0.44641927267317033,0.2739775878806159,0.113214310291127,0.5124891615354668,0.26009536836985847,0.08024979013197335,0.32846598999357685,0.3179504789482711,0.08870939562161917,0.3588697444710732,0.25779877745161717,0.036831540701141204,0.6023466118329349,0.07931560128371382,0.8977489741134013,0.3662407481416551,0.07368386275650828,0.4482427468080022,0.48712535257261697,0.0812037124478903,0.10670215915383768,0.5119986023549946,0.08871121220856316,0.09321585214531201,0.3105300674446576,0.03287307644671275,0.0662693702636929,0.38907826701307535,0.09769099853470604,0.06278965536290443,0.5531680053469942,0.15324845466022802,1.3891327919040894,0.3698203632894798,0.13982750909234765,1.6350083011146272,0.2993070196563524,0.1358669422848815,1.4895529336819329,0.2686295010132185,0.29195378231731384,1.3606974027288754,0.3802366134020422,0.49776713659308325,1.3959132668837253,0.31173550069874995,0.695183306124147,1.4705173640937927,0.2611930969134124,0.8157854626187342,1.4235644994996137,0.19450772386847268,0.8260746077362771,1.4211467884674762,0.20319023343837023,0.8108311012220155,1.4066673136291836,0.2738835579641671,0.006389329689652317,1.347757392186515,0.39538524636855993,-0.2149399928933957,1.381085146024421,0.3294889411258817,-0.4040500629467678,1.4195641835119992,0.254917179219707,-0.47399536301634154,1.3556860959295753,0.18570825436271798,-0.5074145373142165,1.3690484213459762,0.22157546967299063,-0.49530221478299885,1.3745650735511796,0.23394286415639076,8.016949152542374
0.2539453428407607,0.9094792929903691,0.3493228458413663,0.269434282775115,0.48603870438979724,0.4461008049002476,0.2739978792926844,0.11272618440009509,0.5126650265495264,0.2599575617049994,0.08065432318665354,0.32833664046050903,0.31901066276773715,0.08867808366064864,0.35913033967614566,0.2575500529164257,0.03636603723851549,0.6034328094625677,0.07943638619302794,0.8980869045112005,0.36611739855447334,0.0739594858410464,0.44899301287451693,0.48720043090009035,0.0811512729542187,0.10718131840182107,0.5118546969027505,0.08871966014847646,0.0932300500060583,0.31047609760430955,0.032989387846908254,0.06662956321192759,0.38871577187100287,0.09745227319863053,0.06318338222488741,0.5529496353094334,0.15220762915303646,1.3895632722189144,0.3655484217948855,0.13893895622283478,1.634410815337433,0.2981702655121627,0.13616305780450444,1.4900421041171583,0.26589887723684624,0.29161310263825935,1.3621865431947255,0.37981309680082587,0.49800260090581294,1.3979367310727802,0.3090644512731162,0.6950791459720969,1.4743430204395098,0.2551656026279477,0.8164285774017528,1.4245957465177048,0.1959998421856512,0.8268905136038357,1.4219590404192821,0.20490424599999996,0.811317240979507,1.4070736332657243,0.2738591243368443,0.005620526060810619,1.3485507027800785,0.39285467599853163,-0.21485933407147584,1.382741132638956,0.32953442425857293,-0.4040963951615703,1.4204838613631439,0.25494568980410043,-0.474144481738097,1.359781105197621,0.18527171183306307,-0.5089436175481026,1.373305811911402,0.2193693880638634,-0.49966560926562437,1.3752205383421117,0.2332013520872761,8.033898305084746
0.2542492730655434,0.9089490225189368,0.3518447720828519,0.2696955216071807,0.486098054114061,0.4463609251955485,0.2740185353139959,0.1122766615098093,0.5129147540084792,0.25979482613929705,0.08069937241884324,0.3283501141259915,0.32004818336703805,0.08874929150996151,0.35915285657069457,0.257225974875002,0.035769201958255004,0.6045877810885418,0.07953951791474977,0.8983497322677404,0.36689743837324895,0.07416797105735916,0.44989296394352957,0.48727031196831616,0.08111648631935775,0.10753096458112069,0.5117313080198552,0.08872546394867895,0.09323020774194378,0.31041511684106543,0.033038157446868006,0.06682076586338179,0.38850520577534353,0.0971864551091525,0.06370989742578488,0.5522684599270672,0.1507905201948502,1.3899237562205302,0.36211310578944034,0.1385596105252516,1.6338004824022319,0.2973977729050259,0.1371031087111242,1.49040799950629,0.2611159445623304,0.2910293430159942,1.363588393428533,0.37865133627716346,0.49841862535796505,1.3996473740807465,0.30716555538500295,0.6952862919468086,1.4772965850492616,0.2502476218462486,0.81717470286953,1.4248637195563754,0.19743121657050855,0.8279261399483733,1.422222826361752,0.20680363677172123,0.8119570877452482,1.4071436008778535,0.2741612538368774,0.0047921178385877455,1.349653818060171,0.3905785251621236,-0.2143923300281685,1.3839240090032165,0.32860885201354456,-0.40413436234248423,1.4211052328930496,0.25450914490116633,-0.4746308026247236,1.3643646561915677,0.18504098758642776,-0.5102131698173152,1.3781704519206472,0.21600954396284666,-0.5021434092377997,1.377349688458522,0.2305051192529964,8.05084745762712
0.25461885584819255,0.9082201815022336,0.3549584886181708,0.2701268878083146,0.4858131143823017,0.4472068955711881,0.2740272086899303,0.11185252209147623,0.5132434651399018,0.25980246486488784,0.08004283560044922,0.3284001940652538,0.3209241502176299,0.08884566531050113,0.35907452883869895,0.25685973344354895,0.03508608425650848,0.6058582803921094,0.07966111534430527,0.8985148044894091,0.3687325165684022,0.07431445852128095,0.4508862450325195,0.4873203089487274,0.08108754328806207,0.10783251575113446,0.5116286968486212,0.08872444162267235,0.09321724346354081,0.3103511149050039,0.03302456083642421,0.06684941131948471,0.388433182068512,0.09692610969565187,0.06429666236859218,0.5512643076317929,0.14928036573764647,1.3899967095792012,0.35959534567625706,0.13862892756492334,1.6331570815699437,0.29641919599774025,0.13849944140541978,1.4904389940157643,0.2544594272066711,0.29023902856468936,1.3647141515360408,0.3767943802179864,0.4987489984590904,1.4010224313019821,0.3055914082775775,0.6957607056675159,1.4791791675656187,0.24675692719236328,0.8179202989555054,1.4247452934671374,0.19867871222407385,0.8288648608000542,1.4219609716233148,0.2086351791135179,0.8124113061513307,1.4070977131021987,0.2747150288220787,0.004092788030483553,1.3510198676528267,0.38864029833772207,-0.2135696426576582,1.384503506504306,0.3267483218455056,-0.40421998397045583,1.4214091155075657,0.25337471626113844,-0.47442042720163435,1.369490194374698,0.18278737250938132,-0.5111724745545921,1.38345566903369,0.21133196870717377,-0.5038200278762328,1.3805424581168273,0.22740981519681827,8.067796610169491
0.2550584387418728,0.9073255330976912,0.3587412175466525,0.27071827220876826,0.4852542741481639,0.4486061525794325,0.27401871905090713,0.11152474392031621,0.5136597138166823,0.2600970595352478,0.07867193552435002,0.3284396492364444,0.32154515497622205,0.08873331522468401,0.3593005228430058,0.25641134525820714,0.03444074135709749,0.6071581853768339,0.07981628516766294,0.8985743360108509,0.37154089810349233,0.07439872774593334,0.4519046426288591,0.4873501715549678,0.08103658779584719,0.10815756837572373,0.5115466319206284,0.08871526806383598,0.09319877277619439,0.3102867073742143,0.032984928083306046,0.06679992586239347,0.3884160821975589,0.09669632991096316,0.06496428162161683,0.5500438247143784,0.14793854729287895,1.3897571821720338,0.35727746429599316,0.13892346542878958,1.6323985815425797,0.29482951162972904,0.14003705695810714,1.4899311344190411,0.24673775783287205,0.28935000050358844,1.3654459298848545,0.3744998386860104,0.49886879791316,1.4019590761543501,0.3044732527585154,0.696353636708067,1.4799258761890255,0.24495080807832498,0.8185622819337139,1.424774151309688,0.19963780450327578,0.8294165117407943,1.421503334081652,0.2099719603727885,0.8124703083982319,1.407186403465849,0.27505469943788574,0.003786550858158936,1.3525091966858311,0.3868888331357813,-0.2125589729282062,1.3844089046791357,0.32434036017135204,-0.4044472805511323,1.421158834447711,0.25168704406445574,-0.47303259497522876,1.375022880401191,0.1775412030858868,-0.5118645128308446,1.3891082279529081,0.20565337366789904,-0.505763579653879,1.3844315463446284,0.22511547197789744,8.084745762711865
0.25551303661065145,0.906300014224165,0.3633034212687294,0.271453876115163,0.4845937035164848,0.4504934006833902,0.274005315924867,0.11139971288621575,0.5141714730239448,0.26070294134113425,0.07698769158186239,0.32845249364389884,0.3218366012280076,0.08817423447297883,0.36021171028450744,0.2558529714567688,0.03400191127363733,0.608195111794501,0.07996874020408916,0.8984669137790446,0.3750995218377777,0.07441975313087877,0.4529152644096604,0.48736602190011385,0.08092380683659234,0.10850108320708138,0.511474050003348,0.08869888772882029,0.0931841374179873,0.3102281024943756,0.03294453178865308,0.06671764197971307,0.38841177340386135,0.09651435942789802,0.06573771230067871,0.5486723448261425,0.14696756703503308,1.3892431523443303,0.3542152625105767,0.13921172478077604,1.6315067559281733,0.292453689697925,0.14145011876042168,1.4887327334593905,0.23887239006018485,0.28847401514684856,1.3658461093736347,0.37209212006950054,0.4988493359135475,1.402312603716919,0.30405205416390196,0.6969968161539584,1.479597913684961,0.24492841473681073,0.8190291588733478,1.4253947757132053,0.20030661673659794,0.8294525320018928,1.4216659945406689,0.2103379706554493,0.8120135588807889,1.4079527939380567,0.2745300735224869,0.0040201277062058526,1.353860419152699,0.3851496988064058,-0.2115660384421219,1.383703701539171,0.3219376572137894,-0.4048762870119794,1.4202040580749309,0.2498054141335814,-0.4708169482853968,1.3806800985835466,0.16990500603881636,-0.5123157157399713,1.3953446710575248,0.1996855863128768,-0.5084424692569753,1.3891282167069314,0.22391992439548836,8.101694915254237
0.2558842687656575,0.9051941742746139,0.3685275248289251,0.272290967913061,0.48403446578578446,0.452731556664857,0.2740099489188055,0.11150055935706851,0.514748967951202,0.2616432704141009,0.07562290535974855,0.32838845169898323,0.3218026404498339,0.0870542451890103,0.36198451056418823,0.25525729943209896,0.03385710282019522,0.6086954455841918,0.08006623983511651,0.8981117811715346,0.37919795045175825,0.0743788085934243,0.4539167592473401,0.4873636951073671,0.08071949626378006,0.10882182082183689,0.511398497577779,0.08867704477990448,0.09318166497906533,0.31018033397128436,0.032914191563148246,0.06661168734416711,0.388410293222492,0.09641122344558518,0.0665555367910737,0.5472527943715827,0.14648085726878285,1.3883693390499088,0.35005397377439096,0.13938948103620746,1.630557919661558,0.2889791251795165,0.14268891678621382,1.4867521663185674,0.23141269296185943,0.2876974280970582,1.3661208392807713,0.36988998916485516,0.49883598692126274,1.402010188096309,0.3041715776340399,0.6977864680870237,1.4782748025277421,0.24645106428559316,0.8193449912612929,1.4269126398418075,0.20086025248816797,0.8290988229260636,1.4234975541913486,0.20963263192023168,0.8110798570370936,1.4100541820920636,0.2728965270554503,0.004677251196830736,1.354807883241761,0.3833294807364073,-0.21076914031494454,1.3825417065036896,0.32009590413566813,-0.4055423408702198,1.4186886543279353,0.2478890527315839,-0.4685784663097278,1.386158558374392,0.16122946829421814,-0.5125412237004698,1.4024481114200076,0.194186678120849,-0.5117187293142493,1.394904883764009,0.22342694727253198,8.11864406779661
0.25608430005002725,0.9040895163231902,0.3740808258640167,0.27314892315686906,0.48373686821953954,0.45510432039587373,0.27403957339291496,0.11172537450043188,0.515293783998705,0.26292935653831573,0.07499121525383515,0.3281869915679648,0.3215905205815115,0.08542791745607604,0.3645608394522109,0.2547511009268069,0.033997151460178385,0.6085765984505863,0.0800911348239448,0.8975111059786662,0.38371634375437114,0.07427371468849876,0.4549099233538598,0.48733229234425846,0.08043310275185078,0.10908748515576097,0.5113262918543366,0.08865272123097181,0.09319390892310331,0.31014367288543887,0.032898825214263676,0.06648069126988106,0.38840344854007236,0.09642793952203371,0.06731518939824876,0.5459153609944335,0.1464612551221114,1.3869956551066547,0.3452141889175792,0.13945606676113498,1.6295930218009478,0.2839307458083606,0.14387407401857155,1.4839442050393503,0.2245270109408278,0.28709840534262077,1.3663946944071992,0.36819054675615803,0.4988972615282993,1.4010145024651317,0.30437437118486194,0.6988441780717702,1.4760004142939247,0.2488682529817246,0.8195978036643563,1.4294531083653979,0.20150327757881237,0.8288125200061949,1.4276285734822889,0.2086251881233916,0.8100609570789858,1.4137607037235733,0.27043152992537356,0.005484724778981667,1.3552661964829218,0.3813787724380974,-0.21021498000822758,1.381037363499995,0.31907985322736127,-0.406402569403742,1.4169059679760188,0.2456709774625797,-0.4670324510242877,1.3912896335224447,0.15263587057460887,-0.5126519460007404,1.4104214711433263,0.18958638637965328,-0.5151601091973967,1.4017269096937195,0.22265698656314983,8.135593220338983
0.25609821653824477,0.9030688472017905,0.3796756753338593,0.27394959739864305,0.48371909523357726,0.45742091583005556,0.2740715966689971,0.11193189916518642,0.5157058641470389,0.2644559509085094,0.07513847122123235,0.3278313990050435,0.32140074742123315,0.08363307385980084,0.3674379929557913,0.25441072915781154,0.034390259030631726,0.6078623806009916,0.08007639341166457,0.896786182900228,0.38853043829508516,0.07409775466075812,0.4558816187166485,0.4872681513175946,0.08011828682898987,0.10926843215594245,0.5112805655618557,0.08863025111017525,0.09321534915947433,0.3101155417158443,0.032899163091135594,0.06632451285024642,0.3883825629864314,0.09658297198636336,0.06795788412952729,0.5447388398229096,0.14676800527548003,1.3850785499550993,0.34034629007295814,0.13944835029972846,1.62852801776555,0.2771542273590318,0.1451325544060706,1.4803489793806244,0.2182063699341043,0.28676144114172486,1.3665378330089868,0.3672252371842334,0.4990521730486738,1.399230369804141,0.3043464249855856,0.7001858426637182,1.4728131271861835,0.25136220045124763,0.8197764290661852,1.4328562558684448,0.202223970813675,0.8292811816123107,1.4339292640618824,0.20886095651987724,0.8096631762485892,1.4188110034107668,0.26735207488184665,0.006273853073307653,1.3554090037297695,0.3791766347873643,-0.20975742721907614,1.3792045752589568,0.31856257974489655,-0.4073046881741121,1.4151044778631472,0.2427069060946589,-0.4665410110231102,1.3960533635735748,0.14456628902551352,-0.5128110235395601,1.418822509054648,0.1857871047413778,-0.5183668327342079,1.409244856696854,0.2201877012226096,8.152542372881356
0.2559756313491619,0.9021629919732665,0.3852415816086327,0.27466219145243437,0.4838507369458767,0.4596212050425878,0.2740714687829082,0.11208561933184182,0.515949408912947,0.2659444745380547,0.07603426254209596,0.3273533796004403,0.3213211806514531,0.08232993424799268,0.3695488142079673,0.25423280963109357,0.035011325873034536,0.6066021411630014,0.08008129932461867,0.8961060429583034,0.393411715825019,0.07384580704200044,0.4567924279788752,0.4871723113096345,0.07983483505150724,0.10933558048806398,0.5112801070126939,0.0886132462480007,0.09323858592670985,0.3100939056936912,0.032904776454076703,0.06616495261991272,0.38836370636125717,0.09684541952558806,0.06847704554515063,0.5437447642903073,0.14719834834639686,1.3827192556855943,0.3357301913088411,0.13945433872674184,1.6272837132953482,0.26905501205178195,0.14644825829243158,1.476191703181669,0.21227158014948674,0.286725012003916,1.3662810824644809,0.3670204577482148,0.4993197043665072,1.396637968176385,0.30408329302557136,0.7017142658009865,1.4687449293790569,0.2534199955042742,0.8197286140531908,1.436670675164551,0.20280015675535845,0.831004636271744,1.4417060964354877,0.21153983970866508,0.8104696635998001,1.4247311592553003,0.2633136563242646,0.007051364062575611,1.355540337278136,0.3764382533693076,-0.2091447139230127,1.3770618411389448,0.3175789705142276,-0.4080567146807158,1.413463217952424,0.2388380868962356,-0.4671513200304654,1.4004366946522318,0.1370601031345891,-0.5130613180000797,1.4269303112215324,0.1821679992433775,-0.5210161987663302,1.4169227166595788,0.21490120527960285,8.169491525423728
0.255757967869088,0.9013464669118597,0.39080958398987325,0.2752872022005376,0.4839999276911359,0.46173144784229514,0.27401387090515483,0.11230041421840867,0.516002694171046,0.267060749937319,0.07774050558442942,0.3268069571076049,0.3212984921082285,0.08221110088581828,0.3697191220258326,0.25416812596757105,0.03584226159046709,0.6049012395709129,0.08013646313625558,0.8955846791169912,0.39810528050137484,0.0735153607359501,0.45756931640757653,0.48704225713143173,0.07961189463329746,0.10927974120307375,0.5113290049380494,0.08860225683233666,0.0932607136040427,0.3100815079864989,0.03289488454037794,0.06607660112626798,0.38839449189115954,0.09713362291020047,0.06887049277213562,0.5429571113741563,0.14757611938844117,1.3801044964108247,0.3313665191430553,0.1396322718535227,1.6259126183517263,0.26029577712083574,0.14754897818585244,1.4718596961339006,0.20615827259757025,0.28691341059652736,1.3654990957169764,0.3672993320610482,0.49964392894992926,1.393442157927032,0.30371488529216994,0.7032708099660863,1.4638229081808847,0.25504368668109606,0.8193134762812959,1.440222373765079,0.20302666604044242,0.8338557584538803,1.4498828207133467,0.216435126082254,0.8124872456812468,1.4310391001685856,0.25787794422010535,0.007816122266074244,1.3559098997748524,0.372916388386202,-0.20815287822520417,1.3747370053811405,0.3148842028142419,-0.4084310985230012,1.4121162562367795,0.2342412695609984,-0.46863373903077193,1.4043125759083748,0.13017338634847944,-0.5133126907162516,1.4339846411698693,0.178007553571548,-0.5227941540704699,1.4240596124514469,0.20685880067652884,8.186440677966102
0.25545168638988736,0.9005829782013157,0.39635275546371884,0.2758245099868116,0.484126653295898,0.4637623813494202,0.27388865417196406,0.11266527991381572,0.5158268321946141,0.2676420854527076,0.08020808980105983,0.3262451898971475,0.32124136564354877,0.08360475134657297,0.3673547329333036,0.25416014107898693,0.036881413885597146,0.6028743330302297,0.08022072083573427,0.8952375566038664,0.4024646499528427,0.0731057709030316,0.45813107386099056,0.48687679140824486,0.07944626938993943,0.10913500781718385,0.5114176525013576,0.08859477216020174,0.09327937797106506,0.3100845542568997,0.032851611729372565,0.06616574373971314,0.3885165703870479,0.09736132818836211,0.06910340405121836,0.5424491018692786,0.14783508827689532,1.377337322636892,0.3274881218758819,0.14014830554743615,1.6245342859626897,0.25134209851071,0.148023763674065,1.4676929207449922,0.19893675853114112,0.2871818636344239,1.3643459816090067,0.3676582422729421,0.49996337649593425,1.389995858139102,0.30335173864296805,0.7047188901885381,1.4581414514028779,0.2563477791531443,0.8185268558241519,1.4427180061025089,0.20289994710137677,0.8371713629369983,1.4570043489144158,0.22220235216771628,0.8151376137124621,1.4370703541732919,0.2514097767970566,0.008469223398782422,1.3566084440216857,0.36869958278682735,-0.2066861802247234,1.3723420775747366,0.30968698352477264,-0.40818287656791113,1.4111429489338732,0.2289220566925006,-0.4705174447308955,1.4074589768120689,0.12398104475347423,-0.5134819272932751,1.4392990029805477,0.17300848449661882,-0.5235691106985074,1.429820512653467,0.19722502917944865,8.203389830508474
0.25508343925853766,0.8998463383543155,0.40181658958990174,0.27628479039074355,0.48424112988810813,0.4656876567140755,0.2736986359760535,0.11312150231275298,0.5154084707048262,0.2677686672255075,0.08296510317790773,0.3257244788002237,0.32110560452932546,0.08632851249004667,0.36273342403111714,0.25416848756599303,0.03811169794138535,0.6005562628188352,0.08031446173303178,0.8950300637652381,0.4064494590531344,0.07262644460144316,0.4584302710216326,0.4866869184965831,0.07931794612066763,0.10897855090873212,0.5115268852201524,0.08858844145773911,0.09327957321970407,0.3101041623505237,0.032769537925815065,0.06649008771342366,0.3887311927524054,0.09749853641313093,0.06912935047812682,0.542307109755062,0.14801375224844543,1.374374301978602,0.3245243070981629,0.1410597117888288,1.6232068500040606,0.242286104887443,0.14763863685305711,1.463837929446191,0.19008353695462593,0.28743394335218586,1.363102699537769,0.36786928946509456,0.5003781642536307,1.3866577645019442,0.30308976299836243,0.7059883095729832,1.4519082677705495,0.2572505484803264,0.8175217112142301,1.4434946058582974,0.20264533862825468,0.8402389499165989,1.4615199513248378,0.2274725409657275,0.8176422799459162,1.4418103474341801,0.24511371727180079,0.008941197101694312,1.3574662278668173,0.3641170367221366,-0.2048180665421599,1.3697962119284883,0.3022349225310621,-0.40725632199637063,1.4105072094178568,0.2225868285992585,-0.47231777418381227,1.4096603540197397,0.11857558968342694,-0.5135828011467776,1.442392334962879,0.16739209884716233,-0.5235589958728823,1.4332760487138174,0.18732219299045844,8.220338983050848
0.25473998885372073,0.8991081495885893,0.4071971882317498,0.27670437186642444,0.4843488910971651,0.4674743260864509,0.27345388816749094,0.11357554146853444,0.5147709782213438,0.26758709996112284,0.08525542899387153,0.32533418566890887,0.32090412888611347,0.0897980731735594,0.35683989555932044,0.2541611030682877,0.03944885532642828,0.597925114563844,0.0804413062194782,0.8949471757143411,0.41002749898741175,0.07211145684412751,0.4584742851231318,0.48649389291459083,0.07920832925566629,0.10888190836772613,0.511636338358303,0.08858582219716207,0.09322208922359848,0.3101316727614456,0.032655026437708075,0.06701719607062925,0.3890058056442681,0.09757041524029834,0.06895679272427599,0.5425161740651858,0.14816719125624297,1.37124578293435,0.32253595237770494,0.14222961750820806,1.62184753354267,0.23304753799638173,0.14644317840365384,1.460329711196334,0.18029566703627495,0.28765112709504825,1.3619229400062165,0.3679358470229743,0.5009870787814389,1.3837227581149036,0.303055562099083,0.7070532502735231,1.4454385244331815,0.2576467576978758,0.8166056572553324,1.442316833050259,0.20252896176632978,0.8425283975024824,1.4624269277473105,0.23127181471608982,0.8194167143694848,1.4441746714882093,0.24027877025028443,0.009297296266723097,1.3580109203969977,0.3594486535416509,-0.2026503762114935,1.3668601209304394,0.29360255980850314,-0.40585177388781357,1.4099892427216698,0.21525791217896073,-0.47372154921559595,1.410799846044901,0.11421885145851834,-0.5137101459648385,1.4431528201451704,0.1618226237191716,-0.5231531391398698,1.4337098106259245,0.17797602470708762,8.23728813559322
0.25452576109748076,0.8983470272605549,0.41248725612117576,0.2771182119721677,0.4844367318421909,0.46909529677498674,0.2731656097494374,0.1140033989008879,0.5139472923828248,0.2671832809542614,0.08671410962522356,0.32516823716049825,0.32067411223223075,0.0932803477461727,0.35091551385373504,0.25409158251855024,0.04079046757864782,0.5949991132089438,0.08063751629114246,0.8949961497147216,0.4131153472716991,0.07161788402229476,0.4583428818281725,0.4863112113596692,0.07911277323903569,0.10886412214587342,0.5117253591662118,0.08859393638749863,0.09306087932644705,0.3101501959848323,0.032523284141602625,0.0676606444049335,0.3892978448658676,0.09762463256437161,0.06867211123365917,0.5429196013451887,0.1483143031233886,1.3681625965839035,0.32107637122091776,0.14336122246755464,1.6203051201233822,0.2236717386160491,0.1446561422792721,1.4572291983378685,0.17101588031524168,0.28783657248451694,1.360800055034036,0.3679325183158793,0.5015421305959089,1.3814092907256341,0.3032969124233019,0.707901313901757,1.439129894860245,0.2573786079093157,0.8161663434986657,1.4394031178215376,0.20254085431749203,0.8436346406798075,1.4597230669661447,0.2327544031676592,0.8201763681984473,1.4436759420130858,0.23753497980356525,0.009659803955602654,1.3576757030140543,0.35496601722310817,-0.20016478758868475,1.3632891998554153,0.28492313666290303,-0.4041589809871375,1.4092904149330072,0.2073845502316416,-0.4745421244269452,1.4108914293566466,0.11110238472052048,-0.5139292106004361,1.4418655524514141,0.15718919318798016,-0.5226584037225406,1.43119961632292,0.1696095930984757,8.254237288135593
0.25449979987738836,0.8975758936094876,0.41757201597230925,0.27752641588798993,0.4844876264344482,0.4705160527450488,0.27284395317023985,0.11442053766466959,0.5129631370652423,0.26667343961456264,0.08765065523058727,0.32523238575791946,0.3204571570506216,0.09615960057442086,0.3460034478643901,0.25392862606067446,0.042107280955985045,0.5919256875442508,0.0809198438069443,0.8951473656276575,0.41560736379121643,0.07119495151747965,0.4581823133182954,0.4861344297100652,0.07903813777827257,0.10890665662525016,0.511766497795101,0.08860897369053894,0.09283260460954093,0.3101400889636582,0.03239459454028571,0.06832796292487373,0.38956781637172117,0.09771949864780298,0.06837662616673963,0.543333587722906,0.1484539769265123,1.3652371555493492,0.3197244376406757,0.14416359158819245,1.6185620766231044,0.21440670810799148,0.14262846402072243,1.454608227139863,0.1631617395174305,0.287977724294992,1.3597493196619117,0.36789761705746743,0.5015243337178461,1.379856562461429,0.3035889233561828,0.7084855565789538,1.4333346181056987,0.25602130549959706,0.8164519945494603,1.4352289233926463,0.20230286780333545,0.8433112239947159,1.4543034960231032,0.2311817968282451,0.8198105180043418,1.440831137745768,0.23661581208367685,0.01005228138871777,1.3561449416973752,0.3511744654760352,-0.1973790421100795,1.3589961146038736,0.27695199954324345,-0.4022403308721538,1.4082901953364346,0.19915323019710823,-0.47477374102199893,1.410073918340551,0.1089681486988481,-0.5141248006956299,1.4391561277434448,0.15401258912070157,-0.522206146388511,1.4266403018142542,0.1625479251336531,8.271186440677965
0.25466480822305887,0.8968492035100222,0.4222262199093005,0.27789053376426925,0.48451001961332774,0.47168571211220134,0.27249849797559456,0.11484905443353259,0.5118392907670423,0.266246221513204,0.08848537235928657,0.32543526325341204,0.32030674448678476,0.09805870615063275,0.3427639556699556,0.25370579806267946,0.04339831486643585,0.5889973146563481,0.08128678264673644,0.895300637879438,0.4174862931012363,0.07086680043412363,0.45811238888866124,0.48595869107084755,0.07899458274346262,0.10898488413517268,0.5117391760729175,0.08860102189770303,0.0927410616241583,0.31009705918577934,0.032288942554062894,0.06893428134441476,0.3897820993332136,0.09789224147312393,0.06812571458163222,0.5436541444059633,0.1485881412866887,1.3623536114616752,0.3185226181724294,0.14451471603654262,1.6167481879945838,0.20557673239421004,0.14080853285240888,1.4524500150054458,0.15673042899224168,0.28805238682117856,1.3588536659339505,0.3678383813230015,0.5006151197671229,1.3790854436206375,0.3035080512231111,0.7086971762712797,1.42820948225696,0.2530159207701626,0.8173731197489428,1.430421444562508,0.20131188164957864,0.8416343132727542,1.4474657223517007,0.22644894935225535,0.8183656342819811,1.4367285396365224,0.23673772599146142,0.010362461600330143,1.3535271589445041,0.34873758311691744,-0.19455324574081456,1.354130297113397,0.27023154667207244,-0.40018164024490416,1.4071168689064841,0.19025452396154147,-0.47465749307387145,1.4086210856915347,0.1071408001471312,-0.5140295109918568,1.4358751784977162,0.15198032773924847,-0.5217476511011759,1.4211021464460556,0.15689910233053905,8.288135593220339
0.2550043970957599,0.8962548146947262,0.426191120519779,0.27815053818034685,0.484547838380647,0.47254815616245816,0.27213748883418704,0.11531832018121357,0.5105983916715472,0.2660420461693953,0.08924862576025841,0.32568450576163926,0.3202802337317354,0.09889777965019864,0.34136506008164574,0.25347745569689667,0.04460331317739486,0.586501036842282,0.08171991700990265,0.8953385186145908,0.4189177617168314,0.07065114125494812,0.45813748209860894,0.48580349352277713,0.07899394671821945,0.10906676654087052,0.5116568452631097,0.0885355418929161,0.0930280454337915,0.3100545390771967,0.03222141242917832,0.06939903383278433,0.38991499513824424,0.09812315132227264,0.06793839828863252,0.5438356644808511,0.1487230806042389,1.3594234056184067,0.3177963351056517,0.14445171611541435,1.6149132330979241,0.19749771769955976,0.1395586897843263,1.4506149464002505,0.15149989657171292,0.2880538003991913,1.3580706166273973,0.36777446628315025,0.49897145260041814,1.3789365738472252,0.3026354952970935,0.7084655593060534,1.4237474348772812,0.2481672664250782,0.8185489037183873,1.425685984272623,0.1992347069547778,0.8391129733796017,1.4404294756407656,0.2196469779175574,0.8161943596317138,1.4322996595229571,0.23691294059878576,0.010470921589916377,1.350272761337811,0.34796920515654794,-0.19203425228283263,1.3490051798036347,0.2651629132878678,-0.3980788058341076,1.4059132110692467,0.18035786533437126,-0.4744260196591451,1.4069105351754225,0.10477406587070534,-0.5134738228779792,1.4328142497536815,0.1500082907447758,-0.521189584624965,1.415449464197782,0.15214012606848132,8.305084745762711
0.25551605510071934,0.8958833937157389,0.4292693747167452,0.2782662963964303,0.48465276525601697,0.47306728072999515,0.27176635871788757,0.11586335709978574,0.5092706747864575,0.2660539746501059,0.08982799126216887,0.3259312906193552,0.32037320684564446,0.0989640074072589,0.3413407974260589,0.2532450978160198,0.04565578096317039,0.5845100274195159,0.0821813297357861,0.8952048693894937,0.4201702198416294,0.07056741125757227,0.45819165574697673,0.4857071940376347,0.07904696295482781,0.10911594886342713,0.5115628739509117,0.08841157035956598,0.09373335909964162,0.3100720405609482,0.032195909753961804,0.06966505577557301,0.389958407231583,0.09835197336652018,0.06781690673193308,0.5438646175714427,0.14886626205787523,1.3565227713615664,0.3176918020453443,0.14405212891034186,1.6129642969221156,0.19048101579047097,0.13899174051020413,1.4489001453231454,0.14759311804868266,0.2880101662035686,1.3571387443420053,0.36777093038244635,0.49708170748090885,1.3790766162197754,0.3006454557414209,0.7078513361986676,1.4199188487667054,0.24200644805433605,0.8195429351528656,1.4216621918196244,0.1960654083674616,0.836527350549876,1.434217480574754,0.21273120852131577,0.8138677742175681,1.428197777948318,0.2358214516153233,0.010402368124531035,1.3469353241854018,0.34833928090079835,-0.19001913660521574,1.344013732751968,0.26174639442189807,-0.39595990039057716,1.4045726519139894,0.16963596625928076,-0.4741213913271368,1.405266303813028,0.10131079410582819,-0.5125514890123024,1.4304436443236828,0.14681108181315106,-0.5205549959842602,1.4103643192394901,0.14721203557121113,8.322033898305085
0.25619430417690947,0.895746699011419,0.43144795840318734,0.2782830630916776,0.48484926643259374,0.47327278211560947,0.2713901585457524,0.11651106451893478,0.5079031474121828,0.26616070464363667,0.09036655633452792,0.3261256069095943,0.32043943348913523,0.09872727789452738,0.3419021054791633,0.2529851270501465,0.04656879671086653,0.5828992268505858,0.08261691607365833,0.894921505767594,0.42140183173205803,0.0706237663342098,0.45823186963706575,0.485697457802359,0.07915242260424632,0.10912599634735946,0.511493786134428,0.08825883725190568,0.0946895456120373,0.31019021099735905,0.032200304022507925,0.06974134695064899,0.38993645608756616,0.09851488113471853,0.06772793282292427,0.5438221597069418,0.14902643841824065,1.353797378015831,0.3179806421816733,0.14337807767555416,1.6108773099994766,0.18471874085204898,0.1389583774883672,1.4471794771863364,0.14519370393014444,0.2879693528950156,1.355825180801636,0.36793281157727703,0.49540157061793055,1.3791340191745645,0.29752572428676316,0.7069542970028784,1.4167432755528162,0.23557435754017758,0.8200600715341562,1.4188139407757645,0.1921172476886268,0.8344427680573661,1.4296666849261492,0.20720562098136602,0.8117849610205994,1.4249624531659624,0.23212690095944813,0.01031327924950362,1.3439045402798282,0.34867946146626344,-0.18862990103407382,1.3395671645022593,0.2596276280961,-0.39386470492831394,1.4027499411966788,0.15900474970006392,-0.47380207704547245,1.4037871649180598,0.09710501312631362,-0.5114990907031581,1.4288560807692048,0.14187234521793338,-0.5198278217567353,1.406297028156686,0.14129578894511854,8.338983050847459
0.2569953173416934,0.8957172236005769,0.43298655584133283,0.27833641415797233,0.48512504485819313,0.47328285839492756,0.2710170359954704,0.11725195688154899,0.5065603170471796,0.26625782977997825,0.09110054853638089,0.3262022689306092,0.32025069144201546,0.09843649499251116,0.3426234147724078,0.25270270191304756,0.04739229346063023,0.5815600954713888,0.08297682338485528,0.8945534257839498,0.4225420926605282,0.07081104440124483,0.45825250632470765,0.4857790548556641,0.07929608185722506,0.1091360091614088,0.5114588179427018,0.08810757660147343,0.0956950081057011,0.3104081366293705,0.032213985301441025,0.06971394038702033,0.38989515185239526,0.0985701657672854,0.0676227631577597,0.5438755436083622,0.14919666874071008,1.3513639824300816,0.3182982935425898,0.14247306575355806,1.6088146596594894,0.18008174554994674,0.13915750837815768,1.4454744404947084,0.1440082220346333,0.28795489102274224,1.3542262691115183,0.36828223273796323,0.4941531505174387,1.3788797935935933,0.2937361913775045,0.7058929630585309,1.4142395777142325,0.22986964740587273,0.8200049365408568,1.4173055310155815,0.18790417481694593,0.8328990978087625,1.427160425284561,0.20333723525346428,0.8100294976174074,1.4229181001944855,0.22547405341655818,0.01037157386192624,1.34131116822482,0.3480549749863562,-0.18796950745381497,1.335981571774263,0.2583631736709987,-0.39186387164884207,1.4001618368506947,0.14969952081290025,-0.47363547927586364,1.402354065832135,0.09317258406217879,-0.5103699662065289,1.4278158199678415,0.13572652333725563,-0.5187013667545591,1.4033645853113057,0.13454223712934463,8.35593220338983
0.25784189799490026,0.8956054225991761,0.43429270370497325,0.2785383764063189,0.4854456696509257,0.47322299801175566,0.2706521060737755,0.11804277782265078,0.505314796403499,0.2663333843969764,0.09192748286118546,0.3261299374971316,0.3197318247510432,0.09806757906934752,0.3435344662375148,0.2524192750308525,0.04811352714993436,0.5805103332773566,0.08326380224268015,0.894177379950645,0.4233433072951208,0.07109979840384606,0.4582551064459125,0.48594326647275954,0.07946654408979022,0.10919054350094587,0.5114566737148866,0.08797768438068902,0.0965975214791604,0.31069684947827053,0.032223088525456065,0.06968652213496686,0.38986433241056456,0.09852890054483295,0.06750910996139659,0.5441046834383259,0.14931257395112602,1.3492262784962683,0.31846480388991993,0.14137097937165388,1.6070238673475772,0.1761198421578423,0.13934535943191076,1.443843133632986,0.14331024564404587,0.28794649636848924,1.3527042446977295,0.3685532736344568,0.4935220660531574,1.378306411490571,0.2899026841302689,0.7049448420499003,1.412333744773075,0.2253790326457868,0.8194489986626476,1.4169060891225898,0.1840209497071509,0.831723327246666,1.4264341480314564,0.2007139935055673,0.8086203581042362,1.4220566513578605,0.21688843454309056,0.010684104174871707,1.3391096472145814,0.34630954154355587,-0.18796870344112676,1.3333650826412917,0.2575326047541756,-0.39003285423799894,1.3968148017177753,0.14232189511882307,-0.47366895169232476,1.4007443325285627,0.0901208863320347,-0.5088325932580313,1.426897941958689,0.12892838109651683,-0.5167632276694084,1.4013313025620144,0.12791917398610814,8.372881355932204
0.25866279058317065,0.8953128613688894,0.43560730225508765,0.27888675913332783,0.48576898105544025,0.47315293444944084,0.2702848205004694,0.11881708168865274,0.5042421916143237,0.2664135468019868,0.09240081174648723,0.3259339160207564,0.31913551266837004,0.09759744333647005,0.34461638689192026,0.25214804744067754,0.048640052052058444,0.5798093627277823,0.08354852136921016,0.8938642525440224,0.423552498460459,0.0714401534727298,0.45823899777509136,0.486170910931428,0.07966303811766134,0.10929217339547098,0.5114964632009392,0.08788552425640397,0.09727733331450769,0.3110150499334307,0.0322259139564543,0.06970786379029893,0.389842244430767,0.09845732929552092,0.0674317348617445,0.5444165744721561,0.14925527750898002,1.3472920763336316,0.31849214944366416,0.1401109412429252,1.6057014978287518,0.17226446006722523,0.13945246387815163,1.4423026629093687,0.14251964883145318,0.28790784687124443,1.3515423828202857,0.3682442118335727,0.49377167087218665,1.377556216751082,0.2863994920758092,0.704460396264367,1.4108826685522868,0.22202110350427998,0.8185883719650935,1.4171404426122933,0.18100222138252575,0.8309499588669849,1.4268965429798761,0.1989448002664827,0.8076950068604889,1.4220463383337243,0.20811716956021842,0.011228960435744655,1.3371267251372956,0.3438343008126091,-0.1883601231472552,1.331575411420502,0.25689916065216395,-0.3884843771231541,1.3928937629311977,0.1365600124445743,-0.47377670790110255,1.3987002634523915,0.08782527672027184,-0.506403734195209,1.4256774971626036,0.12138990029745536,-0.513902341645617,1.3997095407461013,0.12222588761011935,8.389830508474576
0.25943527490867596,0.8948872645444462,0.43687812917584434,0.2793245293219541,0.4860487994862345,0.47313450660825584,0.26989642355647964,0.11947099571064757,0.5033745565047537,0.26650362254261717,0.09221954159878142,0.32566923669315484,0.3189279082546945,0.09705589319358213,0.34566388757643973,0.2519070608155606,0.04888940498432136,0.5794261117302382,0.08390392502436914,0.8936477398055388,0.4231465209169501,0.07178674918807372,0.45820640126152223,0.4864295029533247,0.07988544899940575,0.10940502727495031,0.5115904512163718,0.08784657580148855,0.0976296054232928,0.3113164140094181,0.03222637208876618,0.06976588583704307,0.3898164129247371,0.09842398380094104,0.06737464783884237,0.5447090498621839,0.14893888888238188,1.345533107980201,0.3184346103002403,0.13873251415461763,1.6048952832270114,0.16806408957537067,0.13947101599199987,1.4409159195997914,0.1415568659639265,0.2878252279541085,1.3507473785517288,0.3670066628606203,0.494861733045086,1.376806430764523,0.28323812838209395,0.7045858719054828,1.4097784898292733,0.21944426220407715,0.8177135116463952,1.417601679003962,0.179104668590548,0.8307209265037117,1.4280418608922765,0.19767105127649257,0.8074821122035336,1.422312277994404,0.20083116718468855,0.011840779313814463,1.3351329525398397,0.34113456423812,-0.18876370765159028,1.3302742341493985,0.25639275414989965,-0.3872782616522139,1.3885706182246698,0.13187133766343184,-0.47376861599418096,1.3960157693452446,0.08587189011398041,-0.5028785634462565,1.423821527117931,0.1130656691423696,-0.5104239945670864,1.3981189446143565,0.11751910923434747,8.40677966101695
0.2602055585216141,0.8944421119978541,0.4379595571991428,0.2798385435865565,0.486239459486921,0.473262821124025,0.2695026540255523,0.11993520776635036,0.5026247157348315,0.2665961863823261,0.09152495390613855,0.3253890270072074,0.31945288450837134,0.09646422390798756,0.34650623450745094,0.25174633422146353,0.048889537432973584,0.5792103251247218,0.08435003467871807,0.8934997856175643,0.42240462395373213,0.07212869840913036,0.4581600719278778,0.48668787534372526,0.08012321434686664,0.10949691891277523,0.5117285453798301,0.08786616822337998,0.0976048456880459,0.311554248669326,0.03222796224807506,0.06983155606963012,0.3897826259889157,0.0984542574381863,0.0672719361402812,0.5449982823475217,0.1483828632131522,1.3440309685125287,0.3183605024193747,0.13728142787141354,1.604522765420348,0.16345413345196563,0.13935544859895696,1.439835675080547,0.14058762154447266,0.2877194258948438,1.3501949101193975,0.36489202328648496,0.4961781040607728,1.376220041598004,0.28014548932251454,0.7051757330069205,1.4089317925523195,0.2171778976751091,0.8171354981336961,1.4180734634295529,0.17820127541048186,0.8309751240660912,1.4294884224990907,0.1964596366167574,0.8081425228897507,1.4223648874084114,0.19599144363541604,0.012337379793760012,1.3330422792189123,0.3386292813500095,-0.1887744402591734,1.329081243813502,0.2557950869148258,-0.38630139340938796,1.3840475341176606,0.12784232836199189,-0.4734087718322618,1.3926820764463126,0.08362758443825302,-0.49845860713844925,1.4210955491898338,0.10451710431997285,-0.5068719288976239,1.3965706050506959,0.11341676387509608,8.423728813559322
0.26105458579635693,0.8940638803031415,0.4387940749960063,0.28047278207016313,0.48628197826151487,0.4735722184601765,0.2691802928378489,0.12027047008639863,0.5018571360509747,0.2666795300677334,0.09062501498838245,0.3251285895675679,0.3206685772753426,0.09588657959959634,0.34703512573605194,0.25173375923229846,0.04874790095677797,0.5790096873935636,0.08488147299146076,0.8933800784692323,0.42165660512699127,0.07248066219833427,0.4580944846443069,0.48694047211047264,0.08035517940078363,0.10957371494070922,0.511877871052235,0.08792466343821526,0.09730554601480845,0.31169024361428566,0.03223293762957513,0.0698887064075474,0.3897462641124159,0.09852281997377371,0.06712288416063737,0.545285595837263,0.1476934436453206,1.3428307201818792,0.31837252203379496,0.1358445499582604,1.6044841198904969,0.1588937165751636,0.13906438982029193,1.439202232401991,0.13958570212463015,0.28761433973095535,1.3498671856069595,0.36222481290400216,0.4969466701696844,1.3759223276951615,0.2768241950433351,0.7059041646722002,1.4081579070620853,0.21469436557285548,0.8170635294506109,1.4184046334312905,0.17801547543580942,0.8314043107432783,1.4308793310670116,0.19495040054402302,0.8094895081105694,1.4221408637618118,0.19344571321477816,0.012626320156468666,1.3310159803597683,0.3366407368858999,-0.18815339498735204,1.327776547531094,0.2547384505041857,-0.38539403189147226,1.3796547067861629,0.12402865569103344,-0.47256095849124446,1.3889332850885094,0.0803651454714627,-0.49354757612718714,1.4173504531504957,0.09652141390933958,-0.5037137907198059,1.395119504276634,0.10934942530278531,8.440677966101696
0.2620300494779676,0.893806595674217,0.4394189649998269,0.2812681187598864,0.4861076798078213,0.47401214087999116,0.2690163073495352,0.12060332872313582,0.5010629211032844,0.26672459164007456,0.08971616575595881,0.32490999543824717,0.3221752969528602,0.09542131062805757,0.3471013544263452,0.2518848782516415,0.04854804370040565,0.5787587843464008,0.08550861441241196,0.8933160534939326,0.42100921981263834,0.072852837956601,0.4579861838439853,0.4872046878161265,0.08055640449988635,0.1096843539819193,0.5120117094623948,0.08798110867322989,0.09698783073726724,0.31171623089866046,0.03224180210052984,0.06993270774118802,0.38971700277474336,0.09856941294993099,0.06702774569968248,0.5454290574556839,0.14698608919318176,1.3419001767431902,0.31850942578037983,0.1345490076362601,1.604663105031632,0.15506593136277014,0.13857577981565675,1.4390338181380522,0.13824516415209212,0.28748044212574103,1.3498474564646683,0.35935657698991913,0.49680264439187627,1.3759421802311282,0.2733471174954096,0.706393556544955,1.4072218688410365,0.2117069050515465,0.8174568664547646,1.4184402741400186,0.17842012185387415,0.831631996260457,1.4318955859194595,0.19306953669831783,0.8109523474313771,1.4218487140210903,0.19234758159027876,0.012687643371809054,1.3293325486686127,0.33542128438180324,-0.1869948778872324,1.3263999430593616,0.2531558114125407,-0.38451688819531127,1.3756782237123388,0.12014583634063225,-0.4713568398410053,1.3849915836078874,0.07601130320255842,-0.4885994143448553,1.4125058091451417,0.08957315909020991,-0.501138682081515,1.393326477935485,0.10465723305672422,8.457627118644067
0.26311066302937663,0.8937093568335784,0.4399272316046686,0.28220642768266907,0.48573390958054263,0.47451839994005635,0.26903248524152296,0.12098881728845079,0.5003690198709699,0.2666956059421137,0.08891576730132095,0.32475320921175765,0.32348908972779955,0.09515368061368754,0.34659349382972826,0.2521252749110031,0.048347619436605836,0.5784135893446234,0.08624469540623883,0.8933799623837358,0.4203815204277983,0.07323972001783585,0.45780379652712533,0.4874922945676935,0.08069850110155345,0.10987213222257934,0.512118525737123,0.0880086530534489,0.09685167732807917,0.311668196887601,0.03225318211601568,0.06996195718543895,0.3897017585958632,0.09854229026214006,0.06709065641862576,0.5452641603384707,0.14631092415435154,1.341247499165023,0.31857362508191184,0.1334734257721253,1.6048838847090396,0.15244146670953,0.1378718940389637,1.439209933694778,0.13627492187991402,0.2872197048665708,1.3500933890814566,0.3565760577010901,0.49579462345488057,1.3761379281939485,0.27010051163207066,0.706290175064143,1.4060553073263442,0.20844792824324518,0.8178600752689644,1.418126013748563,0.17923543740620837,0.8314149784625631,1.4323423004677682,0.19105758289847782,0.8119946698712859,1.421579499403265,0.19214986158176148,0.012530146138621502,1.328181576988028,0.33505100450226916,-0.18571012779544427,1.3251174709913298,0.25145882273743103,-0.3836858316755215,1.3720176688429282,0.1163524964301477,-0.47006418314957155,1.380605525130526,0.0712533522130565,-0.48415270292497636,1.406572757713186,0.08379324669114574,-0.49921788688126945,1.3903915382573717,0.09904872680145578,8.474576271186441
0.26421567357084597,0.8937647756730693,0.4403793679024709,0.2832250560888128,0.48531719117484634,0.47505499539730484,0.26918815473880814,0.12137102172740408,0.4999103042303609,0.2665756909608845,0.08828815097369092,0.324665064991941,0.3242623842359732,0.09510538630940073,0.34574574028644656,0.2523578829965235,0.048206060988846056,0.5779046221399046,0.08707561209592864,0.8935933939669287,0.4196797363769352,0.07362582319419368,0.45755542733621435,0.48779059375927647,0.08075417174217941,0.11010878183058528,0.512188815575192,0.088016528037827,0.09687598341579179,0.3116001794526362,0.03226524889708262,0.06997849426132625,0.38969945183870275,0.09843982528037892,0.06731488294871021,0.5447917188015794,0.14565512830097246,1.3409411831064544,0.31817327141336843,0.1325913285713214,1.6049947339481385,0.15116126913836606,0.13697987941530243,1.439568434440609,0.13369918015680415,0.2867125991222532,1.3503246176955679,0.35422820519468434,0.49402066846195103,1.3762153989020516,0.26737985810118936,0.7052813832755997,1.404815670727882,0.20537395433575767,0.8174184707296437,1.4175296773258608,0.17960140390452028,0.8307056180833678,1.4322220675745967,0.18920623731881683,0.8124732702564853,1.4211755748147294,0.19314136061047488,0.01218131524840873,1.3275349645378163,0.3352411893820003,-0.1848435023522072,1.3240037457222056,0.2500184912956281,-0.38290028122175546,1.368026160272722,0.11316637145158881,-0.46880010239370207,1.3749111685668756,0.06674534469840177,-0.4807923037684071,1.399666145901192,0.07923178893308361,-0.49806507954095336,1.3857195257233097,0.0928474475981536,8.491525423728813
0.2652388122361563,0.893923009137981,0.44071910373309364,0.28426354496127115,0.48503629325068065,0.4756105866120247,0.26943992376934817,0.12164543496529873,0.4997520062989205,0.26637276963787615,0.0878096262146492,0.32461722089031225,0.3242579523840109,0.09510702392853282,0.3452647383093133,0.25254421553621426,0.048163068175924764,0.5771711830409557,0.08796540503278659,0.8939064725841738,0.4188629393208059,0.07399555663632887,0.4573143795633146,0.4880657976548778,0.08071761571805006,0.11032427743813239,0.5122164333107195,0.08802469596975848,0.09693572429366737,0.3115429653556332,0.032276108623767605,0.06998685799642623,0.38970400283302403,0.09830856180539016,0.06759947609173124,0.5441932670938802,0.14500700457630375,1.3410329570235722,0.3170315583579215,0.13184444437366993,1.6049531570218076,0.15100522159848398,0.1359968112021057,1.4400549290579467,0.13086214359765982,0.2858771252255493,1.3502638015589918,0.35261845980085227,0.4914969631964293,1.3759385787707357,0.2653651630831556,0.7031510657574217,1.4036128615458965,0.20254285970066288,0.8152983752887631,1.4165973842406765,0.1779171492516789,0.8295710628774693,1.4315576518230693,0.18767250756550571,0.8125024920607853,1.420260011318018,0.19577567096134627,0.011696278970028983,1.3271658580690944,0.33537116403265055,-0.18479288224054352,1.323038318136325,0.24850110211968116,-0.3822281924420389,1.362804209560589,0.11116199408950057,-0.4675052589453733,1.367015417832387,0.06283783932593999,-0.47889341285683507,1.391866061553291,0.07622339188379984,-0.49756579739205514,1.3791787548380827,0.08659716360376302,8.508474576271187
0.2661110543706434,0.8941580629950648,0.440857553829798,0.285274622160967,0.4849534524208724,0.47617610402175053,0.26975773648509677,0.12173888284284401,0.49985701974627605,0.26611819389783525,0.08735646907720701,0.324563582093462,0.323339827041572,0.09483558454946628,0.3458815979435497,0.2526961996050077,0.04823261099887892,0.5761618073356609,0.08887852250882156,0.8942566065330477,0.4179295952486254,0.07433855444515823,0.4571651399492574,0.4882843671163964,0.08061888761110655,0.11048657063516368,0.5122114389924106,0.08803789187725872,0.09696675940010127,0.31149834246407343,0.032284446784503096,0.06998725887792984,0.38971168189716415,0.09819916554946162,0.06783293953395375,0.5436669584540599,0.144360293789123,1.3415105397386728,0.3151812256802843,0.1311733595199815,1.60480367243174,0.15139025192597855,0.1350487389988507,1.440755118658082,0.12820780759213765,0.2847118223632551,1.349951805192498,0.3515265225774733,0.48837225956118724,1.375294705610465,0.2643712840627187,0.6999857411300219,1.4020767927041644,0.1996541809900588,0.8112099194963267,1.4148720291899086,0.1729444421813548,0.8281422051748428,1.4299569883955485,0.18653027401801806,0.8120799259093965,1.418209442747483,0.1994840979178974,0.01116623514957315,1.3268449216778961,0.3348699734037641,-0.1855472455921558,1.322273812545219,0.2458130954642389,-0.38183347662889455,1.355806893144651,0.11048671190700507,-0.46616603911263055,1.3567409363100138,0.05963448603076701,-0.4783278826118787,1.3830277084817957,0.07489834154442515,-0.49716474135709376,1.370934438161639,0.08079914852423031,8.525423728813559
0.2668731595133893,0.8944661517363376,0.4408605680941118,0.28621840111543856,0.4849777356454564,0.47672874524060727,0.2700968407780205,0.12166335972360963,0.5000805852584743,0.26587447700147093,0.08676503433816687,0.324491137473741,0.32166309283604483,0.09413629001737381,0.3477247274816594,0.2528311896304637,0.04838965965453005,0.5748624374769445,0.08978551675328396,0.8946113590632877,0.4168988725277197,0.07464672560015571,0.45714102328574957,0.48843505480612653,0.0805134408424184,0.11060711399662813,0.5121952419810964,0.0880507804295465,0.09697136957352807,0.3114617890627113,0.032291305346232244,0.06997558501559585,0.38972458333201165,0.09812643656773684,0.0679823594842785,0.5432772561627686,0.14367051415911553,1.3422865451251682,0.3128679932795376,0.1304102913384364,1.6046433113660352,0.15176946337476577,0.13422688927387239,1.4417930356121313,0.1260365974764657,0.2833093368244413,1.3496821939168218,0.3501255414761708,0.4852115604002019,1.3742423909034243,0.2649819613957239,0.6963405837488934,1.399182875705419,0.19680249883830242,0.805501114629518,1.411562527638248,0.16499224534333715,0.8265945378391979,1.4265373161246075,0.18556716237773155,0.8109011515481046,1.4141253817875443,0.2026335643084771,0.010667189543755406,1.3265096883390464,0.33355806559155005,-0.18668468969019844,1.3217728073437174,0.24089177422609795,-0.3818438828969529,1.3471464736119456,0.11055210662745357,-0.46474596353695596,1.344615241859298,0.056717852709090626,-0.478463780120731,1.3728236008208947,0.07442264568217535,-0.49621480911800964,1.3611329753607029,0.07596722378305387,8.542372881355933
0.2676705742232574,0.8947958853305701,0.44098275992672886,0.28707078234700706,0.48495102482648933,0.4772408860385609,0.2703945841429692,0.12152663155775117,0.500245117526742,0.2657336100202523,0.08597465712246939,0.32444074160847614,0.3197429764082835,0.09314090221747276,0.35030476338431177,0.2529603080464204,0.04857348744860412,0.5733910573673642,0.090657411932183,0.8949648584106796,0.4157996640605212,0.07491351345519888,0.4572332492043728,0.48852394491354323,0.08044411786502917,0.11071647124114568,0.5121747000265282,0.08805895526143831,0.09696630422160099,0.3114370065788215,0.03229978989427542,0.06994953256064373,0.3897473307417477,0.09807661739424273,0.06808122657350432,0.5429836630573681,0.14292423008680036,1.3432350324231845,0.3103915341300283,0.12924778582684343,1.6046234212196118,0.15216913830426504,0.13355479205433862,1.4432264898176372,0.12439966649330916,0.28183377291212824,1.3496948269759657,0.3476843216984488,0.4830359212813361,1.3723018702945515,0.2678579141133851,0.6930812236282629,1.3937464227992216,0.19491556159448098,0.798927526172099,1.4059690287778555,0.15577418701606277,0.8250604225557392,1.4204354197350717,0.18396169863922343,0.8085070505270975,1.4070541119817284,0.20337643894905189,0.0101736382539091,1.3261897349774068,0.33162438229917574,-0.18773735176345885,1.3212254183464116,0.23362940542735205,-0.38223260053398234,1.337374941943114,0.11040736454641284,-0.46290765126265454,1.3312556494859449,0.05334236102573058,-0.47857282270075263,1.361006453585299,0.07346490085411042,-0.49435671654076063,1.3498607305593682,0.07234188867957217,8.559322033898304
0.26862924940882144,0.8950678824570922,0.44140647745539285,0.28783446374064403,0.4848291721886223,0.4776948875545435,0.2706031631229746,0.12145444657521552,0.5002354442112371,0.2657812781242685,0.08506699292488452,0.324478438850103,0.3181836668640825,0.09202312404779917,0.35305063039233653,0.2530915569400037,0.04874078351446707,0.5720368790975597,0.09146398288495236,0.8953189798490782,0.4146668281805919,0.07513582690818858,0.4574337839451236,0.4885537165759153,0.0804107941152263,0.11085178654383632,0.5121353702664898,0.08806117732682375,0.09695892889131456,0.3114331331918593,0.03231215219846082,0.06991202856642251,0.3897799312771827,0.09803890601982163,0.06816037454472082,0.542753138165204,0.14227640976406955,1.344249556244808,0.3080494277954366,0.12741220936562414,1.6049237326158041,0.15317597766375995,0.13302631810051976,1.4449748447697384,0.12324205926983221,0.28047760646768743,1.3500369618303374,0.34416590007919706,0.482903385048437,1.3686068564518161,0.27312247928896927,0.6909795198223607,1.3852535465784808,0.19512465528999542,0.7925498217008395,1.397771715965468,0.14731481211411862,0.8235827920170287,1.4111324907720537,0.18068613281828172,0.8046584659174212,1.3964092453254517,0.20022497863161212,0.00959729120081016,1.3258859151185363,0.32935891276899804,-0.18847990690448102,1.3197835299239324,0.22497960352177984,-0.38284842590129353,1.3270941662403724,0.1094076420056623,-0.4601421849510332,1.31701861743858,0.049089647501709445,-0.4782698414484523,1.347521487057939,0.07125739682326471,-0.4915401296177551,1.3373894192329323,0.06961305320474742,8.576271186440678
0.26975699499945777,0.8952811247069595,0.44195082840140704,0.288543796337795,0.4847472297345155,0.47808908690005764,0.27072621669577657,0.12147785800026233,0.5000293929100588,0.26604655344832745,0.08418046463502465,0.3246474399846596,0.3173056988403735,0.09090194785040752,0.35558378991915446,0.2532270430398487,0.04887276646055319,0.5711389551088849,0.0921854052185276,0.8956760038180878,0.41353269853432556,0.07530890689381155,0.4577560652270856,0.4885194417755177,0.08039144707312025,0.1110139605376499,0.5120689255762865,0.08805830285012539,0.09694680487112971,0.3114552135231148,0.03232742980623389,0.06986917072551929,0.3898166150349856,0.09801643690962408,0.06821808626809117,0.5425979129936624,0.14197223656176264,1.3452708105779432,0.3061338211146072,0.12484706910446572,1.6056713371614664,0.15529688193423152,0.1326614471393151,1.4468052452469067,0.12259632258323694,0.27940524292132,1.3506122248187917,0.340070463901218,0.48513624820583146,1.3624031729028176,0.2799015132512964,0.6904041300869046,1.37409765239637,0.1976343266350184,0.7876276747545135,1.3868847322821831,0.14112598188146036,0.8222474674505924,1.3983045664177969,0.1753876465770592,0.7996470565485563,1.3822094412625279,0.19239853607826504,0.008940020688151855,1.325612572587624,0.3268872525279245,-0.1887941081680273,1.3165361502918052,0.21649055345581425,-0.3834837183251184,1.3165961021438426,0.10740155004159113,-0.4562478151315337,1.3021586584901057,0.043979942157311006,-0.4775807634399597,1.3322357291025604,0.06793238244839477,-0.48799381449551626,1.3239754175081817,0.06716344567121671,8.59322033898305
0.2710059736075532,0.8955431989362509,0.44214498807362546,0.28925212740638995,0.4848517554527432,0.47843604811910445,0.2708175858534648,0.121530313248452,0.4997107429366875,0.2664906088132132,0.08346539715958087,0.32493923680048903,0.31701365684046534,0.0899384879430056,0.35756489795044666,0.25335941144768304,0.048933131634320934,0.5708860159619297,0.09283560636762798,0.8960443951708353,0.4124089197173875,0.07542121343626534,0.4582209884593771,0.48842135967588013,0.08037859637017901,0.11114006021562733,0.511991096925758,0.08805266098536413,0.09692525068787572,0.3114997954048627,0.032342083777211074,0.0698250915235294,0.3898521928808834,0.0980135360521611,0.06824222286674113,0.5425320914519944,0.14205855854012456,1.3462670911841024,0.3048798257439,0.12170176632377869,1.6068609643751226,0.1584195010084411,0.13248377367034483,1.448445319381266,0.12249300553723216,0.2786942240532652,1.3512753941773252,0.33595405121058747,0.48882184632734316,1.3534824299770198,0.28677069743454564,0.6913455604660286,1.3609879461600576,0.20171667011666025,0.7851295912168053,1.3732070695728829,0.1378678364667732,0.8213382909692187,1.3817765062363996,0.16869570255272287,0.7942885916656055,1.3649476285687008,0.18017703534040938,0.008361936785220833,1.3254223011300819,0.32419178872280685,-0.18844977461049583,1.3111295060096657,0.2098313519499209,-0.38387519372354195,1.3056877991297722,0.10454784863092666,-0.4516533153135243,1.2869042375001134,0.03838601221578068,-0.4767414099813504,1.3147315783181888,0.06422902185943122,-0.48415188824119626,1.3092402582158134,0.06437846845378398,8.610169491525424
0.2723687845161925,0.8959825053518115,0.4415679820394241,0.28998708489322106,0.4851250423802553,0.47875086311425025,0.2709336412543935,0.12153984942948765,0.49945202892889373,0.26703200870535293,0.08305446253799365,0.3252951192815704,0.3169834045692979,0.08931570036162416,0.35862690426720634,0.2534708396010859,0.048857104179701225,0.5712961221474441,0.09347137241350435,0.8964444986165893,0.41127174010292117,0.07546011910758148,0.45881304355550817,0.4882760745406739,0.08038175232139062,0.11114338627011187,0.5119285863886629,0.08804800387195605,0.09689234550142614,0.31155599096948783,0.03235231593897132,0.06978270808635793,0.38988305524400785,0.09801536064511415,0.06825581471860528,0.5424976742829346,0.14228324224364763,1.3471828557894459,0.3043282856435566,0.11820046736378316,1.6083396182679288,0.16207877106718294,0.13246287223343867,1.4497606699371077,0.12274180357333457,0.27833112523655623,1.3518932849208425,0.3322274088632932,0.4922928049738163,1.3423093366332073,0.292670848170768,0.6935601954822226,1.346321174883325,0.2068684051308991,0.7851235832075643,1.3566075690136543,0.13723198575523435,0.8213018467633821,1.3616106985832486,0.16190136546654116,0.789598637298186,1.3451452153580445,0.16552715598683793,0.008080589829415518,1.3252675453219376,0.32156420994935836,-0.1872261739020174,1.3037612189488716,0.2064265144200036,-0.38372415716477626,1.2938644128184005,0.1013443576752624,-0.4471406796462226,1.2711411977148381,0.0331975718857758,-0.4760352237265006,1.294725530377143,0.06104522645476865,-0.4804987043739361,1.292284051952613,0.06098068474154551,8.627118644067796
0.2738442019466937,0.8966447870608516,0.44011526566076004,0.2907098917157483,0.4854194998966346,0.47903735859575414,0.27109660165912486,0.12148113006925038,0.4994105149841117,0.2675405687255169,0.08292560277983885,0.32562681632418516,0.31696436255923643,0.08911705349007343,0.35867763038033074,0.25353657354192394,0.04857886963411924,0.5723679813344019,0.09415669618310477,0.8968946807763905,0.41009366579205353,0.07542053117650699,0.45945794650467225,0.4881101731687583,0.08041339988506584,0.11095759228435181,0.5119024834872284,0.08804802774128329,0.0968535248436282,0.31160858899082744,0.03235602491381065,0.0697479428110051,0.3899038016098054,0.09798175013571732,0.0683380061889012,0.5423404100731091,0.14231406185834325,1.347920977619328,0.30423840406009856,0.11459246691119557,1.6098592603330208,0.1661891506285952,0.13252345340288046,1.450820456370792,0.1229933559430238,0.27827570581386063,1.3522905757827661,0.3293299973679006,0.4941983509635262,1.329937490871556,0.29712621667556016,0.6964731966526236,1.3302911078991186,0.21302137538320018,0.786663606422501,1.337105669286897,0.1380822712584014,0.8225035592343043,1.3381527964032982,0.15645910995774107,0.7863938288859615,1.3229618305376716,0.15275540601555707,0.008215109270299878,1.3249219253663471,0.31982178946755596,-0.18523460014936255,1.2947693885533968,0.20715257993292727,-0.3828055899136249,1.2806137860715867,0.09865099522113355,-0.4430637622079101,1.2542542766239935,0.029224124834743792,-0.47570501206772525,1.2725413313777387,0.05906021402234991,-0.47756665841282564,1.2725444701057023,0.057433342154969536,8.64406779661017
0.2753543077813839,0.8974620141830767,0.43805050093117276,0.2913347696368005,0.48562477998965564,0.47928474012469985,0.2713017960296657,0.121360580739132,0.49964569221445515,0.2678261111619312,0.08283468571100278,0.32584789259652935,0.3169043880557417,0.08917023805508445,0.35826980471138015,0.2535338463226694,0.04807565035114048,0.5741021940448254,0.0949010361622312,0.8973734760951729,0.4089306307608637,0.07530845480159637,0.4600636730101789,0.4879431231483162,0.08048091840382511,0.11055088135195408,0.511921887418381,0.0880536788357291,0.09682335304359473,0.31164687793923296,0.03235381384435668,0.06972329998362028,0.3899125293959944,0.09787319207670162,0.0685734979071982,0.5419095669250941,0.1419684054131377,1.348408192311506,0.3042575026087695,0.11121180792076218,1.6111512312302894,0.17121564068460687,0.13258045760946338,1.4518129051624205,0.12304665116443939,0.27847224608632726,1.3521878041274262,0.3278857842402614,0.4939373845983337,1.3177903458058224,0.29983042836142393,0.6991425287316411,1.3133126519062592,0.21960698799665526,0.7883853024309817,1.3149784130753366,0.13892010614230088,0.824792233054482,1.3121685751636407,0.15339132231356542,0.7850795104016814,1.298299001453052,0.14723201248908768,0.008725345057111873,1.3241659811405102,0.3196873853472599,-0.182923400129141,1.2845141364535277,0.21183327835859944,-0.38104923277943525,1.2655060856984817,0.09727031009035342,-0.43901595790883857,1.2354319286968258,0.026499115362149085,-0.4758222891332263,1.248816401093261,0.058528470425087055,-0.4758539236328761,1.250189447745281,0.05476955193924567,8.661016949152541
0.27675902011742826,0.8983049085034281,0.4358133065362457,0.2917916156258633,0.4857612302517554,0.4794770664963568,0.27153637749926945,0.12119057834873434,0.5001418435816175,0.26774487040326733,0.08257897333472694,0.32588979912067706,0.31685398227488903,0.08904955076729254,0.35834606182166207,0.25345852445333616,0.04742262033516048,0.5763475746554565,0.0956364521345982,0.8977973753444007,0.40794525907561124,0.07514978880071976,0.4605743332474214,0.4877854520222373,0.08058031337823585,0.10994799899307679,0.5119774335024988,0.08806256481199759,0.096817831464552,0.31167115485466024,0.03234918992754576,0.06969930331754347,0.38991713524110033,0.09768014268126933,0.06898651618309395,0.5411711126511778,0.14124376157298318,1.3487259489213441,0.30420292291870454,0.10848213872629345,1.6119812630385328,0.17758702973517526,0.13254319698754602,1.4529174913280216,0.12302898334058132,0.2787995067672868,1.351373497941613,0.32837816547133636,0.4913675913179232,1.3072332614208202,0.3005078934279671,0.7007077371691988,1.2957530713664274,0.22550816053171652,0.7892858969076005,1.290463365086275,0.13873546045911112,0.8272202444056921,1.2846651199114547,0.15289902614777837,0.7855568807689843,1.2712018051977414,0.15169829322374676,0.00946427708297264,1.3230184354545511,0.3211344772111124,-0.18073225557952827,1.273467884396059,0.21896761932294032,-0.37841132775196795,1.2482216595751296,0.09748308047173404,-0.43439055874128474,1.2140955299508005,0.025148486765518036,-0.47610793187874956,1.223937083811878,0.05918847944769341,-0.4753981219921186,1.2257249294645893,0.0541864039088565,8.677966101694915
0.27792766490652626,0.8990589922892249,0.4337387909277471,0.29205705402450355,0.4859418527117995,0.4796033228516191,0.2717818296045768,0.12097946927896336,0.5008623001205973,0.26736991201791693,0.08226443060590499,0.32575468013408126,0.3169027426092811,0.0883809869158935,0.3594951958403592,0.2533333118463792,0.04677571918930534,0.5788100399591313,0.09625070087974306,0.8980485776052284,0.4073060622504302,0.07499635586738314,0.46098710488629324,0.4876469323694416,0.08069540423166408,0.10923264477996897,0.5120427537496985,0.08807131003703711,0.09684501689557282,0.311687545219734,0.03234933202219022,0.0696624585303571,0.38993127034779757,0.09741703395596503,0.06954811286411612,0.5401815109712672,0.14022889497214447,1.3491580263505663,0.30410511480811875,0.10672567086815601,1.6121866431130234,0.18514117246070239,0.13235993145279717,1.454233842894269,0.12325071570285001,0.2791068860278078,1.3499109947588053,0.33067316946215686,0.48674199459782796,1.2988803780292364,0.2992727878633388,0.7008821488499501,1.2773013422517792,0.22996311768393135,0.7888376798923787,1.2633991285919006,0.13805158791093994,0.8283749634684838,1.2563053646369944,0.15454475494105144,0.7871752366307985,1.2420860541044307,0.16422617383226223,0.01028008231686462,1.3217132689182713,0.3235668846009314,-0.17883596146272135,1.2620826109712044,0.22645009881534384,-0.37471238001710716,1.228768300724805,0.09915353107916076,-0.4290648958326341,1.1901130160940123,0.026148499481205623,-0.47581050382182644,1.1978881791927625,0.060495509932238484,-0.4755513322924797,1.1992829551441624,0.05711936573548073,8.694915254237289
0.2787776088202209,0.8996505286076598,0.43195423785086134,0.29212552713042605,0.4863063173707274,0.47964799428861715,0.2720045369801591,0.12073501701551642,0.5017763139429594,0.2669935856797132,0.08213984292511264,0.32565428730039664,0.3171675022824056,0.08709277306185914,0.3616942008464422,0.25318917647268296,0.04622213681808908,0.5812911385386089,0.09662406948746459,0.8980339650980613,0.40710184725162946,0.07489583280168816,0.46134022086924953,0.4875310514781174,0.08080805650138354,0.10849954928963507,0.5120930566468472,0.08807784212210937,0.09690498892033385,0.31170316147151444,0.032363919599666356,0.06961276410980782,0.38996567195531656,0.09710497934846067,0.07021453092523612,0.53901592653668,0.13905341900359625,1.3500035741160323,0.30404954246079474,0.1059260233894593,1.6117415924031464,0.19316913235689231,0.13207350937888718,1.455856173432146,0.12396552415841541,0.2793148932453724,1.3479805644844323,0.33418719654735163,0.4809608785473982,1.2920199216507606,0.29698290180169307,0.6998747981117606,1.257137032281124,0.2330181425724231,0.7866094902698506,1.2335629874196248,0.13898109892683636,0.8270575500868118,1.2272658168160586,0.15778518229654054,0.7889272531882803,1.2117351597394912,0.1803208621469326,0.011066701186475791,1.320475099896321,0.3263607982974288,-0.17711593063268058,1.2505526470994484,0.2326716301384807,-0.3697654593768058,1.2075425931505273,0.10220629670801198,-0.4234261213409941,1.1636723341168103,0.030297952609845136,-0.4738268361223949,1.1704333549027377,0.06225515098496524,-0.47531993967616587,1.1704191831702455,0.06476795595489865,8.711864406779661
0.27930630093493475,0.9000195116332516,0.4304627874953101,0.29197630189451523,0.4869787118790686,0.47957754942869935,0.27216038312798413,0.1204761999739872,0.5028639174912548,0.2668614700671075,0.08233127240548886,0.326001395944067,0.3176688164335284,0.085389507024987,0.36455020556394097,0.2530507325546414,0.045700624087312305,0.5837259612942647,0.09665595983161371,0.897732849478971,0.4073476908177629,0.07484574525876708,0.4616549024715227,0.4874381049451292,0.08090721112324147,0.10782000076567366,0.512123571283344,0.08808185055176625,0.09699469743820816,0.3117265213744489,0.032396124549644016,0.06957265763187813,0.39001729966180393,0.09677847024298934,0.0709180581470698,0.5377927380308237,0.13792321296505755,1.3513428370350176,0.30407093027429016,0.10579810156378944,1.610846170647879,0.2009010387441107,0.13177072275335847,1.4579415569607799,0.1253588488647779,0.27945947234596313,1.3456311526874547,0.33848846390003734,0.47546265651723824,1.2848891324641678,0.29492127840160265,0.6979372830378283,1.2348067811862626,0.23528965588872502,0.7824037576294538,1.2013403595541459,0.1435307868993178,0.8227889701795185,1.1975725670710986,0.1622983619086148,0.7897771393132172,1.1810766916623636,0.19581088033817567,0.011681677433074907,1.319345240120813,0.3290851862824422,-0.17529772538067978,1.2387412568286604,0.23694352370037425,-0.36359906551630594,1.18504266930631,0.10655170577761108,-0.4178256424186381,1.135094506018583,0.03723109762398579,-0.4691561836778606,1.141560208100041,0.0647338141464951,-0.47367972883752013,1.1390938055049356,0.07673275016674744,8.728813559322035
0.2796021190541985,0.900131287066525,0.42924237045771213,0.2916048583622236,0.48798634451769707,0.47937255883167473,0.2722359423282849,0.12023535387890413,0.5041209328012908,0.2668989770043031,0.08284747655069251,0.3271250230228318,0.318253099294802,0.08366895560039003,0.3674078827698097,0.2529516025650435,0.04512156030254934,0.5860463239539896,0.09630719894554472,0.8971887259953119,0.4079994003616724,0.07479500050544277,0.4618398929654626,0.4874173387266151,0.08098798146966989,0.1072503084336659,0.5121503237642249,0.08808384295830797,0.097110292300367,0.3117636369505329,0.03242850873207538,0.0695756453817781,0.3900631141219704,0.09649084391520497,0.07155009777263335,0.5367073875670232,0.13711302934435854,1.353056682490958,0.3041503444591713,0.10609083034818276,1.609889051069131,0.2078925430492265,0.13149492258574041,1.460559999359929,0.12757572156192132,0.2796609320303602,1.3428582718430655,0.3434239929227051,0.47146695446862935,1.2758141453746286,0.29386612048117283,0.6951178340278455,1.210711647195471,0.23735178532739573,0.776673443715547,1.1678528240574815,0.15184845262688423,0.8158489633529007,1.1673368479288633,0.1676899507602946,0.7888478332748695,1.1507536936462501,0.20804353968305095,0.011883650529432101,1.3182175793531807,0.3314756487862265,-0.17311374617984576,1.2263075204340668,0.23943645255852053,-0.35641508419553103,1.1616222782738088,0.11152976497298706,-0.41208991635010256,1.1049188750586876,0.04561941930114864,-0.4614551955226961,1.1117183323766906,0.06801144009579635,-0.469592941742409,1.106367298053041,0.09077552778163135,8.745762711864407
0.2797839778897102,0.9000286691811668,0.42829753486257766,0.29108157936502654,0.4891640706289449,0.4790894131170171,0.27229079932300543,0.12003294533503792,0.5055764112907419,0.26682190365888,0.08361181864073002,0.3290006732438843,0.3187141079271675,0.08242438456200235,0.3694541507555197,0.2529393090734911,0.04447822381126723,0.5882257932231055,0.09563363458773481,0.8964641848381572,0.4089410747590759,0.07469716192228325,0.4617206363945204,0.48760609247594255,0.08104834992463525,0.10683185224111102,0.5121929697800266,0.08808301554553011,0.09725037387399861,0.3118164545347448,0.0324215643481183,0.06963827686110255,0.39007357508560575,0.09628142067488418,0.07200939711128355,0.535939886846988,0.13678698327752684,1.355026689887938,0.30424925874720965,0.10669455479979967,1.609244646600493,0.2140200289692326,0.13123963879916442,1.4636082906914543,0.13055266757142986,0.28006199841916446,1.339789403886354,0.3487487526069952,0.4690995372127479,1.2642298458129366,0.29354066106838633,0.6913835350952158,1.1857798979754106,0.23918379714021504,0.7701483063398089,1.1345717618708793,0.1621205677797526,0.806780973251745,1.1369349525009653,0.17285534759571053,0.7856362451968388,1.1210018044373462,0.21623600244017538,0.011500225363873885,1.3170105247853003,0.333348656307205,-0.17031913908721671,1.213105359866147,0.24102892755498145,-0.34839517027826594,1.137457873675645,0.11615823468938591,-0.40553697424854074,1.073905431726915,0.05394226799715107,-0.4511667677271529,1.0812572186393654,0.07182968579935582,-0.4622429338828694,1.0732648861607739,0.1045323303716494,8.76271186440678
0.279948733145001,0.8997771889315374,0.4276744395524173,0.29052932105213825,0.4902143316152291,0.47884355770761605,0.27242991718397874,0.11984400050041821,0.507256112260852,0.2664768405771697,0.08443558441508864,0.3312553644027972,0.3189319813679561,0.0820493275643121,0.37005716767991215,0.25304770239038304,0.04381727493922196,0.5903142898843307,0.09476016596327079,0.8956154116479255,0.410042070170015,0.07455477980295132,0.4612606855684652,0.4881372676919826,0.08108835942962006,0.10657664976720525,0.5122576489197351,0.08807639309301565,0.09741983292453205,0.3118869655611446,0.032355956942287455,0.06974682000580965,0.3900384509873577,0.09613660608085176,0.07226664860383858,0.5355353647563516,0.1368192932323009,1.357242292230611,0.30433675513487285,0.10751142147411191,1.609135264258367,0.21927796049769052,0.13101908236205334,1.466993410681195,0.1339797128294192,0.2807740615978606,1.3367053505447983,0.35394237922507304,0.4674411587475301,1.2507543872432494,0.2932463195728176,0.6868247535277616,1.1607592570305185,0.24044129765886185,0.7630846589778957,1.1025708247012644,0.17180853165774787,0.7960077765227335,1.1067956110483277,0.17632633510280885,0.7801549464844748,1.0918318438426018,0.22123492703210232,0.010610568940424172,1.3157382639627397,0.3346637523536064,-0.16669596499469858,1.1995604907417734,0.24279367767871815,-0.33962332291099473,1.1125353436885226,0.12021222187368297,-0.39737301701803174,1.0426482827411547,0.06159376258686969,-0.4389463014204671,1.0500545429933696,0.07606922082888067,-0.4513909328136954,1.0397696218129995,0.11711513665749361,8.779661016949152
0.2801809270692533,0.899362769782628,0.42745462307219895,0.2900421772664307,0.49090032435292863,0.4787118728887135,0.27271439907637557,0.11958633977553343,0.5090573630470636,0.26590795839486214,0.085078371062033,0.33348232242385173,0.3188782002044188,0.08267374409712258,0.3690284760461846,0.2532873795316615,0.043160530782031324,0.592329204202816,0.09379351195877492,0.8946591223698691,0.41132092669956977,0.07440784453325372,0.46068002255624635,0.48891953026991586,0.08110970637784827,0.10647032447356732,0.5123371021369251,0.08806381333646464,0.09760686558227992,0.31196691757462247,0.03230142968263128,0.06987313708105547,0.38998277862035674,0.09601100199884981,0.07235794910883543,0.5354221908537428,0.1369201570188957,1.3597222029776674,0.3044012806289464,0.10837647420717557,1.609654718146955,0.22373802452816766,0.13093434175015917,1.4706959485168443,0.13755205241370083,0.28183796438535513,1.333940224204814,0.3584299971282996,0.46560014316211396,1.2365246214790626,0.2928809129079198,0.681442329075296,1.1358057051934043,0.241252151476885,0.7551421362973496,1.0719113470844936,0.17910635630125915,0.7840412678022333,1.0767494786251008,0.1779279360415504,0.7725362796846849,1.0628914416602862,0.2246808324297448,0.009383848572447276,1.31439474837805,0.33587735665669627,-0.16218903039781074,1.1863482693457372,0.24545794639933,-0.3299656720100812,1.0866565733778137,0.12462047810460791,-0.3867739671982564,1.0115734012301687,0.0690545366649854,-0.42497016130806053,1.0182352393470084,0.08090208607991776,-0.4372005345267638,1.005843309953025,0.12864121719204555,8.796610169491526
0.2805556102707289,0.8987324376671803,0.4277212251844156,0.28963020106879805,0.491104057312365,0.47867171456273916,0.2731229160727032,0.11917571988659627,0.5106987990334177,0.2651681958464742,0.08528977998104749,0.3355034381793193,0.31856363453050845,0.08411207570674357,0.36666199695367174,0.25367451050960493,0.04246670767646503,0.5942218550280035,0.09276723627677505,0.8935480959675797,0.4129534207192142,0.07430847723426326,0.4602592269164164,0.48947600157861204,0.08111620405941623,0.10647812056077648,0.5124167469712163,0.08805520590046573,0.09773319535586263,0.3120204483467441,0.03240649617022509,0.06998923250038855,0.38995868592425637,0.09589936436344972,0.07234664938880689,0.5354873352275441,0.13692503700188538,1.362386361339844,0.30445246720528557,0.10915563014339202,1.6108343564009837,0.2277894656430823,0.131096717597224,1.474598297008601,0.14111624555875837,0.2831987529375516,1.3317336606670676,0.36186968799351665,0.4634232604382489,1.2225668751680292,0.29296261759594927,0.6746038793127105,1.1108477607627971,0.24211357191530167,0.745672650335407,1.0421200440189065,0.18334632847484594,0.7714089741739476,1.0462861147204061,0.17927543299944593,0.7625830453500099,1.0334531526093675,0.2284909252013441,0.007835901536681553,1.3128621856213372,0.33785127041658025,-0.1569994588055006,1.1736024074975246,0.24954577811526474,-0.31881614810535236,1.0597672822786783,0.13037510995354304,-0.37265968096075175,0.9815169969431744,0.07644933564645029,-0.40887010983051064,0.986738935436352,0.08649737035909183,-0.4198090799247185,0.9725239310122565,0.13890609004153143,8.813559322033898
0.2810683160263665,0.8979104510002682,0.42841588176599893,0.28917491185933697,0.49075054051213507,0.4785329152534655,0.27361579847547685,0.11864476630891249,0.5118846299701038,0.2642561591251398,0.08485866862219851,0.3372013198041657,0.31803513675499884,0.08592876509192081,0.3636234990443741,0.254242070544444,0.041664491166368875,0.5959289963770041,0.09168505750387129,0.8922707601862659,0.41493054620616676,0.07432522167506522,0.4600660195953329,0.4891747240705762,0.08111448204695035,0.10654343748265614,0.5124755330213454,0.08806745955162014,0.09766496604522087,0.3119959592894277,0.03278947698488685,0.07006468658776273,0.39001743275642425,0.0958589974798774,0.07231278574394126,0.535592064413955,0.13685511493242555,1.365063198119061,0.3045106200348796,0.10985465166106922,1.6126832989719468,0.23221005907768943,0.13143620746870482,1.4784774858703256,0.1445759799694794,0.28470216487926525,1.3301118687714333,0.3642074333148559,0.4609883091156737,1.2094737013742793,0.2942684896768673,0.6652721219082423,1.0860714636904056,0.24316176536911774,0.7339605668270797,1.0128715655744662,0.18454781244140248,0.7577694433435298,1.0154930522212564,0.18194493576654336,0.7498730300243664,1.0029806994058277,0.23438539718368076,0.005932128344600486,1.3110212111557527,0.3410489299036116,-0.15131100039360085,1.16076655890128,0.2556537072242488,-0.30530411956769826,1.0324367297709245,0.137356174369518,-0.3540681796103282,0.9534765040204597,0.0829899209792267,-0.3901198198275547,0.9566516856143931,0.09266410545069613,-0.3993607290802622,0.9412361545801379,0.14753881925492812,8.830508474576272
0.281555781665319,0.897021557186445,0.4293094239275872,0.2884741606367814,0.48983970835987856,0.4779415807269004,0.2741812265712482,0.1181622512422927,0.512534696232328,0.2632567488013542,0.08389323547186181,0.33825538221299134,0.31741917345784054,0.08767092074147564,0.3606272630830338,0.25499273629385283,0.040735583364084414,0.5973960767969382,0.09056379766326687,0.8909893688155468,0.41682424729500867,0.07450541659666908,0.45987774480743165,0.48783052548935935,0.0811108550969088,0.10660724567188351,0.5124928557849601,0.08811109783222995,0.09731059326916354,0.3118521214028147,0.03346696326437523,0.07007140771127737,0.3901845249295123,0.09593707867830754,0.07232413840360144,0.5356151653019525,0.13676673304501105,1.3676267063450742,0.3045861047341324,0.11056786210611455,1.615115656376283,0.23765743857301774,0.1317054442943106,1.4821913022942768,0.14782030952370717,0.2861580908348538,1.32889579093812,0.36559313039984487,0.45790528950505394,1.1971306107345718,0.2979710055136226,0.6529357647601122,1.0615767590246206,0.2443389234278647,0.7191942858258741,0.9836803373708041,0.18340392098413832,0.7415976140564859,0.9847892017734946,0.18606726986117567,0.7340271991049665,0.9715567832605062,0.2424829015463131,0.003824256154814161,1.3089225928258719,0.3451491791234242,-0.14476904749164196,1.1473046887918723,0.2639163463927108,-0.28900711841470145,1.0057308915631546,0.1450363784437002,-0.3308401800906472,0.9275523536351682,0.08828394427073714,-0.3683300763185247,0.92816525295889,0.09891423679611415,-0.3761948779883637,0.9124541491550725,0.15499977784965818,8.847457627118644
0.2817817528635202,0.8962110161189347,0.4303077818113848,0.28744832463415526,0.4885716826847829,0.47670389979784833,0.27478835435522514,0.1178578064404092,0.5127926978423792,0.2624310583056314,0.08298640156327079,0.3382107307755556,0.31691980667031944,0.08903673249181833,0.3582039103732435,0.2558512697366833,0.03976256952759488,0.5985653858388117,0.08942840175101614,0.889967023776276,0.41810350279250147,0.07480379595434451,0.45936240586717714,0.4859501652595685,0.08110597473336609,0.10664419712158887,0.5124617137683278,0.08818362596723614,0.09668663799187291,0.31156079793737396,0.0343561256497074,0.0700091658049165,0.39044000257876393,0.09612171174921537,0.07237680923414436,0.5355569555155422,0.13665059601629423,1.370057079300519,0.30465553124916195,0.11136778789336885,1.6178463211176255,0.24408765723430298,0.13175501474733153,1.4857568705307507,0.15068123463666627,0.28743938413879033,1.3278341076058107,0.366346336833228,0.4535254558569237,1.1846347076187753,0.30522743413150466,0.6376549661391487,1.0370031557685007,0.24589248395642793,0.7002630434252946,0.9539658050482666,0.18137443604170936,0.721294650401154,0.9542576865259885,0.190863783231974,0.7150079444300852,0.9399296871819608,0.2508413017664879,0.0018760710046354357,1.3068209776727553,0.3494395771307579,-0.1364780839290238,1.1333414078577617,0.27337872290384546,-0.2701535721934811,0.9805263309802378,0.1538681500902065,-0.3036548292401231,0.9028500419268369,0.09307455903257131,-0.3433055865201441,0.9005463093133012,0.10492683129457389,-0.35071211767981325,0.8853878967074064,0.16227901946909662,8.864406779661017
0.2816223170850816,0.8955740019304191,0.431488808443041,0.28623017554242636,0.48736940078606145,0.47505101908818065,0.2753652738031758,0.1176542096574114,0.5128156295381728,0.2620637837080214,0.08272759270746277,0.3369620207890586,0.31669472367815643,0.08976781156613836,0.3568793928076072,0.2567016001842334,0.038881412313620904,0.5993624223991286,0.08832969102917974,0.8893445304483756,0.41857074140849754,0.07512390645375114,0.4584247490346516,0.48423543648283496,0.08109358166965634,0.10667901870965775,0.5123939563234173,0.08827452152587659,0.09589052358069425,0.3111207587995167,0.03527339704088811,0.06992606217662112,0.39070524298536435,0.0963930962773005,0.07239398599436289,0.5355472763024886,0.13647143904908515,1.3723011008437196,0.3046548341226097,0.11229567317333733,1.620541141353322,0.25084312745094023,0.13167041864175844,1.489292509640827,0.15288356736310563,0.28850632289512357,1.3267550964550208,0.36690825929228466,0.4475504616020669,1.170858014930437,0.31608182757303604,0.6194205057534744,1.0121208593133124,0.24799490197949747,0.676170017385036,0.9238588865567157,0.17994401930670623,0.6963250203767559,0.9239898242481622,0.1957769862753363,0.6932793508740822,0.9093952853501305,0.25742723387563016,0.00046792997060266656,1.305050699289449,0.35322720259185486,-0.12573141590852616,1.119641241762609,0.28240038545023055,-0.24912910988876458,0.9572009934990496,0.16450914894545302,-0.2736542202340075,0.878315830070074,0.0987719494337531,-0.31494643404183337,0.8731617367196157,0.11075840059761108,-0.32323924336261134,0.8590892630724013,0.16951902437337218,8.88135593220339
0.2810865056250903,0.8951562221579878,0.43259973325635526,0.2849775530790031,0.4866547025387191,0.4734105554228926,0.27585833703583834,0.1173490284790249,0.5126514274446535,0.2621912277334053,0.08317350853704018,0.33508285236274893,0.3167178890275937,0.0896219886974489,0.3571676797619475,0.25746616991775356,0.0381987637386521,0.5997004512327073,0.0873445148846136,0.8890769888406905,0.4184015544818604,0.07544072617529586,0.4573991975565408,0.4830294073921631,0.08106553523016777,0.10677055868637245,0.5123127654543099,0.08837070938256744,0.09504370562683767,0.31060016805477536,0.03596683840990801,0.06988776194350996,0.3908723473047014,0.09675644293169791,0.07229791335050866,0.5357227506974631,0.13627328828684926,1.3741421020507567,0.3045185667271061,0.11340029370116822,1.623077939992788,0.2572073372775135,0.13159062094370877,1.4928771433040695,0.15410634958126726,0.2893871519177417,1.3256191906701686,0.3677199001456306,0.4401598119757397,1.1553934061290803,0.3291917373315542,0.5982869659348977,0.9874564200366569,0.25034860724417096,0.6468434589077553,0.8941038132657037,0.17967114019680908,0.6671859753091491,0.8941739596918724,0.20111849600095777,0.669270440965307,0.8812966363468536,0.26157162780637244,-0.000252328927498383,1.3038037053798108,0.3560221055809003,-0.11264751914845428,1.1070868905542426,0.28958036331582165,-0.22617532335013807,0.9358245763457554,0.17605603187279717,-0.24201204262431392,0.8534806456781292,0.10653463396811436,-0.2832333651928549,0.846334524141803,0.11660786890935797,-0.29394211093395256,0.8337388173462896,0.17558649618795566,8.898305084745763
0.28022477572400323,0.8949991441372173,0.4329500706877957,0.2837471549644516,0.48650885317813797,0.4720904844061487,0.27626415899309775,0.11685668611509298,0.512283529533052,0.26254876190080667,0.08403314364153008,0.3331820175850153,0.3168195428674054,0.08861199644041926,0.3589560378331133,0.2581237573097968,0.037760765130066806,0.5995215273113704,0.08651986090318131,0.8890706001920934,0.4178875100791792,0.07581862022641699,0.4568319452904317,0.48230729056462524,0.08102041066200151,0.10698316721923212,0.5122388445314101,0.08845763102080192,0.09426014296579042,0.31012893319728413,0.036226817780414755,0.06989560640901057,0.39085799708240127,0.09720830746037128,0.07206060675965595,0.5361375544600432,0.13621371597314033,1.3753258809098488,0.3042876185418095,0.11470024718832134,1.6255105814622668,0.26279417824739676,0.13154035896543298,1.4963958139769533,0.15414716528086528,0.29016934594494237,1.3244322662873658,0.36905600208668327,0.43169015647694203,1.1390574544259138,0.3423029312292452,0.5748222944656345,0.9640356890378802,0.2526284437167016,0.6131226868683891,0.8656388660430762,0.180174005243044,0.6346147735731789,0.8650117693505756,0.20727091935876785,0.6428135997581474,0.8563340135103257,0.26325880374996985,-0.00040060201095297535,1.3029388016477215,0.3576505351029765,-0.09812548408089714,1.0961265898808439,0.2943769730542165,-0.20150107810600287,0.9162507658336088,0.18668087953930962,-0.20931458219525434,0.8288927868287339,0.11603475728810499,-0.2484308376119846,0.8211771857251895,0.1222465604591931,-0.26283621550233405,0.8103549732407881,0.1792563079912935,8.915254237288135
0.27912504629342944,0.8951682707066886,0.4320679935074758,0.2825908997103157,0.4866396368544807,0.47120508616335166,0.2765929151918579,0.11628395588519211,0.5116786626195448,0.2628547706588525,0.0849515503740532,0.33115698422542156,0.3168506289367289,0.08707681203384328,0.36119249799449676,0.25867441416820725,0.03755217278237444,0.5988791638284853,0.08583481512584751,0.8892993437355726,0.4171654758685711,0.0763135154527103,0.45706697676169555,0.4819336866851852,0.08096913340762794,0.10737438549192696,0.512183208799994,0.08852104687680723,0.09364141912645825,0.30982045865002583,0.035979947400755864,0.06985849656278978,0.39062649761676177,0.09773093538566319,0.0716948618287208,0.5367765621025733,0.13648535369949144,1.3758144440815774,0.3042187556221672,0.11612796363582889,1.6278201222055975,0.2675938461367713,0.13147585665382894,1.4995708211319065,0.15333353575794945,0.2909581775636726,1.3231560803747133,0.37090283859922984,0.42240903930873047,1.1235751865525976,0.3526297369790008,0.5498632425486096,0.9427703117246774,0.2549090042117252,0.5761413485323297,0.8397344451513864,0.18090801486144237,0.5989961904468779,0.8373297600517803,0.21318218187610993,0.6134564360267083,0.8344717080358233,0.26262072965214445,-0.00012270224944107726,1.3020469297455213,0.3582624247176017,-0.08337820661038042,1.0867456834809284,0.29737263837385364,-0.17538354714119414,0.8982475082212265,0.19546665883949155,-0.17533275696035605,0.8057952479753132,0.12572622219512067,-0.21118027792893965,0.7987090260156139,0.12666992021462492,-0.23020205656318427,0.7895318525753542,0.18057076074578243,8.932203389830509
0.2779141827529901,0.8956968878627158,0.4301232138785459,0.28161316644084816,0.48671184577389554,0.47070374111145535,0.27684004967587045,0.11577851309805608,0.5107978204220803,0.2630482221939431,0.08549247207882348,0.3286226930733434,0.31676375498864917,0.08545361638572685,0.36264784363364533,0.25911952999322596,0.037507070056601255,0.5979814774681795,0.08520300742532283,0.8897860603019041,0.41614954190473985,0.07690220102856532,0.45806325459599995,0.48179529236790575,0.0809272743089677,0.10797853106796257,0.5121471895115266,0.08855235677811042,0.09326511831842435,0.30971684386642084,0.03531266063222729,0.06967695518220667,0.3901996771413258,0.09828792763481338,0.07122484375323734,0.5375982375753746,0.13720559897617252,1.3758676345192182,0.3046770379707096,0.11754178853763857,1.629848153661228,0.27166378778487343,0.1314178895679621,1.5021168399452163,0.15296092125230332,0.2917944071855002,1.3217397293429916,0.37301192821119344,0.41265696589596146,1.1106694205974015,0.35772155019475915,0.5240260912638214,0.9241239514556111,0.25742797718223487,0.5371343061061378,0.8175389836169343,0.1819324784484127,0.5606793984112972,0.8123522200283981,0.2169766151574942,0.5810483478029936,0.8153873253657657,0.26039034921539217,0.0005439683880769943,1.300765845206034,0.35831217910064417,-0.06950049451632903,1.078844161666462,0.30007545423139215,-0.1482044438260971,0.8818144951039054,0.20227249016692378,-0.13961083971107724,0.7854888737116794,0.13450790637927734,-0.17221891978700674,0.7794814473816345,0.12873201473474297,-0.19668707073397884,0.7714071943735025,0.18064678879549062,8.94915254237288
0.27665791170994,0.8965475150057011,0.4274929583151238,0.28090689727732837,0.48661649872783774,0.4704623797768941,0.2770015194637439,0.11541490224985801,0.5096116672626481,0.26320257711384043,0.08533942967004754,0.3257273433792273,0.3165808425365493,0.08410434950873796,0.3628555101119538,0.2594670228122622,0.03756679744648634,0.5970976541670985,0.08451281163945763,0.8905039933172937,0.4146817409514857,0.07750685157617178,0.4595369751376344,0.4818162678302832,0.08089536160040756,0.1087585230845176,0.5121229782413768,0.08855473107745446,0.09313819396619187,0.3097955585166925,0.034446480955208726,0.06932412798985997,0.3896641950290538,0.09878828697178278,0.07066798403847863,0.5385590619171774,0.13834399874003972,1.3758721526982023,0.30582080825717983,0.11876715499661747,1.631507050942445,0.27482186932286473,0.1314999312518324,1.503815438520446,0.15485086083903316,0.2926026615434653,1.3201495864146187,0.37504761365602496,0.4029476475286195,1.1012061817263843,0.35659629223808315,0.4973973123540849,0.9082895838111907,0.25996774042963167,0.4974200340888011,0.7995697437687886,0.1837038202425408,0.5207125847408152,0.7908271381370775,0.2179518909051717,0.5459315986041213,0.7987172426462402,0.2572991902159486,0.001530692971315714,1.2989880498554176,0.35850388209917505,-0.057283058610011095,1.072234350876632,0.3041446753302002,-0.1203492936801166,0.8672013196316501,0.20672988652923938,-0.1020393752062038,0.7693706396430314,0.14180792302245204,-0.13213586590982013,0.7641583884579464,0.12812684238071825,-0.16266324919353775,0.7566998686902539,0.1799766975281715,8.966101694915254
0.27532037497204254,0.8976911741619058,0.42419855636099213,0.28052287739112736,0.4864467800584,0.47041661118577704,0.27710734116657315,0.11520450682464971,0.5081368264205173,0.2633546231851619,0.0845518509758714,0.32296527446394196,0.3163646333310087,0.08329481692461124,0.36206711032677336,0.2597390679535612,0.03770075385956603,0.5964217316227686,0.08371489398303066,0.8913523084835896,0.41267751185651597,0.07805017157158661,0.4612081563885445,0.48195125000895717,0.0808543022392902,0.10958601359682871,0.5121051228423007,0.08854342867791506,0.09316510028535516,0.30999482988723454,0.03364031064121903,0.06883892065499614,0.38913836677784625,0.09912035841073467,0.07003424889248185,0.539622581911803,0.13970988961995684,1.3761448297395242,0.3075104301508819,0.11969846683561991,1.632964268613934,0.2769266289865462,0.13185303892296277,1.5045866284974536,0.160174277106769,0.29324399087399927,1.3183219112144127,0.37667968948651787,0.3936123923007887,1.0950273687648941,0.3500510759650562,0.46958715649365956,0.8955656112157533,0.26135350923087347,0.4579646419172947,0.7862354639572262,0.1857151780534766,0.48060191194698854,0.7734144941665331,0.2163522580401354,0.508974361179309,0.7842785800573595,0.25289324207157826,0.002662464965258927,1.296811420878888,0.3594528299570271,-0.047083470737430695,1.0663384933413267,0.3105125206856014,-0.09190954417504198,0.8548919817571868,0.2082418309234932,-0.06289182915275975,0.7588803639008995,0.1466593568675312,-0.09147085780755107,0.7537915487779678,0.12554191220824948,-0.12786794757443024,0.7467395998540571,0.1775962669440995,8.983050847457626
0.2738882540937147,0.8991615082783847,0.41995198963343006,0.2804954225069646,0.4863051241444007,0.4706278952346846,0.2772325941556873,0.11511768029284444,0.5064826941344827,0.26343698073875615,0.08348622955015565,0.3203058034544007,0.3162247449264377,0.08317440005902735,0.3606485514783085,0.2599687942857004,0.03783868817050282,0.5960412995956682,0.08288295923024662,0.8922928145045833,0.4101389709964316,0.0784758741661407,0.4629417032045019,0.48217529223642347,0.08078743721437442,0.11029263592683868,0.5121041324806499,0.08853506315357043,0.09321337224795558,0.3102406528922521,0.033069968666785195,0.06828780368769269,0.3887160432756434,0.09922763248245778,0.06933198653573765,0.5407620214544613,0.14102208863387028,1.376859238894729,0.3095773009213342,0.12044968858989452,1.6345046807164079,0.27831667800191395,0.13246110221513352,1.5046045831220682,0.1688710522157425,0.2936401454086029,1.316165634081995,0.37766447278878856,0.38445895669512464,1.0912636502045254,0.34048706744068835,0.44064877606184366,0.8861786883637645,0.2599083093915395,0.4190007300831353,0.7778085394006126,0.18639140888128009,0.44105443093304364,0.7611934446936341,0.21169515751934564,0.4712855671831126,0.772323047009772,0.2462222735136667,0.0038086764265972102,1.2944457087244607,0.36131415853746074,-0.038493795270881134,1.0604963532036376,0.3189329901152066,-0.06282831002253159,0.845820884274679,0.2065035543016597,-0.022826213090849905,0.7547267205691794,0.14797017955141045,-0.05076149610056306,0.7491330276923579,0.1220037424867163,-0.09188165379318183,0.7422155990725623,0.17257786549758872,9.0
0.27244753298289515,0.9010036081418777,0.4145375860691807,0.2808320637733777,0.48615142480530593,0.47120452788091455,0.2774398759283598,0.11512082452189865,0.5048391403475824,0.26328886621863595,0.08270607321521783,0.31709210975420543,0.31625992586585583,0.08373574122693848,0.35888051611535626,0.2601655956685955,0.03785614592760912,0.5959948789532453,0.08216859982071838,0.8934303858692076,0.40710342083402795,0.0787534910855341,0.4646881532786442,0.4824795429156035,0.080696246332496,0.11074615542224517,0.5121346386319404,0.08853618698250088,0.09321797354867171,0.31046476585189936,0.03279682335885445,0.0677484656547471,0.3884378250389069,0.09911420789539808,0.06857172936693401,0.541958137250229,0.14206196746836683,1.3780065188596784,0.312048336499588,0.12135013269502012,1.6362060496141644,0.27960717221157405,0.13320898175730309,1.5042855045630985,0.1800228548426476,0.2938404806574554,1.3136925974769693,0.37797712445373777,0.37507192825728297,1.0886934771569865,0.331252021284669,0.41181280731732034,0.8797294207851794,0.2548108567077457,0.3801366527895768,0.7736495308336175,0.18491082135292117,0.4015313010741779,0.7547375995219334,0.20336802848528296,0.43345872859769913,0.7632437500370005,0.23725219798345112,0.004962995912158853,1.2922171924444488,0.3638275570389691,-0.03032210756657506,1.0546877931856324,0.3281537853279168,-0.03356961992150116,0.8409569454156542,0.20218022126199348,0.01687469721016827,0.7565190391081514,0.14527715801128321,-0.010686832277953681,0.7499354190905145,0.11819345558441535,-0.054578492169390966,0.7425361359697135,0.16533682458322863,9.016949152542374
0.27108354744369256,0.9031960334443891,0.40804330800546706,0.28145102354352286,0.48586101506620144,0.47211645886256903,0.277701498321841,0.11520860674639694,0.5033564806295,0.2627601824674483,0.08285193294040576,0.31284162933408916,0.3164627300960329,0.0848118671855455,0.3571148732329371,0.26026830267337275,0.03767436803643116,0.5963086249326206,0.08169730071906446,0.8948698712712477,0.40363187355252433,0.07888236942157957,0.4663291905916677,0.4828721049076949,0.08059108237790949,0.11089787419668311,0.5121963474487919,0.08854489015120746,0.09319115725729805,0.3106018648639894,0.0327851917685444,0.06730570955804324,0.3882884096419024,0.09880432377934661,0.06777063637966373,0.5431916412215396,0.14276163645450213,1.3794120326155528,0.315112439575608,0.12272183277655836,1.6378698793742865,0.28119272582952315,0.13405483084107733,1.5040886994453664,0.1923223658464317,0.2939479692044312,1.3112097999121441,0.3778716766319901,0.36539558560039864,1.0862938913367313,0.3247821803772751,0.3845551661801454,0.8752882960245724,0.24646017080616156,0.3410128380474056,0.7727104974663702,0.18161358919116816,0.36149484711492025,0.7534683091497542,0.1922547487571808,0.3955704218867833,0.7572242985113327,0.22690648194760252,0.006162038651992668,1.290582879509974,0.36658870568564866,-0.02143367288754608,1.049605675410457,0.3365637221897119,-0.0051771393828031875,0.8404471451648858,0.19690583627763847,0.05442213189658597,0.7633697619068877,0.13904850601949803,0.027660640929003798,0.7551980674510547,0.11418965637917214,-0.01615497959508114,0.7466881448881337,0.15663070949186256,9.033898305084746
0.2697811009311528,0.9056312190599742,0.4008749456228922,0.28217099440348403,0.48542970025777843,0.47312970833874873,0.27791136293064517,0.11536270326133766,0.5020330992660182,0.2618744333963795,0.08416597438001933,0.30794803897940765,0.31676646717209783,0.08612458341652512,0.35574120797989534,0.2601734301841654,0.03736632016578426,0.5969024120422387,0.08150329482221276,0.8965826440903449,0.39987549905852726,0.07887922419595825,0.46766506928173046,0.4833692177681459,0.08047729858181286,0.11077553952516933,0.512276118053573,0.08855894998023942,0.09315965107828184,0.3106116513065733,0.03290667097115414,0.06702561844443272,0.3882219163457262,0.09831449954050109,0.06695480070387332,0.5444345068602964,0.14315156573933074,1.380840805992533,0.31891922383096705,0.12465382889543354,1.639305506161181,0.2831797762621055,0.13501933402191035,1.5042807041856343,0.20426373995242558,0.29400671289319963,1.309302581182532,0.3776968773155491,0.3558408177357696,1.0838005391458712,0.3209992175167409,0.3593555073766248,0.8723403658688724,0.23513316493616412,0.30254533025689445,0.774320438877757,0.17669378792189686,0.32195010606139185,0.7562067939920245,0.18031841204267796,0.3583123101837398,0.7544621862324782,0.21622944618095685,0.007385997198650248,1.2899915794891421,0.3691969234698265,-0.011614316716422629,1.0461261464368952,0.3425232865325769,0.02146500502557224,0.8436469449185331,0.1918705882088299,0.08841600885598486,0.7744270584021148,0.13086567867775006,0.0634257155248302,0.7638718133941927,0.10987354619370185,0.0226552459294085,0.7540019578532744,0.14665306176783038,9.05084745762712
0.2684539594020704,0.9081744491344995,0.39357219441513297,0.2828081613605314,0.4850204455328903,0.4739670501591196,0.27796335668917627,0.11554163354307175,0.5007791194238179,0.2609243362366618,0.08625714469665925,0.3036477079538002,0.31716149095673707,0.0873934526281537,0.35486252420982745,0.2598329005707113,0.03714235124093683,0.5974775181892902,0.08153414222805658,0.8984252852839546,0.3961183944689193,0.07876019567825489,0.4685464047130059,0.4839793771875609,0.08034958947795426,0.1104539710406903,0.5123551498696782,0.08857813077422592,0.09312875656652864,0.31052463916098316,0.032996555506449456,0.06688660363751528,0.38823345922680347,0.09764850236457615,0.0661532713783018,0.5456491021602482,0.14338022464742572,1.3821186540930916,0.32333244204100114,0.12698931762915144,1.640550255481156,0.28559158376170957,0.13599769057564615,1.5048324717856523,0.2145082835028187,0.29400376418061536,1.308477105041612,0.37763157407684567,0.34695552604943536,1.0816889837704113,0.31791164689279483,0.33595836351565417,0.8714997575047863,0.22026111628473796,0.26748474150991236,0.7776651557897142,0.17012646206830845,0.28568446237734685,0.7614409917918898,0.1694764382058719,0.32357259073468503,0.7553462806088078,0.2052192966225226,0.008513945390367471,1.290622824073356,0.371292953947157,-0.0014750517406721246,1.0449049582872025,0.34428639513848075,0.04603708883057751,0.8498521432412274,0.18689796144995058,0.11859952309104077,0.7888676473254588,0.12289449569235009,0.09690769790617802,0.7750143410085218,0.1056500890080874,0.06038640274063513,0.7637030085011791,0.13586156506296082,9.067796610169491
0.2670370034508613,0.9106832212917226,0.3865190995387148,0.2832783802943184,0.48477487064658187,0.47450516768016576,0.27780508682618604,0.11575790213889994,0.49959875118021674,0.2603557927416428,0.08854227178229249,0.30107971210680534,0.3176687500241229,0.08852580230697997,0.354005813704094,0.25929069737747584,0.037211066460258624,0.5976566787922123,0.0817025367361878,0.900183913298757,0.39267102629187634,0.07853383324124048,0.4689385986829343,0.4846993787746378,0.08019455999702624,0.1100335166405242,0.5124107181969638,0.08860123616906151,0.09308931526347435,0.3104167923569391,0.03295232578779568,0.06673831823091352,0.3883946263001919,0.09681993683081691,0.06538667967023179,0.5468014327039683,0.1438100380512629,1.3832200781537496,0.327914608794831,0.12948674003828234,1.6417699079956496,0.2884441333410979,0.13673177536134112,1.5054902024251602,0.22251258990762338,0.293934500707516,1.3088729237016752,0.377654103720848,0.33913307841840373,1.0807352262049021,0.3133238271825397,0.31426177834300295,0.8740718776482149,0.20168794000877827,0.2390635148150393,0.7818698125375526,0.16220453056739748,0.2558563691211867,0.7676777762145094,0.1606450344338807,0.2936012711185949,0.75997894311717,0.19248055267258737,0.009382632431245753,1.2922547422596415,0.37261109132554776,0.00816504071796513,1.0461977797101643,0.34063007800783823,0.06851472557923485,0.8586723983778337,0.18133961053964207,0.14548397874231705,0.8058350585179601,0.11665806581975782,0.12884511676208296,0.787820364409995,0.10219531280462685,0.09501576356703698,0.774457024982135,0.12550400212557627,9.084745762711863
0.26555362454437414,0.9129690383012468,0.37984061018281084,0.2836040898605276,0.48467600858676096,0.47482892986358244,0.2774528813783113,0.11608450740416323,0.4986510464164959,0.2604844831820803,0.09058225298904825,0.3005310747688601,0.3182772767948082,0.08966938049486392,0.352381688240183,0.25862470410285876,0.03762927131029904,0.5973145125489858,0.08193573971342515,0.9016299936753069,0.3897017229596752,0.07819923886061717,0.4688803964622958,0.4855248443183326,0.08000249729506141,0.10959493108710942,0.5124264299394684,0.0886254302992599,0.09303604838779138,0.31032856796320957,0.032784009945013556,0.06645993457090135,0.3887258557687898,0.09588199178162167,0.06466184741363225,0.5478768732720104,0.1448882331620218,1.384249877202486,0.33222695035241473,0.13193650489989878,1.6430178220723353,0.2917834227045892,0.13699757417288316,1.5059300505474367,0.22889551134760905,0.29381520637086,1.3103220410480758,0.37768405061587845,0.33251622090139543,1.0816041050594338,0.30570689158907344,0.29458264370941856,0.880948799566284,0.1808840909616452,0.2190160761058531,0.7871884753197042,0.15297342573425954,0.2340860124350453,0.774543455316742,0.15278271231521184,0.26976078398335457,0.7678876862165335,0.17676336310705426,0.009899946670946708,1.294464383535578,0.3730924626289619,0.016666474496813653,1.0498128154815622,0.33207037740201834,0.08877153237165208,0.8700107386931314,0.17490401089323943,0.1693248224809151,0.8243475354185272,0.11257895646319889,0.15883567693492517,0.8019002766055605,0.0994324980441884,0.12433212216877199,0.7849321549532631,0.11686349854988029,9.101694915254235
0.26414475706477214,0.9148414423474882,0.37355648716048906,0.28383453031012723,0.48461730949322857,0.47510642977528167,0.27697094526717075,0.11656991677884154,0.498123061965371,0.26133835052499,0.09200036078513868,0.30178989371430043,0.31896456398088185,0.09092103902975815,0.34980651617737146,0.25789000917261595,0.038269691285891035,0.5966473998226862,0.08218201018568108,0.9026331994749497,0.38719471446476206,0.07774501238055927,0.4684275148480904,0.4864636314659062,0.07977707631216727,0.1091558451447742,0.5124027178901319,0.08864938865622105,0.09297343807824748,0.31024702751714994,0.032616575144278875,0.06623836685072768,0.3889960429072984,0.0949077964072067,0.06398197970865083,0.5488715678320899,0.14680798407362902,1.3853492266412708,0.33609794747126687,0.13419172778976565,1.6441684621920838,0.29573138387946535,0.13673072214144028,1.5059435719231493,0.2349728600418301,0.29366319007962055,1.3125115890819092,0.3776748296610011,0.3271024922825042,1.0844915875959638,0.2944644363948148,0.2774356629991209,0.8920324233609611,0.16035029592878447,0.2068912340471701,0.7950547420601357,0.14195822104759712,0.21985375755842868,0.7831069161860509,0.14357873178067054,0.2520413716267642,0.7786946161687875,0.15834351036949063,0.01009128553379371,1.2969684420047416,0.3729756160117761,0.02366517330145692,1.0552014245658754,0.3209358203930042,0.10635644668019756,0.8838992142774074,0.16724980261875017,0.18962999132678515,0.8433528691085698,0.10992430958100191,0.1850568555050182,0.8172534613389647,0.0963033252364191,0.14664005765430405,0.7947075770384484,0.11044637649097822,9.11864406779661
0.26303172645324113,0.9162090386318427,0.3677338731222517,0.2839830448532084,0.48448511337341466,0.4754181505602041,0.27643521042834357,0.11719815558523809,0.49810186809085427,0.2627316489433642,0.09259457374223708,0.3045501466668269,0.31965672528640676,0.09209869386901734,0.3471544059221501,0.25712319661442784,0.03897181067013806,0.5958439957922145,0.0824078670269163,0.9032097185045131,0.38506192018602736,0.07715853725945312,0.46758023402281185,0.48753825818903734,0.07953129293671113,0.10869076961350221,0.5123496639621442,0.08867435734111541,0.09290953139075309,0.3101537069495194,0.03263542324882231,0.06651552191342162,0.38876545754258096,0.093935750784483,0.06336088379884301,0.5497665917141262,0.14932390130042864,1.3866402547108136,0.33961680261127714,0.1362126469935268,1.6451546328082494,0.3004077258149055,0.1359959990867805,1.5056053768363644,0.24158952136703982,0.2934949542796328,1.3151019076176658,0.37763666549151664,0.322865055667334,1.08903683058015,0.2802555065483175,0.2631304549327702,0.9065474288860392,0.14198428291758014,0.20076260838011473,0.8068902313292043,0.12876025075110759,0.21145705888774977,0.7949937910975289,0.1311598204662762,0.23948185244035014,0.7926349855155592,0.13810705035955873,0.010059390382350313,1.299649932502479,0.3726742778617008,0.029008010577987006,1.0616318562132572,0.3097435780475506,0.12059192173478617,0.9001354343044067,0.1577623567576513,0.20561912497495252,0.8619168396328492,0.10687536979107538,0.2054241946282071,0.8339401945722118,0.09147034699148648,0.1614410830406805,0.8045325892390585,0.10582470858282308,9.135593220338984
0.2627182511325216,0.9173171278586874,0.3626815453613731,0.2845049035455225,0.48350383356441906,0.4759445327770719,0.27606571630114396,0.11790564807563718,0.49836200754295384,0.26438501533455394,0.09249707466691871,0.3081578382643365,0.32018701059820665,0.09290214431558846,0.3455699952592794,0.25648295341131994,0.03948542611254508,0.595292351219271,0.08239436541132157,0.9035031084378237,0.3834870476205792,0.07626106305423969,0.46606639498521896,0.488626886483514,0.07923816950652599,0.10805212604952372,0.5122470175926771,0.08870084171730602,0.09285257627540386,0.31005453738876215,0.03296862029791825,0.06756105309621328,0.3877021875460748,0.09245426465500196,0.06292978163028418,0.5502801942237683,0.15190604991257595,1.3882049157639387,0.3429965710124038,0.13811324625800164,1.6461441538426334,0.30592615791073796,0.13496802344804898,1.5052300443476319,0.24854203501101374,0.2933315311055696,1.3178271871324545,0.3776272494474357,0.31964822824319794,1.0946184686141658,0.2649880019866287,0.25162860397506076,0.9234113906423083,0.12623752479485395,0.198234537666029,0.8231237857912838,0.11344163268659654,0.2069664287202987,0.8113074113147343,0.11484692456326792,0.23078066591394122,0.8100718699846419,0.1162101675062695,0.009926007393104288,1.3023367231016891,0.37251075390141125,0.03269801101462916,1.06846929508302,0.29962055882565464,0.13097293240947125,0.918059583633339,0.14609734738978924,0.216997578832688,0.8791120340334748,0.1015625293429073,0.21886825367999524,0.8517334734533839,0.08415619759498089,0.16946119160494985,0.8156991403498757,0.10186021705014937,9.152542372881356
0.26260349004178457,0.9181394508082776,0.35812829228835913,0.2848654434348263,0.4824233673329458,0.47623932234264515,0.2756780748735099,0.11852322096492335,0.4988687543990705,0.2659766901019404,0.09196623677190756,0.3115655787303317,0.3204081270947682,0.09312081086014877,0.34562857208723546,0.25584433459400496,0.04005339825141033,0.5946096599146548,0.08239484016097245,0.9036037262730874,0.3820693172544737,0.07534727340195353,0.46431020565232084,0.48959299301397546,0.07894773032546458,0.10738302251049656,0.512129816665244,0.08872622065148755,0.09281175499129607,0.3099682350714564,0.03362044711497849,0.06924789536143805,0.3857857832357956,0.09100100441630755,0.06257405246693015,0.5506765900503805,0.15410070678925086,1.3900597529223626,0.3465387286024868,0.14015777926251125,1.6473141105002946,0.3125042181288688,0.13396968337945647,1.505121131129043,0.2552051167656178,0.2931927029014848,1.3205103798709792,0.3777120816484172,0.3171431522719458,1.1005796110615222,0.25114810373469504,0.2430380536475841,0.9411921235511644,0.11286771911330212,0.1970299811464953,0.8427848126036355,0.09681203673932726,0.20424015193093847,0.8318657260500256,0.09535006465411354,0.22443542478336054,0.8307043651126339,0.09289708967307225,0.009793333323711198,1.3047697095150155,0.37259774535899787,0.034900830009920975,1.0753649847795885,0.2904659848832539,0.13746184160461442,0.9367144024208662,0.13239320150611025,0.22411781639655515,0.8940936487873874,0.09299715535548939,0.22581524255456076,0.8700150053608694,0.0743540471454574,0.1721664049065743,0.8290808630474653,0.09714362906452863,9.169491525423728
0.26267079835453755,0.9186552475567185,0.3541305572935346,0.285012394044923,0.4812726098567676,0.4762437040317993,0.275277638190111,0.11900329997029005,0.49962059074902043,0.26718641208741833,0.09117462633557584,0.31402347309705236,0.3202594561602984,0.09266838930033723,0.3473473494516713,0.25521915072837387,0.04067580518861742,0.5937817935521509,0.08241143568151636,0.9035191005270529,0.38077214584220526,0.0744537743928676,0.46236050838538584,0.49039015089393795,0.07866823092846051,0.10670121763304222,0.5120016396810385,0.08874659079414077,0.09279478655827367,0.30990525445805195,0.03451256962518493,0.0712329247803774,0.3832413295244245,0.08963035543729798,0.06229526224572586,0.5509607058009858,0.1558194275096283,1.392143118453401,0.3506819268914658,0.14263603625277138,1.6485542178009012,0.32026347416985057,0.13340547549837636,1.505417434049974,0.26118148343521985,0.29307673848038784,1.323017941483758,0.3779099571173497,0.31517923400548226,1.1063137894922426,0.24065170442529749,0.23779426367996886,0.958244079053751,0.10182523218981582,0.19527695339437984,0.8637984363940728,0.0804607521438627,0.20098967300369186,0.8549831897782355,0.07498213754095458,0.21862446063442403,0.8532100392417376,0.06980770116231841,0.00972850396524397,1.306760959902189,0.37289374918007573,0.035808442603510196,1.082157648770459,0.2822927382262247,0.14036689157371318,0.9550157541469962,0.11699906411686357,0.22739827084810094,0.9066175782712277,0.08114577657928962,0.22760860212088677,0.8879313308064783,0.06239921965190246,0.1712808757617359,0.8448240118697823,0.09036934188895698,9.186440677966102
0.26290353124428767,0.9188437581801163,0.35074478376722334,0.28489348489961525,0.4800804563136597,0.47589886261940845,0.2748697582956159,0.1192983108089343,0.5006159986826184,0.2678079902913943,0.09022760515761655,0.3155959526640997,0.3197145311189788,0.09159824506461825,0.35039338116461616,0.25461921238031726,0.041352725026052126,0.592794623805543,0.08244629637860057,0.903256759716471,0.37955895013826807,0.07361717211725476,0.46026614554568407,0.4909719332369162,0.0784079268504472,0.10602447005378524,0.5118660651412531,0.08875974025916308,0.09280287426680463,0.309859221694693,0.03554475971512329,0.07317099503126102,0.38040935046480323,0.08839670308687142,0.06209497690361927,0.551137468082606,0.15727850894477335,1.3943183756313504,0.35593838543295964,0.1456267233861444,1.649524342031675,0.3288621849634375,0.1335840056454053,1.5061173050273104,0.26620787325854334,0.29293729119172396,1.3252674066204293,0.37814639186020194,0.31385147022362425,1.111490613352387,0.23392405180515158,0.23577051887210643,0.9732190136913714,0.09284939249978437,0.19194708498047952,0.8839423595537684,0.06588488290847386,0.19580855382802007,0.8780419882970666,0.05680162934151818,0.2118217505835583,0.8755882904071818,0.049249996389916485,0.009787401634607243,1.3082979219212034,0.37328382390988357,0.03552576579226447,1.0888323477926976,0.2757603094237433,0.1401037524819797,0.971797333017088,0.10053291335562006,0.22712262243504444,0.9173184771649597,0.06681831138910208,0.22571551839396725,0.9044377078169962,0.048903516092779986,0.1684784763593397,0.8627006960473234,0.08034770720807101,9.203389830508474
0.26328504388454194,0.9186842227545778,0.34802741509974916,0.28445644552270566,0.47887580188139733,0.4751459828803468,0.2744597872346938,0.11936067919805309,0.5018534602896795,0.2679033316296571,0.08918733282797707,0.31682978554765895,0.318833329932171,0.09015467414872651,0.35401605347095266,0.2540563301157257,0.04208423586560113,0.5916340223486153,0.08250156665787235,0.9028242323580923,0.378393146897156,0.07287407266538783,0.4580759594944858,0.49129191315642506,0.07817507362635812,0.10537053840935064,0.5117266715470798,0.0887661087196587,0.09282908742768606,0.309815928208156,0.03658963411214104,0.07477888646045791,0.37767955978430173,0.08735443273392599,0.06197476237755814,0.5512118035022631,0.15869881428151775,1.3963895319998858,0.3625563125905439,0.14888470505865767,1.6499531692811773,0.3375748523020952,0.13459056758253482,1.5071049647828885,0.2700700580285639,0.2927096576470319,1.3272393180089006,0.37826010008298494,0.31325744756135554,1.1161987721379754,0.23005530982754396,0.2356153928823351,0.9855194301182811,0.08492178217632101,0.18746279864925625,0.9015184743235323,0.053831273393680705,0.18922755280180453,0.8985674629970654,0.042810791444335375,0.20400209853870824,0.8959308515813391,0.03262119935467538,0.010055718546985939,1.3095262919355979,0.37364939001872777,0.0342839084541724,1.095655633348237,0.27120731455988384,0.13730124730783874,0.9860589212888313,0.0840801686517256,0.2241695847432129,0.9274329369550764,0.05145728515873263,0.22177926597202205,0.9184314968656161,0.035096556505593304,0.16509169767966259,0.8820868851428938,0.0663113128675694,9.220338983050848
0.2637986914488075,0.9181558813562096,0.3460348946814356,0.28364900543799687,0.47768754173775513,0.47392624958948876,0.2740530770520135,0.11914283085484315,0.5033314576600184,0.26782857276815697,0.0880801365878123,0.3182802348688114,0.3178434847649119,0.08877705686583574,0.357102706777239,0.25354231450048964,0.04287041580915042,0.5902858608551514,0.08257939092497901,0.9022290469686677,0.37723815287336293,0.07226108212753968,0.4558387925930615,0.49130366376597945,0.07797792679112671,0.10475718133636343,0.5115870373997112,0.08876702952836849,0.0928626640411875,0.3097700329974974,0.03744476635273063,0.07585762105932517,0.37545411904256215,0.08655792974735985,0.06193618460449025,0.5511886386669789,0.16020093004540664,1.398177011189747,0.3701048780919286,0.15202864173372108,1.6498322688842753,0.34574519536417,0.13624528382057308,1.5081466668575514,0.27297142470217045,0.29241131546522886,1.32894833418124,0.37814098654523043,0.3132687678962934,1.1208072413557455,0.22784661017363733,0.23554083651289298,0.9954005470924088,0.076941684586248,0.18350491110773018,0.9154630543759102,0.044602666786675176,0.1832898747975243,0.9149982876112099,0.03331526970245186,0.19672720565279989,0.9129358222282722,0.020083499149582074,0.010630299556826765,1.3106376103410238,0.37391568866163694,0.03263722122125061,1.1030745072850592,0.2678718659770466,0.13296235585337557,0.9975277283136269,0.06873891485169756,0.22023087741332445,0.9381520775072917,0.03682746212178837,0.2176079014366904,0.9293719124257381,0.02263689084359362,0.1619245939327968,0.9016841868650378,0.04859067533719807,9.23728813559322
0.26442782911059143,0.9172379740611183,0.34482366590260655,0.28241889416929145,0.47654457106050857,0.47218084752170836,0.273654979792244,0.11859719149650146,0.5050484728834503,0.2679413355786928,0.08697267518635789,0.3202611595542052,0.31704217496128123,0.08799671641235247,0.3586551418807762,0.2530889761004998,0.04371134295858622,0.5887360109989355,0.0826819135855678,0.9014787320649476,0.37605738482138296,0.07181480659398314,0.45360348720268145,0.4909607581790941,0.07782474187968642,0.1042021574714477,0.5114507412003398,0.08876204078348084,0.09289613037620083,0.309724201138321,0.03787494079455855,0.07633274395322354,0.3740583419945757,0.08606157949607117,0.06198080952136333,0.5510729001837755,0.1618913037924084,1.3995969170591098,0.37753009352427663,0.1548214971326139,1.6493532045984443,0.3530488973087458,0.1381773965040363,1.508957859758745,0.2755784471406787,0.29222710527217477,1.3303737418089334,0.3779833330775211,0.31354647564491306,1.1257562570327786,0.2265731978030165,0.23457798965861196,1.003635239193257,0.06866967087904738,0.18154713980630433,0.9258385483809828,0.03780555391997266,0.1797406411807948,0.9270611188363935,0.027230895604560358,0.19165868210814685,0.9260033377193629,0.011342556522159257,0.011534594329895669,1.3117409344596171,0.3740528715606609,0.03127879406921789,1.111327898142832,0.26471329579035574,0.1281955102092961,1.0069249311381656,0.0551194806962225,0.216746188757648,0.949960106487626,0.024719831639604728,0.2142824081366727,0.9379513112060008,0.01285892035444209,0.15930750139878344,0.9198676706388049,0.028634087954475772,9.254237288135592
0.26515581204340083,0.9159097409454101,0.3444501721535858,0.280713841240392,0.47547578502743243,0.46985096145187993,0.27327084750005426,0.11767618684022524,0.50700298804979,0.26828480254771636,0.08585922627473215,0.32305870202053844,0.31657617066482796,0.08809885447968381,0.3583891500840264,0.25270812548164656,0.04460709541579498,0.5869703444537513,0.08281127904528603,0.9005808161636827,0.37481425949570996,0.07157185215499104,0.45141888568461574,0.4902167695092838,0.07772377442697072,0.10372322545122892,0.5113213614501577,0.08874795724907061,0.09292947720563985,0.30967569731753997,0.03779185842999844,0.07601627792057133,0.37373850738561004,0.08591976734895806,0.06211020306512493,0.5508695146596749,0.1640561613778346,1.4007275417304323,0.38401052446393946,0.15716007046066988,1.648620220499567,0.3594240331653117,0.1402603666998245,1.5093489781343836,0.27854032981804344,0.2923216956940742,1.3313812269485497,0.37816549862845505,0.3137520400393696,1.131034397792787,0.22600910275659364,0.23268355946765246,1.0110539723647163,0.05995686614661215,0.18245093476603844,0.933306675020862,0.032100284293818455,0.17931321844355133,0.934634209597437,0.02310913532156296,0.18944982298995883,0.9345670357327699,0.0064539609130092185,0.012683514836729207,1.3126878544422669,0.37406088776156576,0.030495867779216083,1.1204947251803778,0.2615416801011539,0.12344065032097169,1.0153279922667904,0.042821457490429746,0.21442526584334054,0.9624129643892548,0.016736939638131658,0.21231251071610358,0.9449794502377524,0.006519549830688531,0.15678502026872057,0.9354429580326717,0.006687292919484535,9.271186440677964
0.2659659954207427,0.9141504220851921,0.34497085682469714,0.2784815761751011,0.4745100788163015,0.46687777615487763,0.2729060322201132,0.11633224260321148,0.5091934852488526,0.2685969113673994,0.08499828289848255,0.3255518714145567,0.3165598398427763,0.08901541790722964,0.3567192496822921,0.2524115732098206,0.045557751282662706,0.5849747328933826,0.08296963170978094,0.8995428277816235,0.37347219365083784,0.07156882490083624,0.4493338304001348,0.48902527087006337,0.07768327996791304,0.10333814391233162,0.5112024766503573,0.08872947379752744,0.0929662244657959,0.3096174404895015,0.0372917790135337,0.0758353677782555,0.3737953234288809,0.0861868786749187,0.062325931172723475,0.5505834087016989,0.16603827796133788,1.401481605725653,0.3891919824979783,0.15941452033041276,1.6478320114317409,0.36525109644994114,0.14192570002888433,1.5094159713546533,0.2816756516778858,0.2930131459387001,1.3318787770904355,0.3792352176677951,0.3136700480559042,1.1371479943290193,0.2255657673393613,0.23064794454169293,1.0177692842592987,0.05231099826971566,0.18334466504518837,0.9412966323465412,0.025797223117490907,0.1794835298232491,0.941973624681935,0.018540563211721303,0.1886387768242558,0.9415269650222976,0.0038649748969997663,0.0139419394625362,1.3137943097006841,0.3739671915431055,0.03054206521533329,1.1295194209042478,0.25880041137664506,0.11928882007607158,1.023161206506073,0.033362375797679505,0.21169233813507687,0.975109433593156,0.011113584174463183,0.2096500508751299,0.9532159956247256,0.0015206176164898957,0.15510619311209875,0.9492105865082967,-0.013515267561932807,9.28813559322034
0.26684173441612413,0.9119392575565706,0.3464421633062643,0.2756698284972215,0.4736763476048913,0.46320247640557566,0.2725658859970898,0.11451778450265672,0.5116184465704529,0.26881600643282305,0.08452951693356942,0.32733553296429424,0.3171315906266114,0.09088193977438391,0.35355963461901085,0.25221112985091243,0.04656338866107605,0.5827350479916134,0.08315911598469984,0.8983722954355212,0.3719946040412607,0.0718423309217916,0.4473971637105092,0.4873398353749478,0.07771151403744683,0.10306467149138063,0.5110976653021312,0.08870810564321695,0.09300639164501073,0.30954460110129434,0.03635249833195284,0.07615511718833017,0.37402979477361864,0.08691729884285121,0.06262955978110607,0.5502195089168695,0.16760618277168854,1.4018076084096567,0.3925624727567391,0.1616930128863246,1.6471253259685916,0.3705950172920497,0.14281905158006547,1.509112004578432,0.2851350031763965,0.2945238555903836,1.3317805916391228,0.3815789559652671,0.3130623660176678,1.144402419032213,0.2247399694031813,0.22856684722392395,1.024081657245366,0.04628264671838889,0.18329326975452634,0.9514830995213899,0.017772665685235868,0.1795029645777707,0.9508739542311946,0.012044249441309357,0.18890544725849484,0.947923979212206,0.002903430446191721,0.015230600317796215,1.3151936441076224,0.37377533573653265,0.03173894445534464,1.1379510353613593,0.25650380021695196,0.11635735928729937,1.0309038081255064,0.027554633056326154,0.20827970321165615,0.9879110956608592,0.0077340550913561346,0.20576318276310476,0.9642104186261625,-0.0026870634782938177,0.1547048946528527,0.9610015569560909,-0.0299648938317117,9.305084745762713
0.26776638420305227,0.9092554874356522,0.34892053498861103,0.2722263277305557,0.47300348657097635,0.4587662469788484,0.27225576087565295,0.11218523825575838,0.5142763541044058,0.2688804321390694,0.08459260025594886,0.3280045518977858,0.3184298311478189,0.09383395316053536,0.34882449883762096,0.2521186059708126,0.04762408565292082,0.5802371614222275,0.08338187627569,0.897076747642126,0.3703449074214723,0.07242897630812994,0.44565772797700887,0.48511403613745174,0.07781673217050557,0.1029205668250007,0.5110105059066716,0.08868536800050501,0.09304999823162324,0.30945234960000817,0.034951812172044426,0.07734062981284644,0.37424292606905457,0.08816541322165378,0.06302265482722111,0.5497827419122087,0.1685284050376573,1.4016540491473273,0.39361000037056904,0.16410371427288778,1.6466369126837428,0.37552072582105445,0.14258607644221818,1.5083902429645972,0.289068974769767,0.2970762242334564,1.3310008699991418,0.38558317929059827,0.3116908602478119,1.1531030442931047,0.2230284867999164,0.22653596985753663,1.0302915736912759,0.042422390962663294,0.18136168800482505,0.9655407557087748,0.006902907291299519,0.17862291196499924,0.9631297883865196,0.002139264176601284,0.18992973794013357,0.9547989319267527,0.0028971595326461666,0.016470229512988835,1.3170192015358335,0.3734888731731009,0.03440806357702535,1.1453386185986296,0.25466615722219843,0.11526360776735897,1.0390350313945822,0.026210626704724467,0.2039196586518781,1.0006795321538917,0.006482642231567554,0.2001200605293818,0.9795121905013033,-0.0066526806438023875,0.1560149996149175,0.9706468702664648,-0.040652886231787366,9.322033898305085
0.26872329995503413,0.9060783517985436,0.3524624152620611,0.26809880339890635,0.4725203908923323,0.4535102726495697,0.27198100890047167,0.10928702957971323,0.5171656899405263,0.26872853288122034,0.08532720474157748,0.32715379344306655,0.32059296953788463,0.09800699114507377,0.34242803628156093,0.25214581213541165,0.04873992036008344,0.5774669448590088,0.0836400569883987,0.8956637129181886,0.36848652054596664,0.07336536715012414,0.44416436556090433,0.4823014462710901,0.07800718990202268,0.10292358854981659,0.5109445769651708,0.08866277608375746,0.09309706371397171,0.3093358564327324,0.03306751632059705,0.07975700931385447,0.37423572196441995,0.08998560718022452,0.06350678224801594,0.5492780342947383,0.16857347398801484,1.4009694273035482,0.39182257046981495,0.1667547906345848,1.6465035201508196,0.3800931521663722,0.14087242970419256,1.5072038516720259,0.2936281569141891,0.30089265145225036,1.3294538115750232,0.3916343534135157,0.30931739706948796,1.1635552425024307,0.21992809738142904,0.2246510147857221,1.0366995159653867,0.04128081047257025,0.17661485890685713,0.9851442800720637,-0.007935756770072001,0.17609476124281775,0.9805357172892147,-0.012655322416128746,0.19139155251662954,0.9631926767901958,0.0031739941284242013,0.01758155915859365,1.3194043258580708,0.373111356684064,0.03887098065815059,1.151231220662974,0.2533017929925082,0.11662490532895431,1.0480341105827917,0.030142754181229074,0.19834450203454246,1.0132763246337808,0.007243635437854508,0.19218883832331463,1.0006707825093881,-0.01092542107017555,0.1594703827222283,0.9779775273298282,-0.04357054510409494,9.33898305084746
