time_ms,confidence_movement,smoothed_confidence,anno_values
0,0.0,0.0,no movement
1,0.0,4.461621280321075e-05,no movement
2,0.0,8.864537017480031e-05,no movement
3,0.0,0.0001320989830055,no movement
4,0.0,0.0001749882632022,no movement
5,0.0,0.0002173241333317,no movement
6,0.0,0.0002591172358955,no movement
7,0.0,0.0003003779422483,no movement
8,0.0,0.0003411163611789,no movement
9,0.0,0.000381342347167,no movement
10,0.0,0.0004210655083303,no movement
11,0.0,0.0004602952140753,no movement
12,0.0,0.0004990406024655,no movement
13,0.0,0.0005373105873171,no movement
14,0.0,0.0005751138650365,no movement
15,0.0,0.0006124589212077,no movement
16,0.0,0.0006493540369431,no movement
17,0.0,0.000685807295005,no movement
18,0.0,0.000721826585709,no movement
19,0.0,0.0007595700094025,no movement
20,0.0,0.0007968693928172,no movement
21,0.0,0.0008337325261335,no movement
22,0.0,0.0008701670183647,no movement
23,0.0,0.000907565844362,no movement
24,0.0,0.0009445347987961,no movement
25,0.0,0.0009810812508938,no movement
26,0.0,0.0010172124023995,no movement
27,0.0,0.0010529352923062,no movement
28,0.0,0.0010882568014275,no movement
29,0.0,0.0011231836568156,no movement
30,0.0,0.0011577224360327,no movement
31,0.0,0.0011918795712805,no movement
32,0.0,0.0012256613533938,no movement
33,0.0,0.0012590739357025,no movement
34,0.0,0.0012921233377688,no movement
35,0.0,0.0013248154490019,no movement
36,0.0,0.0013571560321572,no movement
37,0.0,0.0013891507267227,no movement
38,0.0,0.001420805052197,no movement
39,0.0,0.0014521244112642,no movement
40,0.0,0.0014831140928675,no movement
41,0.0,0.001513779275187,no movement
42,0.0,0.001544125028524,no movement
43,0.0,0.0015775375247632,no movement
44,0.0,0.0016106055622782,no movement
45,0.0,0.0016433344404341,no movement
46,0.0,0.0016757293504455,no movement
47,0.0,0.0017097087736988,no movement
48,0.0,0.0017433449704545,no movement
49,0.0,0.0017766431149816,no movement
50,0.0,0.0018096082780634,no movement
51,0.0,0.0018422454295722,no movement
52,0.0,0.001874559440967,no movement
53,0.0,0.0019065550877176,no movement
54,0.0,0.0019382370516569,no movement
55,0.0,0.0019696099232651,no movement
56,0.0,0.0020006782038868,no movement
57,0.0,0.0020314463078842,no movement
58,0.0,0.0020619185647277,no movement
59,0.0,0.0020920992210273,no movement
60,0.0,0.0021219924425049,no movement
61,0.0,0.0021516023159117,no movement
62,0.0,0.0021809328508901,no movement
63,0.0,0.0022099879817842,no movement
64,0.0,0.002238771569399,no movement
65,0.0,0.0022672874027103,no movement
66,0.0,0.002295539200528,no movement
67,0.0,0.0023283795111307,no movement
68,0.0,0.0023609185344802,no movement
69,0.0,0.002393160397799,no movement
70,0.0,0.0024251091532695,no movement
71,0.0,0.0024596455270312,no movement
72,0.0,0.0024938707622906,no movement
73,0.0,0.0025277890447673,no movement
74,0.0,0.0025614044854362,no movement
75,0.0,0.0025947211221881,no movement
76,0.0,0.0026277429214466,no movement
77,0.0,0.0026604737797424,no movement
78,0.0,0.0026929175252462,no movement
79,0.0,0.0027250779192609,no movement
80,0.0,0.0027569586576754,no movement
81,0.0,0.0027885633723807,no movement
82,0.0,0.0028198956326489,no movement
83,0.0,0.0028509589464771,no movement
84,0.0,0.0028817567618964,no movement
85,0.0,0.0029122924682484,no movement
86,0.0,0.0029425693974278,no movement
87,0.0,0.0029725908250953,no movement
88,0.0,0.0030023599718579,no movement
89,0.0,0.0030318800044217,no movement
90,0.0,0.0030611540367141,no movement
91,0.0,0.003096873570318,no movement
92,0.0,0.0031322979011648,no movement
93,0.0,0.0031674306737331,no movement
94,0.0,0.0032022754727557,no movement
95,0.0,0.0032411489494028,no movement
96,0.0,0.0032797063815244,no movement
97,0.0,0.0033179516077179,no movement
98,0.0,0.0033558884046678,no movement
99,0.0,0.0033935204883893,no movement
100,0.0,0.003430851515441,no movement
101,0.0,0.0034678850841098,no movement
102,0.0,0.0035046247355669,no movement
103,0.0,0.0035410739549967,no movement
104,0.0,0.0035772361726988,no movement
105,0.0,0.0036131147651639,no movement
106,0.0,0.0036487130561254,no movement
107,0.0,0.0036840343175853,no movement
108,0.0,0.0037190817708168,no movement
109,0.0,0.0037538585873438,no movement
110,0.0,0.0037883678898975,no movement
111,0.0,0.0038226127533512,no movement
112,0.0,0.0038565962056335,no movement
113,0.0,0.0038903212286208,no movement
114,0.0,0.0039237907590098,no movement
115,0.0,0.0039654957611077,no movement
116,0.0,0.0040068871917612,no movement
117,0.0,0.004047968574245,no movement
118,0.0,0.0040887433792476,no movement
119,0.0,0.0041351829467582,no movement
120,0.0,0.0041812785174724,no movement
121,0.0,0.0042270338994728,no movement
122,0.0,0.0042724528448409,no movement
123,0.0,0.0043175390506824,no movement
124,0.0,0.004362296160131,no movement
125,0.0,0.004406727763329,no movement
126,0.0,0.0044508373983879,no movement
127,0.0,0.0044946285523273,no movement
128,0.0,0.0045381046619937,no movement
129,0.0,0.00458126911496,no movement
130,0.0,0.0046241252504051,no movement
131,0.0,0.0046666763599751,no movement
132,0.0,0.0047089256886262,no movement
133,0.0,0.0047508764354494,no movement
134,0.0,0.0047925317544781,no movement
135,0.0,0.0048338947554784,no movement
136,0.0,0.0048749685047236,no movement
137,0.0,0.004915756025751,no movement
138,0.0,0.0049562603001046,no movement
139,0.0,0.0050082400070497,no movement
140,0.0,0.0050598612332572,no movement
141,0.0,0.0051111276744049,no movement
142,0.0,0.0051620429755447,no movement
143,0.0,0.0052206101920841,no movement
144,0.0,0.0052787789921845,no movement
145,0.0,0.0053365534275384,no movement
146,0.0,0.0053939374950858,no movement
147,0.0,0.005450935137936,no movement
148,0.0,0.0055075502462704,no movement
149,0.0,0.005563786658228,no movement
150,0.0067370481332848,0.0056196481607725,no movement
151,0.0067370481332848,0.0056940556188445,no movement
152,0.0067370481332848,0.0057684630769165,no movement
153,0.0067370481332848,0.0058428705349884,no movement
154,0.0067370481332848,0.0059172779930604,no movement
155,0.0067370481332848,0.0059916854511323,no movement
156,0.0067370481332848,0.0060660929092043,no movement
157,0.0067370481332848,0.0061405003672763,no movement
158,0.0067370481332848,0.0062149078253482,no movement
159,0.0067370481332848,0.0062893152834202,no movement
160,0.0067370481332848,0.0063637227414921,no movement
161,0.0067370481332848,0.0064381301995641,no movement
162,0.0067370481332848,0.0065125376576361,no movement
163,0.0067370481332848,0.006604616741069,no movement
164,0.0067370481332848,0.0066966958245019,no movement
165,0.0067370481332848,0.0067887749079349,no movement
166,0.0067370481332848,0.0068808539913678,no movement
167,0.0067370481332848,0.0069845939039246,no movement
168,0.0071004651899038,0.0070883338164815,no movement
169,0.0071004651899038,0.0071920737290383,no movement
170,0.0071004651899038,0.0072958136415951,no movement
171,0.0071004651899038,0.007399553554152,no movement
172,0.0073401639158938,0.0075032934667088,no movement
173,0.0073401639158938,0.0076070333792656,no movement
174,0.0073401639158938,0.0077107732918225,no movement
175,0.0073401639158938,0.0078145132043793,no movement
176,0.0073401639158938,0.0079182531169361,no movement
177,0.0073401639158938,0.008021993029493,no movement
178,0.0073401639158938,0.0081257329420498,no movement
179,0.0073401639158938,0.0082294728546066,no movement
180,0.0073401639158938,0.0083332127671635,no movement
181,0.0073401639158938,0.0084369526797203,no movement
182,0.0073401639158938,0.0085406925922771,no movement
183,0.0073401639158938,0.008644432504834,no movement
184,0.0073401639158938,0.0087481724173908,no movement
185,0.0073401639158938,0.0088519123299476,no movement
186,0.0073401639158938,0.0089556522425045,no movement
187,0.0073401639158938,0.0090886079648227,no movement
188,0.0073401639158938,0.0092215636871409,no movement
189,0.0073401639158938,0.0093545194094591,no movement
190,0.0073401639158938,0.0094874751317773,no movement
191,0.0073401639158938,0.0096385721037102,no movement
192,0.007992736802679,0.0097896690756432,no movement
193,0.007992736802679,0.0099407660475761,no movement
194,0.007992736802679,0.010091863019509,no movement
195,0.007992736802679,0.0102429599914419,no movement
196,0.0083696757313363,0.0103940569633748,no movement
197,0.0083696757313363,0.0105451539353077,no movement
198,0.0083696757313363,0.0106962509072407,no movement
199,0.0083696757313363,0.0108473478791736,no movement
200,0.0083696757313363,0.0109984448511065,no movement
201,0.0083696757313363,0.0111495418230394,no movement
202,0.0083696757313363,0.0113006387949723,no movement
203,0.0083696757313363,0.0114517357669052,no movement
204,0.0083696757313363,0.0116028327388381,no movement
205,0.0083696757313363,0.0117539297107711,no movement
206,0.0083696757313363,0.011905026682704,no movement
207,0.0083696757313363,0.0120561236546369,no movement
208,0.0083696757313363,0.0122072206265698,no movement
209,0.0083696757313363,0.0123583175985027,no movement
210,0.0083696757313363,0.0125094145704356,no movement
211,0.0083696757313363,0.0127003732038471,no movement
212,0.0083696757313363,0.0128913318372585,no movement
213,0.0083696757313363,0.0130822904706699,no movement
214,0.0083696757313363,0.0132732491040813,no movement
215,0.0083696757313363,0.0134919699187043,no movement
216,0.0094218866013112,0.0137106907333273,no movement
217,0.0094218866013112,0.0139294115479504,no movement
218,0.0094218866013112,0.0141481323625734,no movement
219,0.0094218866013112,0.0143668531771964,no movement
220,0.0100576477546046,0.0145855739918194,no movement
221,0.0100576477546046,0.0148042948064424,no movement
222,0.0100576477546046,0.0150230156210655,no movement
223,0.0100576477546046,0.0152417364356885,no movement
224,0.0100576477546046,0.0154604572503115,no movement
225,0.0100576477546046,0.0156791780649345,no movement
226,0.0100576477546046,0.0158978988795575,no movement
227,0.0100576477546046,0.0161166196941806,no movement
228,0.0100576477546046,0.0163353405088036,no movement
229,0.0100576477546046,0.0165540613234266,no movement
230,0.0100576477546046,0.0167727821380496,no movement
231,0.0100576477546046,0.0169915029526727,no movement
232,0.0100576477546046,0.0172102237672957,no movement
233,0.0100576477546046,0.0174289445819187,no movement
234,0.0100576477546046,0.0176476653965417,no movement
235,0.0100576477546046,0.0179173886160876,no movement
236,0.0100576477546046,0.0181871118356336,no movement
237,0.0100576477546046,0.0184568350551795,no movement
238,0.0100576477546046,0.0187265582747254,no movement
239,0.0100576477546046,0.0190357389409263,no movement
240,0.0116695616352496,0.0193449196071271,no movement
241,0.0116695616352496,0.019654100273328,no movement
242,0.0116695616352496,0.0199632809395289,no movement
243,0.0116695616352496,0.0202724616057297,no movement
244,0.0127262772513099,0.0205816422719306,no movement
245,0.0127262772513099,0.0208908229381315,no movement
246,0.0127262772513099,0.0212000036043324,no movement
247,0.0127262772513099,0.0215091842705332,no movement
248,0.0127262772513099,0.0218183649367341,no movement
249,0.0127262772513099,0.022127545602935,no movement
250,0.0127262772513099,0.0224367262691358,no movement
251,0.0127262772513099,0.0227459069353367,no movement
252,0.0127262772513099,0.0230550876015376,no movement
253,0.0127262772513099,0.0233642682677385,no movement
254,0.0127262772513099,0.0236734489339393,no movement
255,0.0127262772513099,0.0239826296001402,no movement
256,0.0127262772513099,0.0242918102663411,no movement
257,0.0127262772513099,0.024600990932542,no movement
258,0.0127262772513099,0.0249101715987428,no movement
259,0.0127262772513099,0.0252706473772636,no movement
260,0.0127262772513099,0.0256311231557843,no movement
261,0.0127262772513099,0.0259915989343051,no movement
262,0.0127262772513099,0.0263520747128258,no movement
263,0.0127262772513099,0.0267619780397575,no movement
264,0.0149756163149459,0.0271718813666892,no movement
265,0.0149756163149459,0.027581784693621,no movement
266,0.0149756163149459,0.0279916880205527,no movement
267,0.0149756163149459,0.0284015913474844,no movement
268,0.0165809870395874,0.0288114946744161,no movement
269,0.0165809870395874,0.0292213980013478,no movement
270,0.0165809870395874,0.0296313013282795,no movement
271,0.0165809870395874,0.0300412046552113,no movement
272,0.0165809870395874,0.030451107982143,no movement
273,0.0165809870395874,0.0308610113090747,no movement
274,0.0165809870395874,0.0312709146360064,no movement
275,0.0165809870395874,0.0316808179629381,no movement
276,0.0165809870395874,0.0320907212898698,no movement
277,0.0165809870395874,0.0325006246168016,no movement
278,0.0165809870395874,0.0329105279437333,no movement
279,0.0165809870395874,0.033320431270665,no movement
280,0.0165809870395874,0.0337303345975967,no movement
281,0.0165809870395874,0.0341402379245284,no movement
282,0.0165809870395874,0.0345501412514601,no movement
283,0.0165809870395874,0.035008121884981,no movement
284,0.0165809870395874,0.0354661025185018,no movement
285,0.0165809870395874,0.0359240831520227,no movement
286,0.0165809870395874,0.0363820637855435,no movement
287,0.0165809870395874,0.0368920848371036,no movement
288,0.0199783956072344,0.0374021058886638,no movement
289,0.0199783956072344,0.0379121269402239,no movement
290,0.0199783956072344,0.038422147991784,no movement
291,0.0199783956072344,0.0389321690433441,no movement
292,0.0223222374215882,0.0394421900949042,no movement
293,0.0223222374215882,0.0399522111464643,no movement
294,0.0223222374215882,0.0404622321980244,no movement
295,0.0223222374215882,0.0409722532495846,no movement
296,0.0223222374215882,0.0414822743011447,no movement
297,0.0223222374215882,0.0419922953527048,no movement
298,0.0223222374215882,0.0425023164042649,no movement
299,0.0223222374215882,0.043012337455825,no movement
300,0.0223222374215882,0.0435223585073851,no movement
301,0.0223222374215882,0.0440099227318343,no movement
302,0.0223222374215882,0.0444974869562835,no movement
303,0.0223222374215882,0.0449850511807326,no movement
304,0.0223222374215882,0.0454726154051818,no movement
305,0.0223222374215882,0.045960179629631,no movement
306,0.0223222374215882,0.0464477438540801,no movement
307,0.0223222374215882,0.0469888841979203,no movement
308,0.0223222374215882,0.0475300245417605,no movement
309,0.0223222374215882,0.0480711648856008,no movement
310,0.0223222374215882,0.048612305229441,no movement
311,0.0223222374215882,0.0492067435461876,no movement
312,0.0276237250298817,0.0498011818629343,no movement
313,0.0276237250298817,0.0503956201796809,no movement
314,0.0276237250298817,0.0509900584964276,no movement
315,0.0276237250298817,0.0515844968131742,no movement
316,0.0311219737670496,0.0521789351299209,no movement
317,0.0311219737670496,0.0527733734466675,no movement
318,0.0311219737670496,0.0533678117634142,no movement
319,0.0311219737670496,0.0539610386899721,no movement
320,0.0311219737670496,0.05455426561653,no movement
321,0.0311219737670496,0.055147492543088,no movement
322,0.0311219737670496,0.0557407194696459,no movement
323,0.0311219737670496,0.0563331474004505,no movement
324,0.0311219737670496,0.0569255753312551,no movement
325,0.0311219737670496,0.0575180032620597,no movement
326,0.0311219737670496,0.0581104311928644,no movement
327,0.0311219737670496,0.058702859123669,no movement
328,0.0311219737670496,0.0592952870544736,no movement
329,0.0311219737670496,0.0598877149852782,no movement
330,0.0311219737670496,0.0604801429160829,no movement
331,0.0311219737670496,0.0611459736767562,no movement
332,0.0311219737670496,0.0618118044374295,no movement
333,0.0311219737670496,0.0624776351981029,no movement
334,0.0311219737670496,0.0631434659587762,no movement
335,0.0311219737670496,0.0638634380030718,no movement
336,0.0398867166954656,0.0645834100473673,no movement
337,0.0398867166954656,0.0653033820916629,no movement
338,0.0398867166954656,0.0660233541359585,no movement
339,0.0398867166954656,0.066743326180254,no movement
340,0.0453290915798746,0.0674632982245496,no movement
341,0.0453290915798746,0.0681832702688451,no movement
342,0.0453290915798746,0.0689032423131407,no movement
343,0.0453290915798746,0.0696210391144803,no movement
344,0.0453290915798746,0.0703388359158199,no movement
345,0.0453290915798746,0.0710566327171595,no movement
346,0.0453290915798746,0.0717744295184991,no movement
347,0.0453290915798746,0.0724909698567432,no movement
348,0.0453290915798746,0.0732075101949873,no movement
349,0.0453290915798746,0.0739240505332314,no movement
350,0.0453290915798746,0.0746405908714754,no movement
351,0.0453290915798746,0.0753571312097195,no movement
352,0.0453290915798746,0.0760736715479636,no movement
353,0.0453290915798746,0.0767902118862077,no movement
354,0.0453290915798746,0.0775067522244517,no movement
355,0.0453290915798746,0.0783204163362791,no movement
356,0.0453290915798746,0.0791340804481065,no movement
357,0.0453290915798746,0.0799477445599339,no movement
358,0.0453290915798746,0.0807614086717613,no movement
359,0.0453290915798746,0.0816440494843716,no movement
360,0.0572875900234233,0.082526690296982,no movement
361,0.0572875900234233,0.0834093311095922,no movement
362,0.0572875900234233,0.0842919719222025,no movement
363,0.0572875900234233,0.0851746127348128,no movement
364,0.0656162443869066,0.0860572535474232,no movement
365,0.0656162443869066,0.0869398943600334,no movement
366,0.0656162443869066,0.0878225351726438,no movement
367,0.0656162443869066,0.0887016686156875,no movement
368,0.0656162443869066,0.0895808020587312,no movement
369,0.0656162443869066,0.0904599355017749,no movement
370,0.0656162443869066,0.0913390689448186,no movement
371,0.0656162443869066,0.092216083184018,no movement
372,0.0656162443869066,0.0930930974232174,no movement
373,0.0656162443869066,0.0939701116624169,no movement
374,0.0656162443869066,0.0948471259016163,no movement
375,0.0656162443869066,0.0957241401408157,no movement
376,0.0656162443869066,0.0966011543800151,no movement
377,0.0656162443869066,0.0974781686192145,no movement
378,0.0656162443869066,0.0983551828584139,no movement
379,0.0656162443869066,0.0993414470483772,no movement
380,0.0656162443869066,0.1003277112383406,no movement
381,0.0656162443869066,0.1013139754283039,no movement
382,0.0656162443869066,0.1023002396182673,no movement
383,0.0656162443869066,0.1033788787638809,no movement
384,0.0809169658637739,0.1044575179094946,no movement
385,0.0809169658637739,0.1055361570551083,no movement
386,0.0809169658637739,0.1066147962007219,no movement
387,0.0809169658637739,0.1076934353463356,no movement
388,0.0927541998602617,0.1087720744919493,no movement
389,0.0927541998602617,0.109850713637563,no movement
390,0.0927541998602617,0.1109293527831766,no movement
391,0.0927541998602617,0.1120026188825215,no movement
392,0.0927541998602617,0.1130758849818664,no movement
393,0.0927541998602617,0.1141491510812112,no movement
394,0.0927541998602617,0.1152224171805561,no movement
395,0.0927541998602617,0.1162921608945141,no movement
396,0.0927541998602617,0.117361904608472,no movement
397,0.0927541998602617,0.11843164832243,no movement
398,0.0927541998602617,0.119501392036388,no movement
399,0.0927541998602617,0.120571135750346,no movement
400,0.0927541998602617,0.121640879464304,no movement
401,0.0927541998602617,0.122710623178262,no movement
402,0.0927541998602617,0.12378036689222,no movement
403,0.0927541998602617,0.1249534493116659,no movement
404,0.0927541998602617,0.1261265317311118,no movement
405,0.0927541998602617,0.1272996141505577,no movement
406,0.0927541998602617,0.1284726965700036,no movement
407,0.0927541998602617,0.1297551794132249,no movement
408,0.1081427335562233,0.1310376622564462,no movement
409,0.1081427335562233,0.1323201450996675,no movement
410,0.1081427335562233,0.1336026279428888,no movement
411,0.1081427335562233,0.1348851107861101,no movement
412,0.122970998079515,0.1361675936293314,no movement
413,0.122970998079515,0.1374500764725527,no movement
414,0.122970998079515,0.138732559315774,no movement
415,0.122970998079515,0.1400075443621165,no movement
416,0.122970998079515,0.141282529408459,no movement
417,0.122970998079515,0.1425575144548015,no movement
418,0.122970998079515,0.143832499501144,no movement
419,0.122970998079515,0.1451021333117377,no movement
420,0.122970998079515,0.1463717671223314,no movement
421,0.122970998079515,0.1476414009329251,no movement
422,0.122970998079515,0.1489110347435188,no movement
423,0.122970998079515,0.1501806685541125,no movement
424,0.122970998079515,0.1514503023647062,no movement
425,0.122970998079515,0.1527199361752999,no movement
426,0.122970998079515,0.1539895699858937,no movement
427,0.122970998079515,0.1553589561686139,no movement
428,0.122970998079515,0.1567283423513341,no movement
429,0.122970998079515,0.1580977285340543,no movement
430,0.122970998079515,0.1594671147167746,no movement
431,0.122970998079515,0.1609466876110742,no movement
432,0.1373941900562534,0.1624262605053739,no movement
433,0.1373941900562534,0.1639058333996735,no movement
434,0.1373941900562534,0.1653854062939732,no movement
435,0.1373941900562534,0.1668649791882728,no movement
436,0.1530063154680343,0.1683445520825725,no movement
437,0.1530063154680343,0.1698241249768721,no movement
438,0.1530063154680343,0.1713036978711718,no movement
439,0.1530063154680343,0.1727719460702459,no movement
440,0.1530063154680343,0.1742401942693201,no movement
441,0.1530063154680343,0.1757084424683943,no movement
442,0.1530063154680343,0.1771766906674684,no movement
443,0.1530063154680343,0.1786371260604947,no movement
444,0.1530063154680343,0.180097561453521,no movement
445,0.1530063154680343,0.1815579968465473,no movement
446,0.1530063154680343,0.1830184322395736,no movement
447,0.1530063154680343,0.1844788676326,no movement
448,0.1530063154680343,0.1859393030256263,no movement
449,0.1530063154680343,0.1873997384186526,no movement
450,0.1530063154680343,0.1888601738116789,no movement
451,0.1530063154680343,0.1904141232679695,no movement
452,0.1530063154680343,0.1919680727242601,no movement
453,0.1530063154680343,0.1935220221805507,no movement
454,0.1530063154680343,0.1950759716368413,no movement
455,0.1530063154680343,0.1967294957904062,no movement
456,0.169079151285348,0.1983830199439712,no movement
457,0.169079151285348,0.2000365440975361,no movement
458,0.169079151285348,0.2016900682511011,no movement
459,0.169079151285348,0.203343592404666,no movement
460,0.1850685431572805,0.204997116558231,no movement
461,0.1850685431572805,0.2066506407117959,no movement
462,0.1850685431572805,0.2083041648653609,no movement
463,0.1850685431572805,0.2099400173935648,no movement
464,0.1850685431572805,0.2115758699217688,no movement
465,0.1850685431572805,0.2132117224499728,no movement
466,0.1850685431572805,0.2148475749781768,no movement
467,0.1850685431572805,0.2164717666772569,no movement
468,0.1850685431572805,0.218095958376337,no movement
469,0.1850685431572805,0.2197201500754171,no movement
470,0.1850685431572805,0.2213443417744971,no movement
471,0.1850685431572805,0.2229685334735772,no movement
472,0.1850685431572805,0.2245927251726573,no movement
473,0.1850685431572805,0.2262169168717374,no movement
474,0.1850685431572805,0.2278411085708174,no movement
475,0.1850685431572805,0.2295410715834087,no movement
476,0.1850685431572805,0.2312410345959998,no movement
477,0.1850685431572805,0.232940997608591,no movement
478,0.1850685431572805,0.2346409606211822,no movement
479,0.1850685431572805,0.2364276519936768,no movement
480,0.2070893921178971,0.2382143433661714,no movement
481,0.2070893921178971,0.2400010347386659,no movement
482,0.2070893921178971,0.2417877261111605,no movement
483,0.2070893921178971,0.2435744174836551,no movement
484,0.2233317772045605,0.2453611088561497,no movement
485,0.2233317772045605,0.2471478002286443,no movement
486,0.2233317772045605,0.2489344916011389,no movement
487,0.2233317772045605,0.2506919671638721,no movement
488,0.2233317772045605,0.2524494427266053,no movement
489,0.2233317772045605,0.2542069182893385,no movement
490,0.2233317772045605,0.2559643938520717,no movement
491,0.2233317772045605,0.2577037281651902,no movement
492,0.2233317772045605,0.2594430624783087,no movement
493,0.2233317772045605,0.2611823967914272,no movement
494,0.2233317772045605,0.2629217311045457,no movement
495,0.2233317772045605,0.2646610654176642,no movement
496,0.2233317772045605,0.2664003997307827,no movement
497,0.2233317772045605,0.2681397340439012,no movement
498,0.2233317772045605,0.2698790683570197,no movement
499,0.2233317772045605,0.2716533555798726,no movement
500,0.2233317772045605,0.2734276428027254,no movement
501,0.2233317772045605,0.2752019300255782,no movement
502,0.2233317772045605,0.276976217248431,no movement
503,0.2233317772045605,0.2788246359785881,no movement
504,0.2524689092795556,0.2806730547087453,no movement
505,0.2524689092795556,0.2825214734389024,no movement
506,0.2524689092795556,0.2843698921690595,no movement
507,0.2524689092795556,0.2862183108992167,no movement
508,0.2731619195144271,0.2880667296293738,no movement
509,0.2731619195144271,0.2899151483595309,no movement
510,0.2731619195144271,0.291763567089688,no movement
511,0.2731619195144271,0.2935721241583666,no movement
512,0.2731619195144271,0.2953806812270453,no movement
513,0.2731619195144271,0.2971892382957239,no movement
514,0.2731619195144271,0.2989977953644026,no movement
515,0.2731619195144271,0.3007785902518696,no movement
516,0.2731619195144271,0.3025593851393365,no movement
517,0.2731619195144271,0.3043401800268036,no movement
518,0.2731619195144271,0.3061209749142706,no movement
519,0.2731619195144271,0.3079017698017376,no movement
520,0.2731619195144271,0.3096825646892047,no movement
521,0.2731619195144271,0.3114633595766717,no movement
522,0.2731619195144271,0.3132441544641387,no movement
523,0.2731619195144271,0.315007266596654,no movement
524,0.2731619195144271,0.3167703787291693,no movement
525,0.2731619195144271,0.3185334908616847,no movement
526,0.2731619195144271,0.3202966029942,no movement
527,0.2731619195144271,0.3220992569564936,no movement
528,0.3059369047436064,0.3239019109187873,no movement
529,0.3059369047436064,0.3257045648810809,no movement
530,0.3059369047436064,0.3275072188433746,no movement
531,0.3059369047436064,0.3293098728056682,no movement
532,0.3336493914387064,0.3311125267679618,no movement
533,0.3336493914387064,0.3329151807302555,no movement
534,0.3336493914387064,0.3347178346925492,no movement
535,0.3336493914387064,0.3364694862499199,no movement
536,0.3336493914387064,0.3382211378072907,no movement
537,0.3336493914387064,0.3399727893646614,no movement
538,0.3336493914387064,0.3417244409220322,no movement
539,0.3336493914387064,0.3434366350327479,no movement
540,0.3336493914387064,0.3451488291434638,no movement
541,0.3336493914387064,0.3468610232541796,no movement
542,0.3336493914387064,0.3485732173648954,no movement
543,0.3336493914387064,0.3502854114756112,no movement
544,0.3336493914387064,0.351997605586327,no movement
545,0.3336493914387064,0.3537097996970428,no movement
546,0.3336493914387064,0.3554219938077586,no movement
547,0.3336493914387064,0.3570646826334566,no movement
548,0.3336493914387064,0.3587073714591546,no movement
549,0.3336493914387064,0.3603500602848527,no movement
550,0.3336493914387064,0.3619927491105507,no movement
551,0.3336493914387064,0.3636228020173686,no movement
552,0.3646510030850799,0.3652528549241864,no movement
553,0.3646510030850799,0.3668829078310043,no movement
554,0.3646510030850799,0.3685129607378221,no movement
555,0.3646510030850799,0.3701430136446399,no movement
556,0.3974711302176992,0.3717730665514578,no movement
557,0.3974711302176992,0.3734031194582756,no movement
558,0.3974711302176992,0.3750331723650935,no movement
559,0.3974711302176992,0.3766119301595914,no movement
560,0.3974711302176992,0.3781906879540894,no movement
561,0.3974711302176992,0.3797694457485874,no movement
562,0.3974711302176992,0.3813482035430854,no movement
563,0.3974711302176992,0.3828775337891723,no movement
564,0.3974711302176992,0.3844068640352593,no movement
565,0.3974711302176992,0.3859361942813464,no movement
566,0.3974711302176992,0.3874655245274333,no movement
567,0.3974711302176992,0.3889948547735203,no movement
568,0.3974711302176992,0.3905241850196073,no movement
569,0.3974711302176992,0.3920535152656944,no movement
570,0.3974711302176992,0.3935828455117813,no movement
571,0.3974711302176992,0.395020989452625,no movement
572,0.3974711302176992,0.3964591333934687,no movement
573,0.3974711302176992,0.3978972773343123,no movement
574,0.3974711302176992,0.399335421275156,no movement
575,0.3974711302176992,0.4007088799881454,no movement
576,0.4273968418556579,0.4020823387011348,no movement
577,0.4273968418556579,0.4034557974141242,no movement
578,0.4273968418556579,0.4048292561271136,no movement
579,0.4273968418556579,0.406202714840103,no movement
580,0.4604528553294816,0.4075761735530924,no movement
581,0.4604528553294816,0.4089496322660818,no movement
582,0.4604528553294816,0.4103230909790712,no movement
583,0.4604528553294816,0.4116484723854715,no movement
584,0.4604528553294816,0.4129738537918718,no movement
585,0.4604528553294816,0.414299235198272,no movement
586,0.4604528553294816,0.4156246166046723,no movement
587,0.4604528553294816,0.4168979575930333,no movement
588,0.4604528553294816,0.4181712985813943,no movement
589,0.4604528553294816,0.4194446395697553,no movement
590,0.4604528553294816,0.4207179805581164,no movement
591,0.4604528553294816,0.4219913215464774,no movement
592,0.4604528553294816,0.4232646625348384,no movement
593,0.4604528553294816,0.4245380035231994,no movement
594,0.4604528553294816,0.4258113445115604,no movement
595,0.4604528553294816,0.4269993663248386,no movement
596,0.4604528553294816,0.4281873881381168,no movement
597,0.4604528553294816,0.429375409951395,no movement
598,0.4604528553294816,0.4305634317646733,no movement
599,0.4604528553294816,0.4316596653357303,no movement
600,0.4885070743087665,0.4327558989067874,no movement
601,0.4885070743087665,0.4338521324778444,no movement
602,0.4885070743087665,0.4349483660489014,no movement
603,0.4885070743087665,0.4360445996199585,no movement
604,0.5183794834910742,0.4371408331910155,no movement
605,0.5183794834910742,0.4382370667620726,no movement
606,0.5183794834910742,0.4393333003331297,no movement
607,0.5183794834910742,0.4403759577847956,no movement
608,0.5183794834910742,0.4414186152364616,no movement
609,0.5183794834910742,0.4424612726881277,no movement
610,0.5183794834910742,0.4435039301397936,no movement
611,0.5183794834910742,0.4444932896185531,no movement
612,0.5183794834910742,0.4454826490973127,no movement
613,0.5183794834910742,0.4464720085760724,no movement
614,0.5183794834910742,0.4474613680548319,no movement
615,0.5183794834910742,0.4484507275335915,no movement
616,0.5183794834910742,0.4494400870123509,no movement
617,0.5183794834910742,0.4504294464911105,no movement
618,0.5183794834910742,0.45141880596987,no movement
619,0.5183794834910742,0.4523445482632195,no movement
620,0.5183794834910742,0.4532702905565688,no movement
621,0.5183794834910742,0.4541960328499183,no movement
622,0.5183794834910742,0.4551217751432677,no movement
623,0.5183794834910742,0.4559554013140859,no movement
624,0.541110877544405,0.4567890274849042,no movement
625,0.541110877544405,0.4576226536557225,no movement
626,0.541110877544405,0.4584562798265407,no movement
627,0.541110877544405,0.4592899059973589,no movement
628,0.5671293855154252,0.4601235321681772,no movement
629,0.5671293855154252,0.4609571583389954,no movement
630,0.5671293855154252,0.4617907845098138,no movement
631,0.5671293855154252,0.4625510078507632,no movement
632,0.5671293855154252,0.4633112311917128,no movement
633,0.5671293855154252,0.4640714545326623,no movement
634,0.5671293855154252,0.4648316778736118,no movement
635,0.5671293855154252,0.4655377599309393,no movement
636,0.5671293855154252,0.4662438419882665,no movement
637,0.5671293855154252,0.4669499240455939,no movement
638,0.5671293855154252,0.4676560061029212,no movement
639,0.5671293855154252,0.4683620881602485,no movement
640,0.5671293855154252,0.4690681702175759,no movement
641,0.5671293855154252,0.4697742522749032,no movement
642,0.5671293855154252,0.4704803343322305,no movement
643,0.5671293855154252,0.4711369794147472,no movement
644,0.5671293855154252,0.4717936244972638,no movement
645,0.5671293855154252,0.4724502695797806,no movement
646,0.5671293855154252,0.4731069146622972,no movement
647,0.5671293855154252,0.4736953687418233,no movement
648,0.5776152584357245,0.4742838228213494,no movement
649,0.5776152584357245,0.4748722769008753,no movement
650,0.5776152584357245,0.4754607309804014,no movement
651,0.5776152584357245,0.4760491850599275,no movement
652,0.599854710627012,0.4766376391394535,no movement
653,0.599854710627012,0.4772260932189796,no movement
654,0.599854710627012,0.4778145472985056,no movement
655,0.599854710627012,0.4783058776044483,no movement
656,0.599854710627012,0.478797207910391,no movement
657,0.599854710627012,0.4792885382163337,no movement
658,0.599854710627012,0.4797798685222765,no movement
659,0.599854710627012,0.4802022221274363,no movement
660,0.599854710627012,0.4806245757325961,no movement
661,0.599854710627012,0.4810469293377559,no movement
662,0.599854710627012,0.4814692829429158,no movement
663,0.599854710627012,0.4818916365480756,no movement
664,0.599854710627012,0.4823139901532354,no movement
665,0.599854710627012,0.4827363437583952,no movement
666,0.599854710627012,0.4831586973635549,no movement
667,0.599854710627012,0.4835632502741149,no movement
668,0.599854710627012,0.4839678031846748,no movement
669,0.599854710627012,0.4843723560952347,no movement
670,0.599854710627012,0.4847769090057946,no movement
671,0.599854710627012,0.4851394095652228,no movement
672,0.5945498841415001,0.4855019101246508,no movement
673,0.5945498841415001,0.4858644106840789,no movement
674,0.5945498841415001,0.486226911243507,no movement
675,0.5945498841415001,0.486589411802935,no movement
676,0.6064124330750019,0.486951912362363,no movement
677,0.6064124330750019,0.4873144129217912,no movement
678,0.6064124330750019,0.4876769134812193,no movement
679,0.6064124330750019,0.4879301640898834,no movement
680,0.6064124330750019,0.4881834146985476,no movement
681,0.6064124330750019,0.4884366653072117,no movement
682,0.6064124330750019,0.4886899159158758,no movement
683,0.6064124330750019,0.4888507915688897,no movement
684,0.6064124330750019,0.4890116672219035,no movement
685,0.6064124330750019,0.4891725428749173,no movement
686,0.6064124330750019,0.4893334185279311,no movement
687,0.6064124330750019,0.4894942941809448,no movement
688,0.6064124330750019,0.4896551698339588,no movement
689,0.6064124330750019,0.4898160454869726,no movement
690,0.6064124330750019,0.4899769211399863,no movement
691,0.6064124330750019,0.4901667876391358,no movement
692,0.6064124330750019,0.4903566541382853,no movement
693,0.6064124330750019,0.4905465206374349,no movement
694,0.6064124330750019,0.4907363871365843,no movement
695,0.6064124330750019,0.4909125698789267,no movement
696,0.5855608475696726,0.491088752621269,no movement
697,0.5855608475696726,0.4912649353636113,no movement
698,0.5855608475696726,0.4914411181059537,no movement
699,0.5855608475696726,0.491617300848296,no movement
700,0.5817700719056144,0.4917934835906383,no movement
701,0.5817700719056144,0.4919696663329806,no movement
702,0.5817700719056144,0.492145849075323,no movement
703,0.5817700719056144,0.4922186931121773,no movement
704,0.5817700719056144,0.4922915371490318,no movement
705,0.5817700719056144,0.4923643811858862,no movement
706,0.5817700719056144,0.4924372252227406,no movement
707,0.5817700719056144,0.4924006688358196,no movement
708,0.5817700719056144,0.4923641124488986,no movement
709,0.5817700719056144,0.4923275560619777,no movement
710,0.5817700719056144,0.4922909996750567,no movement
711,0.5817700719056144,0.4922544432881357,no movement
712,0.5817700719056144,0.4922178869012146,no movement
713,0.5817700719056144,0.4921813305142937,no movement
714,0.5817700719056144,0.4921447741273728,no movement
715,0.5817700719056144,0.4921985956144166,no movement
716,0.5817700719056144,0.4922524171014604,no movement
717,0.5817700719056144,0.4923062385885042,no movement
718,0.5817700719056144,0.4923600600755481,no movement
719,0.5817700719056144,0.4924365207023095,no movement
720,0.5544141803326145,0.4925129813290707,no movement
721,0.5544141803326145,0.492589441955832,no movement
722,0.5544141803326145,0.4926659025825933,no movement
723,0.5544141803326145,0.4927423632093547,no movement
724,0.535008611976336,0.4928188238361159,no movement
725,0.535008611976336,0.4928952844628773,no movement
726,0.535008611976336,0.4929717450896387,no movement
727,0.535008611976336,0.4929484533442734,no movement
728,0.535008611976336,0.4929251615989081,no movement
729,0.535008611976336,0.4929018698535429,no movement
730,0.535008611976336,0.4928785781081778,no movement
731,0.535008611976336,0.492745099651233,no movement
732,0.535008611976336,0.4926116211942885,no movement
733,0.535008611976336,0.4924781427373438,no movement
734,0.535008611976336,0.4923446642803992,no movement
735,0.535008611976336,0.4922111858234546,no movement
736,0.535008611976336,0.4920777073665099,no movement
737,0.535008611976336,0.4919442289095654,no movement
738,0.535008611976336,0.4918107504526207,no movement
739,0.535008611976336,0.4918358003162379,no movement
740,0.535008611976336,0.491860850179855,no movement
741,0.535008611976336,0.4918859000434722,no movement
742,0.535008611976336,0.4919109499070894,no movement
743,0.535008611976336,0.4920251388392297,no movement
744,0.5094128594515027,0.49213932777137,no movement
745,0.5094128594515027,0.4922535167035105,no movement
746,0.5094128594515027,0.4923677056356507,no movement
747,0.5094128594515027,0.4924818945677911,no movement
748,0.4818763867851481,0.4925960834999315,no movement
749,0.4818763867851481,0.4927102724320717,no movement
750,0.4818763867851481,0.4928244613642121,no movement
751,0.4818763867851481,0.4928451362330882,no movement
752,0.4818763867851481,0.4928658111019642,no movement
753,0.4818763867851481,0.4928864859708403,no movement
754,0.4818763867851481,0.4929071608397164,no movement
755,0.4818763867851481,0.4928282610113181,no movement
756,0.4818763867851481,0.4927493611829197,no movement
757,0.4818763867851481,0.4926704613545216,no movement
758,0.4818763867851481,0.4925915615261232,no movement
759,0.4818763867851481,0.4925126616977249,no movement
760,0.4818763867851481,0.4924337618693266,no movement
761,0.4818763867851481,0.4923548620409284,no movement
762,0.4818763867851481,0.49227596221253,no movement
763,0.4818763867851481,0.4923776728145655,no movement
764,0.4818763867851481,0.4924793834166008,no movement
765,0.4818763867851481,0.4925810940186363,no movement
766,0.4818763867851481,0.4926828046206717,no movement
767,0.4818763867851481,0.4929309533101565,no movement
768,0.4627912311620974,0.4931791019996412,no movement
769,0.4627912311620974,0.493427250689126,no movement
770,0.4627912311620974,0.4936753993786106,no movement
771,0.4627912311620974,0.4939235480680955,no movement
772,0.4351563944027586,0.4941716967575801,no movement
773,0.4351563944027586,0.4944198454470649,no movement
774,0.4351563944027586,0.4946679941365496,no movement
775,0.4351563944027586,0.4948403715125233,no movement
776,0.4351563944027586,0.495012748888497,no movement
777,0.4351563944027586,0.4951851262644706,no movement
778,0.4351563944027586,0.4953575036404442,no movement
779,0.4351563944027586,0.4954431526565145,no movement
780,0.4351563944027586,0.4955288016725847,no movement
781,0.4351563944027586,0.4956144506886549,no movement
782,0.4351563944027586,0.4957000997047252,no movement
783,0.4351563944027586,0.4957857487207954,no movement
784,0.4351563944027586,0.4958713977368656,no movement
785,0.4351563944027586,0.4959570467529359,no movement
786,0.4351563944027586,0.496042695769006,no movement
787,0.4351563944027586,0.4962866638283422,no movement
788,0.4351563944027586,0.4965306318876784,no movement
789,0.4351563944027586,0.4967745999470145,no movement
790,0.4351563944027586,0.4970185680063506,no movement
791,0.4351563944027586,0.4974416372713284,no movement
792,0.4203253019595684,0.497864706536306,no movement
793,0.4203253019595684,0.4982877758012838,no movement
794,0.4203253019595684,0.4987108450662614,no movement
795,0.4203253019595684,0.4991339143312391,no movement
796,0.3998680010623716,0.4995569835962169,no movement
797,0.3998680010623716,0.4999800528611945,no movement
798,0.3998680010623716,0.5004031221261723,no movement
799,0.3998680010623716,0.5007912384814157,no movement
800,0.3998680010623716,0.501179354836659,no movement
801,0.3998680010623716,0.5015674711919025,no movement
802,0.3998680010623716,0.5019555875471456,no movement
803,0.3998680010623716,0.5022695723950849,no movement
804,0.3998680010623716,0.502583557243024,no movement
805,0.3998680010623716,0.5028975420909629,no movement
806,0.3998680010623716,0.5032115269389021,no movement
807,0.3998680010623716,0.5035255117868412,no movement
808,0.3998680010623716,0.5038394966347802,no movement
809,0.3998680010623716,0.5041534814827193,no movement
810,0.3998680010623716,0.5044674663306584,no movement
811,0.3998680010623716,0.5048882085749813,no movement
812,0.3998680010623716,0.5053089508193039,no movement
813,0.3998680010623716,0.5057296930636268,no movement
814,0.3998680010623716,0.5061504353079496,no movement
815,0.3998680010623716,0.5067411828513018,no movement
816,0.394527792682403,0.5073319303946539,no movement
817,0.394527792682403,0.5079226779380059,no movement
818,0.394527792682403,0.508513425481358,no movement
819,0.394527792682403,0.5091041730247102,no movement
820,0.3819120873428501,0.5096949205680623,no movement
821,0.3819120873428501,0.5102856681114144,no movement
822,0.3819120873428501,0.5108764156547665,no movement
823,0.3819120873428501,0.5114848459530703,no movement
824,0.3819120873428501,0.5120932762513742,no movement
825,0.3819120873428501,0.5127017065496781,no movement
826,0.3819120873428501,0.513310136847982,no movement
827,0.3819120873428501,0.5138790253165073,no movement
828,0.3819120873428501,0.5144479137850329,no movement
829,0.3819120873428501,0.5150168022535583,no movement
830,0.3819120873428501,0.5155856907220839,no movement
831,0.3819120873428501,0.5161545791906093,no movement
832,0.3819120873428501,0.5167234676591348,no movement
833,0.3819120873428501,0.5172923561276602,no movement
834,0.3819120873428501,0.5178612445961858,no movement
835,0.3819120873428501,0.5184908045014676,no movement
836,0.3819120873428501,0.5191203644067492,no movement
837,0.3819120873428501,0.5197499243120309,no movement
838,0.3819120873428501,0.5203794842173127,no movement
839,0.3819120873428501,0.5211232762939033,no movement
840,0.390609341183557,0.5218670683704941,no movement
841,0.390609341183557,0.5226108604470847,no movement
842,0.390609341183557,0.5233546525236754,no movement
843,0.390609341183557,0.5240984446002661,no movement
844,0.3865042141414039,0.5248422366768567,no movement
845,0.3865042141414039,0.5255860287534475,no movement
846,0.3865042141414039,0.5263298208300381,no movement
847,0.3865042141414039,0.5271431181916466,no movement
848,0.3865042141414039,0.527956415553255,no movement
849,0.3865042141414039,0.5287697129148634,no movement
850,0.3865042141414039,0.5295830102764718,no movement
851,0.3865042141414039,0.5304089435569604,no movement
852,0.3865042141414039,0.5312348768374492,no movement
853,0.3865042141414039,0.5320608101179378,no movement
854,0.3865042141414039,0.5328867433984263,no movement
855,0.3865042141414039,0.533712676678915,no movement
856,0.3865042141414039,0.5345386099594037,no movement
857,0.3865042141414039,0.5353645432398924,no movement
858,0.3865042141414039,0.5361904765203809,no movement
859,0.3865042141414039,0.537058663817771,no movement
860,0.3865042141414039,0.537926851115161,no movement
861,0.3865042141414039,0.538795038412551,no movement
862,0.3865042141414039,0.5396632257099412,no movement
863,0.3865042141414039,0.5405952472410817,no movement
864,0.413617576330853,0.541527268772222,no movement
865,0.413617576330853,0.5424592903033625,no movement
866,0.413617576330853,0.543391311834503,no movement
867,0.413617576330853,0.5443233333656433,no movement
868,0.4204093182460925,0.5452553548967838,no movement
869,0.4204093182460925,0.5461873764279243,no movement
870,0.4204093182460925,0.5471193979590647,no movement
871,0.4204093182460925,0.5481426057954485,no movement
872,0.4204093182460925,0.5491658136318323,no movement
873,0.4204093182460925,0.550189021468216,no movement
874,0.4204093182460925,0.5512122293045998,no movement
875,0.4204093182460925,0.5523001223688377,no movement
876,0.4204093182460925,0.5533880154330758,no movement
877,0.4204093182460925,0.5544759084973138,no movement
878,0.4204093182460925,0.5555638015615518,no movement
879,0.4204093182460925,0.5566516946257899,no movement
880,0.4204093182460925,0.5577395876900281,no movement
881,0.4204093182460925,0.558827480754266,no movement
882,0.4204093182460925,0.5599153738185041,no movement
883,0.4204093182460925,0.5610460566426916,no movement
884,0.4204093182460925,0.562176739466879,no movement
885,0.4204093182460925,0.5633074222910663,no movement
886,0.4204093182460925,0.5644381051152538,no movement
887,0.4204093182460925,0.5656053802761056,no movement
888,0.4679678144146305,0.5667726554369575,no movement
889,0.4679678144146305,0.5679399305978092,no movement
890,0.4679678144146305,0.5691072057586611,no movement
891,0.4679678144146305,0.5702744809195129,no movement
892,0.4947095349715862,0.5714417560803646,no movement
893,0.4947095349715862,0.5726090312412165,no movement
894,0.4947095349715862,0.5737763064020683,no movement
895,0.4947095349715862,0.575028900738003,no movement
896,0.4947095349715862,0.5762814950739376,no movement
897,0.4947095349715862,0.5775340894098722,no movement
898,0.4947095349715862,0.5787866837458067,no movement
899,0.4947095349715862,0.5801310663239625,no movement
900,0.4947095349715862,0.5814754489021182,no movement
901,0.4947095349715862,0.582819831480274,no movement
902,0.4947095349715862,0.5841642140584298,no movement
903,0.4947095349715862,0.5855085966365855,no movement
904,0.4947095349715862,0.5868529792147414,no movement
905,0.4947095349715862,0.588197361792897,no movement
906,0.4947095349715862,0.5895417443710528,no movement
907,0.4947095349715862,0.590932335357653,no movement
908,0.4947095349715862,0.5923229263442531,no movement
909,0.4947095349715862,0.5937135173308531,no movement
910,0.4947095349715862,0.5951041083174532,no movement
911,0.4947095349715862,0.5965320888233707,no movement
912,0.5488926641017025,0.5979600693292882,no movement
913,0.5488926641017025,0.5993880498352057,no movement
914,0.5488926641017025,0.6008160303411232,no movement
915,0.5488926641017025,0.6022440108470406,no movement
916,0.592824090336496,0.6036719913529581,no movement
917,0.592824090336496,0.6050999718588755,no movement
918,0.592824090336496,0.6065279523647932,no movement
919,0.592824090336496,0.6080195500561207,no movement
920,0.592824090336496,0.6095111477474485,no movement
921,0.592824090336496,0.6110027454387761,no movement
922,0.592824090336496,0.6124943431301036,no movement
923,0.592824090336496,0.6140780569439626,no movement
924,0.592824090336496,0.6156617707578214,no movement
925,0.592824090336496,0.6172454845716799,no movement
926,0.592824090336496,0.6188291983855388,no movement
927,0.592824090336496,0.6204129121993976,no movement
928,0.592824090336496,0.6219966260132563,no movement
929,0.592824090336496,0.6235803398271152,no movement
930,0.592824090336496,0.6251640536409739,no movement
931,0.592824090336496,0.6267914673377997,no movement
932,0.592824090336496,0.6284188810346254,no movement
933,0.592824090336496,0.6300462947314511,no movement
934,0.592824090336496,0.6316737084282769,no movement
935,0.592824090336496,0.6333472007706721,no movement
936,0.6403198033162658,0.6350206931130673,no movement
937,0.6403198033162658,0.6366941854554626,no movement
938,0.6403198033162658,0.6383676777978579,no movement
939,0.6403198033162658,0.6400411701402532,no movement
940,0.6940501650087361,0.6417146624826483,no movement
941,0.6940501650087361,0.6433881548250436,no movement
942,0.6940501650087361,0.645061647167439,no movement
943,0.6940501650087361,0.6467845764846448,no movement
944,0.6940501650087361,0.6485075058018508,no movement
945,0.6940501650087361,0.6502304351190568,no movement
946,0.6940501650087361,0.6519533644362626,no movement
947,0.6940501650087361,0.6537444847564592,no movement
948,0.6940501650087361,0.6555356050766558,no movement
949,0.6940501650087361,0.6573267253968523,no movement
950,0.6940501650087361,0.6591178457170489,no movement
951,0.6940501650087361,0.6609089660372454,no movement
952,0.6940501650087361,0.6627000863574419,no movement
953,0.6940501650087361,0.6644912066776385,no movement
954,0.6940501650087361,0.6662823269978351,no movement
955,0.6940501650087361,0.6681078555981824,no movement
956,0.6940501650087361,0.6699333841985297,no movement
957,0.6940501650087361,0.6717589127988771,no movement
958,0.6940501650087361,0.6735844413992244,no movement
959,0.6940501650087361,0.6754554662493736,no movement
960,0.7260773839238489,0.6773264910995227,no movement
961,0.7260773839238489,0.6791975159496719,no movement
962,0.7260773839238489,0.681068540799821,no movement
963,0.7260773839238489,0.6829395656499703,no movement
964,0.7770789736326487,0.6848105905001195,no movement
965,0.7770789736326487,0.6866816153502686,no movement
966,0.7770789736326487,0.6885526402004181,no movement
967,0.7770789736326487,0.6904414657451671,no movement
968,0.7770789736326487,0.6923302912899161,no movement
969,0.7770789736326487,0.6942191168346652,no movement
970,0.7770789736326487,0.6961079423794143,no movement
971,0.7770789736326487,0.6980388202752952,no movement
972,0.7770789736326487,0.6999696981711762,no movement
973,0.7770789736326487,0.7019005760670571,no movement
974,0.7770789736326487,0.703831453962938,no movement
975,0.7770789736326487,0.705762331858819,no movement
976,0.7770789736326487,0.7076932097546998,no movement
977,0.7770789736326487,0.7096240876505807,no movement
978,0.7770789736326487,0.7115549655464617,no movement
979,0.7770789736326487,0.7135085707915689,no movement
980,0.7770789736326487,0.7154621760366763,no movement
981,0.7770789736326487,0.7174157812817836,no movement
982,0.7770789736326487,0.7193693865268908,no movement
983,0.7770789736326487,0.721358352180084,no movement
984,0.7952804046595204,0.7233473178332772,no movement
985,0.7952804046595204,0.7253362834864705,no movement
986,0.7952804046595204,0.7273252491396637,no movement
987,0.7952804046595204,0.729314214792857,no movement
988,0.8295500560522051,0.7313031804460501,no movement
989,0.8295500560522051,0.7332921460992434,no movement
990,0.8295500560522051,0.7352811117524367,no movement
991,0.8295500560522051,0.7372410865594942,no movement
992,0.8295500560522051,0.7392010613665517,no movement
993,0.8295500560522051,0.7411610361736092,no movement
994,0.8295500560522051,0.7431210109806669,no movement
995,0.8295500560522051,0.7450946695445315,no movement
996,0.8295500560522051,0.7470683281083962,no movement
997,0.8295500560522051,0.7490419866722609,no movement
998,0.8295500560522051,0.7510156452361256,no movement
999,0.8295500560522051,0.7529893037999904,no movement
1000,0.8295500560522051,0.7549629623638551,no movement
1001,0.8295500560522051,0.7569366209277197,no movement
1002,0.8295500560522051,0.7589102794915845,no movement
1003,0.8295500560522051,0.7608968848504489,no movement
1004,0.8295500560522051,0.7628834902093133,no movement
1005,0.8295500560522051,0.7648700955681778,no movement
1006,0.8295500560522051,0.7668567009270422,no movement
1007,0.8295500560522051,0.7688666246599919,no movement
1008,0.84222626112263,0.7708765483929416,no movement
1009,0.84222626112263,0.7728864721258913,no movement
1010,0.84222626112263,0.7748963958588411,no movement
1011,0.84222626112263,0.7769063195917908,no movement
1012,0.8613765312477457,0.7789162433247405,no movement
1013,0.8613765312477457,0.7809261670576901,no movement
1014,0.8613765312477457,0.7829360907906399,no movement
1015,0.8613765312477457,0.7848556366496249,no movement
1016,0.8613765312477457,0.7867751825086097,no movement
1017,0.8613765312477457,0.7886947283675947,no movement
1018,0.8613765312477457,0.7906142742265795,no movement
1019,0.8613765312477457,0.7925111809458469,no movement
1020,0.8613765312477457,0.7944080876651144,no movement
1021,0.8613765312477457,0.7963049943843818,no movement
1022,0.8613765312477457,0.7982019011036492,no movement
1023,0.8613765312477457,0.8000988078229166,movement
1024,0.8613765312477457,0.8019957145421841,movement
1025,0.8613765312477457,0.8038926212614516,movement
1026,0.8613765312477457,0.805789527980719,movement
1027,0.8613765312477457,0.8076928769143673,movement
1028,0.8613765312477457,0.8095962258480155,movement
1029,0.8613765312477457,0.8114995747816638,movement
1030,0.8613765312477457,0.813402923715312,movement
1031,0.8613765312477457,0.8153192673450685,movement
1032,0.8742134592325728,0.8172356109748248,movement
1033,0.8742134592325728,0.8191519546045812,movement
1034,0.8742134592325728,0.8210682982343377,movement
1035,0.8742134592325728,0.8229846418640941,movement
1036,0.8851911602318798,0.8249009854938505,movement
1037,0.8851911602318798,0.8268173291236068,movement
1038,0.8851911602318798,0.8287336727533634,movement
1039,0.8851911602318798,0.8304914880625579,movement
1040,0.8851911602318798,0.8322493033717525,movement
1041,0.8851911602318798,0.8340071186809471,movement
1042,0.8851911602318798,0.8357649339901417,movement
1043,0.8851911602318798,0.8374336102308132,movement
1044,0.8851911602318798,0.8391022864714848,movement
1045,0.8851911602318798,0.840770962712156,movement
1046,0.8851911602318798,0.8424396389528276,movement
1047,0.8851911602318798,0.8441083151934989,movement
1048,0.8851911602318798,0.8457769914341704,movement
1049,0.8851911602318798,0.8474456676748419,movement
1050,0.8851911602318798,0.8491143439155133,movement
1051,0.8851911602318798,0.8507859009992509,movement
1052,0.8851911602318798,0.8524574580829887,movement
1053,0.8851911602318798,0.8541290151667265,movement
1054,0.8851911602318798,0.855800572250464,movement
1055,0.8851911602318798,0.8574782627864895,movement
1056,0.8990536827651745,0.859155953322515,movement
1057,0.8990536827651745,0.8608336438585406,movement
1058,0.8990536827651745,0.8625113343945661,movement
1059,0.8990536827651745,0.8641890249305916,movement
1060,0.9102705385603928,0.8658667154666171,movement
1061,0.9102705385603928,0.8675444060026427,movement
1062,0.9102705385603928,0.8692220965386681,movement
1063,0.9102705385603928,0.8707191766442599,movement
1064,0.9102705385603928,0.8722162567498517,movement
1065,0.9102705385603928,0.8737133368554434,movement
1066,0.9102705385603928,0.8752104169610353,movement
1067,0.9102705385603928,0.8765610589791777,movement
1068,0.9102705385603928,0.8779117009973201,movement
1069,0.9102705385603928,0.8792623430154627,movement
1070,0.9102705385603928,0.8806129850336051,movement
1071,0.9102705385603928,0.8819636270517477,movement
1072,0.9102705385603928,0.8833142690698901,movement
1073,0.9102705385603928,0.8846649110880325,movement
1074,0.9102705385603928,0.8860155531061751,movement
1075,0.9102705385603928,0.8873674233079388,movement
1076,0.9102705385603928,0.8887192935097028,movement
1077,0.9102705385603928,0.8900711637114663,movement
1078,0.9102705385603928,0.8914230339132303,movement
1079,0.9102705385603928,0.8927775030074265,movement
1080,0.9233805034504732,0.8941319721016228,movement
1081,0.9233805034504732,0.895486441195819,movement
1082,0.9233805034504732,0.8968409102900153,movement
1083,0.9233805034504732,0.8981953793842115,movement
1084,0.9372040971213396,0.8995498484784078,movement
1085,0.9372040971213396,0.900904317572604,movement
1086,0.9372040971213396,0.9022587866668004,movement
1087,0.9372040971213396,0.9034549367177308,movement
1088,0.9372040971213396,0.904651086768661,movement
1089,0.9372040971213396,0.9058472368195916,movement
1090,0.9372040971213396,0.9070433868705218,movement
1091,0.9372040971213396,0.9080604357158106,movement
1092,0.9372040971213396,0.9090774845610994,movement
1093,0.9372040971213396,0.9100945334063882,movement
1094,0.9372040971213396,0.911111582251677,movement
1095,0.9372040971213396,0.9121286310969658,movement
1096,0.9372040971213396,0.9131456799422548,movement
1097,0.9372040971213396,0.9141627287875436,movement
1098,0.9372040971213396,0.9151797776328324,movement
1099,0.9372040971213396,0.9161973451955048,movement
1100,0.9372040971213396,0.917214912758177,movement
1101,0.9372040971213396,0.9182324803208496,movement
1102,0.9372040971213396,0.9192500478835216,movement
1103,0.9372040971213396,0.920268697494536,movement
1104,0.94752658116657,0.92128734710555,movement
1105,0.94752658116657,0.922305996716564,movement
1106,0.94752658116657,0.9233246463275782,movement
1107,0.94752658116657,0.9243432959385924,movement
1108,0.96117545610713,0.9253619455496062,movement
1109,0.96117545610713,0.9263805951606204,movement
1110,0.96117545610713,0.9273992447716344,movement
1111,0.96117545610713,0.928311136986265,movement
1112,0.96117545610713,0.9292230292008952,movement
1113,0.96117545610713,0.9301349214155256,movement
1114,0.96117545610713,0.931046813630156,movement
1115,0.96117545610713,0.9317887005457572,movement
1116,0.96117545610713,0.9325305874613582,movement
1117,0.96117545610713,0.9332724743769594,movement
1118,0.96117545610713,0.93401436129256,movement
1119,0.96117545610713,0.9347562482081612,movement
1120,0.96117545610713,0.9354981351237625,movement
1121,0.96117545610713,0.9362400220393634,movement
1122,0.96117545610713,0.9369819089549644,movement
1123,0.96117545610713,0.9377240175366724,movement
1124,0.96117545610713,0.9384661261183804,movement
1125,0.96117545610713,0.9392082347000884,movement
1126,0.96117545610713,0.9399503432817962,movement
1127,0.96117545610713,0.9406929242739605,movement
1128,0.9679936608750308,0.9414355052661244,movement
1129,0.9679936608750308,0.9421780862582888,movement
1130,0.9679936608750308,0.9429206672504528,movement
1131,0.9679936608750308,0.9436632482426168,movement
1132,0.9786017833008184,0.9444058292347812,movement
1133,0.9786017833008184,0.9451484102269454,movement
1134,0.9786017833008184,0.9458909912191094,movement
1135,0.9786017833008184,0.9465729007745172,movement
1136,0.9786017833008184,0.9472548103299252,movement
1137,0.9786017833008184,0.9479367198853332,movement
1138,0.9786017833008184,0.948618629440741,movement
1139,0.9786017833008184,0.94918630682484,movement
1140,0.9786017833008184,0.949753984208939,movement
1141,0.9786017833008184,0.950321661593038,movement
1142,0.9786017833008184,0.9508893389771368,movement
1143,0.9786017833008184,0.951457016361236,movement
1144,0.9786017833008184,0.9520246937453348,movement
1145,0.9786017833008184,0.9525923711294336,movement
1146,0.9786017833008184,0.9531600485135326,movement
1147,0.9786017833008184,0.9537278169404176,movement
1148,0.9786017833008184,0.9542955853673027,movement
1149,0.9786017833008184,0.9548633537941876,movement
1150,0.9786017833008184,0.9554311222210724,movement
1151,0.9786017833008184,0.9559990964082452,movement
1152,0.9824858218007276,0.956567070595418,movement
1153,0.9824858218007276,0.9571350447825908,movement
1154,0.9824858218007276,0.9577030189697632,movement
1155,0.9824858218007276,0.958270993156936,movement
1156,0.9894813340263212,0.9588389673441088,movement
1157,0.9894813340263212,0.9594069415312816,movement
1158,0.9894813340263212,0.9599749157184544,movement
1159,0.9894813340263212,0.9605006358887256,movement
1160,0.9894813340263212,0.9610263560589968,movement
1161,0.9894813340263212,0.961552076229268,movement
1162,0.9894813340263212,0.9620777963995392,movement
1163,0.9894813340263212,0.9625396823360604,movement
1164,0.9894813340263212,0.9630015682725812,movement
1165,0.9894813340263212,0.963463454209102,movement
1166,0.9894813340263212,0.9639253401456228,movement
1167,0.9894813340263212,0.964387226082144,movement
1168,0.9894813340263212,0.9648491120186647,movement
1169,0.9894813340263212,0.9653109979551856,movement
1170,0.9894813340263212,0.9657728838917066,movement
1171,0.9894813340263212,0.9662348053117126,movement
1172,0.9894813340263212,0.9666967267317186,movement
1173,0.9894813340263212,0.9671586481517246,movement
1174,0.9894813340263212,0.9676205695717306,movement
1175,0.9894813340263212,0.9680825693134352,movement
1176,0.9914139983405724,0.9685445690551396,movement
1177,0.9914139983405724,0.9690065687968444,movement
1178,0.9914139983405724,0.9694685685385488,movement
1179,0.9914139983405724,0.9699305682802536,movement
1180,0.9953124071730168,0.9703925680219582,movement
1181,0.9953124071730168,0.9708545677636626,movement
1182,0.9953124071730168,0.9713165675053672,movement
1183,0.9953124071730168,0.9717357774871224,movement
1184,0.9953124071730168,0.9721549874688776,movement
1185,0.9953124071730168,0.9725741974506328,movement
1186,0.9953124071730168,0.972993407432388,movement
1187,0.9953124071730168,0.9733760250774788,movement
1188,0.9953124071730168,0.9737586427225696,movement
1189,0.9953124071730168,0.9741412603676604,movement
1190,0.9953124071730168,0.9745238780127514,movement
1191,0.9953124071730168,0.9749064956578424,movement
1192,0.9953124071730168,0.975289113302933,movement
1193,0.9953124071730168,0.975671730948024,movement
1194,0.9953124071730168,0.9760543485931148,movement
1195,0.9953124071730168,0.9764369804443244,movement
1196,0.9953124071730168,0.9768196122955344,movement
1197,0.9953124071730168,0.9772022441467442,movement
1198,0.9953124071730168,0.977584875997954,movement
1199,0.9953124071730168,0.9779675393666007,movement
1200,0.9961766600928896,0.9783502027352474,movement
1201,0.9961766600928896,0.978732866103894,movement
1202,0.9961766600928896,0.9791155294725408,movement
1203,0.9961766600928896,0.9794981928411872,movement
1204,0.998016695779239,0.9798808562098338,movement
1205,0.998016695779239,0.9802635195784803,movement
1206,0.998016695779239,0.9806461829471272,movement
1207,0.998016695779239,0.9809826379073292,movement
1208,0.998016695779239,0.9813190928675316,movement
1209,0.998016695779239,0.981655547827734,movement
1210,0.998016695779239,0.9819920027879364,movement
1211,0.998016695779239,0.9822910682288212,movement
1212,0.998016695779239,0.982590133669706,movement
1213,0.998016695779239,0.9828891991105908,movement
1214,0.998016695779239,0.983188264551476,movement
1215,0.998016695779239,0.9834873299923608,movement
1216,0.998016695779239,0.9837863954332456,movement
1217,0.998016695779239,0.9840854608741304,movement
1218,0.998016695779239,0.9843845263150156,movement
1219,0.998016695779239,0.9846835973957744,movement
1220,0.998016695779239,0.9849826684765332,movement
1221,0.998016695779239,0.9852817395572924,movement
1222,0.998016695779239,0.9855808106380508,movement
1223,0.998016695779239,0.9858798936482388,movement
1224,0.9983851508656294,0.9861789766584268,movement
1225,0.9983851508656294,0.9864780596686148,movement
1226,0.9983851508656294,0.9867771426788025,movement
1227,0.9983851508656294,0.98707622568899,movement
1228,0.9991648185953782,0.987375308699178,movement
1229,0.9991648185953782,0.9876743917093658,movement
1230,0.9991648185953782,0.9879734747195538,movement
1231,0.9991648185953782,0.9882288578467748,movement
1232,0.9991648185953782,0.9884842409739956,movement
1233,0.9991648185953782,0.9887396241012164,movement
1234,0.9991648185953782,0.9889950072284374,movement
1235,0.9991648185953782,0.9892043117100888,movement
1236,0.9991648185953782,0.98941361619174,movement
1237,0.9991648185953782,0.9896229206733912,movement
1238,0.9991648185953782,0.9898322251550428,movement
1239,0.9991648185953782,0.990041529636694,movement
1240,0.9991648185953782,0.9902508341183456,movement
1241,0.9991648185953782,0.9904601385999968,movement
1242,0.9991648185953782,0.9906694430816484,movement
1243,0.9991648185953782,0.990878749994485,movement
1244,0.9991648185953782,0.991088056907322,movement
1245,0.9991648185953782,0.9912973638201588,movement
1246,0.9991648185953782,0.9915066707329956,movement
1247,0.9991648185953782,0.9917159829254256,movement
1248,0.9993204338104444,0.9919252951178552,movement
1249,0.9993204338104444,0.9921346073102852,movement
1250,0.9993204338104444,0.9923439195027148,movement
1251,0.9993204338104444,0.9925532316951448,movement
1252,0.9996450483129646,0.9927625438875746,movement
1253,0.9996450483129646,0.9929718560800044,movement
1254,0.9996450483129646,0.9931811682724342,movement
1255,0.9996450483129646,0.9933560721847132,movement
1256,0.9996450483129646,0.9935309760969924,movement
1257,0.9996450483129646,0.9937058800092712,movement
1258,0.9996450483129646,0.9938807839215508,movement
1259,0.9996450483129646,0.9940101915840276,movement
1260,0.9996450483129646,0.9941395992465047,movement
1261,0.9996450483129646,0.994269006908982,movement
1262,0.9996450483129646,0.9943984145714592,movement
1263,0.9996450483129646,0.9945278222339362,movement
1264,0.9996450483129646,0.9946572298964136,movement
1265,0.9996450483129646,0.9947866375588906,movement
1266,0.9996450483129646,0.994916045221368,movement
1267,0.9996450483129646,0.9950454539821076,movement
1268,0.9996450483129646,0.9951748627428476,movement
1269,0.9996450483129646,0.9953042715035872,movement
1270,0.9996450483129646,0.9954336802643268,movement
1271,0.9996450483129646,0.9955630911474812,movement
1272,0.9997115481450304,0.9956925020306356,movement
1273,0.9997115481450304,0.9958219129137896,movement
1274,0.9997115481450304,0.995951323796944,movement
1275,0.9997115481450304,0.9960807346800982,movement
1276,0.9998532712818936,0.9962101455632524,movement
1277,0.9998532712818936,0.9963395564464068,movement
1278,0.9998532712818936,0.996468967329561,movement
1279,0.9998532712818936,0.996575650863489,movement
1280,0.9998532712818936,0.9966823343974168,movement
1281,0.9998532712818936,0.9967890179313448,movement
1282,0.9998532712818936,0.9968957014652728,movement
1283,0.9998532712818936,0.9969670245911146,movement
1284,0.9998532712818936,0.9970383477169568,movement
1285,0.9998532712818936,0.9971096708427988,movement
1286,0.9998532712818936,0.9971809939686406,movement
1287,0.9998532712818936,0.9972523170944826,movement
1288,0.9998532712818936,0.9973236402203248,movement
1289,0.9998532712818936,0.9973949633461664,movement
1290,0.9998532712818936,0.9974662864720084,movement
1291,0.9998532712818936,0.9975376101580546,movement
1292,0.9998532712818936,0.9976089338441008,movement
1293,0.9998532712818936,0.9976802575301468,movement
1294,0.9998532712818936,0.9977515812161928,movement
1295,0.9998532712818936,0.99782290584072,movement
1296,0.9998805841176892,0.997894230465247,movement
1297,0.9998805841176892,0.9979655550897736,movement
1298,0.9998805841176892,0.9980368797143008,movement
1299,0.9998805841176892,0.9981082043388276,movement
1300,0.9999423122040164,0.9981795289633546,movement
1301,0.9999423122040164,0.9982508535878812,movement
1302,0.9999423122040164,0.9983221782124084,movement
1303,0.9999423122040164,0.9983805560419357,movement
1304,0.9999423122040164,0.9984389338714628,movement
1305,0.9999423122040164,0.99849731170099,movement
1306,0.9999423122040164,0.9985556895305172,movement
1307,0.9999423122040164,0.9985907489859592,movement
1308,0.9999423122040164,0.9986258084414013,movement
1309,0.9999423122040164,0.998660867896843,movement
1310,0.9999423122040164,0.998695927352285,movement
1311,0.9999423122040164,0.9987309868077268,movement
1312,0.9999423122040164,0.9987660462631688,movement
1313,0.9999423122040164,0.9988011057186108,movement
1314,0.9999423122040164,0.9988361651740526,movement
1315,0.9999423122040164,0.998871224910876,movement
1316,0.9999423122040164,0.9989062846476996,movement
1317,0.9999423122040164,0.998941344384523,movement
1318,0.9999423122040164,0.9989764041213464,movement
1319,0.9999423122040164,0.9990114643785336,movement
1320,0.9999529572495404,0.9990465246357212,movement
1321,0.9999529572495404,0.9990815848929084,movement
1322,0.9999529572495404,0.9991166451500956,movement
1323,0.9999529572495404,0.9991517054072828,movement
1324,0.9999764537591278,0.9991867656644704,movement
1325,0.9999764537591278,0.9992218259216576,movement
1326,0.9999764537591278,0.9992568861788448,movement
1327,0.9999764537591278,0.9992855042216516,movement
1328,0.9999764537591278,0.9993141222644578,movement
1329,0.9999764537591278,0.9993427403072642,movement
1330,0.9999764537591278,0.9993713583500706,movement
1331,0.9999764537591278,0.9993869816967688,movement
1332,0.9999764537591278,0.9994026050434676,movement
1333,0.9999764537591278,0.9994182283901658,movement
1334,0.9999764537591278,0.999433851736864,movement
1335,0.9999764537591278,0.9994494750835622,movement
1336,0.9999764537591278,0.9994650984302604,movement
1337,0.9999764537591278,0.9994807217769588,movement
1338,0.9999764537591278,0.9994963451236574,movement
1339,0.9999764537591278,0.999511968618258,movement
1340,0.9999764537591278,0.999527592112859,movement
1341,0.9999764537591278,0.99954321560746,movement
1342,0.9999764537591278,0.9995588391020608,movement
1343,0.9999764537591278,0.9995744629026267,movement
1344,0.9999807155948344,0.9995900867031928,movement
1345,0.9999807155948344,0.999605710503759,movement
1346,0.9999807155948344,0.9996213343043252,movement
1347,0.9999807155948344,0.9996369581048912,movement
1348,0.9999901708258654,0.9996525819054572,movement
1349,0.9999901708258654,0.9996682057060232,movement
1350,0.9999901708258654,0.9996838295065894,movement
1351,0.9999901708258654,0.9996965724640892,movement
1352,0.9999901708258654,0.9997093154215888,movement
1353,0.9999901708258654,0.9997220583790888,movement
1354,0.9999901708258654,0.9997348013365888,movement
1355,0.9999901708258654,0.9997414108418008,movement
1356,0.9999901708258654,0.9997480203470128,movement
1357,0.9999901708258654,0.9997546298522246,movement
1358,0.9999901708258654,0.9997612393574368,movement
1359,0.9999901708258654,0.9997678488626488,movement
1360,0.9999901708258654,0.9997744583678606,movement
1361,0.9999901708258654,0.9997810678730727,movement
1362,0.9999901708258654,0.9997876773782848,movement
1363,0.9999901708258654,0.9997942869542216,movement
1364,0.9999901708258654,0.999800896530158,movement
1365,0.9999901708258654,0.9998075061060948,movement
1366,0.9999901708258654,0.9998141156820314,movement
1367,0.9999901708258654,0.9998207253965646,movement
1368,0.9999918627880546,0.999827335111098,movement
1369,0.9999918627880546,0.9998339448256314,movement
1370,0.9999918627880546,0.9998405545401648,movement
1371,0.9999918627880546,0.9998471642546982,movement
1372,0.9999954416167448,0.9998537739692316,movement
1373,0.9999954416167448,0.999860383683765,movement
1374,0.9999954416167448,0.9998669933982982,movement
1375,0.9999954416167448,0.9998723749292104,movement
1376,0.9999954416167448,0.9998777564601224,movement
1377,0.9999954416167448,0.9998831379910346,movement
1378,0.9999954416167448,0.9998885195219466,movement
1379,0.9999954416167448,0.999891302160426,movement
1380,0.9999954416167448,0.9998940847989056,movement
1381,0.9999954416167448,0.9998968674373854,movement
1382,0.9999954416167448,0.999899650075865,movement
1383,0.9999954416167448,0.9999024327143444,movement
1384,0.9999954416167448,0.999905215352824,movement
1385,0.9999954416167448,0.9999079979913036,movement
1386,0.9999954416167448,0.9999107806297832,movement
1387,0.9999954416167448,0.9999135633167816,movement
1388,0.9999954416167448,0.99991634600378,movement
1389,0.9999954416167448,0.9999191286907784,movement
1390,0.9999954416167448,0.999921911377777,movement
1391,0.9999954416167448,0.9999246941175548,movement
1392,0.9999961709724032,0.9999274768573326,movement
1393,0.9999961709724032,0.9999302595971103,movement
1394,0.9999961709724032,0.9999330423368882,movement
1395,0.9999961709724032,0.999935825076666,movement
1396,0.999997754850286,0.9999386078164436,movement
1397,0.999997754850286,0.9999413905562216,movement
1398,0.999997754850286,0.9999441732959992,movement
1399,0.999997754850286,0.9999464373183936,movement
1400,0.999997754850286,0.999948701340788,movement
1401,0.999997754850286,0.9999509653631822,movement
1402,0.999997754850286,0.9999532293855764,movement
1403,0.999997754850286,0.9999544113596288,movement
1404,0.999997754850286,0.9999555933336812,movement
1405,0.999997754850286,0.999956775307734,movement
1406,0.999997754850286,0.9999579572817864,movement
1407,0.999997754850286,0.999959139255839,movement
1408,0.999997754850286,0.9999603212298916,movement
1409,0.999997754850286,0.999961503203944,movement
1410,0.999997754850286,0.9999626851779968,movement
1411,0.999997754850286,0.9999638672012388,movement
1412,0.999997754850286,0.999965049224481,movement
1413,0.999997754850286,0.9999662312477232,movement
1414,0.999997754850286,0.9999674132709654,movement
1415,0.999997754850286,0.9999685953463362,movement
1416,0.9999980843290543,0.9999697774217068,movement
1417,0.9999980843290543,0.9999709594970778,movement
1418,0.9999980843290543,0.9999721415724488,movement
1419,0.9999980843290543,0.9999733236478195,movement
1420,0.999998721053409,0.9999745057231904,movement
1421,0.999998721053409,0.9999756877985612,movement
1422,0.999998721053409,0.999976869873932,movement
1423,0.999998721053409,0.999977830283196,movement
1424,0.999998721053409,0.99997879069246,movement
1425,0.999998721053409,0.9999797511017238,movement
1426,0.999998721053409,0.9999807115109876,movement
1427,0.999998721053409,0.9999811995097956,movement
1428,0.999998721053409,0.9999816875086034,movement
1429,0.999998721053409,0.999982175507411,movement
1430,0.999998721053409,0.9999826635062188,movement
1431,0.999998721053409,0.9999831515050264,movement
1432,0.999998721053409,0.9999836395038344,movement
1433,0.999998721053409,0.999984127502642,movement
1434,0.999998721053409,0.9999846155014496,movement
1435,0.999998721053409,0.9999851035790684,movement
1436,0.999998721053409,0.9999855916566868,movement
1437,0.999998721053409,0.9999860797343056,movement
1438,0.999998721053409,0.9999865678119242,movement
1439,0.999998721053409,0.9999870559408188,movement
1440,0.9999988891146484,0.9999875440697132,movement
1441,0.9999988891146484,0.999988032198608,movement
1442,0.9999988891146484,0.9999885203275024,movement
1443,0.9999988891146484,0.9999890084563968,movement
1444,0.9999991706588952,0.9999894965852916,movement
1445,0.9999991706588952,0.999989984714186,movement
1446,0.9999991706588952,0.9999904728430806,movement
1447,0.9999991706588952,0.9999908699291892,movement
1448,0.9999991706588952,0.9999912670152976,movement
1449,0.9999991706588952,0.9999916641014062,movement
1450,0.9999991706588952,0.9999920611875148,movement
1451,0.9999991706588952,0.9999922525133356,movement
1452,0.9999991706588952,0.9999924438391564,movement
1453,0.9999991706588952,0.9999926351649772,movement
1454,0.9999991706588952,0.999992826490798,movement
1455,0.9999991706588952,0.9999930178166188,movement
1456,0.9999991706588952,0.9999932091424396,movement
1457,0.9999991706588952,0.9999934004682606,movement
1458,0.9999991706588952,0.9999935917940812,movement
1459,0.9999991706588952,0.9999937832086097,movement
1460,0.9999991706588952,0.9999939746231375,movement
1461,0.9999991706588952,0.999994166037666,movement
1462,0.9999991706588952,0.9999943574521942,movement
1463,0.9999991706588952,0.9999945489359996,movement
1464,0.9999992550733704,0.9999947404198052,movement
1465,0.9999992550733704,0.9999949319036106,movement
1466,0.9999992550733704,0.9999951233874164,movement
1467,0.9999992550733704,0.9999953148712216,movement
1468,0.99999941118251,0.9999955063550272,movement
1469,0.99999941118251,0.9999956978388326,movement
1470,0.99999941118251,0.9999958893226384,movement
1471,0.99999941118251,0.9999960453229588,movement
1472,0.99999941118251,0.9999962013232788,movement
1473,0.99999941118251,0.9999963573235994,movement
1474,0.99999941118251,0.9999965133239198,movement
1475,0.99999941118251,0.9999965910025416,movement
1476,0.99999941118251,0.9999966686811634,movement
1477,0.99999941118251,0.9999967463597852,movement
1478,0.99999941118251,0.9999968240384068,movement
1479,0.99999941118251,0.9999969017170288,movement
1480,0.99999941118251,0.9999969793956504,movement
1481,0.99999941118251,0.9999970570742724,movement
1482,0.99999941118251,0.999997134752894,movement
1483,0.99999941118251,0.9999972125024044,movement
1484,0.99999941118251,0.9999972902519147,movement
1485,0.99999941118251,0.9999973680014248,movement
1486,0.99999941118251,0.9999974457509352,movement
1487,0.99999941118251,0.999997523580191,movement
1488,0.99999945555328,0.9999976014094468,movement
1489,0.99999945555328,0.9999976792387028,movement
1490,0.99999945555328,0.9999977570679588,movement
1491,0.99999945555328,0.9999978348972144,movement
1492,0.9999995473428412,0.9999979127264704,movement
1493,0.9999995473428412,0.9999979905557262,movement
1494,0.9999995473428412,0.999998068384982,movement
1495,0.9999995473428412,0.999998132008119,movement
1496,0.9999995473428412,0.9999981956312556,movement
1497,0.9999995473428412,0.9999982592543928,movement
1498,0.9999995473428412,0.9999983228775297,movement
1499,0.9999995473428412,0.9999983549832294,movement
1500,0.9999995473428412,0.9999983870889296,movement
1501,0.9999995473428412,0.9999984191946296,movement
1502,0.9999995473428412,0.9999984513003296,movement
1503,0.9999995473428412,0.9999984834060298,movement
1504,0.9999995473428412,0.9999985155117298,movement
1505,0.9999995473428412,0.99999854761743,movement
1506,0.9999995473428412,0.99999857972313,movement
1507,0.9999995473428412,0.9999986118536568,movement
1508,0.9999995473428412,0.9999986439841836,movement
1509,0.9999995473428412,0.9999986761147102,movement
1510,0.9999995473428412,0.9999987082452368,movement
1511,0.9999995473428412,0.999998740455489,movement
1512,0.9999995685602276,0.9999987726657412,movement
1513,0.9999995685602276,0.9999988048759936,movement
1514,0.9999995685602276,0.9999988370862456,movement
1515,0.9999995685602276,0.9999988692964976,movement
1516,0.9999996101392524,0.9999989015067496,movement
1517,0.9999996101392524,0.999998933717002,movement
1518,0.9999996101392524,0.9999989659272542,movement
1519,0.9999996101392524,0.9999989924976322,movement
1520,0.9999996101392524,0.9999990190680108,movement
1521,0.9999996101392524,0.9999990456383888,movement
1522,0.9999996101392524,0.999999072208767,movement
1523,0.9999996101392524,0.9999990868497164,movement
1524,0.9999996101392524,0.9999991014906654,movement
1525,0.9999996101392524,0.9999991161316146,movement
1526,0.9999996101392524,0.999999130772564,movement
1527,0.9999996101392524,0.9999991454135132,movement
1528,0.9999996101392524,0.9999991600544624,movement
1529,0.9999996101392524,0.9999991746954118,movement
1530,0.9999996101392524,0.999999189336361,movement
1531,0.9999996101392524,0.999999203947391,movement
1532,0.9999996101392524,0.9999992185584208,movement
1533,0.9999996101392524,0.9999992331694508,movement
1534,0.9999996101392524,0.9999992477804808,movement
1535,0.9999996101392524,0.9999992624213316,movement
1536,0.9999996246948986,0.9999992770621828,movement
1537,0.9999996246948986,0.9999992917030336,movement
1538,0.9999996246948986,0.9999993063438846,movement
1539,0.9999996246948986,0.9999993209847357,movement
1540,0.9999996405287216,0.9999993356255864,movement
1541,0.9999996405287216,0.9999993502664374,movement
1542,0.9999996405287216,0.9999993649072882,movement
1543,0.9999996405287216,0.9999993771169536,movement
1544,0.9999996405287216,0.9999993893266192,movement
1545,0.9999996405287216,0.9999994015362847,movement
1546,0.9999996405287216,0.99999941374595,movement
1547,0.9999996405287216,0.9999994206760224,movement
1548,0.9999996405287216,0.9999994276060952,movement
1549,0.9999996405287216,0.9999994345361676,movement
1550,0.9999996405287216,0.99999944146624,movement
1551,0.9999996405287216,0.9999994483963124,movement
1552,0.9999996405287216,0.9999994553263848,movement
1553,0.9999996405287216,0.9999994622564572,movement
1554,0.9999996405287216,0.9999994691865296,movement
1555,0.9999996405287216,0.999999475984904,movement
1556,0.9999996405287216,0.9999994827832784,movement
1557,0.9999996405287216,0.9999994895816527,movement
1558,0.9999996405287216,0.9999994963800272,movement
1559,0.9999996405287216,0.999999503137861,movement
1560,0.9999996552856248,0.9999995098956944,movement
1561,0.9999996552856248,0.9999995166535284,movement
1562,0.9999996552856248,0.999999523411362,movement
1563,0.9999996552856248,0.9999995301691958,movement
1564,0.9999996709242134,0.9999995369270296,movement
1565,0.9999996709242134,0.9999995436848632,movement
1566,0.9999996709242134,0.9999995504426968,movement
1567,0.9999996709242134,0.999999556102268,movement
1568,0.9999996709242134,0.999999561761839,movement
1569,0.9999996709242134,0.9999995674214104,movement
1570,0.9999996709242134,0.9999995730809812,movement
1571,0.9999996709242134,0.999999576618138,movement
1572,0.9999996709242134,0.9999995801552944,movement
1573,0.9999996709242134,0.9999995836924512,movement
1574,0.9999996709242134,0.9999995872296078,movement
1575,0.9999996709242134,0.9999995907667644,movement
1576,0.9999996709242134,0.9999995943039208,movement
1577,0.9999996709242134,0.9999995978410776,movement
1578,0.9999996709242134,0.9999996013782344,movement
1579,0.9999996709242134,0.999999604629532,movement
1580,0.9999996709242134,0.9999996078808296,movement
1581,0.9999996709242134,0.9999996111321274,movement
1582,0.9999996709242134,0.9999996143834252,movement
1583,0.9999996709242134,0.99999961749536,movement
1584,0.9999996945674792,0.9999996206072944,movement
1585,0.9999996945674792,0.9999996237192292,movement
1586,0.9999996945674792,0.999999626831164,movement
1587,0.9999996945674792,0.9999996299430984,movement
1588,0.9999997099502592,0.9999996330550333,movement
1589,0.9999997099502592,0.999999636166968,movement
1590,0.9999997099502592,0.9999996392789026,movement
1591,0.9999997099502592,0.9999996418306332,movement
1592,0.9999997099502592,0.9999996443823638,movement
1593,0.9999997099502592,0.9999996469340944,movement
1594,0.9999997099502592,0.9999996494858248,movement
1595,0.9999997099502592,0.9999996510990744,movement
1596,0.9999997099502592,0.9999996527123242,movement
1597,0.9999997099502592,0.999999654325574,movement
1598,0.9999997099502592,0.9999996559388238,movement
1599,0.9999997099502592,0.9999996575520737,movement
1600,0.9999997099502592,0.9999996591653232,movement
1601,0.9999997099502592,0.9999996607785728,movement
1602,0.9999997099502592,0.9999996623918226,movement
1603,0.9999997099502592,0.9999996635420818,movement
1604,0.9999997099502592,0.9999996646923408,movement
1605,0.9999997099502592,0.9999996658426,movement
1606,0.9999997099502592,0.9999996669928588,movement
1607,0.9999997099502592,0.9999996678730856,movement
1608,0.9999997365624852,0.999999668753312,movement
1609,0.9999997365624852,0.9999996696335384,movement
1610,0.9999997365624852,0.9999996705137648,movement
1611,0.9999997365624852,0.9999996713939914,movement
1612,0.9999997573456636,0.999999672274218,movement
1613,0.9999997573456636,0.9999996731544444,movement
1614,0.9999997573456636,0.9999996740346708,movement
1615,0.9999997573456636,0.9999996746335158,movement
1616,0.9999997573456636,0.9999996752323608,movement
1617,0.9999997573456636,0.9999996758312054,movement
1618,0.9999997573456636,0.9999996764300504,movement
1619,0.9999997573456636,0.9999996765085316,movement
1620,0.9999997573456636,0.9999996765870126,movement
1621,0.9999997573456636,0.9999996766654936,movement
1622,0.9999997573456636,0.9999996767439748,movement
1623,0.9999997573456636,0.999999676822456,movement
1624,0.9999997573456636,0.999999676900937,movement
1625,0.9999997573456636,0.999999676979418,movement
1626,0.9999997573456636,0.9999996770578992,movement
1627,0.9999997573456636,0.9999996766332568,movement
1628,0.9999997573456636,0.9999996762086149,movement
1629,0.9999997573456636,0.9999996757839724,movement
1630,0.9999997573456636,0.9999996753593302,movement
1631,0.9999997573456636,0.9999996745136608,movement
1632,0.999999778612208,0.9999996736679908,movement
1633,0.999999778612208,0.9999996728223212,movement
1634,0.999999778612208,0.9999996719766518,movement
1635,0.999999778612208,0.9999996711309824,movement
1636,0.999999802535889,0.9999996702853128,movement
1637,0.999999802535889,0.9999996694396434,movement
1638,0.999999802535889,0.9999996685939736,movement
1639,0.999999802535889,0.9999996676004014,movement
1640,0.999999802535889,0.9999996666068294,movement
1641,0.999999802535889,0.9999996656132571,movement
1642,0.999999802535889,0.999999664619685,movement
1643,0.999999802535889,0.999999663320148,movement
1644,0.999999802535889,0.9999996620206104,movement
1645,0.999999802535889,0.999999660721073,movement
1646,0.999999802535889,0.9999996594215356,movement
1647,0.999999802535889,0.9999996581219984,movement
1648,0.999999802535889,0.9999996568224612,movement
1649,0.999999802535889,0.9999996555229238,movement
1650,0.999999802535889,0.9999996542233864,movement
1651,0.999999802535889,0.9999996523403214,movement
1652,0.999999802535889,0.9999996504572564,movement
1653,0.999999802535889,0.9999996485741912,movement
1654,0.999999802535889,0.9999996466911264,movement
1655,0.999999802535889,0.9999996442631433,movement
1656,0.9999998099838624,0.9999996418351604,movement
1657,0.9999998099838624,0.9999996394071772,movement
1658,0.9999998099838624,0.9999996369791944,movement
1659,0.9999998099838624,0.9999996345512112,movement
1660,0.9999998339015184,0.9999996321232284,movement
1661,0.9999998339015184,0.9999996296952453,movement
1662,0.9999998339015184,0.9999996272672624,movement
1663,0.9999998339015184,0.9999996247685546,movement
1664,0.9999998339015184,0.9999996222698472,movement
1665,0.9999998339015184,0.9999996197711396,movement
1666,0.9999998339015184,0.9999996172724318,movement
1667,0.9999998339015184,0.9999996146351274,movement
1668,0.9999998339015184,0.9999996119978232,movement
1669,0.9999998339015184,0.9999996093605188,movement
1670,0.9999998339015184,0.9999996067232144,movement
1671,0.9999998339015184,0.99999960408591,movement
1672,0.9999998339015184,0.9999996014486056,movement
1673,0.9999998339015184,0.9999995988113012,movement
1674,0.9999998339015184,0.999999596173997,movement
1675,0.9999998339015184,0.999999592919411,movement
1676,0.9999998339015184,0.9999995896648248,movement
1677,0.9999998339015184,0.9999995864102392,movement
1678,0.9999998339015184,0.9999995831556532,movement
1679,0.9999998339015184,0.99999957930136,movement
1680,0.9999998249257318,0.999999575447067,movement
1681,0.9999998249257318,0.9999995715927736,movement
1682,0.9999998249257318,0.9999995677384804,movement
1683,0.9999998249257318,0.9999995638841876,movement
1684,0.999999833872029,0.9999995600298944,movement
1685,0.999999833872029,0.9999995561756012,movement
1686,0.999999833872029,0.9999995523213082,movement
1687,0.999999833872029,0.999999548418496,movement
1688,0.999999833872029,0.9999995445156842,movement
1689,0.999999833872029,0.9999995406128724,movement
1690,0.999999833872029,0.9999995367100604,movement
1691,0.999999833872029,0.999999532754469,movement
1692,0.999999833872029,0.9999995287988775,movement
1693,0.999999833872029,0.999999524843286,movement
1694,0.999999833872029,0.999999520887695,movement
1695,0.999999833872029,0.9999995169321036,movement
1696,0.999999833872029,0.999999512976512,movement
1697,0.999999833872029,0.9999995090209208,movement
1698,0.999999833872029,0.9999995050653296,movement
1699,0.999999833872029,0.9999995005251526,movement
1700,0.999999833872029,0.9999994959849756,movement
1701,0.999999833872029,0.9999994914447988,movement
1702,0.999999833872029,0.9999994869046216,movement
1703,0.999999833872029,0.9999994817963846,movement
1704,0.9999997943625925,0.9999994766881476,movement
1705,0.9999997943625925,0.9999994715799104,movement
1706,0.9999997943625925,0.9999994664716731,movement
1707,0.9999997943625925,0.9999994613634362,movement
1708,0.9999997822003932,0.9999994562551991,movement
1709,0.9999997822003932,0.999999451146962,movement
1710,0.9999997822003932,0.9999994460387248,movement
1711,0.9999997822003932,0.9999994408812982,movement
1712,0.9999997822003932,0.9999994357238712,movement
1713,0.9999997822003932,0.9999994305664448,movement
1714,0.9999997822003932,0.999999425409018,movement
1715,0.9999997822003932,0.9999994201994624,movement
1716,0.9999997822003932,0.9999994149899072,movement
1717,0.9999997822003932,0.9999994097803516,movement
1718,0.9999997822003932,0.9999994045707962,movement
1719,0.9999997822003932,0.9999993993612406,movement
1720,0.9999997822003932,0.9999993941516856,movement
1721,0.9999997822003932,0.99999938894213,movement
1722,0.9999997822003932,0.9999993837325748,movement
1723,0.9999997822003932,0.9999993780885346,movement
1724,0.9999997822003932,0.9999993724444948,movement
1725,0.9999997822003932,0.9999993668004544,movement
1726,0.9999997822003932,0.9999993611564146,movement
1727,0.9999997822003932,0.9999993549271,movement
1728,0.9999996964427286,0.9999993486977852,movement
1729,0.9999996964427286,0.9999993424684706,movement
1730,0.9999996964427286,0.9999993362391558,movement
1731,0.9999996964427286,0.9999993300098412,movement
1732,0.9999996546338143,0.9999993237805266,movement
1733,0.9999996546338143,0.999999317551212,movement
1734,0.9999996546338143,0.9999993113218972,movement
1735,0.9999996546338143,0.9999993050137717,movement
1736,0.9999996546338143,0.9999992987056462,movement
1737,0.9999996546338143,0.9999992923975206,movement
1738,0.9999996546338143,0.9999992860893948,movement
1739,0.9999996546338143,0.9999992797299936,movement
1740,0.9999996546338143,0.999999273370592,movement
1741,0.9999996546338143,0.9999992670111906,movement
1742,0.9999996546338143,0.999999260651789,movement
1743,0.9999996546338143,0.9999992542923876,movement
1744,0.9999996546338143,0.999999247932986,movement
1745,0.9999996546338143,0.9999992415735848,movement
1746,0.9999996546338143,0.9999992352141832,movement
1747,0.9999996546338143,0.9999992286626564,movement
1748,0.9999996546338143,0.9999992221111298,movement
1749,0.9999996546338143,0.999999215559603,movement
1750,0.9999996546338143,0.9999992090080764,movement
1751,0.9999996546338143,0.999999202008468,movement
1752,0.9999995157366218,0.99999919500886,movement
1753,0.9999995157366218,0.999999188009252,movement
1754,0.9999995157366218,0.9999991810096436,movement
1755,0.9999995157366218,0.9999991740100356,movement
1756,0.9999994347268384,0.9999991670104276,movement
1757,0.9999994347268384,0.9999991600108192,movement
1758,0.9999994347268384,0.999999153011211,movement
1759,0.9999994347268384,0.9999991459228954,movement
1760,0.9999994347268384,0.99999913883458,movement
1761,0.9999994347268384,0.9999991317462642,movement
1762,0.9999994347268384,0.9999991246579486,movement
1763,0.9999994347268384,0.9999991175003556,movement
1764,0.9999994347268384,0.9999991103427632,movement
1765,0.9999994347268384,0.9999991031851702,movement
1766,0.9999994347268384,0.9999990960275772,movement
1767,0.9999994347268384,0.9999990888699845,movement
1768,0.9999994347268384,0.9999990817123916,movement
1769,0.9999994347268384,0.9999990745547988,movement
1770,0.9999994347268384,0.999999067397206,movement
1771,0.9999994347268384,0.999999060321393,movement
1772,0.9999994347268384,0.99999905324558,movement
1773,0.9999994347268384,0.9999990461697672,movement
1774,0.9999994347268384,0.9999990390939542,movement
1775,0.9999994347268384,0.999999031802788,movement
1776,0.9999992837898308,0.9999990245116218,movement
1777,0.9999992837898308,0.999999017220456,movement
1778,0.9999992837898308,0.9999990099292898,movement
1779,0.9999992837898308,0.9999990026381236,movement
1780,0.999999157481642,0.9999989953469576,movement
1781,0.999999157481642,0.9999989880557916,movement
1782,0.999999157481642,0.9999989807646252,movement
1783,0.999999157481642,0.9999989734025708,movement
1784,0.999999157481642,0.999998966040516,movement
1785,0.999999157481642,0.9999989586784618,movement
1786,0.999999157481642,0.9999989513164071,movement
1787,0.999999157481642,0.9999989438746067,movement
1788,0.999999157481642,0.9999989364328068,movement
1789,0.999999157481642,0.9999989289910066,movement
1790,0.999999157481642,0.9999989215492062,movement
1791,0.999999157481642,0.9999989141074064,movement
1792,0.999999157481642,0.999998906665606,movement
1793,0.999999157481642,0.9999988992238056,movement
1794,0.999999157481642,0.9999988917820056,movement
1795,0.999999157481642,0.9999988846755986,movement
1796,0.999999157481642,0.9999988775691918,movement
1797,0.999999157481642,0.9999988704627848,movement
1798,0.999999157481642,0.9999988633563776,movement
1799,0.999999157481642,0.9999988563280048,movement
1800,0.9999989824233236,0.999998849299632,movement
1801,0.9999989824233236,0.9999988422712588,movement
1802,0.9999989824233236,0.999998835242886,movement
1803,0.9999989824233236,0.9999988282145128,movement
1804,0.9999988189479432,0.9999988211861404,movement
1805,0.9999988189479432,0.9999988141577671,movement
1806,0.9999988189479432,0.999998807129394,movement
1807,0.9999988189479432,0.9999988000761946,movement
1808,0.9999988189479432,0.9999987930229952,movement
1809,0.9999988189479432,0.9999987859697956,movement
1810,0.9999988189479432,0.999998778916596,movement
1811,0.9999988189479432,0.9999987717836708,movement
1812,0.9999988189479432,0.999998764650746,movement
1813,0.9999988189479432,0.9999987575178207,movement
1814,0.9999988189479432,0.9999987503848958,movement
1815,0.9999988189479432,0.9999987432519708,movement
1816,0.9999988189479432,0.999998736119046,movement
1817,0.9999988189479432,0.9999987289861206,movement
1818,0.9999988189479432,0.9999987218531956,movement
1819,0.9999988189479432,0.9999987151996552,movement
1820,0.9999988189479432,0.999998708546115,movement
1821,0.9999988189479432,0.9999987018925748,movement
1822,0.9999988189479432,0.9999986952390342,movement
1823,0.9999988189479432,0.9999986889034178,movement
1824,0.9999986337634656,0.9999986825678016,movement
1825,0.9999986337634656,0.9999986762321852,movement
1826,0.9999986337634656,0.9999986698965688,movement
1827,0.9999986337634656,0.9999986635609523,movement
1828,0.9999984538513144,0.999998657225336,movement
1829,0.9999984538513144,0.9999986508897196,movement
1830,0.9999984538513144,0.999998644554103,movement
1831,0.9999984538513144,0.9999986382484058,movement
1832,0.9999984538513144,0.9999986319427088,movement
1833,0.9999984538513144,0.9999986256370116,movement
1834,0.9999984538513144,0.9999986193313148,movement
1835,0.9999984538513144,0.9999986129957966,movement
1836,0.9999984538513144,0.9999986066602784,movement
1837,0.9999984538513144,0.9999986003247604,movement
1838,0.9999984538513144,0.9999985939892424,movement
1839,0.9999984538513144,0.999998587653724,movement
1840,0.9999984538513144,0.999998581318206,movement
1841,0.9999984538513144,0.999998574982688,movement
1842,0.9999984538513144,0.9999985686471698,movement
1843,0.9999984538513144,0.9999985625274548,movement
1844,0.9999984538513144,0.9999985564077396,movement
1845,0.9999984538513144,0.9999985502880244,movement
1846,0.9999984538513144,0.9999985441683096,movement
1847,0.9999984538513144,0.9999985384519408,movement
1848,0.9999982784756434,0.9999985327355718,movement
1849,0.9999982784756434,0.999998527019203,movement
1850,0.9999982784756434,0.9999985213028344,movement
1851,0.9999982784756434,0.9999985155864652,movement
1852,0.9999981080575912,0.9999985098700966,movement
1853,0.9999981080575912,0.9999985041537276,movement
1854,0.9999981080575912,0.9999984984373588,movement
1855,0.9999981080575912,0.9999984928526884,movement
1856,0.9999981080575912,0.9999984872680174,movement
1857,0.9999981080575912,0.9999984816833468,movement
1858,0.9999981080575912,0.999998476098676,movement
1859,0.9999981080575912,0.999998470554546,movement
1860,0.9999981080575912,0.999998465010416,movement
1861,0.9999981080575912,0.9999984594662858,movement
1862,0.9999981080575912,0.9999984539221558,movement
1863,0.9999981080575912,0.999998448378026,movement
1864,0.9999981080575912,0.9999984428338956,movement
1865,0.9999981080575912,0.9999984372897658,movement
1866,0.9999981080575912,0.9999984317456356,movement
1867,0.9999981080575912,0.9999984256666372,movement
1868,0.9999981080575912,0.9999984195876386,movement
1869,0.9999981080575912,0.99999841350864,movement
1870,0.9999981080575912,0.9999984074296416,movement
1871,0.9999981080575912,0.9999984015387792,movement
1872,0.9999979777122112,0.9999983956479164,movement
1873,0.9999979777122112,0.999998389757054,movement
1874,0.9999979777122112,0.9999983838661914,movement
1875,0.9999979777122112,0.9999983779753292,movement
1876,0.999997802129814,0.9999983720844664,movement
1877,0.999997802129814,0.999998366193604,movement
1878,0.999997802129814,0.9999983603027414,movement
1879,0.999997802129814,0.9999983546977378,movement
1880,0.999997802129814,0.999998349092734,movement
1881,0.999997802129814,0.9999983434877304,movement
1882,0.999997802129814,0.9999983378827269,movement
1883,0.999997802129814,0.999998332417086,movement
1884,0.999997802129814,0.9999983269514456,movement
1885,0.999997802129814,0.999998321485805,movement
1886,0.999997802129814,0.9999983160201644,movement
1887,0.999997802129814,0.9999983105545236,movement
1888,0.999997802129814,0.9999983050888832,movement
1889,0.999997802129814,0.9999982996232424,movement
1890,0.999997802129814,0.999998294157602,movement
1891,0.999997802129814,0.9999982873221356,movement
1892,0.999997802129814,0.9999982804866692,movement
1893,0.999997802129814,0.9999982736512024,movement
1894,0.999997802129814,0.999998266815736,movement
1895,0.999997802129814,0.99999825958936,movement
1896,0.9999977444922564,0.9999982523629836,movement
1897,0.9999977444922564,0.9999982451366072,movement
1898,0.9999977444922564,0.999998237910231,movement
1899,0.9999977444922564,0.9999982306838546,movement
1900,0.9999976100678084,0.9999982234574786,movement
1901,0.9999976100678084,0.9999982162311022,movement
1902,0.9999976100678084,0.999998209004726,movement
1903,0.9999976100678084,0.9999982022413402,movement
1904,0.9999976100678084,0.9999981954779548,movement
1905,0.9999976100678084,0.9999981887145688,movement
1906,0.9999976100678084,0.9999981819511834,movement
1907,0.9999976100678084,0.9999981754578302,movement
1908,0.9999976100678084,0.9999981689644772,movement
1909,0.9999976100678084,0.9999981624711244,movement
1910,0.9999976100678084,0.9999981559777712,movement
1911,0.9999976100678084,0.9999981494844185,movement
1912,0.9999976100678084,0.9999981429910652,movement
1913,0.9999976100678084,0.9999981364977124,movement
1914,0.9999976100678084,0.9999981300043592,movement
1915,0.9999976100678084,0.9999981211215404,movement
1916,0.9999976100678084,0.9999981122387216,movement
1917,0.9999976100678084,0.9999981033559032,movement
1918,0.9999976100678084,0.999998094473084,movement
1919,0.9999976100678084,0.9999980842209156,movement
1920,0.9999976346017796,0.9999980739687468,movement
1921,0.9999976346017796,0.9999980637165784,movement
1922,0.9999976346017796,0.9999980534644096,movement
1923,0.9999976346017796,0.9999980432122408,movement
1924,0.9999975699958354,0.9999980329600722,movement
1925,0.9999975699958354,0.9999980227079036,movement
1926,0.9999975699958354,0.9999980124557348,movement
1927,0.9999975699958354,0.9999980027066896,movement
1928,0.9999975699958354,0.9999979929576444,movement
1929,0.9999975699958354,0.9999979832085992,movement
1930,0.9999975699958354,0.9999979734595538,movement
1931,0.9999975699958354,0.999997964131536,movement
1932,0.9999975699958354,0.999997954803518,movement
1933,0.9999975699958354,0.9999979454755,movement
1934,0.9999975699958354,0.9999979361474816,movement
1935,0.9999975699958354,0.9999979268194638,movement
1936,0.9999975699958354,0.9999979174914458,movement
1937,0.9999975699958354,0.9999979081634276,movement
1938,0.9999975699958354,0.9999978988354098,movement
1939,0.9999975699958354,0.9999978869312576,movement
1940,0.9999975699958354,0.9999978750271056,movement
1941,0.9999975699958354,0.9999978631229532,movement
1942,0.9999975699958354,0.9999978512188012,movement
1943,0.9999975699958354,0.999997837089078,movement
1944,0.999997670613795,0.9999978229593548,movement
1945,0.999997670613795,0.9999978088296316,movement
1946,0.999997670613795,0.9999977946999083,movement
1947,0.999997670613795,0.9999977805701852,movement
1948,0.9999976940240042,0.999997766440462,movement
1949,0.9999976940240042,0.999997752310739,movement
1950,0.9999976940240042,0.9999977381810158,movement
1951,0.9999976940240042,0.9999977246348204,movement
1952,0.9999976940240042,0.9999977110886248,movement
1953,0.9999976940240042,0.9999976975424296,movement
1954,0.9999976940240042,0.999997683996234,movement
1955,0.9999976940240042,0.9999976709949564,movement
1956,0.9999976940240042,0.999997657993679,movement
1957,0.9999976940240042,0.9999976449924016,movement
1958,0.9999976940240042,0.999997631991124,movement
1959,0.9999976940240042,0.9999976189898464,movement
1960,0.9999976940240042,0.999997605988569,movement
1961,0.9999976940240042,0.9999975929872916,movement
1962,0.9999976940240042,0.999997579986014,movement
1963,0.9999976940240042,0.999997564832504,movement
1964,0.9999976940240042,0.999997549678994,movement
1965,0.9999976940240042,0.9999975345254845,movement
1966,0.9999976940240042,0.9999975193719742,movement
1967,0.9999976940240042,0.9999975016819947,movement
1968,0.9999978378394168,0.9999974839920148,movement
1969,0.9999978378394168,0.9999974663020352,movement
1970,0.9999978378394168,0.9999974486120556,movement
1971,0.9999978378394168,0.999997430922076,movement
1972,0.9999979332165984,0.999997413232096,movement
1973,0.9999979332165984,0.9999973955421164,movement
1974,0.9999979332165984,0.9999973778521368,movement
1975,0.9999979332165984,0.9999973607794388,movement
1976,0.9999979332165984,0.9999973437067406,movement
1977,0.9999979332165984,0.9999973266340424,movement
1978,0.9999979332165984,0.9999973095613444,movement
1979,0.9999979332165984,0.9999972930883536,movement
1980,0.9999979332165984,0.9999972766153624,movement
1981,0.9999979332165984,0.9999972601423716,movement
1982,0.9999979332165984,0.9999972436693808,movement
1983,0.9999979332165984,0.9999972271963896,movement
1984,0.9999979332165984,0.9999972107233988,movement
1985,0.9999979332165984,0.9999971942504078,movement
1986,0.9999979332165984,0.9999971777774168,movement
1987,0.9999979332165984,0.9999971599341804,movement
1988,0.9999979332165984,0.9999971420909436,movement
1989,0.9999979332165984,0.9999971242477071,movement
1990,0.9999979332165984,0.9999971064044706,movement
1991,0.9999979332165984,0.9999970861784652,movement
1992,0.9999979979575082,0.99999706595246,movement
1993,0.9999979979575082,0.9999970457264546,movement
1994,0.9999979979575082,0.9999970255004492,movement
1995,0.9999979979575082,0.9999970052744438,movement
1996,0.9999981189613782,0.9999969850484386,movement
1997,0.9999981189613782,0.9999969648224328,movement
1998,0.9999981189613782,0.9999969445964276,movement
1999,0.9999981189613782,0.999996924955008,movement
2000,0.9999981189613782,0.999996905313588,movement
2001,0.9999981189613782,0.9999968856721684,movement
2002,0.9999981189613782,0.9999968660307484,movement
2003,0.9999981189613782,0.9999968469573888,movement
2004,0.9999981189613782,0.9999968278840292,movement
2005,0.9999981189613782,0.9999968088106698,movement
2006,0.9999981189613782,0.9999967897373102,movement
2007,0.9999981189613782,0.9999967706639504,movement
2008,0.9999981189613782,0.9999967515905908,movement
2009,0.9999981189613782,0.9999967325172312,movement
2010,0.9999981189613782,0.9999967134438718,movement
2011,0.9999981189613782,0.9999966934975858,movement
2012,0.9999981189613782,0.9999966735513,movement
2013,0.9999981189613782,0.999996653605014,movement
2014,0.9999981189613782,0.9999966336587282,movement
2015,0.9999981189613782,0.9999966122304836,movement
2016,0.9999979585008412,0.9999965908022388,movement
2017,0.9999979585008412,0.9999965693739944,movement
2018,0.9999979585008412,0.9999965479457495,movement
2019,0.9999979585008412,0.999996526517505,movement
2020,0.9999980149416352,0.9999965050892604,movement
2021,0.9999980149416352,0.9999964836610156,movement
2022,0.9999980149416352,0.999996462232771,movement
2023,0.9999980149416352,0.999996441239011,movement
2024,0.9999980149416352,0.999996420245251,movement
2025,0.9999980149416352,0.999996399251491,movement
2026,0.9999980149416352,0.9999963782577308,movement
2027,0.9999980149416352,0.9999963578492456,movement
2028,0.9999980149416352,0.9999963374407604,movement
2029,0.9999980149416352,0.9999963170322748,movement
2030,0.9999980149416352,0.9999962966237896,movement
2031,0.9999980149416352,0.999996276215304,movement
2032,0.9999980149416352,0.9999962558068186,movement
2033,0.9999980149416352,0.9999962353983336,movement
2034,0.9999980149416352,0.999996214989848,movement
2035,0.9999980149416352,0.9999961945205116,movement
2036,0.9999980149416352,0.9999961740511748,movement
2037,0.9999980149416352,0.9999961535818384,movement
2038,0.9999980149416352,0.999996133112502,movement
2039,0.9999980149416352,0.999996111948544,movement
2040,0.999997603993872,0.9999960907845856,movement
2041,0.999997603993872,0.9999960696206271,movement
2042,0.999997603993872,0.9999960484566692,movement
2043,0.999997603993872,0.9999960272927108,movement
2044,0.9999974867209318,0.9999960061287528,movement
2045,0.9999974867209318,0.9999959849647944,movement
2046,0.9999974867209318,0.999995963800836,movement
2047,0.9999974867209318,0.999995942829003,movement
2048,0.9999974867209318,0.99999592185717,movement
2049,0.9999974867209318,0.9999959008853372,movement
2050,0.9999974867209318,0.999995879913504,movement
2051,0.9999974867209318,0.9999958593897526,movement
2052,0.9999974867209318,0.9999958388660009,movement
2053,0.9999974867209318,0.9999958183422494,movement
2054,0.9999974867209318,0.999995797818498,movement
2055,0.9999974867209318,0.9999957772947464,movement
2056,0.9999974867209318,0.9999957567709948,movement
2057,0.9999974867209318,0.9999957362472432,movement
2058,0.9999974867209318,0.9999957157234916,movement
2059,0.9999974867209318,0.999995695588314,movement
2060,0.9999974867209318,0.9999956754531356,movement
2061,0.9999974867209318,0.999995655317958,movement
2062,0.9999974867209318,0.99999563518278,movement
2063,0.9999974867209318,0.9999956149470176,movement
2064,0.9999967698812088,0.9999955947112548,movement
2065,0.9999967698812088,0.999995574475492,movement
2066,0.9999967698812088,0.9999955542397296,movement
2067,0.9999967698812088,0.9999955340039672,movement
2068,0.999996359076244,0.9999955137682044,movement
2069,0.999996359076244,0.9999954935324418,movement
2070,0.999996359076244,0.9999954732966791,movement
2071,0.999996359076244,0.9999954529791366,movement
2072,0.999996359076244,0.9999954326615942,movement
2073,0.999996359076244,0.9999954123440516,movement
2074,0.999996359076244,0.9999953920265092,movement
2075,0.999996359076244,0.99999537192432,movement
2076,0.999996359076244,0.9999953518221306,movement
2077,0.999996359076244,0.9999953317199411,movement
2078,0.999996359076244,0.9999953116177516,movement
2079,0.999996359076244,0.9999952915155624,movement
2080,0.999996359076244,0.999995271413373,movement
2081,0.999996359076244,0.9999952513111836,movement
2082,0.999996359076244,0.9999952312089944,movement
2083,0.999996359076244,0.9999952117177796,movement
2084,0.999996359076244,0.9999951922265652,movement
2085,0.999996359076244,0.9999951727353504,movement
2086,0.999996359076244,0.9999951532441356,movement
2087,0.999996359076244,0.9999951339746258,movement
2088,0.999995586235984,0.999995114705116,movement
2089,0.999995586235984,0.999995095435606,movement
2090,0.999995586235984,0.9999950761660964,movement
2091,0.999995586235984,0.9999950568965864,movement
2092,0.9999949185646932,0.9999950376270766,movement
2093,0.9999949185646932,0.9999950183575672,movement
2094,0.9999949185646932,0.9999949990880572,movement
2095,0.9999949185646932,0.9999949794831542,movement
2096,0.9999949185646932,0.999994959878251,movement
2097,0.9999949185646932,0.9999949402733485,movement
2098,0.9999949185646932,0.9999949206684452,movement
2099,0.9999949185646932,0.999994900985508,movement
2100,0.9999949185646932,0.9999948813025712,movement
2101,0.9999949185646932,0.999994861619634,movement
2102,0.9999949185646932,0.9999948419366972,movement
2103,0.9999949185646932,0.99999482225376,movement
2104,0.9999949185646932,0.9999948025708232,movement
2105,0.9999949185646932,0.999994782887886,movement
2106,0.9999949185646932,0.9999947632049492,movement
2107,0.9999949185646932,0.9999947431091042,movement
2108,0.9999949185646932,0.9999947230132594,movement
2109,0.9999949185646932,0.9999947029174148,movement
2110,0.9999949185646932,0.99999468282157,movement
2111,0.9999949185646932,0.999994663216234,movement
2112,0.9999942728949666,0.9999946436108976,movement
2113,0.9999942728949666,0.9999946240055616,movement
2114,0.9999942728949666,0.9999946044002253,movement
2115,0.9999942728949666,0.9999945847948888,movement
2116,0.9999935119540352,0.9999945651895528,movement
2117,0.9999935119540352,0.9999945455842169,movement
2118,0.9999935119540352,0.9999945259788804,movement
2119,0.9999935119540352,0.9999945058941596,movement
2120,0.9999935119540352,0.9999944858094386,movement
2121,0.9999935119540352,0.9999944657247176,movement
2122,0.9999935119540352,0.9999944456399968,movement
2123,0.9999935119540352,0.999994425237352,movement
2124,0.9999935119540352,0.9999944048347073,movement
2125,0.9999935119540352,0.9999943844320625,movement
2126,0.9999935119540352,0.9999943640294175,movement
2127,0.9999935119540352,0.9999943436267724,movement
2128,0.9999935119540352,0.9999943232241276,movement
2129,0.9999935119540352,0.9999943028214828,movement
2130,0.9999935119540352,0.9999942824188384,movement
2131,0.9999935119540352,0.9999942603894176,movement
2132,0.9999935119540352,0.999994238359997,movement
2133,0.9999935119540352,0.9999942163305764,movement
2134,0.9999935119540352,0.999994194301156,movement
2135,0.9999935119540352,0.9999941720518044,movement
2136,0.9999931008803316,0.9999941498024528,movement
2137,0.9999931008803316,0.9999941275531012,movement
2138,0.9999931008803316,0.9999941053037498,movement
2139,0.9999931008803316,0.9999940830543984,movement
2140,0.9999923860497092,0.9999940608050468,movement
2141,0.9999923860497092,0.9999940385556954,movement
2142,0.9999923860497092,0.9999940163063438,movement
2143,0.9999923860497092,0.9999939938411893,movement
2144,0.9999923860497092,0.9999939713760349,movement
2145,0.9999923860497092,0.9999939489108802,movement
2146,0.9999923860497092,0.9999939264457256,movement
2147,0.9999923860497092,0.9999939035772248,movement
2148,0.9999923860497092,0.9999938807087242,movement
2149,0.9999923860497092,0.9999938578402234,movement
2150,0.9999923860497092,0.9999938349717226,movement
2151,0.9999923860497092,0.999993812103222,movement
2152,0.9999923860497092,0.9999937892347208,movement
2153,0.9999923860497092,0.9999937663662204,movement
2154,0.9999923860497092,0.9999937434977196,movement
2155,0.9999923860497092,0.9999937180053372,movement
2156,0.9999923860497092,0.9999936925129552,movement
2157,0.9999923860497092,0.9999936670205728,movement
2158,0.9999923860497092,0.9999936415281908,movement
2159,0.9999923860497092,0.9999936147320116,movement
2160,0.9999921241718244,0.9999935879358324,movement
2161,0.9999921241718244,0.9999935611396537,movement
2162,0.9999921241718244,0.9999935343434746,movement
2163,0.9999921241718244,0.9999935075472955,movement
2164,0.9999916795842012,0.9999934807511166,movement
2165,0.9999916795842012,0.9999934539549376,movement
2166,0.9999916795842012,0.9999934271587588,movement
2167,0.9999916795842012,0.9999934008974484,movement
2168,0.9999916795842012,0.9999933746361378,movement
2169,0.9999916795842012,0.9999933483748272,movement
2170,0.9999916795842012,0.9999933221135164,movement
2171,0.9999916795842012,0.99999329566407,movement
2172,0.9999916795842012,0.9999932692146236,movement
2173,0.9999916795842012,0.9999932427651772,movement
2174,0.9999916795842012,0.9999932163157308,movement
2175,0.9999916795842012,0.999993189866284,movement
2176,0.9999916795842012,0.9999931634168374,movement
2177,0.9999916795842012,0.999993136967391,movement
2178,0.9999916795842012,0.9999931105179444,movement
2179,0.9999916795842012,0.9999930809889824,movement
2180,0.9999916795842012,0.9999930514600204,movement
2181,0.9999916795842012,0.9999930219310584,movement
2182,0.9999916795842012,0.9999929924020964,movement
2183,0.9999916795842012,0.9999929601235112,movement
2184,0.9999916613288647,0.9999929278449258,movement
2185,0.9999916613288647,0.9999928955663404,movement
2186,0.9999916613288647,0.9999928632877552,movement
2187,0.9999916613288647,0.9999928310091696,movement
2188,0.9999914529423451,0.9999927987305846,movement
2189,0.9999914529423451,0.9999927664519992,movement
2190,0.9999914529423451,0.9999927341734136,movement
2191,0.9999914529423451,0.9999927032646544,movement
2192,0.9999914529423451,0.9999926723558948,movement
2193,0.9999914529423451,0.9999926414471356,movement
2194,0.9999914529423451,0.9999926105383758,movement
2195,0.9999914529423451,0.9999925800205264,movement
2196,0.9999914529423451,0.9999925495026766,movement
2197,0.9999914529423451,0.9999925189848268,movement
2198,0.9999914529423451,0.9999924884669772,movement
2199,0.9999914529423451,0.9999924579491276,movement
2200,0.9999914529423451,0.999992427431278,movement
2201,0.9999914529423451,0.9999923969134284,movement
2202,0.9999914529423451,0.9999923663955786,movement
2203,0.9999914529423451,0.9999923313481476,movement
2204,0.9999914529423451,0.9999922963007166,movement
2205,0.9999914529423451,0.9999922612532856,movement
2206,0.9999914529423451,0.9999922262058546,movement
2207,0.9999914529423451,0.9999921876606822,movement
2208,0.9999915695144348,0.99999214911551,movement
2209,0.9999915695144348,0.9999921105703375,movement
2210,0.9999915695144348,0.9999920720251648,movement
2211,0.9999915695144348,0.9999920334799928,movement
2212,0.9999915393390284,0.9999919949348204,movement
2213,0.9999915393390284,0.9999919563896476,movement
2214,0.9999915393390284,0.9999919178444752,movement
2215,0.9999915393390284,0.9999918816887688,movement
2216,0.9999915393390284,0.9999918455330622,movement
2217,0.9999915393390284,0.9999918093773554,movement
2218,0.9999915393390284,0.9999917732216488,movement
2219,0.9999915393390284,0.999991738435292,movement
2220,0.9999915393390284,0.9999917036489352,movement
2221,0.9999915393390284,0.9999916688625784,movement
2222,0.9999915393390284,0.9999916340762216,movement
2223,0.9999915393390284,0.999991599289865,movement
2224,0.9999915393390284,0.9999915645035082,movement
2225,0.9999915393390284,0.9999915297171514,movement
2226,0.9999915393390284,0.9999914949307948,movement
2227,0.9999915393390284,0.999991451971153,movement
2228,0.9999915393390284,0.9999914090115112,movement
2229,0.9999915393390284,0.9999913660518696,movement
2230,0.9999915393390284,0.999991323092228,movement
2231,0.9999915393390284,0.9999912752150232,movement
2232,0.9999917226314216,0.9999912273378184,movement
2233,0.9999917226314216,0.9999911794606136,movement
2234,0.9999917226314216,0.9999911315834088,movement
2235,0.9999917226314216,0.9999910837062042,movement
2236,0.999991789142898,0.9999910358289994,movement
2237,0.999991789142898,0.9999909879517944,movement
2238,0.999991789142898,0.9999909400745896,movement
2239,0.999991789142898,0.9999908947735192,movement
2240,0.999991789142898,0.9999908494724484,movement
2241,0.999991789142898,0.999990804171378,movement
2242,0.999991789142898,0.9999907588703074,movement
2243,0.999991789142898,0.9999907157948076,movement
2244,0.999991789142898,0.999990672719308,movement
2245,0.999991789142898,0.9999906296438084,movement
2246,0.999991789142898,0.9999905865683087,movement
2247,0.999991789142898,0.9999905434928092,movement
2248,0.999991789142898,0.9999905004173096,movement
2249,0.999991789142898,0.99999045734181,movement
2250,0.999991789142898,0.9999904142663104,movement
2251,0.999991789142898,0.99999035516946,movement
2252,0.999991789142898,0.9999902960726098,movement
2253,0.999991789142898,0.9999902369757594,movement
2254,0.999991789142898,0.999990177878909,movement
2255,0.999991789142898,0.999990110337826,movement
2256,0.9999916652705746,0.999990042796743,movement
2257,0.9999916652705746,0.9999899752556598,movement
2258,0.9999916652705746,0.9999899077145769,movement
2259,0.9999916652705746,0.9999898401734938,movement
2260,0.9999918124231472,0.9999897726324106,movement
2261,0.9999918124231472,0.9999897050913272,movement
2262,0.9999918124231472,0.9999896375502444,movement
2263,0.9999918124231472,0.9999895721613936,movement
2264,0.9999918124231472,0.999989506772543,movement
2265,0.9999918124231472,0.9999894413836924,movement
2266,0.9999918124231472,0.9999893759948418,movement
2267,0.9999918124231472,0.9999893131424608,movement
2268,0.9999918124231472,0.99998925029008,movement
2269,0.9999918124231472,0.9999891874376988,movement
2270,0.9999918124231472,0.999989124585318,movement
2271,0.9999918124231472,0.9999890617329372,movement
2272,0.9999918124231472,0.9999889988805564,movement
2273,0.9999918124231472,0.9999889360281752,movement
2274,0.9999918124231472,0.9999888731757944,movement
2275,0.9999918124231472,0.9999887856403628,movement
2276,0.9999918124231472,0.9999886981049309,movement
2277,0.9999918124231472,0.9999886105694992,movement
2278,0.9999918124231472,0.9999885230340676,movement
2279,0.9999918124231472,0.999988420324044,movement
2280,0.9999913243904228,0.9999883176140208,movement
2281,0.9999913243904228,0.9999882149039976,movement
2282,0.9999913243904228,0.999988112193974,movement
2283,0.9999913243904228,0.9999880094839508,movement
2284,0.9999912584111488,0.9999879067739276,movement
2285,0.9999912584111488,0.9999878040639042,movement
2286,0.9999912584111488,0.9999877013538808,movement
2287,0.9999912584111488,0.9999876000141033,movement
2288,0.9999912584111488,0.9999874986743256,movement
2289,0.9999912584111488,0.999987397334548,movement
2290,0.9999912584111488,0.99998729599477,movement
2291,0.9999912584111488,0.9999871970377612,movement
2292,0.9999912584111488,0.9999870980807524,movement
2293,0.9999912584111488,0.9999869991237434,movement
2294,0.9999912584111488,0.9999869001667344,movement
2295,0.9999912584111488,0.9999868012097256,movement
2296,0.9999912584111488,0.9999867022527168,movement
2297,0.9999912584111488,0.999986603295708,movement
2298,0.9999912584111488,0.999986504338699,movement
2299,0.9999912584111488,0.999986376857044,movement
2300,0.9999912584111488,0.9999862493753894,movement
2301,0.9999912584111488,0.9999861218937344,movement
2302,0.9999912584111488,0.9999859944120798,movement
2303,0.9999912584111488,0.9999858441008912,movement
2304,0.9999904712467044,0.9999856937897024,movement
2305,0.9999904712467044,0.9999855434785136,movement
2306,0.9999904712467044,0.9999853931673248,movement
2307,0.9999904712467044,0.999985242856136,movement
2308,0.999990080107682,0.9999850925449472,movement
2309,0.999990080107682,0.9999849422337586,movement
2310,0.999990080107682,0.9999847919225698,movement
2311,0.999990080107682,0.9999846424843074,movement
2312,0.999990080107682,0.9999844930460448,movement
2313,0.999990080107682,0.9999843436077824,movement
2314,0.999990080107682,0.99998419416952,movement
2315,0.999990080107682,0.9999840462132163,movement
2316,0.999990080107682,0.9999838982569128,movement
2317,0.999990080107682,0.9999837503006088,movement
2318,0.999990080107682,0.9999836023443052,movement
2319,0.999990080107682,0.9999834543880016,movement
2320,0.999990080107682,0.999983306431698,movement
2321,0.999990080107682,0.9999831584753942,movement
2322,0.999990080107682,0.9999830105190906,movement
2323,0.999990080107682,0.999982834336296,movement
2324,0.999990080107682,0.9999826581535012,movement
2325,0.999990080107682,0.9999824819707066,movement
2326,0.999990080107682,0.999982305787912,movement
2327,0.999990080107682,0.9999821005730372,movement
2328,0.9999891562530276,0.9999818953581626,movement
2329,0.9999891562530276,0.999981690143288,movement
2330,0.9999891562530276,0.9999814849284132,movement
2331,0.9999891562530276,0.9999812797135388,movement
2332,0.9999883313660356,0.999981074498664,movement
2333,0.9999883313660356,0.9999808692837892,movement
2334,0.9999883313660356,0.9999806640689146,movement
2335,0.9999883313660356,0.9999804589148908,movement
2336,0.9999883313660356,0.9999802537608672,movement
2337,0.9999883313660356,0.9999800486068438,movement
2338,0.9999883313660356,0.9999798434528202,movement
2339,0.9999883313660356,0.9999796389934184,movement
2340,0.9999883313660356,0.9999794345340166,movement
2341,0.9999883313660356,0.9999792300746148,movement
2342,0.9999883313660356,0.999979025615213,movement
2343,0.9999883313660356,0.9999788211558112,movement
2344,0.9999883313660356,0.9999786166964092,movement
2345,0.9999883313660356,0.9999784122370076,movement
2346,0.9999883313660356,0.9999782077776056,movement
2347,0.9999883313660356,0.9999779723936708,movement
2348,0.9999883313660356,0.9999777370097358,movement
2349,0.9999883313660356,0.9999775016258008,movement
2350,0.9999883313660356,0.999977266241866,movement
2351,0.9999883313660356,0.9999769999194922,movement
2352,0.999986972491626,0.9999767335971184,movement
2353,0.999986972491626,0.9999764672747444,movement
2354,0.999986972491626,0.9999762009523704,movement
2355,0.999986972491626,0.9999759346299968,movement
2356,0.999985923169212,0.9999756683076224,movement
2357,0.999985923169212,0.9999754019852488,movement
2358,0.999985923169212,0.9999751356628748,movement
2359,0.999985923169212,0.9999748689519272,movement
2360,0.999985923169212,0.9999746022409796,movement
2361,0.999985923169212,0.999974335530032,movement
2362,0.999985923169212,0.9999740688190843,movement
2363,0.999985923169212,0.9999738022087218,movement
2364,0.999985923169212,0.999973535598359,movement
2365,0.999985923169212,0.999973268987996,movement
2366,0.999985923169212,0.999973002377633,movement
2367,0.999985923169212,0.9999727357672704,movement
2368,0.999985923169212,0.9999724691569072,movement
2369,0.999985923169212,0.9999722025465444,movement
2370,0.999985923169212,0.9999719359361816,movement
2371,0.999985923169212,0.9999716297356532,movement
2372,0.999985923169212,0.9999713235351246,movement
2373,0.999985923169212,0.9999710173345964,movement
2374,0.999985923169212,0.9999707111340675,movement
2375,0.999985923169212,0.99997037330647,movement
2376,0.9999834711837506,0.9999700354788724,movement
2377,0.9999834711837506,0.9999696976512746,movement
2378,0.9999834711837506,0.9999693598236769,movement
2379,0.9999834711837506,0.9999690219960792,movement
2380,0.9999819959148072,0.9999686841684816,movement
2381,0.9999819959148072,0.999968346340884,movement
2382,0.9999819959148072,0.999968008513286,movement
2383,0.9999819959148072,0.9999676700747137,movement
2384,0.9999819959148072,0.9999673316361414,movement
2385,0.9999819959148072,0.9999669931975692,movement
2386,0.9999819959148072,0.9999666547589968,movement
2387,0.9999819959148072,0.9999663160987196,movement
2388,0.9999819959148072,0.9999659774384424,movement
2389,0.9999819959148072,0.9999656387781652,movement
2390,0.9999819959148072,0.9999653001178876,movement
2391,0.9999819959148072,0.9999649614576106,movement
2392,0.9999819959148072,0.9999646227973332,movement
2393,0.9999819959148072,0.9999642841370558,movement
2394,0.9999819959148072,0.9999639454767786,movement
2395,0.9999819959148072,0.9999635336185856,movement
2396,0.9999819959148072,0.9999631217603924,movement
2397,0.9999819959148072,0.9999627099021988,movement
2398,0.9999819959148072,0.9999622980440056,movement
2399,0.9999819959148072,0.9999618431189016,movement
2400,0.9999771895095976,0.9999613881937972,movement
2401,0.9999771895095976,0.9999609332686928,movement
2402,0.9999771895095976,0.9999604783435886,movement
2403,0.9999771895095976,0.9999600234184844,movement
2404,0.9999746562397652,0.99995956849338,movement
2405,0.9999746562397652,0.9999591135682756,movement
2406,0.9999746562397652,0.9999586586431712,movement
2407,0.9999746562397652,0.9999582041309748,movement
2408,0.9999746562397652,0.999957749618778,movement
2409,0.9999746562397652,0.9999572951065816,movement
2410,0.9999746562397652,0.9999568405943852,movement
2411,0.9999746562397652,0.99995638559168,movement
2412,0.9999746562397652,0.9999559305889748,movement
2413,0.9999746562397652,0.9999554755862696,movement
2414,0.9999746562397652,0.9999550205835648,movement
2415,0.9999746562397652,0.9999545655808596,movement
2416,0.9999746562397652,0.999954110578154,movement
2417,0.9999746562397652,0.9999536555754488,movement
2418,0.9999746562397652,0.999953200572744,movement
2419,0.9999746562397652,0.9999526292525184,movement
2420,0.9999746562397652,0.9999520579322928,movement
2421,0.9999746562397652,0.9999514866120672,movement
2422,0.9999746562397652,0.999950915291842,movement
2423,0.9999746562397652,0.9999502735244488,movement
2424,0.99996725132451,0.9999496317570552,movement
2425,0.99996725132451,0.9999489899896622,movement
2426,0.99996725132451,0.999948348222269,movement
2427,0.99996725132451,0.999947706454876,movement
2428,0.9999626989470352,0.9999470646874824,movement
2429,0.9999626989470352,0.9999464229200892,movement
2430,0.9999626989470352,0.999945781152696,movement
2431,0.9999626989470352,0.9999451410120784,movement
2432,0.9999626989470352,0.999944500871461,movement
2433,0.9999626989470352,0.9999438607308438,movement
2434,0.9999626989470352,0.9999432205902262,movement
2435,0.9999626989470352,0.9999425806695396,movement
2436,0.9999626989470352,0.999941940748853,movement
2437,0.9999626989470352,0.9999413008281666,movement
2438,0.9999626989470352,0.99994066090748,movement
2439,0.9999626989470352,0.9999400209867932,movement
2440,0.9999626989470352,0.999939381066107,movement
2441,0.9999626989470352,0.9999387411454204,movement
2442,0.9999626989470352,0.9999381012247338,movement
2443,0.9999626989470352,0.9999372706228492,movement
2444,0.9999626989470352,0.9999364400209648,movement
2445,0.9999626989470352,0.9999356094190804,movement
2446,0.9999626989470352,0.999934778817196,movement
2447,0.9999626989470352,0.999933830173248,movement
2448,0.99995414155327,0.9999328815292996,movement
2449,0.99995414155327,0.9999319328853512,movement
2450,0.99995414155327,0.9999309842414033,movement
2451,0.99995414155327,0.9999300355974552,movement
2452,0.9999472926930908,0.9999290869535068,movement
2453,0.9999472926930908,0.9999281383095586,movement
2454,0.9999472926930908,0.9999271896656104,movement
2455,0.9999472926930908,0.9999262436455438,movement
2456,0.9999472926930908,0.9999252976254772,movement
2457,0.9999472926930908,0.9999243516054104,movement
2458,0.9999472926930908,0.9999234055853438,movement
2459,0.9999472926930908,0.999922460869074,movement
2460,0.9999472926930908,0.9999215161528038,movement
2461,0.9999472926930908,0.999920571436534,movement
2462,0.9999472926930908,0.999919626720264,movement
2463,0.9999472926930908,0.999918682003994,movement
2464,0.9999472926930908,0.9999177372877244,movement
2465,0.9999472926930908,0.9999167925714542,movement
2466,0.9999472926930908,0.9999158478551842,movement
2467,0.9999472926930908,0.9999146067421468,movement
2468,0.9999472926930908,0.9999133656291096,movement
2469,0.9999472926930908,0.9999121245160724,movement
2470,0.9999472926930908,0.9999108834030352,movement
2471,0.9999472926930908,0.9999094469360102,movement
2472,0.999938824745817,0.9999080104689856,movement
2473,0.999938824745817,0.9999065740019604,movement
2474,0.999938824745817,0.9999051375349356,movement
2475,0.999938824745817,0.9999037010679108,movement
2476,0.9999301151217947,0.9999022646008856,movement
2477,0.9999301151217947,0.9999008281338608,movement
2478,0.9999301151217947,0.999899391666836,movement
2479,0.9999301151217947,0.9998979582793264,movement
2480,0.9999301151217947,0.9998965248918172,movement
2481,0.9999301151217947,0.9998950915043078,movement
2482,0.9999301151217947,0.9998936581167984,movement
2483,0.9999301151217947,0.9998922274789124,movement
2484,0.9999301151217947,0.9998907968410264,movement
2485,0.9999301151217947,0.9998893662031404,movement
2486,0.9999301151217947,0.999887935565254,movement
2487,0.9999301151217947,0.9998865049273682,movement
2488,0.9999301151217947,0.999885074289482,movement
2489,0.9999301151217947,0.999883643651596,movement
2490,0.9999301151217947,0.99988221301371,movement
2491,0.9999301151217947,0.9998802906576156,movement
2492,0.9999301151217947,0.9998783683015214,movement
2493,0.9999301151217947,0.9998764459454272,movement
2494,0.9999301151217947,0.9998745235893328,movement
2495,0.9999301151217947,0.9998722939251988,movement
2496,0.9999208377618876,0.9998700642610646,movement
2497,0.9999208377618876,0.9998678345969304,movement
2498,0.9999208377618876,0.999865604932796,movement
2499,0.9999208377618876,0.999863375268662,movement
2500,0.9999115562301696,0.9998611456045278,movement
2501,0.9999115562301696,0.9998589159403934,movement
2502,0.9999115562301696,0.9998566862762592,movement
2503,0.9999115562301696,0.9998544611417066,movement
2504,0.9999115562301696,0.9998522360071538,movement
2505,0.9999115562301696,0.9998500108726008,movement
2506,0.9999115562301696,0.999847785738048,movement
2507,0.9999115562301696,0.9998455641012366,movement
2508,0.9999115562301696,0.9998433424644252,movement
2509,0.9999115562301696,0.9998411208276134,movement
2510,0.9999115562301696,0.999838899190802,movement
2511,0.9999115562301696,0.9998366775539906,movement
2512,0.9999115562301696,0.9998344559171792,movement
2513,0.9999115562301696,0.9998322342803676,movement
2514,0.9999115562301696,0.9998300126435564,movement
2515,0.9999115562301696,0.9998270934351224,movement
2516,0.9999115562301696,0.9998241742266888,movement
2517,0.9999115562301696,0.9998212550182548,movement
2518,0.9999115562301696,0.999818335809821,movement
2519,0.9999115562301696,0.999814941039144,movement
2520,0.9998996791804748,0.9998115462684672,movement
2521,0.9998996791804748,0.99980815149779,movement
2522,0.9998996791804748,0.9998047567271128,movement
2523,0.9998996791804748,0.9998013619564358,movement
2524,0.9998901910597212,0.9997979671857586,movement
2525,0.9998901910597212,0.9997945724150816,movement
2526,0.9998901910597212,0.9997911776444046,movement
2527,0.9998901910597212,0.9997877910470124,movement
2528,0.9998901910597212,0.99978440444962,movement
2529,0.9998901910597212,0.999781017852228,movement
2530,0.9998901910597212,0.999777631254836,movement
2531,0.9998901910597212,0.9997742495750068,movement
2532,0.9998901910597212,0.999770867895178,movement
2533,0.9998901910597212,0.9997674862153488,movement
2534,0.9998901910597212,0.9997641045355198,movement
2535,0.9998901910597212,0.9997607228556906,movement
2536,0.9998901910597212,0.9997573411758616,movement
2537,0.9998901910597212,0.9997539594960329,movement
2538,0.9998901910597212,0.9997505778162036,movement
2539,0.9998901910597212,0.9997463021742932,movement
2540,0.9998901910597212,0.9997420265323828,movement
2541,0.9998901910597212,0.9997377508904726,movement
2542,0.9998901910597212,0.9997334752485622,movement
2543,0.9998901910597212,0.9997285213090964,movement
2544,0.999868231684926,0.9997235673696304,movement
2545,0.999868231684926,0.9997186134301644,movement
2546,0.999868231684926,0.9997136594906986,movement
2547,0.999868231684926,0.9997087055512328,movement
2548,0.9998553116116052,0.9997037516117668,movement
2549,0.9998553116116052,0.999698797672301,movement
2550,0.9998553116116052,0.999693843732835,movement
2551,0.9998553116116052,0.99968890581472,movement
2552,0.9998553116116052,0.9996839678966049,movement
2553,0.9998553116116052,0.9996790299784896,movement
2554,0.9998553116116052,0.9996740920603744,movement
2555,0.9998553116116052,0.999669162586492,movement
2556,0.9998553116116052,0.9996642331126095,movement
2557,0.9998553116116052,0.999659303638727,movement
2558,0.9998553116116052,0.9996543741648446,movement
2559,0.9998553116116052,0.9996494446909624,movement
2560,0.9998553116116052,0.99964451521708,movement
2561,0.9998553116116052,0.9996395857431974,movement
2562,0.9998553116116052,0.9996346562693152,movement
2563,0.9998553116116052,0.9996284576580814,movement
2564,0.9998553116116052,0.9996222590468478,movement
2565,0.9998553116116052,0.999616060435614,movement
2566,0.9998553116116052,0.9996098618243804,movement
2567,0.9998553116116052,0.9996027073821416,movement
2568,0.9998204163554896,0.9995955529399028,movement
2569,0.9998204163554896,0.999588398497664,movement
2570,0.9998204163554896,0.9995812440554253,movement
2571,0.9998204163554896,0.9995740896131864,movement
2572,0.9997992822051818,0.9995669351709476,movement
2573,0.9997992822051818,0.9995597807287088,movement
2574,0.9997992822051818,0.99955262628647,movement
2575,0.9997992822051818,0.9995454965272824,movement
2576,0.9997992822051818,0.9995383667680944,movement
2577,0.9997992822051818,0.9995312370089064,movement
2578,0.9997992822051818,0.9995241072497184,movement
2579,0.9997992822051818,0.999516992665122,movement
2580,0.9997992822051818,0.9995098780805258,movement
2581,0.9997992822051818,0.9995027634959296,movement
2582,0.9997992822051818,0.999495648911333,movement
2583,0.9997992822051818,0.9994885343267368,movement
2584,0.9997992822051818,0.9994814197421404,movement
2585,0.9997992822051818,0.999474305157544,movement
2586,0.9997992822051818,0.9994671905729476,movement
2587,0.9997992822051818,0.999457181846636,movement
2588,0.9997992822051818,0.9994471731203244,movement
2589,0.9997992822051818,0.9994371643940124,movement
2590,0.9997992822051818,0.9994271556677008,movement
2591,0.9997992822051818,0.9994155957066936,movement
2592,0.9997420778458096,0.9994040357456864,movement
2593,0.9997420778458096,0.9993924757846792,movement
2594,0.9997420778458096,0.999380915823672,movement
2595,0.9997420778458096,0.9993693558626648,movement
2596,0.9997066652266972,0.9993577959016576,movement
2597,0.9997066652266972,0.9993462359406506,movement
2598,0.9997066652266972,0.9993346759796432,movement
2599,0.9997066652266972,0.999323144543282,movement
2600,0.9997066652266972,0.9993116131069208,movement
2601,0.9997066652266972,0.9993000816705596,movement
2602,0.9997066652266972,0.999288550234198,movement
2603,0.9997066652266972,0.9992770416273709,movement
2604,0.9997066652266972,0.9992655330205434,movement
2605,0.9997066652266972,0.999254024413716,movement
2606,0.9997066652266972,0.9992425158068886,movement
2607,0.9997066652266972,0.9992310072000616,movement
2608,0.9997066652266972,0.999219498593234,movement
2609,0.9997066652266972,0.9992079899864068,movement
2610,0.9997066652266972,0.9991964813795796,movement
2611,0.9997066652266972,0.9991782018147312,movement
2612,0.9997066652266972,0.9991599222498834,movement
2613,0.9997066652266972,0.9991416426850354,movement
2614,0.9997066652266972,0.9991233631201872,movement
2615,0.9997066652266972,0.9991019088457944,movement
2616,0.9996177461965092,0.9990804545714016,movement
2617,0.9996177461965092,0.9990590002970092,movement
2618,0.9996177461965092,0.9990375460226164,movement
2619,0.9996177461965092,0.9990160917482236,movement
2620,0.9995591400002126,0.998994637473831,movement
2621,0.9995591400002126,0.998973183199438,movement
2622,0.9995591400002126,0.9989517289250456,movement
2623,0.9995591400002126,0.9989303028771436,movement
2624,0.9995591400002126,0.998908876829242,movement
2625,0.9995591400002126,0.99888745078134,movement
2626,0.9995591400002126,0.9988660247334384,movement
2627,0.9995591400002126,0.9988446277176164,movement
2628,0.9995591400002126,0.9988232307017948,movement
2629,0.9995591400002126,0.9988018336859728,movement
2630,0.9995591400002126,0.9987804366701512,movement
2631,0.9995591400002126,0.9987590396543296,movement
2632,0.9995591400002126,0.9987376426385076,movement
2633,0.9995591400002126,0.998716245622686,movement
2634,0.9995591400002126,0.9986948486068642,movement
2635,0.9995591400002126,0.9986612091224903,movement
2636,0.9995591400002126,0.998627569638116,movement
2637,0.9995591400002126,0.998593930153742,movement
2638,0.9995591400002126,0.9985602906693678,movement
2639,0.9995591400002126,0.9985201609524648,movement
2640,0.999411624537768,0.9984800312355618,movement
2641,0.999411624537768,0.9984399015186588,movement
2642,0.999411624537768,0.9983997718017558,movement
2643,0.999411624537768,0.9983596420848528,movement
2644,0.9993194321257736,0.9983195123679498,movement
2645,0.9993194321257736,0.9982793826510468,movement
2646,0.9993194321257736,0.998239252934144,movement
2647,0.9993194321257736,0.998199154141774,movement
2648,0.9993194321257736,0.9981590553494042,movement
2649,0.9993194321257736,0.9981189565570342,movement
2650,0.9993194321257736,0.9980788577646644,movement
2651,0.9993194321257736,0.9980387899107336,movement
2652,0.9993194321257736,0.9979987220568024,movement
2653,0.9993194321257736,0.9979586542028718,movement
2654,0.9993194321257736,0.9979185863489408,movement
2655,0.9993194321257736,0.99787851849501,movement
2656,0.9993194321257736,0.9978384506410792,movement
2657,0.9993194321257736,0.997798382787148,movement
2658,0.9993194321257736,0.9977583149332172,movement
2659,0.9993194321257736,0.997700907017553,movement
2660,0.9993194321257736,0.9976434991018884,movement
2661,0.9993194321257736,0.997586091186224,movement
2662,0.9993194321257736,0.9975286832705598,movement
2663,0.9993194321257736,0.9974596895827976,movement
2664,0.9991101606390808,0.9973906958950354,movement
2665,0.9991101606390808,0.9973217022072732,movement
2666,0.9991101606390808,0.9972527085195112,movement
2667,0.9991101606390808,0.9971837148317492,movement
2668,0.9989674919660942,0.997114721143987,movement
2669,0.9989674919660942,0.9970457274562248,movement
2670,0.9989674919660942,0.9969767337684626,movement
2671,0.9989674919660942,0.9969077796708662,movement
2672,0.9989674919660942,0.99683882557327,movement
2673,0.9989674919660942,0.9967698714756732,movement
2674,0.9989674919660942,0.9967009173780768,movement
2675,0.9989674919660942,0.9966319949075496,movement
2676,0.9989674919660942,0.9965630724370222,movement
2677,0.9989674919660942,0.9964941499664948,movement
2678,0.9989674919660942,0.9964252274959676,movement
2679,0.9989674919660942,0.9963563050254404,movement
2680,0.9989674919660942,0.9962873825549128,movement
2681,0.9989674919660942,0.9962184600843856,movement
2682,0.9989674919660942,0.9961495376138584,movement
2683,0.9989674919660942,0.996057889225306,movement
2684,0.9989674919660942,0.9959662408367536,movement
2685,0.9989674919660942,0.9958745924482012,movement
2686,0.9989674919660942,0.9957829440596488,movement
2687,0.9989674919660942,0.995673719474012,movement
2688,0.998699303341698,0.9955644948883756,movement
2689,0.998699303341698,0.9954552703027392,movement
2690,0.998699303341698,0.9953460457171024,movement
2691,0.998699303341698,0.9952368211314656,movement
2692,0.9984958140750424,0.9951275965458292,movement
2693,0.9984958140750424,0.9950183719601928,movement
2694,0.9984958140750424,0.994909147374556,movement
2695,0.9984958140750424,0.9947999959868354,movement
2696,0.9984958140750424,0.9946908445991148,movement
2697,0.9984958140750424,0.994581693211394,movement
2698,0.9984958140750424,0.9944725418236736,movement
2699,0.9984958140750424,0.9943634335028642,movement
2700,0.9984958140750424,0.9942543251820544,movement
2701,0.9984958140750424,0.994145216861245,movement
2702,0.9984958140750424,0.9940361085404354,movement
2703,0.9984958140750424,0.993927000219626,movement
2704,0.9984958140750424,0.9938178918988164,movement
2705,0.9984958140750424,0.9937087835780068,movement
2706,0.9984958140750424,0.9935996752571974,movement
2707,0.9984958140750424,0.9934633554440092,movement
2708,0.9984958140750424,0.9933270356308214,movement
2709,0.9984958140750424,0.9931907158176332,movement
2710,0.9984958140750424,0.9930543960044452,movement
2711,0.9984958140750424,0.9928952604362918,movement
2712,0.9981150728696584,0.9927361248681384,movement
2713,0.9981150728696584,0.9925769892999848,movement
2714,0.9981150728696584,0.9924178537318312,movement
2715,0.9981150728696584,0.992258718163678,movement
2716,0.9978283235681338,0.9920995825955242,movement
2717,0.9978283235681338,0.9919404470273708,movement
2718,0.9978283235681338,0.9917813114592172,movement
2719,0.9978283235681338,0.991622292208584,movement
2720,0.9978283235681338,0.9914632729579508,movement
2721,0.9978283235681338,0.9913042537073178,movement
2722,0.9978283235681338,0.9911452344566846,movement
2723,0.9978283235681338,0.9909862856532192,movement
2724,0.9978283235681338,0.9908273368497538,movement
2725,0.9978283235681338,0.990668388046288,movement
2726,0.9978283235681338,0.9905094392428228,movement
2727,0.9978283235681338,0.9903504904393572,movement
2728,0.9978283235681338,0.9901915416358916,movement
2729,0.9978283235681338,0.9900325928324264,movement
2730,0.9978283235681338,0.989873644028961,movement
2731,0.9978283235681338,0.9896894422112013,movement
2732,0.9978283235681338,0.9895052403934416,movement
2733,0.9978283235681338,0.9893210385756814,movement
2734,0.9978283235681338,0.9891368367579216,movement
2735,0.9978283235681338,0.9889271277979376,movement
2736,0.9969600810535054,0.9887174188379532,movement
2737,0.9969600810535054,0.988507709877969,movement
2738,0.9969600810535054,0.9882980009179848,movement
2739,0.9969600810535054,0.9880882919580004,movement
2740,0.9964947106448844,0.987878582998016,movement
2741,0.9964947106448844,0.9876688740380316,movement
2742,0.9964947106448844,0.9874591650780477,movement
2743,0.9964947106448844,0.9872496467992612,movement
2744,0.9964947106448844,0.9870401285204748,movement
2745,0.9964947106448844,0.9868306102416884,movement
2746,0.9964947106448844,0.986621091962902,movement
2747,0.9964947106448844,0.9864116917261792,movement
2748,0.9964947106448844,0.9862022914894568,movement
2749,0.9964947106448844,0.985992891252734,movement
2750,0.9964947106448844,0.9857834910160114,movement
2751,0.9964947106448844,0.9855740907792888,movement
2752,0.9964947106448844,0.985364690542566,movement
2753,0.9964947106448844,0.9851552903058434,movement
2754,0.9964947106448844,0.9849458900691208,movement
2755,0.9964947106448844,0.9847221263372776,movement
2756,0.9964947106448844,0.9844983626054352,movement
2757,0.9964947106448844,0.9842745988735924,movement
2758,0.9964947106448844,0.9840508351417496,movement
2759,0.9964947106448844,0.9838026517750929,movement
2760,0.9944634232386812,0.983554468408436,movement
2761,0.9944634232386812,0.9833062850417794,movement
2762,0.9944634232386812,0.9830581016751224,movement
2763,0.9944634232386812,0.9828099183084658,movement
2764,0.993511010375274,0.9825617349418088,movement
2765,0.993511010375274,0.9823135515751524,movement
2766,0.993511010375274,0.9820653682084955,movement
2767,0.993511010375274,0.981817481238606,movement
2768,0.993511010375274,0.9815695942687164,movement
2769,0.993511010375274,0.9813217072988274,movement
2770,0.993511010375274,0.981073820328938,movement
2771,0.993511010375274,0.980826128713036,movement
2772,0.993511010375274,0.980578437097134,movement
2773,0.993511010375274,0.9803307454812324,movement
2774,0.993511010375274,0.9800830538653306,movement
2775,0.993511010375274,0.9798353622494288,movement
2776,0.993511010375274,0.9795876706335273,movement
2777,0.993511010375274,0.9793399790176252,movement
2778,0.993511010375274,0.9790922874017234,movement
2779,0.993511010375274,0.978847793030932,movement
2780,0.993511010375274,0.9786032986601404,movement
2781,0.993511010375274,0.978358804289349,movement
2782,0.993511010375274,0.9781143099185576,movement
2783,0.993511010375274,0.9778540540943486,movement
2784,0.9898382698095478,0.9775937982701394,movement
2785,0.9898382698095478,0.9773335424459304,movement
2786,0.9898382698095478,0.9770732866217215,movement
2787,0.9898382698095478,0.9768130307975124,movement
2788,0.9878912000509064,0.9765527749733034,movement
2789,0.9878912000509064,0.9762925191490944,movement
2790,0.9878912000509064,0.9760322633248854,movement
2791,0.9878912000509064,0.9757724992188844,movement
2792,0.9878912000509064,0.9755127351128836,movement
2793,0.9878912000509064,0.9752529710068828,movement
2794,0.9878912000509064,0.974993206900882,movement
2795,0.9878912000509064,0.9747337501029212,movement
2796,0.9878912000509064,0.97447429330496,movement
2797,0.9878912000509064,0.9742148365069992,movement
2798,0.9878912000509064,0.9739553797090384,movement
2799,0.9878912000509064,0.9736959229110774,movement
2800,0.9878912000509064,0.9734364661131164,movement
2801,0.9878912000509064,0.9731770093151558,movement
2802,0.9878912000509064,0.9729175525171948,movement
2803,0.9878912000509064,0.972668219312836,movement
2804,0.9878912000509064,0.9724188861084776,movement
2805,0.9878912000509064,0.9721695529041192,movement
2806,0.9878912000509064,0.9719202196997604,movement
2807,0.9878912000509064,0.9716693980737496,movement
2808,0.9826891815308508,0.9714185764477384,movement
2809,0.9826891815308508,0.9711677548217278,movement
2810,0.9826891815308508,0.9709169331957168,movement
2811,0.9826891815308508,0.9706661115697058,movement
2812,0.9792134499015328,0.970415289943695,movement
2813,0.9792134499015328,0.970164468317684,movement
2814,0.9792134499015328,0.9699136466916732,movement
2815,0.9792134499015328,0.9696635226372844,movement
2816,0.9792134499015328,0.969413398582896,movement
2817,0.9792134499015328,0.9691632745285071,movement
2818,0.9792134499015328,0.9689131504741186,movement
2819,0.9792134499015328,0.968663501981973,movement
2820,0.9792134499015328,0.9684138534898278,movement
2821,0.9792134499015328,0.9681642049976826,movement
2822,0.9792134499015328,0.9679145565055371,movement
2823,0.9792134499015328,0.967664908013392,movement
2824,0.9792134499015328,0.9674152595212464,movement
2825,0.9792134499015328,0.9671656110291011,movement
2826,0.9792134499015328,0.9669159625369558,movement
2827,0.9792134499015328,0.9666763176505382,movement
2828,0.9792134499015328,0.9664366727641208,movement
2829,0.9792134499015328,0.9661970278777032,movement
2830,0.9792134499015328,0.9659573829912856,movement
2831,0.9792134499015328,0.9657284371934656,movement
2832,0.972395674493994,0.9654994913956452,movement
2833,0.972395674493994,0.9652705455978252,movement
2834,0.972395674493994,0.9650415998000048,movement
2835,0.972395674493994,0.9648126540021849,movement
2836,0.9671228153687448,0.9645837082043645,movement
2837,0.9671228153687448,0.9643547624065442,movement
2838,0.9671228153687448,0.964125816608724,movement
2839,0.9671228153687448,0.963897764772985,movement
2840,0.9671228153687448,0.963669712937246,movement
2841,0.9671228153687448,0.9634416611015072,movement
2842,0.9671228153687448,0.9632136092657684,movement
2843,0.9671228153687448,0.962986235727585,movement
2844,0.9671228153687448,0.9627588621894018,movement
2845,0.9671228153687448,0.9625314886512184,movement
2846,0.9671228153687448,0.962304115113035,movement
2847,0.9671228153687448,0.9620767415748516,movement
2848,0.9671228153687448,0.9618493680366682,movement
2849,0.9671228153687448,0.961621994498485,movement
2850,0.9671228153687448,0.9613946209603016,movement
2851,0.9671228153687448,0.9611767213367826,movement
2852,0.9671228153687448,0.9609588217132636,movement
2853,0.9671228153687448,0.9607409220897452,movement
2854,0.9671228153687448,0.960523022466226,movement
2855,0.9671228153687448,0.960319943322282,movement
2856,0.9589593676552104,0.960116864178338,movement
2857,0.9589593676552104,0.9599137850343938,movement
2858,0.9589593676552104,0.9597107058904496,movement
2859,0.9589593676552104,0.9595076267465056,movement
2860,0.952114641165546,0.9593045476025612,movement
2861,0.952114641165546,0.9591014684586172,movement
2862,0.952114641165546,0.9588983893146732,movement
2863,0.952114641165546,0.9586965793080804,movement
2864,0.952114641165546,0.9584947693014874,movement
2865,0.952114641165546,0.9582929592948948,movement
2866,0.952114641165546,0.958091149288302,movement
2867,0.952114641165546,0.9578902951127142,movement
2868,0.952114641165546,0.9576894409371264,movement
2869,0.952114641165546,0.9574885867615386,movement
2870,0.952114641165546,0.9572877325859508,movement
2871,0.952114641165546,0.9570868784103632,movement
2872,0.952114641165546,0.9568860242347752,movement
2873,0.952114641165546,0.9566851700591876,movement
2874,0.952114641165546,0.9564843158835998,movement
2875,0.952114641165546,0.9562963667206292,movement
2876,0.952114641165546,0.956108417557659,movement
2877,0.952114641165546,0.9559204683946884,movement
2878,0.952114641165546,0.955732519231718,movement
2879,0.952114641165546,0.9555540667785656,movement
2880,0.9445387368772458,0.9553756143254136,movement
2881,0.9445387368772458,0.9551971618722612,movement
2882,0.9445387368772458,0.9550187094191088,movement
2883,0.9445387368772458,0.9548402569659566,movement
2884,0.9368865942098964,0.9546618045128044,movement
2885,0.9368865942098964,0.9544833520596522,movement
2886,0.9368865942098964,0.9543048996065,movement
2887,0.9368865942098964,0.9541293412950628,movement
2888,0.9368865942098964,0.953953782983626,movement
2889,0.9368865942098964,0.9537782246721896,movement
2890,0.9368865942098964,0.9536026663607524,movement
2891,0.9368865942098964,0.9534286592840112,movement
2892,0.9368865942098964,0.9532546522072696,movement
2893,0.9368865942098964,0.9530806451305284,movement
2894,0.9368865942098964,0.9529066380537868,movement
2895,0.9368865942098964,0.9527326309770454,movement
2896,0.9368865942098964,0.952558623900304,movement
2897,0.9368865942098964,0.9523846168235623,movement
2898,0.9368865942098964,0.9522106097468211,movement
2899,0.9368865942098964,0.9520523601747926,movement
2900,0.9368865942098964,0.951894110602764,movement
2901,0.9368865942098964,0.9517358610307352,movement
2902,0.9368865942098964,0.9515776114587068,movement
2903,0.9368865942098964,0.951429655266591,movement
2904,0.9325775456738642,0.9512816990744752,movement
2905,0.9325775456738642,0.9511337428823594,movement
2906,0.9325775456738642,0.9509857866902436,movement
2907,0.9325775456738642,0.9508378304981276,movement
2908,0.9252516552296732,0.950689874306012,movement
2909,0.9252516552296732,0.950541918113896,movement
2910,0.9252516552296732,0.9503939619217804,movement
2911,0.9252516552296732,0.9502527766876852,movement
2912,0.9252516552296732,0.95011159145359,movement
2913,0.9252516552296732,0.9499704062194948,movement
2914,0.9252516552296732,0.9498292209853996,movement
2915,0.9252516552296732,0.9496912104608491,movement
2916,0.9252516552296732,0.9495531999362988,movement
2917,0.9252516552296732,0.9494151894117484,movement
2918,0.9252516552296732,0.949277178887198,movement
2919,0.9252516552296732,0.9491391683626472,movement
2920,0.9252516552296732,0.9490011578380968,movement
2921,0.9252516552296732,0.9488631473135466,movement
2922,0.9252516552296732,0.948725136788996,movement
2923,0.9252516552296732,0.948603662562792,movement
2924,0.9252516552296732,0.948482188336588,movement
2925,0.9252516552296732,0.9483607141103838,movement
2926,0.9252516552296732,0.9482392398841798,movement
2927,0.9252516552296732,0.9481327576493088,movement
2928,0.9262108287627732,0.948026275414438,movement
2929,0.9262108287627732,0.9479197931795672,movement
2930,0.9262108287627732,0.9478133109446965,movement
2931,0.9262108287627732,0.9477068287098253,movement
2932,0.9214823927375068,0.9476003464749546,movement
2933,0.9214823927375068,0.9474938642400836,movement
2934,0.9214823927375068,0.9473873820052128,movement
2935,0.9214823927375068,0.9472931422388944,movement
2936,0.9214823927375068,0.947198902472576,movement
2937,0.9214823927375068,0.9471046627062576,movement
2938,0.9214823927375068,0.9470104229399392,movement
2939,0.9214823927375068,0.9469226734061492,movement
2940,0.9214823927375068,0.9468349238723598,movement
2941,0.9214823927375068,0.94674717433857,movement
2942,0.9214823927375068,0.9466594248047806,movement
2943,0.9214823927375068,0.946571675270991,movement
2944,0.9214823927375068,0.9464839257372012,movement
2945,0.9214823927375068,0.9463961762034117,movement
2946,0.9214823927375068,0.946308426669622,movement
2947,0.9214823927375068,0.9462340716583524,movement
2948,0.9214823927375068,0.946159716647083,movement
2949,0.9214823927375068,0.9460853616358134,movement
2950,0.9214823927375068,0.9460110066245438,movement
2951,0.9214823927375068,0.9459542266733189,movement
2952,0.9245194708182088,0.9458974467220936,movement
2953,0.9245194708182088,0.9458406667708684,movement
2954,0.9245194708182088,0.9457838868196432,movement
2955,0.9245194708182088,0.945727106868418,movement
2956,0.9240729443224924,0.9456703269171932,movement
2957,0.9240729443224924,0.945613546965968,movement
2958,0.9240729443224924,0.9455567670147428,movement
2959,0.9240729443224924,0.945517327125251,movement
2960,0.9240729443224924,0.9454778872357597,movement
2961,0.9240729443224924,0.945438447346268,movement
2962,0.9240729443224924,0.9453990074567762,movement
2963,0.9240729443224924,0.9453711533393824,movement
2964,0.9240729443224924,0.9453432992219886,movement
2965,0.9240729443224924,0.9453154451045946,movement
2966,0.9240729443224924,0.9452875909872006,movement
2967,0.9240729443224924,0.9452597368698068,movement
2968,0.9240729443224924,0.9452318827524128,movement
2969,0.9240729443224924,0.9452040286350192,movement
2970,0.9240729443224924,0.9451761745176251,movement
2971,0.9240729443224924,0.94515603403258,movement
2972,0.9240729443224924,0.9451358935475348,movement
2973,0.9240729443224924,0.94511575306249,movement
2974,0.9240729443224924,0.9450956125774448,movement
2975,0.9240729443224924,0.9450890068545418,movement
2976,0.9270740260408336,0.9450824011316384,movement
2977,0.9270740260408336,0.9450757954087354,movement
2978,0.9270740260408336,0.9450691896858324,movement
2979,0.9270740260408336,0.9450625839629292,movement
2980,0.9302837526200308,0.945055978240026,movement
2981,0.9302837526200308,0.9450493725171228,movement
2982,0.9302837526200308,0.9450427667942196,movement
2983,0.9302837526200308,0.9450588869893416,movement
2984,0.9302837526200308,0.9450750071844636,movement
2985,0.9302837526200308,0.9450911273795854,movement
2986,0.9302837526200308,0.9451072475747077,movement
2987,0.9302837526200308,0.9451409439669136,movement
2988,0.9302837526200308,0.9451746403591198,movement
2989,0.9302837526200308,0.945208336751326,movement
2990,0.9302837526200308,0.945242033143532,movement
2991,0.9302837526200308,0.9452757295357382,movement
2992,0.9302837526200308,0.9453094259279442,movement
2993,0.9302837526200308,0.9453431223201504,movement
2994,0.9302837526200308,0.9453768187123566,movement
2995,0.9302837526200308,0.9454148367270592,movement
2996,0.9302837526200308,0.945452854741762,movement
2997,0.9302837526200308,0.9454908727564648,movement
2998,0.9302837526200308,0.9455288907711672,movement
2999,0.9302837526200308,0.945575741598443,movement
3000,0.9331259270193925,0.945622592425719,movement
3001,0.9331259270193925,0.9456694432529948,movement
3002,0.9331259270193925,0.9457162940802708,movement
3003,0.9331259270193925,0.9457631449075466,movement
3004,0.9375720708918064,0.9458099957348224,movement
3005,0.9375720708918064,0.9458568465620982,movement
3006,0.9375720708918064,0.9459036973893742,movement
3007,0.9375720708918064,0.9459777597090284,movement
3008,0.9375720708918064,0.9460518220286828,movement
3009,0.9375720708918064,0.9461258843483372,movement
3010,0.9375720708918064,0.9461999466679916,movement
3011,0.9375720708918064,0.9462968247426112,movement
3012,0.9375720708918064,0.9463937028172308,movement
3013,0.9375720708918064,0.9464905808918508,movement
3014,0.9375720708918064,0.9465874589664708,movement
3015,0.9375720708918064,0.9466843370410906,movement
3016,0.9375720708918064,0.9467812151157106,movement
3017,0.9375720708918064,0.9468780931903304,movement
3018,0.9375720708918064,0.94697497126495,movement
3019,0.9375720708918064,0.9470747313450496,movement
3020,0.9375720708918064,0.9471744914251492,movement
3021,0.9375720708918064,0.9472742515052488,movement
3022,0.9375720708918064,0.9473740115853484,movement
3023,0.9375720708918064,0.947478046969336,movement
3024,0.9414435746769988,0.9475820823533236,movement
3025,0.9414435746769988,0.9476861177373114,movement
3026,0.9414435746769988,0.947790153121299,movement
3027,0.9414435746769988,0.9478941885052866,movement
3028,0.9442925876224552,0.9479982238892743,movement
3029,0.9442925876224552,0.948102259273262,movement
3030,0.9442925876224552,0.9482062946572496,movement
3031,0.9442925876224552,0.9483355830555316,movement
3032,0.9442925876224552,0.9484648714538136,movement
3033,0.9442925876224552,0.9485941598520956,movement
3034,0.9442925876224552,0.9487234482503776,movement
3035,0.9442925876224552,0.948878243790884,movement
3036,0.9442925876224552,0.9490330393313906,movement
3037,0.9442925876224552,0.949187834871897,movement
3038,0.9442925876224552,0.9493426304124034,movement
3039,0.9442925876224552,0.94949742595291,movement
3040,0.9442925876224552,0.9496522214934164,movement
3041,0.9442925876224552,0.949807017033923,movement
3042,0.9442925876224552,0.9499618125744294,movement
3043,0.9442925876224552,0.9501192999414972,movement
3044,0.9442925876224552,0.9502767873085648,movement
3045,0.9442925876224552,0.9504342746756326,movement
3046,0.9442925876224552,0.9505917620427002,movement
3047,0.9442925876224552,0.9507513116436316,movement
3048,0.9490198390363144,0.9509108612445624,movement
3049,0.9490198390363144,0.9510704108454934,movement
3050,0.9490198390363144,0.9512299604464244,movement
3051,0.9490198390363144,0.9513895100473552,movement
3052,0.952107853010139,0.9515490596482864,movement
3053,0.952107853010139,0.9517086092492174,movement
3054,0.952107853010139,0.9518681588501484,movement
3055,0.952107853010139,0.9520420719461996,movement
3056,0.952107853010139,0.9522159850422508,movement
3057,0.952107853010139,0.952389898138302,movement
3058,0.952107853010139,0.9525638112343529,movement
3059,0.952107853010139,0.952762143965218,movement
3060,0.952107853010139,0.9529604766960832,movement
3061,0.952107853010139,0.953158809426948,movement
3062,0.952107853010139,0.9533571421578132,movement
3063,0.952107853010139,0.9535554748886784,movement
3064,0.952107853010139,0.9537538076195436,movement
3065,0.952107853010139,0.9539521403504084,movement
3066,0.952107853010139,0.9541504730812737,movement
3067,0.952107853010139,0.9543516281183052,movement
3068,0.952107853010139,0.9545527831553372,movement
3069,0.952107853010139,0.9547539381923686,movement
3070,0.952107853010139,0.9549550932294,movement
3071,0.952107853010139,0.9551588903523756,movement
3072,0.9570687425140508,0.9553626874753512,movement
3073,0.9570687425140508,0.9555664845983264,movement
3074,0.9570687425140508,0.9557702817213016,movement
3075,0.9570687425140508,0.9559740788442772,movement
3076,0.9615663399140136,0.9561778759672525,movement
3077,0.9615663399140136,0.9563816730902278,movement
3078,0.9615663399140136,0.9565854702132032,movement
3079,0.9615663399140136,0.956786070091068,movement
3080,0.9615663399140136,0.9569866699689332,movement
3081,0.9615663399140136,0.9571872698467984,movement
3082,0.9615663399140136,0.9573878697246634,movement
3083,0.9615663399140136,0.957604231055946,movement
3084,0.9615663399140136,0.9578205923872286,movement
3085,0.9615663399140136,0.9580369537185112,movement
3086,0.9615663399140136,0.9582533150497936,movement
3087,0.9615663399140136,0.9584696763810764,movement
3088,0.9615663399140136,0.9586860377123588,movement
3089,0.9615663399140136,0.9589023990436414,movement
3090,0.9615663399140136,0.9591187603749244,movement
3091,0.9615663399140136,0.959336228114796,movement
3092,0.9615663399140136,0.959553695854668,movement
3093,0.9615663399140136,0.9597711635945398,movement
3094,0.9615663399140136,0.9599886313344118,movement
3095,0.9615663399140136,0.9602086061975535,movement
3096,0.965584696670058,0.9604285810606954,movement
3097,0.965584696670058,0.9606485559238372,movement
3098,0.965584696670058,0.9608685307869784,movement
3099,0.965584696670058,0.9610885056501204,movement
3100,0.970857214683363,0.961308480513262,movement
3101,0.970857214683363,0.9615284553764036,movement
3102,0.970857214683363,0.9617484302395456,movement
3103,0.970857214683363,0.9619582815090848,movement
3104,0.970857214683363,0.962168132778624,movement
3105,0.970857214683363,0.9623779840481632,movement
3106,0.970857214683363,0.9625878353177028,movement
3107,0.970857214683363,0.9627991750088944,movement
3108,0.970857214683363,0.9630105147000864,movement
3109,0.970857214683363,0.9632218543912776,movement
3110,0.970857214683363,0.9634331940824696,movement
3111,0.970857214683363,0.9636445337736612,movement
3112,0.970857214683363,0.9638558734648528,movement
3113,0.970857214683363,0.9640672131560448,movement
3114,0.970857214683363,0.9642785528472364,movement
3115,0.970857214683363,0.9644884342599116,movement
3116,0.970857214683363,0.9646983156725862,movement
3117,0.970857214683363,0.9649081970852612,movement
3118,0.970857214683363,0.965118078497936,movement
3119,0.970857214683363,0.9653292401575728,movement
3120,0.973171304388021,0.9655404018172092,movement
3121,0.973171304388021,0.9657515634768457,movement
3122,0.973171304388021,0.9659627251364822,movement
3123,0.973171304388021,0.9661738867961188,movement
3124,0.9772317330305844,0.9663850484557552,movement
3125,0.9772317330305844,0.9665962101153918,movement
3126,0.9772317330305844,0.9668073717750284,movement
3127,0.9772317330305844,0.967008529828937,movement
3128,0.9772317330305844,0.9672096878828456,movement
3129,0.9772317330305844,0.9674108459367544,movement
3130,0.9772317330305844,0.9676120039906628,movement
3131,0.9772317330305844,0.9678024629559744,movement
3132,0.9772317330305844,0.967992921921286,movement
3133,0.9772317330305844,0.9681833808865972,movement
3134,0.9772317330305844,0.9683738398519088,movement
3135,0.9772317330305844,0.96856429881722,movement
3136,0.9772317330305844,0.9687547577825316,movement
3137,0.9772317330305844,0.9689452167478428,movement
3138,0.9772317330305844,0.9691356757131544,movement
3139,0.9772317330305844,0.969321290370765,movement
3140,0.9772317330305844,0.9695069050283756,movement
3141,0.9772317330305844,0.9696925196859864,movement
3142,0.9772317330305844,0.969878134343597,movement
3143,0.9772317330305844,0.9700625866292906,movement
3144,0.9785282197795514,0.970247038914984,movement
3145,0.9785282197795514,0.9704314912006778,movement
3146,0.9785282197795514,0.9706159434863716,movement
3147,0.9785282197795514,0.9708003957720652,movement
3148,0.9811780635515014,0.9709848480577588,movement
3149,0.9811780635515014,0.9711693003434524,movement
3150,0.9811780635515014,0.971353752629146,movement
3151,0.9811780635515014,0.9715287310001752,movement
3152,0.9811780635515014,0.9717037093712044,movement
3153,0.9811780635515014,0.9718786877422334,movement
3154,0.9811780635515014,0.9720536661132624,movement
3155,0.9811780635515014,0.9722138240047168,movement
3156,0.9811780635515014,0.9723739818961714,movement
3157,0.9811780635515014,0.9725341397876258,movement
3158,0.9811780635515014,0.9726942976790802,movement
3159,0.9811780635515014,0.9728544555705344,movement
3160,0.9811780635515014,0.9730146134619888,movement
3161,0.9811780635515014,0.9731747713534432,movement
3162,0.9811780635515014,0.9733349292448978,movement
3163,0.9811780635515014,0.9734849496457068,movement
3164,0.9811780635515014,0.973634970046516,movement
3165,0.9811780635515014,0.9737849904473248,movement
3166,0.9811780635515014,0.9739350108481336,movement
3167,0.9811780635515014,0.9740796922967724,movement
3168,0.982042665195413,0.974224373745411,movement
3169,0.982042665195413,0.9743690551940496,movement
3170,0.982042665195413,0.974513736642688,movement
3171,0.982042665195413,0.9746584180913268,movement
3172,0.9833252563618414,0.9748030995399654,movement
3173,0.9833252563618414,0.974947780988604,movement
3174,0.9833252563618414,0.9750924624372428,movement
3175,0.9833252563618414,0.975224238873264,movement
3176,0.9833252563618414,0.9753560153092852,movement
3177,0.9833252563618414,0.9754877917453068,movement
3178,0.9833252563618414,0.975619568181328,movement
3179,0.9833252563618414,0.9757418479075312,movement
3180,0.9833252563618414,0.975864127633734,movement
3181,0.9833252563618414,0.9759864073599372,movement
3182,0.9833252563618414,0.9761086870861404,movement
3183,0.9833252563618414,0.9762309668123436,movement
3184,0.9833252563618414,0.9763532465385466,movement
3185,0.9833252563618414,0.9764755262647498,movement
3186,0.9833252563618414,0.9765978059909528,movement
3187,0.9833252563618414,0.9767040242928944,movement
3188,0.9833252563618414,0.9768102425948356,movement
3189,0.9833252563618414,0.9769164608967766,movement
3190,0.9833252563618414,0.977022679198718,movement
3191,0.9833252563618414,0.9771189872283248,movement
3192,0.984132804330209,0.9772152952579316,movement
3193,0.984132804330209,0.977311603287538,movement
3194,0.984132804330209,0.977407911317145,movement
3195,0.984132804330209,0.9775042193467518,movement
3196,0.9847514744892024,0.9776005273763584,movement
3197,0.9847514744892024,0.9776968354059652,movement
3198,0.9847514744892024,0.977793143435572,movement
3199,0.9847514744892024,0.977873693960466,movement
3200,0.9847514744892024,0.9779542444853596,movement
3201,0.9847514744892024,0.9780347950102536,movement
3202,0.9847514744892024,0.9781153455351472,movement
3203,0.9847514744892024,0.9781856026801284,movement
3204,0.9847514744892024,0.9782558598251097,movement
3205,0.9847514744892024,0.9783261169700906,movement
3206,0.9847514744892024,0.978396374115072,movement
3207,0.9847514744892024,0.978466631260053,movement
3208,0.9847514744892024,0.978536888405034,movement
3209,0.9847514744892024,0.9786071455500152,movement
3210,0.9847514744892024,0.9786774026949964,movement
3211,0.9847514744892024,0.9787198892183046,movement
3212,0.9847514744892024,0.978762375741613,movement
3213,0.9847514744892024,0.9788048622649212,movement
3214,0.9847514744892024,0.9788473487882298,movement
3215,0.9847514744892024,0.9788728072916196,movement
3216,0.9855981663391592,0.9788982657950096,movement
3217,0.9855981663391592,0.9789237242983994,movement
3218,0.9855981663391592,0.9789491828017892,movement
3219,0.9855981663391592,0.9789746413051792,movement
3220,0.9863907921222856,0.9790000998085692,movement
3221,0.9863907921222856,0.9790255583119588,movement
3222,0.9863907921222856,0.9790510168153488,movement
3223,0.9863907921222856,0.9790599390203926,movement
3224,0.9863907921222856,0.979068861225436,movement
3225,0.9863907921222856,0.9790777834304796,movement
3226,0.9863907921222856,0.9790867056355228,movement
3227,0.9863907921222856,0.9790806358492332,movement
3228,0.9863907921222856,0.9790745660629436,movement
3229,0.9863907921222856,0.979068496276654,movement
3230,0.9863907921222856,0.979062426490364,movement
3231,0.9863907921222856,0.9790563567040748,movement
3232,0.9863907921222856,0.979050286917785,movement
3233,0.9863907921222856,0.9790442171314954,movement
3234,0.9863907921222856,0.9790381473452056,movement
3235,0.9863907921222856,0.9789942365003048,movement
3236,0.9863907921222856,0.9789503256554036,movement
3237,0.9863907921222856,0.9789064148105026,movement
3238,0.9863907921222856,0.9788625039656016,movement
3239,0.9863907921222856,0.9787921248755186,movement
3240,0.9867227146990912,0.9787217457854352,movement
3241,0.9867227146990912,0.978651366695352,movement
3242,0.9867227146990912,0.9785809876052688,movement
3243,0.9867227146990912,0.9785106085151856,movement
3244,0.9874748516800094,0.9784402294251028,movement
3245,0.9874748516800094,0.9783698503350192,movement
3246,0.9874748516800094,0.9782994712449364,movement
3247,0.9874748516800094,0.9782156976323328,movement
3248,0.9874748516800094,0.9781319240197294,movement
3249,0.9874748516800094,0.9780481504071262,movement
3250,0.9874748516800094,0.9779643767945227,movement
3251,0.9874748516800094,0.9778630281218752,movement
3252,0.9874748516800094,0.9777616794492272,movement
3253,0.9874748516800094,0.9776603307765795,movement
3254,0.9874748516800094,0.977558982103932,movement
3255,0.9874748516800094,0.9774576334312844,movement
3256,0.9874748516800094,0.9773562847586366,movement
3257,0.9874748516800094,0.9772549360859888,movement
3258,0.9874748516800094,0.9771535874133412,movement
3259,0.9874748516800094,0.9770080159051556,movement
3260,0.9874748516800094,0.9768624443969696,movement
3261,0.9874748516800094,0.9767168728887838,movement
3262,0.9874748516800094,0.9765713013805984,movement
3263,0.9874748516800094,0.9763897070056357,movement
3264,0.9870373681249692,0.9762081126306728,movement
3265,0.9870373681249692,0.97602651825571,movement
3266,0.9870373681249692,0.9758449238807472,movement
3267,0.9870373681249692,0.9756633295057846,movement
3268,0.987421442213447,0.975481735130822,movement
3269,0.987421442213447,0.975300140755859,movement
3270,0.987421442213447,0.9751185463808963,movement
3271,0.987421442213447,0.9749292383735848,movement
3272,0.987421442213447,0.9747399303662732,movement
3273,0.987421442213447,0.9745506223589616,movement
3274,0.987421442213447,0.97436131435165,movement
3275,0.987421442213447,0.9741584715821964,movement
3276,0.987421442213447,0.973955628812743,movement
3277,0.987421442213447,0.9737527860432892,movement
3278,0.987421442213447,0.973549943273836,movement
3279,0.987421442213447,0.9733471005043826,movement
3280,0.987421442213447,0.9731442577349292,movement
3281,0.987421442213447,0.9729414149654756,movement
3282,0.987421442213447,0.972738572196022,movement
3283,0.987421442213447,0.9724972694613374,movement
3284,0.987421442213447,0.9722559667266528,movement
3285,0.987421442213447,0.9720146639919685,movement
3286,0.987421442213447,0.9717733612572834,movement
3287,0.987421442213447,0.9714886889755444,movement
3288,0.9859681499032356,0.9712040166938052,movement
3289,0.9859681499032356,0.970919344412066,movement
3290,0.9859681499032356,0.970634672130327,movement
3291,0.9859681499032356,0.9703499998485876,movement
3292,0.9856194383281248,0.9700653275668486,movement
3293,0.9856194383281248,0.9697806552851096,movement
3294,0.9856194383281248,0.9694959830033704,movement
3295,0.9856194383281248,0.9692069890991346,movement
3296,0.9856194383281248,0.9689179951948989,movement
3297,0.9856194383281248,0.9686290012906632,movement
3298,0.9856194383281248,0.9683400073864272,movement
3299,0.9856194383281248,0.9680421806696186,movement
3300,0.9856194383281248,0.9677443539528096,movement
3301,0.9856194383281248,0.9674465272360008,movement
3302,0.9856194383281248,0.967148700519192,movement
3303,0.9856194383281248,0.966850873802383,movement
3304,0.9856194383281248,0.966553047085574,movement
3305,0.9856194383281248,0.9662552203687652,movement
3306,0.9856194383281248,0.9659573936519564,movement
3307,0.9856194383281248,0.9656465039640584,movement
3308,0.9856194383281248,0.9653356142761608,movement
3309,0.9856194383281248,0.9650247245882628,movement
3310,0.9856194383281248,0.9647138349003652,movement
3311,0.9856194383281248,0.9643665969567896,movement
3312,0.9825781911345108,0.9640193590132144,movement
3313,0.9825781911345108,0.9636721210696388,movement
3314,0.9825781911345108,0.9633248831260632,movement
3315,0.9825781911345108,0.962977645182488,movement
3316,0.980976505483392,0.9626304072389124,movement
3317,0.980976505483392,0.962283169295337,movement
3318,0.980976505483392,0.9619359313517616,movement
3319,0.980976505483392,0.9615858114027064,movement
3320,0.980976505483392,0.9612356914536512,movement
3321,0.980976505483392,0.960885571504596,movement
3322,0.980976505483392,0.9605354515555408,movement
3323,0.980976505483392,0.9601810563025978,movement
3324,0.980976505483392,0.9598266610496544,movement
3325,0.980976505483392,0.9594722657967112,movement
3326,0.980976505483392,0.959117870543768,movement
3327,0.980976505483392,0.9587634752908246,movement
3328,0.980976505483392,0.9584090800378816,movement
3329,0.980976505483392,0.9580546847849384,movement
3330,0.980976505483392,0.957700289531995,movement
3331,0.980976505483392,0.9573626761822364,movement
3332,0.980976505483392,0.957025062832478,movement
3333,0.980976505483392,0.9566874494827194,movement
3334,0.980976505483392,0.9563498361329608,movement
3335,0.980976505483392,0.9559947706459726,movement
3336,0.9761580782048408,0.955639705158984,movement
3337,0.9761580782048408,0.9552846396719956,movement
3338,0.9761580782048408,0.9549295741850072,movement
3339,0.9761580782048408,0.9545745086980192,movement
3340,0.9731849965044724,0.9542194432110304,movement
3341,0.9731849965044724,0.953864377724042,movement
3342,0.9731849965044724,0.9535093122370536,movement
3343,0.9731849965044724,0.953151554923504,movement
3344,0.9731849965044724,0.9527937976099544,movement
3345,0.9731849965044724,0.9524360402964048,movement
3346,0.9731849965044724,0.952078282982855,movement
3347,0.9731849965044724,0.951718463435442,movement
3348,0.9731849965044724,0.9513586438880292,movement
3349,0.9731849965044724,0.950998824340616,movement
3350,0.9731849965044724,0.9506390047932032,movement
3351,0.9731849965044724,0.9502791852457904,movement
3352,0.9731849965044724,0.9499193656983774,movement
3353,0.9731849965044724,0.9495595461509644,movement
3354,0.9731849965044724,0.9491997266035516,movement
3355,0.9731849965044724,0.9488802839087852,movement
3356,0.9731849965044724,0.9485608412140188,movement
3357,0.9731849965044724,0.9482413985192524,movement
3358,0.9731849965044724,0.947921955824486,movement
3359,0.9731849965044724,0.9476148467184508,movement
3360,0.9648538100026494,0.9473077376124156,movement
3361,0.9648538100026494,0.9470006285063802,movement
3362,0.9648538100026494,0.946693519400345,movement
3363,0.9648538100026494,0.9463864102943096,movement
3364,0.9597454040271096,0.9460793011882742,movement
3365,0.9597454040271096,0.945772192082239,movement
3366,0.9597454040271096,0.9454650829762036,movement
3367,0.9597454040271096,0.945155151564002,movement
3368,0.9597454040271096,0.9448452201518,movement
3369,0.9597454040271096,0.9445352887395982,movement
3370,0.9597454040271096,0.9442253573273964,movement
3371,0.9597454040271096,0.943912783829251,movement
3372,0.9597454040271096,0.9436002103311052,movement
3373,0.9597454040271096,0.9432876368329598,movement
3374,0.9597454040271096,0.9429750633348144,movement
3375,0.9597454040271096,0.9426624898366686,movement
3376,0.9597454040271096,0.942349916338523,movement
3377,0.9597454040271096,0.9420373428403775,movement
3378,0.9597454040271096,0.941724769342232,movement
3379,0.9597454040271096,0.941460853818077,movement
3380,0.9597454040271096,0.941196938293922,movement
3381,0.9597454040271096,0.940933022769767,movement
3382,0.9597454040271096,0.9406691072456124,movement
3383,0.9597454040271096,0.940445631038564,movement
3384,0.9483930864437224,0.9402221548315156,movement
3385,0.9483930864437224,0.9399986786244672,movement
3386,0.9483930864437224,0.939775202417419,movement
3387,0.9483930864437224,0.9395517262103708,movement
3388,0.9404526128890552,0.9393282500033224,movement
3389,0.9404526128890552,0.9391047737962742,movement
3390,0.9404526128890552,0.9388812975892258,movement
3391,0.9404526128890552,0.9386567149735884,movement
3392,0.9404526128890552,0.9384321323579504,movement
3393,0.9404526128890552,0.938207549742313,movement
3394,0.9404526128890552,0.9379829671266754,movement
3395,0.9404526128890552,0.937755877387768,movement
3396,0.9404526128890552,0.9375287876488606,movement
3397,0.9404526128890552,0.937301697909953,movement
3398,0.9404526128890552,0.9370746081710458,movement
3399,0.9404526128890552,0.9368475184321384,movement
3400,0.9404526128890552,0.936620428693231,movement
3401,0.9404526128890552,0.9363933389543236,movement
3402,0.9404526128890552,0.9361662492154162,movement
3403,0.9404526128890552,0.9359829742860974,movement
3404,0.9404526128890552,0.9357996993567784,movement
3405,0.9404526128890552,0.9356164244274592,movement
3406,0.9404526128890552,0.9354331494981402,movement
3407,0.9404526128890552,0.9353000885529952,movement
3408,0.9271857622276432,0.93516702760785,movement
3409,0.9271857622276432,0.9350339666627052,movement
3410,0.9271857622276432,0.93490090571756,movement
3411,0.9271857622276432,0.9347678447724148,movement
3412,0.9163789021945404,0.93463478382727,movement
3413,0.9163789021945404,0.934501722882125,movement
3414,0.9163789021945404,0.9343686619369798,movement
3415,0.9163789021945404,0.9342370592703516,movement
3416,0.9163789021945404,0.9341054566037236,movement
3417,0.9163789021945404,0.9339738539370952,movement
3418,0.9163789021945404,0.933842251270467,movement
3419,0.9163789021945404,0.933709368356877,movement
3420,0.9163789021945404,0.9335764854432872,movement
3421,0.9163789021945404,0.9334436025296976,movement
3422,0.9163789021945404,0.9333107196161076,movement
3423,0.9163789021945404,0.9331778367025176,movement
3424,0.9163789021945404,0.9330449537889282,movement
3425,0.9163789021945404,0.932912070875338,movement
3426,0.9163789021945404,0.9327791879617484,movement
3427,0.9163789021945404,0.9326771110173828,movement
3428,0.9163789021945404,0.9325750340730172,movement
3429,0.9163789021945404,0.9324729571286514,movement
3430,0.9163789021945404,0.932370880184286,movement
3431,0.9163789021945404,0.9323143189262932,movement
3432,0.9048409126251956,0.9322577576683008,movement
3433,0.9048409126251956,0.9322011964103084,movement
3434,0.9048409126251956,0.9321446351523156,movement
3435,0.9048409126251956,0.9320880738943232,movement
3436,0.8918300485088355,0.9320315126363306,movement
3437,0.8918300485088355,0.9319749513783384,movement
3438,0.8918300485088355,0.9319183901203456,movement
3439,0.8918300485088355,0.9318666731700538,movement
3440,0.8918300485088355,0.9318149562197622,movement
3441,0.8918300485088355,0.9317632392694702,movement
3442,0.8918300485088355,0.9317115223191784,movement
3443,0.8918300485088355,0.9316609677408038,movement
3444,0.8918300485088355,0.931610413162429,movement
3445,0.8918300485088355,0.931559858584054,movement
3446,0.8918300485088355,0.9315093040056792,movement
3447,0.8918300485088355,0.9314587494273048,movement
3448,0.8918300485088355,0.93140819484893,movement
3449,0.8918300485088355,0.9313576402705552,movement
3450,0.8918300485088355,0.9313070856921803,movement
3451,0.8918300485088355,0.9312743946125503,movement
3452,0.8918300485088355,0.9312417035329208,movement
3453,0.8918300485088355,0.9312090124532908,movement
3454,0.8918300485088355,0.9311763213736614,movement
3455,0.8918300485088355,0.9311756646483682,movement
3456,0.887911157182165,0.931175007923075,movement
3457,0.887911157182165,0.9311743511977818,movement
3458,0.887911157182165,0.9311736944724888,movement
3459,0.887911157182165,0.9311730377471956,movement
3460,0.8770066804788668,0.9311723810219026,movement
3461,0.8770066804788668,0.9311717242966094,movement
3462,0.8770066804788668,0.9311710675713162,movement
3463,0.8770066804788668,0.9311805483366686,movement
3464,0.8770066804788668,0.9311900291020208,movement
3465,0.8770066804788668,0.9311995098673732,movement
3466,0.8770066804788668,0.9312089906327252,movement
3467,0.8770066804788668,0.931223810350248,movement
3468,0.8770066804788668,0.9312386300677707,movement
3469,0.8770066804788668,0.9312534497852932,movement
3470,0.8770066804788668,0.9312682695028162,movement
3471,0.8770066804788668,0.9312830892203388,movement
3472,0.8770066804788668,0.9312979089378616,movement
3473,0.8770066804788668,0.931312728655384,movement
3474,0.8770066804788668,0.9313275483729068,movement
3475,0.8770066804788668,0.9313510142812648,movement
3476,0.8770066804788668,0.9313744801896228,movement
3477,0.8770066804788668,0.9313979460979804,movement
3478,0.8770066804788668,0.9314214120063388,movement
3479,0.8770066804788668,0.931463553393302,movement
3480,0.8820412514342892,0.9315056947802652,movement
3481,0.8820412514342892,0.9315478361672284,movement
3482,0.8820412514342892,0.9315899775541916,movement
3483,0.8820412514342892,0.9316321189411548,movement
3484,0.8768056102653184,0.931674260328118,movement
3485,0.8768056102653184,0.931716401715081,movement
3486,0.8768056102653184,0.9317585431020442,movement
3487,0.8768056102653184,0.9318167459132694,movement
3488,0.8768056102653184,0.9318749487244944,movement
3489,0.8768056102653184,0.9319331515357197,movement
3490,0.8768056102653184,0.9319913543469444,movement
3491,0.8768056102653184,0.932059467430504,movement
3492,0.8768056102653184,0.9321275805140636,movement
3493,0.8768056102653184,0.9321956935976232,movement
3494,0.8768056102653184,0.9322638066811828,movement
3495,0.8768056102653184,0.9323319197647424,movement
3496,0.8768056102653184,0.932400032848302,movement
3497,0.8768056102653184,0.9324681459318616,movement
3498,0.8768056102653184,0.9325362590154213,movement
3499,0.8768056102653184,0.932607878041725,movement
3500,0.8768056102653184,0.9326794970680288,movement
3501,0.8768056102653184,0.9327511160943328,movement
3502,0.8768056102653184,0.9328227351206366,movement
3503,0.8768056102653184,0.9329023546136116,movement
3504,0.8889186660592916,0.9329819741065868,movement
3505,0.8889186660592916,0.9330615935995618,movement
3506,0.8889186660592916,0.9331412130925366,movement
3507,0.8889186660592916,0.9332208325855116,movement
3508,0.892618742678616,0.9333004520784868,movement
3509,0.892618742678616,0.9333800715714616,movement
3510,0.892618742678616,0.9334596910644368,movement
3511,0.892618742678616,0.9335670811790844,movement
3512,0.892618742678616,0.9336744712937324,movement
3513,0.892618742678616,0.9337818614083802,movement
3514,0.892618742678616,0.9338892515230278,movement
3515,0.892618742678616,0.934013669657594,movement
3516,0.892618742678616,0.9341380877921602,movement
3517,0.892618742678616,0.9342625059267264,movement
3518,0.892618742678616,0.9343869240612928,movement
3519,0.892618742678616,0.9345113421958589,movement
3520,0.892618742678616,0.9346357603304252,movement
3521,0.892618742678616,0.9347601784649914,movement
3522,0.892618742678616,0.9348845965995576,movement
3523,0.892618742678616,0.9350104783949456,movement
3524,0.892618742678616,0.9351363601903336,movement
3525,0.892618742678616,0.935262241985722,movement
3526,0.892618742678616,0.9353881237811102,movement
3527,0.892618742678616,0.9355171259270576,movement
3528,0.907216134875802,0.9356461280730046,movement
3529,0.907216134875802,0.935775130218952,movement
3530,0.907216134875802,0.9359041323648992,movement
3531,0.907216134875802,0.936033134510846,movement
3532,0.9193479300077984,0.9361621366567932,movement
3533,0.9193479300077984,0.9362911388027406,movement
3534,0.9193479300077984,0.9364201409486876,movement
3535,0.9193479300077984,0.936586984153246,movement
3536,0.9193479300077984,0.9367538273578044,movement
3537,0.9193479300077984,0.9369206705623632,movement
3538,0.9193479300077984,0.9370875137669216,movement
3539,0.9193479300077984,0.9372808252166622,movement
3540,0.9193479300077984,0.937474136666403,movement
3541,0.9193479300077984,0.9376674481161436,movement
3542,0.9193479300077984,0.9378607595658844,movement
3543,0.9193479300077984,0.9380540710156252,movement
3544,0.9193479300077984,0.938247382465366,movement
3545,0.9193479300077984,0.9384406939151064,movement
3546,0.9193479300077984,0.9386340053648472,movement
3547,0.9193479300077984,0.938828019582694,movement
3548,0.9193479300077984,0.9390220338005406,movement
3549,0.9193479300077984,0.9392160480183872,movement
3550,0.9193479300077984,0.939410062236234,movement
3551,0.9193479300077984,0.9396052502585056,movement
3552,0.9324923728842964,0.9398004382807772,movement
3553,0.9324923728842964,0.939995626303049,movement
3554,0.9324923728842964,0.9401908143253206,movement
3555,0.9324923728842964,0.9403860023475922,movement
3556,0.9475565681364996,0.9405811903698638,movement
3557,0.9475565681364996,0.9407763783921356,movement
3558,0.9475565681364996,0.9409715664144072,movement
3559,0.9475565681364996,0.9412109772722168,movement
3560,0.9475565681364996,0.9414503881300266,movement
3561,0.9475565681364996,0.9416897989878362,movement
3562,0.9475565681364996,0.9419292098456458,movement
3563,0.9475565681364996,0.9422046435702326,movement
3564,0.9475565681364996,0.9424800772948192,movement
3565,0.9475565681364996,0.942755511019406,movement
3566,0.9475565681364996,0.9430309447439924,movement
3567,0.9475565681364996,0.9433063784685792,movement
3568,0.9475565681364996,0.943581812193166,movement
3569,0.9475565681364996,0.9438572459177526,movement
3570,0.9475565681364996,0.9441326796423392,movement
3571,0.9475565681364996,0.9444085179152656,movement
3572,0.9475565681364996,0.944684356188192,movement
3573,0.9475565681364996,0.9449601944611182,movement
3574,0.9475565681364996,0.9452360327340446,movement
3575,0.9475565681364996,0.9455124865712036,movement
3576,0.9567983589037514,0.9457889404083624,movement
3577,0.9567983589037514,0.9460653942455214,movement
3578,0.9567983589037514,0.9463418480826802,movement
3579,0.9567983589037514,0.9466183019198392,movement
3580,0.9704530648156946,0.9468947557569982,movement
3581,0.9704530648156946,0.9471712095941572,movement
3582,0.9704530648156946,0.9474476634313164,movement
3583,0.9704530648156946,0.9477625772337064,movement
3584,0.9704530648156946,0.9480774910360966,movement
3585,0.9704530648156946,0.9483924048384866,movement
3586,0.9704530648156946,0.9487073186408768,movement
3587,0.9704530648156946,0.9490656019903216,movement
3588,0.9704530648156946,0.949423885339766,movement
3589,0.9704530648156946,0.949782168689211,movement
3590,0.9704530648156946,0.9501404520386556,movement
3591,0.9704530648156946,0.9504987353881004,movement
3592,0.9704530648156946,0.9508570187375448,movement
3593,0.9704530648156946,0.9512153020869896,movement
3594,0.9704530648156946,0.951573585436434,movement
3595,0.9704530648156946,0.9519320777378132,movement
3596,0.9704530648156946,0.952290570039192,movement
3597,0.9704530648156946,0.9526490623405708,movement
3598,0.9704530648156946,0.95300755464195,movement
3599,0.9704530648156946,0.9533664635293568,movement
3600,0.9758121144391902,0.953725372416764,movement
3601,0.9758121144391902,0.954084281304171,movement
3602,0.9758121144391902,0.954443190191578,movement
3603,0.9758121144391902,0.9548020990789852,movement
3604,0.9854224207401916,0.955161007966392,movement
3605,0.9854224207401916,0.955519916853799,movement
3606,0.9854224207401916,0.955878825741206,movement
3607,0.9854224207401916,0.956250797599702,movement
3608,0.9854224207401916,0.956622769458198,movement
3609,0.9854224207401916,0.956994741316694,movement
3610,0.9854224207401916,0.9573667131751898,movement
3611,0.9854224207401916,0.9577750332893636,movement
3612,0.9854224207401916,0.9581833534035372,movement
3613,0.9854224207401916,0.9585916735177106,movement
3614,0.9854224207401916,0.9589999936318844,movement
3615,0.9854224207401916,0.9594083137460578,movement
3616,0.9854224207401916,0.9598166338602312,movement
3617,0.9854224207401916,0.960224953974405,movement
3618,0.9854224207401916,0.9606332740885788,movement
3619,0.9854224207401916,0.9610416749444988,movement
3620,0.9854224207401916,0.9614500758004186,movement
3621,0.9854224207401916,0.9618584766563384,movement
3622,0.9854224207401916,0.9622668775122584,movement
3623,0.9854224207401916,0.9626754955361988,movement
3624,0.9880162779907902,0.9630841135601396,movement
3625,0.9880162779907902,0.9634927315840804,movement
3626,0.9880162779907902,0.9639013496080208,movement
3627,0.9880162779907902,0.9643099676319616,movement
3628,0.9936189215723512,0.9647185856559024,movement
3629,0.9936189215723512,0.9651272036798432,movement
3630,0.9936189215723512,0.9655358217037836,movement
3631,0.9936189215723512,0.9659276578245396,movement
3632,0.9936189215723512,0.9663194939452956,movement
3633,0.9936189215723512,0.9667113300660516,movement
3634,0.9936189215723512,0.9671031661868074,movement
3635,0.9936189215723512,0.9675124544447932,movement
3636,0.9936189215723512,0.9679217427027792,movement
3637,0.9936189215723512,0.9683310309607652,movement
3638,0.9936189215723512,0.9687403192187508,movement
3639,0.9936189215723512,0.9691496074767366,movement
3640,0.9936189215723512,0.9695588957347224,movement
3641,0.9936189215723512,0.9699681839927085,movement
3642,0.9936189215723512,0.9703774722506942,movement
3643,0.9936189215723512,0.9707868058158124,movement
3644,0.9936189215723512,0.9711961393809302,movement
3645,0.9936189215723512,0.9716054729460482,movement
3646,0.9936189215723512,0.9720148065111662,movement
3647,0.9936189215723512,0.9724242279761428,movement
3648,0.9946707043956372,0.9728336494411196,movement
3649,0.9946707043956372,0.9732430709060962,movement
3650,0.9946707043956372,0.9736524923710728,movement
3651,0.9946707043956372,0.9740619138360496,movement
3652,0.9970708443969748,0.974471335301026,movement
3653,0.9970708443969748,0.9748807567660028,movement
3654,0.9970708443969748,0.9752901782309794,movement
3655,0.9970708443969748,0.9756592228433096,movement
3656,0.9970708443969748,0.9760282674556396,movement
3657,0.9970708443969748,0.9763973120679696,movement
3658,0.9970708443969748,0.9767663566802998,movement
3659,0.9970708443969748,0.9771230677038988,movement
3660,0.9970708443969748,0.9774797787274978,movement
3661,0.9970708443969748,0.9778364897510968,movement
3662,0.9970708443969748,0.9781932007746956,movement
3663,0.9970708443969748,0.9785499117982946,movement
3664,0.9970708443969748,0.978906622821894,movement
3665,0.9970708443969748,0.9792633338454928,movement
3666,0.9970708443969748,0.9796200448690918,movement
3667,0.9970708443969748,0.9799768037000494,movement
3668,0.9970708443969748,0.9803335625310068,movement
3669,0.9970708443969748,0.9806903213619644,movement
3670,0.9970708443969748,0.981047080192922,movement
3671,0.9970708443969748,0.9814038644821178,movement
3672,0.9975099426435636,0.9817606487713136,movement
3673,0.9975099426435636,0.9821174330605092,movement
3674,0.9975099426435636,0.9824742173497052,movement
3675,0.9975099426435636,0.9828310016389012,movement
3676,0.9984460478112648,0.983187785928097,movement
3677,0.9984460478112648,0.9835445702172928,movement
3678,0.9984460478112648,0.9839013545064884,movement
3679,0.9984460478112648,0.9842094808216936,movement
3680,0.9984460478112648,0.9845176071368988,movement
3681,0.9984460478112648,0.984825733452104,movement
3682,0.9984460478112648,0.9851338597673092,movement
3683,0.9984460478112648,0.9854015467654076,movement
3684,0.9984460478112648,0.9856692337635063,movement
3685,0.9984460478112648,0.9859369207616048,movement
3686,0.9984460478112648,0.9862046077597034,movement
3687,0.9984460478112648,0.986472294757802,movement
3688,0.9984460478112648,0.9867399817559006,movement
3689,0.9984460478112648,0.9870076687539991,movement
3690,0.9984460478112648,0.9872753557520976,movement
3691,0.9984460478112648,0.9875430779481786,movement
3692,0.9984460478112648,0.9878108001442596,movement
3693,0.9984460478112648,0.9880785223403404,movement
3694,0.9984460478112648,0.9883462445364214,movement
3695,0.9984460478112648,0.9886139968221594,movement
3696,0.9986568782430704,0.9888817491078976,movement
3697,0.9986568782430704,0.9891495013936358,movement
3698,0.9986568782430704,0.9894172536793736,movement
3699,0.9986568782430704,0.989685005965112,movement
3700,0.9990090195705448,0.9899527582508498,movement
3701,0.9990090195705448,0.9902205105365878,movement
3702,0.9990090195705448,0.990488262822326,movement
3703,0.9990090195705448,0.9907122002984756,movement
3704,0.9990090195705448,0.9909361377746252,movement
3705,0.9990090195705448,0.991160075250775,movement
3706,0.9990090195705448,0.9913840127269248,movement
3707,0.9990090195705448,0.9915577362189004,movement
3708,0.9990090195705448,0.9917314597108764,movement
3709,0.9990090195705448,0.991905183202852,movement
3710,0.9990090195705448,0.9920789066948276,movement
3711,0.9990090195705448,0.9922526301868034,movement
3712,0.9990090195705448,0.992426353678779,movement
3713,0.9990090195705448,0.9926000771707546,movement
3714,0.9990090195705448,0.9927738006627306,movement
3715,0.9990090195705448,0.9929475139083443,movement
3716,0.9990090195705448,0.9931212271539585,movement
3717,0.9990090195705448,0.9932949403995728,movement
3718,0.9990090195705448,0.9934686536451868,movement
3719,0.9990090195705448,0.993642405819526,movement
3720,0.9991303840724258,0.9938161579938656,movement
3721,0.9991303840724258,0.9939899101682048,movement
3722,0.9991303840724258,0.9941636623425442,movement
3723,0.9991303840724258,0.9943374145168834,movement
3724,0.999315053342236,0.9945111666912227,movement
3725,0.999315053342236,0.994684918865562,movement
3726,0.999315053342236,0.9948586710399016,movement
3727,0.999315053342236,0.9950016172450166,movement
3728,0.999315053342236,0.995144563450132,movement
3729,0.999315053342236,0.9952875096552468,movement
3730,0.999315053342236,0.9954304558603622,movement
3731,0.999315053342236,0.9955278863791042,movement
3732,0.999315053342236,0.995625316897846,movement
3733,0.999315053342236,0.9957227474165882,movement
3734,0.999315053342236,0.9958201779353302,movement
3735,0.999315053342236,0.9959176084540722,movement
3736,0.999315053342236,0.9960150389728142,movement
3737,0.999315053342236,0.9961124694915562,movement
3738,0.999315053342236,0.9962099000102982,movement
3739,0.999315053342236,0.9963072932331636,movement
3740,0.999315053342236,0.9964046864560288,movement
3741,0.999315053342236,0.996502079678894,movement
3742,0.999315053342236,0.9965994729017594,movement
3743,0.999315053342236,0.996696875277388,movement
3744,0.9993777389225128,0.9967942776530168,movement
3745,0.9993777389225128,0.9968916800286453,movement
3746,0.9993777389225128,0.996989082404274,movement
3747,0.9993777389225128,0.9970864847799024,movement
3748,0.9995027147309454,0.9971838871555312,movement
3749,0.9995027147309454,0.99728128953116,movement
3750,0.9995027147309454,0.9973786919067884,movement
3751,0.9995027147309454,0.997458230783672,movement
3752,0.9995027147309454,0.997537769660556,movement
3753,0.9995027147309454,0.9976173085374396,movement
3754,0.9995027147309454,0.9976968474143232,movement
3755,0.9995027147309454,0.99774435193687,movement
3756,0.9995027147309454,0.997791856459417,movement
3757,0.9995027147309454,0.997839360981964,movement
3758,0.9995027147309454,0.9978868655045108,movement
3759,0.9995027147309454,0.997934370027058,movement
3760,0.9995027147309454,0.997981874549605,movement
3761,0.9995027147309454,0.998029379072152,movement
3762,0.9995027147309454,0.998076883594699,movement
3763,0.9995027147309454,0.9981243055579632,movement
3764,0.9995027147309454,0.9981717275212276,movement
3765,0.9995027147309454,0.9982191494844922,movement
3766,0.9995027147309454,0.9982665714477568,movement
3767,0.9995027147309454,0.9983139477851236,movement
3768,0.9995269372548408,0.9983613241224912,movement
3769,0.9995269372548408,0.9984087004598584,movement
3770,0.9995269372548408,0.9984560767972256,movement
3771,0.9995269372548408,0.9985034531345928,movement
3772,0.9995920876610712,0.99855082947196,movement
3773,0.9995920876610712,0.9985982058093276,movement
3774,0.9995920876610712,0.9986455821466946,movement
3775,0.9995920876610712,0.9986843122932264,movement
3776,0.9995920876610712,0.9987230424397584,movement
3777,0.9995920876610712,0.9987617725862904,movement
3778,0.9995920876610712,0.9988005027328222,movement
3779,0.9995920876610712,0.998820557400749,movement
3780,0.9995920876610712,0.998840612068676,movement
3781,0.9995920876610712,0.9988606667366026,movement
3782,0.9995920876610712,0.9988807214045292,movement
3783,0.9995920876610712,0.998900776072456,movement
3784,0.9995920876610712,0.9989208307403826,movement
3785,0.9995920876610712,0.9989408854083094,movement
3786,0.9995920876610712,0.998960940076236,movement
3787,0.9995920876610712,0.9989809654034858,movement
3788,0.9995920876610712,0.9990009907307356,movement
3789,0.9995920876610712,0.9990210160579854,movement
3790,0.9995920876610712,0.9990410413852352,movement
3791,0.9995920876610712,0.9990609997902652,movement
3792,0.999605679800712,0.9990809581952952,movement
3793,0.999605679800712,0.9991009166003252,movement
3794,0.999605679800712,0.9991208750053552,movement
3795,0.999605679800712,0.9991408334103852,movement
3796,0.9996320497583168,0.9991607918154152,movement
3797,0.9996320497583168,0.9991807502204452,movement
3798,0.9996320497583168,0.999200708625475,movement
3799,0.9996320497583168,0.9992171610877608,movement
3800,0.9996320497583168,0.9992336135500466,movement
3801,0.9996320497583168,0.999250066012332,movement
3802,0.9996320497583168,0.999266518474618,movement
3803,0.9996320497583168,0.9992749704702324,movement
3804,0.9996320497583168,0.9992834224658472,movement
3805,0.9996320497583168,0.9992918744614616,movement
3806,0.9996320497583168,0.9993003264570762,movement
3807,0.9996320497583168,0.9993087784526908,movement
3808,0.9996320497583168,0.9993172304483054,movement
3809,0.9996320497583168,0.99932568244392,movement
3810,0.9996320497583168,0.9993341344395346,movement
3811,0.9996320497583168,0.9993426203560736,movement
3812,0.9996320497583168,0.9993511062726126,movement
3813,0.9996320497583168,0.9993595921891516,movement
3814,0.9996320497583168,0.9993680781056904,movement
3815,0.9996320497583168,0.9993765293332062,movement
3816,0.999646391965878,0.9993849805607216,movement
3817,0.999646391965878,0.9993934317882374,movement
3818,0.999646391965878,0.999401883015753,movement
3819,0.999646391965878,0.9994103342432686,movement
3820,0.99965402943736,0.999418785470784,movement
3821,0.99965402943736,0.9994272366982998,movement
3822,0.99965402943736,0.9994356879258154,movement
3823,0.99965402943736,0.9994426754925092,movement
3824,0.99965402943736,0.9994496630592028,movement
3825,0.99965402943736,0.9994566506258964,movement
3826,0.99965402943736,0.99946363819259,movement
3827,0.99965402943736,0.9994675054087244,movement
3828,0.99965402943736,0.9994713726248592,movement
3829,0.99965402943736,0.9994752398409936,movement
3830,0.99965402943736,0.9994791070571284,movement
3831,0.99965402943736,0.999482974273263,movement
3832,0.99965402943736,0.9994868414893976,movement
3833,0.99965402943736,0.999490708705532,movement
3834,0.99965402943736,0.9994945759216668,movement
3835,0.99965402943736,0.9994985026342428,movement
3836,0.99965402943736,0.9995024293468184,movement
3837,0.99965402943736,0.9995063560593942,movement
3838,0.99965402943736,0.99951028277197,movement
3839,0.99965402943736,0.9995142076386796,movement
3840,0.9996645888320936,0.9995181325053892,movement
3841,0.9996645888320936,0.9995220573720992,movement
3842,0.9996645888320936,0.999525982238809,movement
3843,0.9996645888320936,0.9995299071055188,movement
3844,0.999673615729212,0.9995338319722284,movement
3845,0.999673615729212,0.999537756838938,movement
3846,0.999673615729212,0.9995416817056478,movement
3847,0.999673615729212,0.9995449038042516,movement
3848,0.999673615729212,0.9995481259028556,movement
3849,0.999673615729212,0.9995513480014592,movement
3850,0.999673615729212,0.9995545701000628,movement
3851,0.999673615729212,0.9995566183942416,movement
3852,0.999673615729212,0.9995586666884204,movement
3853,0.999673615729212,0.9995607149825992,movement
3854,0.999673615729212,0.999562763276778,movement
3855,0.999673615729212,0.9995648115709568,movement
3856,0.999673615729212,0.9995668598651356,movement
3857,0.999673615729212,0.9995689081593142,movement
3858,0.999673615729212,0.9995709564534933,movement
3859,0.999673615729212,0.9995730041045454,movement
3860,0.999673615729212,0.9995750517555974,movement
3861,0.999673615729212,0.9995770994066494,movement
3862,0.999673615729212,0.9995791470577016,movement
3863,0.999673615729212,0.9995812558556748,movement
3864,0.999670541820724,0.9995833646536486,movement
3865,0.999670541820724,0.999585473451622,movement
3866,0.999670541820724,0.9995875822495957,movement
3867,0.999670541820724,0.9995896910475692,movement
3868,0.9996822204383,0.9995917998455426,movement
3869,0.9996822204383,0.9995939086435162,movement
3870,0.9996822204383,0.9995960174414896,movement
3871,0.9996822204383,0.9995977216911236,movement
3872,0.9996822204383,0.9995994259407572,movement
3873,0.9996822204383,0.9996011301903912,movement
3874,0.9996822204383,0.9996028344400252,movement
3875,0.9996822204383,0.9996039231254265,movement
3876,0.9996822204383,0.9996050118108276,movement
3877,0.9996822204383,0.999606100496229,movement
3878,0.9996822204383,0.99960718918163,movement
3879,0.9996822204383,0.9996082778670312,movement
3880,0.9996822204383,0.9996093665524326,movement
3881,0.9996822204383,0.9996104552378337,movement
3882,0.9996822204383,0.9996115439232348,movement
3883,0.9996822204383,0.9996124727654808,movement
3884,0.9996822204383,0.9996134016077268,movement
3885,0.9996822204383,0.9996143304499728,movement
3886,0.9996822204383,0.9996152592922188,movement
3887,0.9996822204383,0.9996161901303656,movement
3888,0.9996710316752828,0.9996171209685124,movement
3889,0.9996710316752828,0.9996180518066594,movement
3890,0.9996710316752828,0.9996189826448062,movement
3891,0.9996710316752828,0.9996199134829532,movement
3892,0.9996737775042844,0.9996208443211,movement
3893,0.9996737775042844,0.999621775159247,movement
3894,0.9996737775042844,0.999622705997394,movement
3895,0.9996737775042844,0.9996234278836064,movement
3896,0.9996737775042844,0.9996241497698192,movement
3897,0.9996737775042844,0.9996248716560318,movement
3898,0.9996737775042844,0.9996255935422442,movement
3899,0.9996737775042844,0.9996258988424288,movement
3900,0.9996737775042844,0.9996262041426132,movement
3901,0.9996737775042844,0.999626509442798,movement
3902,0.9996737775042844,0.9996268147429824,movement
3903,0.9996737775042844,0.9996271200431668,movement
3904,0.9996737775042844,0.9996274253433513,movement
3905,0.9996737775042844,0.999627730643536,movement
3906,0.9996737775042844,0.9996280359437204,movement
3907,0.9996737775042844,0.9996279310623924,movement
3908,0.9996737775042844,0.9996278261810644,movement
3909,0.9996737775042844,0.9996277212997362,movement
3910,0.9996737775042844,0.9996276164184084,movement
3911,0.9996737775042844,0.9996273564753004,movement
3912,0.9996490097195198,0.999627096532193,movement
3913,0.9996490097195198,0.9996268365890856,movement
3914,0.9996490097195198,0.9996265766459778,movement
3915,0.9996490097195198,0.99962631670287,movement
3916,0.9996353219503686,0.9996260567597628,movement
3917,0.9996353219503686,0.9996257968166548,movement
3918,0.9996353219503686,0.9996255368735472,movement
3919,0.9996353219503686,0.9996251961886936,movement
3920,0.9996353219503686,0.9996248555038394,movement
3921,0.9996353219503686,0.9996245148189856,movement
3922,0.9996353219503686,0.9996241741341318,movement
3923,0.9996353219503686,0.999623616281257,movement
3924,0.9996353219503686,0.9996230584283824,movement
3925,0.9996353219503686,0.9996225005755076,movement
3926,0.9996353219503686,0.9996219427226328,movement
3927,0.9996353219503686,0.9996213848697584,movement
3928,0.9996353219503686,0.9996208270168836,movement
3929,0.9996353219503686,0.9996202691640088,movement
3930,0.9996353219503686,0.9996197113111344,movement
3931,0.9996353219503686,0.9996185916522718,movement
3932,0.9996353219503686,0.9996174719934094,movement
3933,0.9996353219503686,0.9996163523345472,movement
3934,0.9996353219503686,0.9996152326756852,movement
3935,0.9996353219503686,0.9996137469607304,movement
3936,0.9996265197472838,0.9996122612457754,movement
3937,0.9996265197472838,0.9996107755308206,movement
3938,0.9996265197472838,0.999609289815866,movement
3939,0.9996265197472838,0.9996078041009112,movement
3940,0.9996064430813476,0.9996063183859564,movement
3941,0.9996064430813476,0.9996048326710016,movement
3942,0.9996064430813476,0.9996033469560468,movement
3943,0.9996064430813476,0.99960181593396,movement
3944,0.9996064430813476,0.999600284911873,movement
3945,0.9996064430813476,0.999598753889786,movement
3946,0.9996064430813476,0.9995972228676993,movement
3947,0.9996064430813476,0.9995956039457536,movement
3948,0.9996064430813476,0.999593985023808,movement
3949,0.9996064430813476,0.9995923661018624,movement
3950,0.9996064430813476,0.9995907471799168,movement
3951,0.9996064430813476,0.9995891282579712,movement
3952,0.9996064430813476,0.9995875093360256,movement
3953,0.9996064430813476,0.9995858904140802,movement
3954,0.9996064430813476,0.9995842714921346,movement
3955,0.9996064430813476,0.999582200047922,movement
3956,0.9996064430813476,0.9995801286037096,movement
3957,0.9996064430813476,0.9995780571594974,movement
3958,0.9996064430813476,0.9995759857152852,movement
3959,0.9996064430813476,0.9995734043322064,movement
3960,0.9996166193586772,0.9995708229491278,movement
3961,0.9996166193586772,0.9995682415660496,movement
3962,0.9996166193586772,0.9995656601829708,movement
3963,0.9996166193586772,0.9995630787998924,movement
3964,0.999606212651653,0.9995604974168136,movement
3965,0.999606212651653,0.999557916033735,movement
3966,0.999606212651653,0.9995553346506564,movement
3967,0.999606212651653,0.9995527054602192,movement
3968,0.999606212651653,0.9995500762697822,movement
3969,0.999606212651653,0.999547447079345,movement
3970,0.999606212651653,0.9995448178889078,movement
3971,0.999606212651653,0.9995421632402326,movement
3972,0.999606212651653,0.9995395085915572,movement
3973,0.999606212651653,0.9995368539428818,movement
3974,0.999606212651653,0.9995341992942064,movement
3975,0.999606212651653,0.9995315446455308,movement
3976,0.999606212651653,0.9995288899968556,movement
3977,0.999606212651653,0.99952623534818,movement
3978,0.999606212651653,0.9995235806995048,movement
3979,0.999606212651653,0.999520908253049,movement
3980,0.999606212651653,0.9995182358065932,movement
3981,0.999606212651653,0.9995155633601372,movement
3982,0.999606212651653,0.9995128909136812,movement
3983,0.999606212651653,0.9995097604682844,movement
3984,0.9996240615839924,0.999506630022888,movement
3985,0.9996240615839924,0.999503499577491,movement
3986,0.9996240615839924,0.9995003691320942,movement
3987,0.9996240615839924,0.9994972386866976,movement
3988,0.9996235078241872,0.9994941082413004,movement
3989,0.9996235078241872,0.9994909777959036,movement
3990,0.9996235078241872,0.9994878473505068,movement
3991,0.9996235078241872,0.9994846817071276,movement
3992,0.9996235078241872,0.9994815160637486,movement
3993,0.9996235078241872,0.9994783504203693,movement
3994,0.9996235078241872,0.9994751847769898,movement
3995,0.9996235078241872,0.9994719890439536,movement
3996,0.9996235078241872,0.9994687933109172,movement
3997,0.9996235078241872,0.999465597577881,movement
3998,0.9996235078241872,0.9994624018448448,movement
3999,0.9996235078241872,0.9994592061118082,movement
4000,0.9996235078241872,0.999456010378772,movement
4001,0.9996235078241872,0.9994528146457358,movement
4002,0.9996235078241872,0.9994496189126992,movement
4003,0.9996235078241872,0.9994465289923729,movement
4004,0.9996235078241872,0.9994434390720464,movement
4005,0.9996235078241872,0.9994403491517196,movement
4006,0.9996235078241872,0.9994372592313931,movement
4007,0.9996235078241872,0.9994339756503282,movement
4008,0.9996233148861698,0.999430692069263,movement
4009,0.9996233148861698,0.999427408488198,movement
4010,0.9996233148861698,0.999424124907133,movement
4011,0.9996233148861698,0.9994208413260678,movement
4012,0.9996416589625972,0.9994175577450028,movement
4013,0.9996416589625972,0.9994142741639378,movement
4014,0.9996416589625972,0.9994109905828724,movement
4015,0.9996416589625972,0.9994077172481692,movement
4016,0.9996416589625972,0.9994044439134658,movement
4017,0.9996416589625972,0.9994011705787624,movement
4018,0.9996416589625972,0.999397897244059,movement
4019,0.9996416589625972,0.9993945849806304,movement
4020,0.9996416589625972,0.9993912727172016,movement
4021,0.9996416589625972,0.9993879604537728,movement
4022,0.9996416589625972,0.9993846481903442,movement
4023,0.9996416589625972,0.9993813359269156,movement
4024,0.9996416589625972,0.9993780236634868,movement
4025,0.9996416589625972,0.999374711400058,movement
4026,0.9996416589625972,0.9993713991366294,movement
4027,0.9996416589625972,0.9993682164631622,movement
4028,0.9996416589625972,0.9993650337896948,movement
4029,0.9996416589625972,0.9993618511162278,movement
4030,0.9996416589625972,0.9993586684427604,movement
4031,0.9996416589625972,0.9993556069322772,movement
4032,0.9995937060160284,0.9993525454217944,movement
4033,0.9995937060160284,0.999349483911311,movement
4034,0.9995937060160284,0.999346422400828,movement
4035,0.9995937060160284,0.9993433608903448,movement
4036,0.9995943047862996,0.9993402993798616,movement
4037,0.9995943047862996,0.9993372378693784,movement
4038,0.9995943047862996,0.9993341763588952,movement
4039,0.9995943047862996,0.9993311521442888,movement
4040,0.9995943047862996,0.9993281279296824,movement
4041,0.9995943047862996,0.999325103715076,movement
4042,0.9995943047862996,0.9993220795004694,movement
4043,0.9995943047862996,0.9993190461330996,movement
4044,0.9995943047862996,0.9993160127657298,movement
4045,0.9995943047862996,0.9993129793983604,movement
4046,0.9995943047862996,0.9993099460309904,movement
4047,0.9995943047862996,0.9993069126636204,movement
4048,0.9995943047862996,0.9993038792962508,movement
4049,0.9995943047862996,0.999300845928881,movement
4050,0.9995943047862996,0.9992978125615112,movement
4051,0.9995943047862996,0.999294843152893,movement
4052,0.9995943047862996,0.9992918737442746,movement
4053,0.9995943047862996,0.9992889043356562,movement
4054,0.9995943047862996,0.999285934927038,movement
4055,0.9995943047862996,0.9992832283227068,movement
4056,0.99947125033253,0.999280521718375,movement
4057,0.99947125033253,0.9992778151140438,movement
4058,0.99947125033253,0.9992751085097122,movement
4059,0.99947125033253,0.9992724019053808,movement
4060,0.9994247317986642,0.9992696953010494,movement
4061,0.9994247317986642,0.999266988696718,movement
4062,0.9994247317986642,0.9992642820923866,movement
4063,0.9994247317986642,0.9992616580473376,movement
4064,0.9994247317986642,0.9992590340022888,movement
4065,0.9994247317986642,0.99925640995724,movement
4066,0.9994247317986642,0.999253785912191,movement
4067,0.9994247317986642,0.9992512074930396,movement
4068,0.9994247317986642,0.9992486290738876,movement
4069,0.9994247317986642,0.9992460506547362,movement
4070,0.9994247317986642,0.9992434722355844,movement
4071,0.9994247317986642,0.9992408938164328,movement
4072,0.9994247317986642,0.999238315397281,movement
4073,0.9994247317986642,0.9992357369781292,movement
4074,0.9994247317986642,0.9992331585589777,movement
4075,0.9994247317986642,0.9992305470716986,movement
4076,0.9994247317986642,0.9992279355844196,movement
4077,0.9994247317986642,0.9992253240971404,movement
4078,0.9994247317986642,0.9992227126098614,movement
4079,0.9994247317986642,0.9992201185705843,movement
4080,0.9992561900023826,0.9992175245313076,movement
4081,0.9992561900023826,0.9992149304920308,movement
4082,0.9992561900023826,0.9992123364527538,movement
4083,0.9992561900023826,0.999209742413477,movement
4084,0.9991463731746408,0.9992071483742,movement
4085,0.9991463731746408,0.9992045543349232,movement
4086,0.9991463731746408,0.999201960295646,movement
4087,0.9991463731746408,0.9991993955970464,movement
4088,0.9991463731746408,0.9991968308984462,movement
4089,0.9991463731746408,0.9991942661998464,movement
4090,0.9991463731746408,0.9991917015012464,movement
4091,0.9991463731746408,0.9991892037248664,movement
4092,0.9991463731746408,0.999186705948486,movement
4093,0.9991463731746408,0.999184208172106,movement
4094,0.9991463731746408,0.9991817103957258,movement
4095,0.9991463731746408,0.9991792126193456,movement
4096,0.9991463731746408,0.9991767148429656,movement
4097,0.9991463731746408,0.9991742170665854,movement
4098,0.9991463731746408,0.9991717192902052,movement
4099,0.9991463731746408,0.9991691629498728,movement
4100,0.9991463731746408,0.9991666066095408,movement
4101,0.9991463731746408,0.9991640502692084,movement
4102,0.9991463731746408,0.999161493928876,movement
4103,0.9991463731746408,0.999158909193626,movement
4104,0.9990106164946128,0.999156324458376,movement
4105,0.9990106164946128,0.999153739723126,movement
4106,0.9990106164946128,0.9991511549878758,movement
4107,0.9990106164946128,0.9991485702526258,movement
4108,0.998857634834741,0.999145985517376,movement
4109,0.998857634834741,0.9991434007821258,movement
4110,0.998857634834741,0.9991408160468755,movement
4111,0.998857634834741,0.9991381973907012,movement
4112,0.998857634834741,0.9991355787345269,movement
4113,0.998857634834741,0.9991329600783524,movement
4114,0.998857634834741,0.9991303414221778,movement
4115,0.998857634834741,0.9991277574550268,movement
4116,0.998857634834741,0.9991251734878758,movement
4117,0.998857634834741,0.9991225895207246,movement
4118,0.998857634834741,0.9991200055535736,movement
4119,0.998857634834741,0.9991174215864226,movement
4120,0.998857634834741,0.9991148376192712,movement
4121,0.998857634834741,0.9991122536521204,movement
4122,0.998857634834741,0.9991096696849692,movement
4123,0.998857634834741,0.99910705878046,movement
4124,0.998857634834741,0.9991044478759504,movement
4125,0.998857634834741,0.999101836971441,movement
4126,0.998857634834741,0.9990992260669316,movement
4127,0.998857634834741,0.999096565174878,movement
4128,0.9988522955006048,0.9990939042828244,movement
4129,0.9988522955006048,0.9990912433907708,movement
4130,0.9988522955006048,0.9990885824987172,movement
4131,0.9988522955006048,0.9990859216066637,movement
4132,0.9987148958183174,0.99908326071461,movement
4133,0.9987148958183174,0.9990805998225564,movement
4134,0.9987148958183174,0.9990779389305028,movement
4135,0.9987148958183174,0.999075218542008,movement
4136,0.9987148958183174,0.9990724981535132,movement
4137,0.9987148958183174,0.9990697777650184,movement
4138,0.9987148958183174,0.9990670573765236,movement
4139,0.9987148958183174,0.9990643388338948,movement
4140,0.9987148958183174,0.9990616202912662,movement
4141,0.9987148958183174,0.9990589017486372,movement
4142,0.9987148958183174,0.9990561832060086,movement
4143,0.9987148958183174,0.9990534646633796,movement
4144,0.9987148958183174,0.9990507461207512,movement
4145,0.9987148958183174,0.9990480275781224,movement
4146,0.9987148958183174,0.9990453090354936,movement
4147,0.9987148958183174,0.9990425911207896,movement
4148,0.9987148958183174,0.9990398732060852,movement
4149,0.9987148958183174,0.999037155291381,movement
4150,0.9987148958183174,0.999034437376677,movement
4151,0.9987148958183174,0.9990316764853,movement
4152,0.9987466396312458,0.9990289155939228,movement
4153,0.9987466396312458,0.9990261547025454,movement
4154,0.9987466396312458,0.9990233938111682,movement
4155,0.9987466396312458,0.999020632919791,movement
4156,0.998688541409694,0.9990178720284136,movement
4157,0.998688541409694,0.9990151111370368,movement
4158,0.998688541409694,0.9990123502456596,movement
4159,0.998688541409694,0.9990095899974089,movement
4160,0.998688541409694,0.9990068297491584,movement
4161,0.998688541409694,0.999004069500908,movement
4162,0.998688541409694,0.9990013092526576,movement
4163,0.998688541409694,0.998998487857486,movement
4164,0.998688541409694,0.998995666462314,movement
4165,0.998688541409694,0.998992845067142,movement
4166,0.998688541409694,0.9989900236719702,movement
4167,0.998688541409694,0.9989872022767984,movement
4168,0.998688541409694,0.9989843808816262,movement
4169,0.998688541409694,0.9989815594864544,movement
4170,0.998688541409694,0.9989787380912826,movement
4171,0.998688541409694,0.99897579792548,movement
4172,0.998688541409694,0.9989728577596776,movement
4173,0.998688541409694,0.998969917593875,movement
4174,0.998688541409694,0.9989669774280724,movement
4175,0.998688541409694,0.99896399344161,movement
4176,0.9987274183981324,0.9989610094551477,movement
4177,0.9987274183981324,0.998958025468685,movement
4178,0.9987274183981324,0.9989550414822226,movement
4179,0.9987274183981324,0.99895205749576,movement
4180,0.9987637672933516,0.9989490735092972,movement
4181,0.9987637672933516,0.9989460895228348,movement
4182,0.9987637672933516,0.9989431055363724,movement
4183,0.9987637672933516,0.9989402813930652,movement
4184,0.9987637672933516,0.998937457249758,movement
4185,0.9987637672933516,0.9989346331064506,movement
4186,0.9987637672933516,0.9989318089631434,movement
4187,0.9987637672933516,0.9989289828239352,movement
4188,0.9987637672933516,0.9989261566847272,movement
4189,0.9987637672933516,0.9989233305455189,movement
4190,0.9987637672933516,0.9989205044063106,movement
4191,0.9987637672933516,0.9989176782671024,movement
4192,0.9987637672933516,0.9989148521278944,movement
4193,0.9987637672933516,0.998912025988686,movement
4194,0.9987637672933516,0.998909199849478,movement
4195,0.9987637672933516,0.9989061204149536,movement
4196,0.9987637672933516,0.9989030409804294,movement
4197,0.9987637672933516,0.9988999615459048,movement
4198,0.9987637672933516,0.9988968821113804,movement
4199,0.9987637672933516,0.9988937203520146,movement
4200,0.9987829549187875,0.9988905585926484,movement
4201,0.9987829549187875,0.9988873968332822,movement
4202,0.9987829549187875,0.9988842350739162,movement
4203,0.9987829549187875,0.99888107331455,movement
4204,0.9988617962048594,0.998877911555184,movement
4205,0.9988617962048594,0.9988747497958178,movement
4206,0.9988617962048594,0.9988715880364516,movement
4207,0.9988617962048594,0.9988688364585984,movement
4208,0.9988617962048594,0.9988660848807446,movement
4209,0.9988617962048594,0.998863333302891,movement
4210,0.9988617962048594,0.9988605817250376,movement
4211,0.9988617962048594,0.9988579852089636,movement
4212,0.9988617962048594,0.9988553886928896,movement
4213,0.9988617962048594,0.9988527921768156,movement
4214,0.9988617962048594,0.9988501956607416,movement
4215,0.9988617962048594,0.9988475991446676,movement
4216,0.9988617962048594,0.9988450026285935,movement
4217,0.9988617962048594,0.9988424061125196,movement
4218,0.9988617962048594,0.9988398095964456,movement
4219,0.9988617962048594,0.998837143010374,movement
4220,0.9988617962048594,0.9988344764243025,movement
4221,0.9988617962048594,0.9988318098382306,movement
4222,0.9988617962048594,0.9988291432521588,movement
4223,0.9988617962048594,0.998826338449011,movement
4224,0.9988518757666522,0.9988235336458628,movement
4225,0.9988518757666522,0.9988207288427148,movement
4226,0.9988518757666522,0.9988179240395668,movement
4227,0.9988518757666522,0.9988151192364186,movement
4228,0.9988571101673004,0.9988123144332705,movement
4229,0.9988571101673004,0.9988095096301224,movement
4230,0.9988571101673004,0.9988067048269744,movement
4231,0.9988571101673004,0.998804461829814,movement
4232,0.9988571101673004,0.9988022188326536,movement
4233,0.9988571101673004,0.9987999758354932,movement
4234,0.9988571101673004,0.9987977328383328,movement
4235,0.9988571101673004,0.9987958558972646,movement
4236,0.9988571101673004,0.9987939789561968,movement
4237,0.9988571101673004,0.9987921020151288,movement
4238,0.9988571101673004,0.9987902250740608,movement
4239,0.9988571101673004,0.9987883481329928,movement
4240,0.9988571101673004,0.9987864711919248,movement
4241,0.9988571101673004,0.9987845942508567,movement
4242,0.9988571101673004,0.9987827173097888,movement
4243,0.9988571101673004,0.998780976214597,movement
4244,0.9988571101673004,0.9987792351194054,movement
4245,0.9988571101673004,0.998777494024214,movement
4246,0.9988571101673004,0.9987757529290222,movement
4247,0.9988571101673004,0.998773857798576,movement
4248,0.9988395409816604,0.99877196266813,movement
4249,0.9988395409816604,0.9987700675376842,movement
4250,0.9988395409816604,0.998768172407238,movement
4251,0.9988395409816604,0.998766277276792,movement
4252,0.9988310225063356,0.9987643821463458,movement
4253,0.9988310225063356,0.9987624870158996,movement
4254,0.9988310225063356,0.998760591885454,movement
4255,0.9988310225063356,0.9987591492772746,movement
4256,0.9988310225063356,0.9987577066690952,movement
4257,0.9988310225063356,0.998756264060916,movement
4258,0.9988310225063356,0.9987548214527366,movement
4259,0.9988310225063356,0.9987538887834236,movement
4260,0.9988310225063356,0.9987529561141106,movement
4261,0.9988310225063356,0.9987520234447974,movement
4262,0.9988310225063356,0.9987510907754844,movement
4263,0.9988310225063356,0.9987501581061712,movement
4264,0.9988310225063356,0.9987492254368584,movement
4265,0.9988310225063356,0.9987482927675454,movement
4266,0.9988310225063356,0.9987473600982324,movement
4267,0.9988310225063356,0.9987467548390966,movement
4268,0.9988310225063356,0.9987461495799612,movement
4269,0.9988310225063356,0.9987455443208254,movement
4270,0.9988310225063356,0.9987449390616896,movement
4271,0.9988310225063356,0.9987443829464115,movement
4272,0.9988229412988292,0.9987438268311332,movement
4273,0.9988229412988292,0.9987432707158552,movement
4274,0.9988229412988292,0.9987427146005772,movement
4275,0.9988229412988292,0.998742158485299,movement
4276,0.9988079450355652,0.9987416023700209,movement
4277,0.9988079450355652,0.9987410462547426,movement
4278,0.9988079450355652,0.9987404901394644,movement
4279,0.9988079450355652,0.9987399518219666,movement
4280,0.9988079450355652,0.9987394135044688,movement
4281,0.9988079450355652,0.9987388751869714,movement
4282,0.9988079450355652,0.9987383368694736,movement
4283,0.9988079450355652,0.9987382565509167,movement
4284,0.9988079450355652,0.99873817623236,movement
4285,0.9988079450355652,0.9987380959138034,movement
4286,0.9988079450355652,0.9987380155952466,movement
4287,0.9988079450355652,0.99873793527669,movement
4288,0.9988079450355652,0.998737854958133,movement
4289,0.9988079450355652,0.9987377746395764,movement
4290,0.9988079450355652,0.9987376943210196,movement
4291,0.9988079450355652,0.9987379474381484,movement
4292,0.9988079450355652,0.9987382005552768,movement
4293,0.9988079450355652,0.9987384536724058,movement
4294,0.9988079450355652,0.9987387067895346,movement
4295,0.9988079450355652,0.998739313499086,movement
4296,0.998808133412932,0.9987399202086376,movement
4297,0.998808133412932,0.9987405269181888,movement
4298,0.998808133412932,0.9987411336277404,movement
4299,0.998808133412932,0.998741740337292,movement
4300,0.9987952404110318,0.9987423470468434,movement
4301,0.9987952404110318,0.998742953756395,movement
4302,0.9987952404110318,0.9987435604659466,movement
4303,0.9987952404110318,0.9987440613627884,movement
4304,0.9987952404110318,0.99874456225963,movement
4305,0.9987952404110318,0.9987450631564716,movement
4306,0.9987952404110318,0.9987455640533134,movement
4307,0.9987952404110318,0.9987462586108936,movement
4308,0.9987952404110318,0.9987469531684738,movement
4309,0.9987952404110318,0.9987476477260544,movement
4310,0.9987952404110318,0.9987483422836344,movement
4311,0.9987952404110318,0.9987490368412149,movement
4312,0.9987952404110318,0.998749731398795,movement
4313,0.9987952404110318,0.9987504259563752,movement
4314,0.9987952404110318,0.9987511205139554,movement
4315,0.9987952404110318,0.9987520743145656,movement
4316,0.9987952404110318,0.998753028115176,movement
4317,0.9987952404110318,0.998753981915786,movement
4318,0.9987952404110318,0.9987549357163962,movement
4319,0.9987952404110318,0.9987562511916838,movement
4320,0.9987596092218424,0.9987575666669712,movement
4321,0.9987596092218424,0.9987588821422588,movement
4322,0.9987596092218424,0.9987601976175462,movement
4323,0.9987596092218424,0.9987615130928336,movement
4324,0.9987464630238472,0.9987628285681212,movement
4325,0.9987464630238472,0.998764144043409,movement
4326,0.9987464630238472,0.9987654595186964,movement
4327,0.9987464630238472,0.9987666454040224,movement
4328,0.9987464630238472,0.9987678312893484,movement
4329,0.9987464630238472,0.9987690171746744,movement
4330,0.9987464630238472,0.9987702030600004,movement
4331,0.9987464630238472,0.9987712677823426,movement
4332,0.9987464630238472,0.9987723325046848,movement
4333,0.9987464630238472,0.9987733972270266,movement
4334,0.9987464630238472,0.9987744619493684,movement
4335,0.9987464630238472,0.9987755266717104,movement
4336,0.9987464630238472,0.9987765913940526,movement
4337,0.9987464630238472,0.9987776561163946,movement
4338,0.9987464630238472,0.9987787208387366,movement
4339,0.9987464630238472,0.9987799644894012,movement
4340,0.9987464630238472,0.9987812081400655,movement
4341,0.9987464630238472,0.9987824517907298,movement
4342,0.9987464630238472,0.9987836954413944,movement
4343,0.9987464630238472,0.998785230594412,movement
4344,0.9986704744289938,0.9987867657474298,movement
4345,0.9986704744289938,0.9987883009004476,movement
4346,0.9986704744289938,0.9987898360534652,movement
4347,0.9986704744289938,0.9987913712064832,movement
4348,0.9986457769764672,0.9987929063595008,movement
4349,0.9986457769764672,0.9987944415125186,movement
4350,0.9986457769764672,0.998795976665536,movement
4351,0.9986457769764672,0.9987974478598024,movement
4352,0.9986457769764672,0.9987989190540688,movement
4353,0.9986457769764672,0.9988003902483352,movement
4354,0.9986457769764672,0.9988018614426014,movement
4355,0.9986457769764672,0.9988030698325808,movement
4356,0.9986457769764672,0.9988042782225602,movement
4357,0.9986457769764672,0.9988054866125392,movement
4358,0.9986457769764672,0.9988066950025188,movement
4359,0.9986457769764672,0.9988079033924984,movement
4360,0.9986457769764672,0.9988091117824776,movement
4361,0.9986457769764672,0.9988103201724572,movement
4362,0.9986457769764672,0.9988115285624364,movement
4363,0.9986457769764672,0.9988128329336008,movement
4364,0.9986457769764672,0.998814137304765,movement
4365,0.9986457769764672,0.9988154416759296,movement
4366,0.9986457769764672,0.998816746047094,movement
4367,0.9986457769764672,0.9988182038834642,movement
4368,0.9986247559771584,0.9988196617198348,movement
4369,0.9986247559771584,0.9988211195562048,movement
4370,0.9986247559771584,0.9988225773925756,movement
4371,0.9986247559771584,0.9988240352289456,movement
4372,0.9985832908542468,0.9988254930653162,movement
4373,0.9985832908542468,0.9988269509016866,movement
4374,0.9985832908542468,0.998828408738057,movement
4375,0.9985832908542468,0.9988298996425546,movement
4376,0.9985832908542468,0.9988313905470526,movement
4377,0.9985832908542468,0.9988328814515502,movement
4378,0.9985832908542468,0.998834372356048,movement
4379,0.9985832908542468,0.9988358458125436,movement
4380,0.9985832908542468,0.9988373192690392,movement
4381,0.9985832908542468,0.9988387927255348,movement
4382,0.9985832908542468,0.9988402661820304,movement
4383,0.9985832908542468,0.9988417396385258,movement
4384,0.9985832908542468,0.9988432130950216,movement
4385,0.9985832908542468,0.9988446865515171,movement
4386,0.9985832908542468,0.9988461600080129,movement
4387,0.9985832908542468,0.9988476604596191,movement
4388,0.9985832908542468,0.9988491609112256,movement
4389,0.9985832908542468,0.9988506613628316,movement
4390,0.9985832908542468,0.998852161814438,movement
4391,0.9985832908542468,0.998853759175936,movement
4392,0.9986240446171416,0.998855356537434,movement
4393,0.9986240446171416,0.9988569538989316,movement
4394,0.9986240446171416,0.9988585512604294,movement
4395,0.9986240446171416,0.9988601486219272,movement
4396,0.9985778340408272,0.9988617459834248,movement
4397,0.9985778340408272,0.9988633433449228,movement
4398,0.9985778340408272,0.9988649407064204,movement
4399,0.9985778340408272,0.9988665966318706,movement
4400,0.9985778340408272,0.9988682525573204,movement
4401,0.9985778340408272,0.9988699084827704,movement
4402,0.9985778340408272,0.9988715644082204,movement
4403,0.9985778340408272,0.998873248728588,movement
4404,0.9985778340408272,0.9988749330489556,movement
4405,0.9985778340408272,0.9988766173693232,movement
4406,0.9985778340408272,0.9988783016896912,movement
4407,0.9985778340408272,0.9988799860100588,movement
4408,0.9985778340408272,0.9988816703304264,movement
4409,0.9985778340408272,0.998883354650794,movement
4410,0.9985778340408272,0.9988850389711618,movement
4411,0.9985778340408272,0.9988866589383366,movement
4412,0.9985778340408272,0.9988882789055114,movement
4413,0.9985778340408272,0.9988898988726864,movement
4414,0.9985778340408272,0.9988915188398612,movement
4415,0.9985778340408272,0.9988931648398944,movement
4416,0.9986760570940508,0.9988948108399276,movement
4417,0.9986760570940508,0.998896456839961,movement
4418,0.9986760570940508,0.998898102839994,movement
4419,0.9986760570940508,0.9988997488400272,movement
4420,0.9986908002512922,0.9989013948400608,movement
4421,0.9986908002512922,0.9989030408400942,movement
4422,0.9986908002512922,0.9989046868401272,movement
4423,0.9986908002512922,0.998906359777519,movement
4424,0.9986908002512922,0.9989080327149108,movement
4425,0.9986908002512922,0.9989097056523024,movement
4426,0.9986908002512922,0.998911378589694,movement
4427,0.9986908002512922,0.9989131015146296,movement
4428,0.9986908002512922,0.9989148244395656,movement
4429,0.9986908002512922,0.9989165473645012,movement
4430,0.9986908002512922,0.9989182702894372,movement
4431,0.9986908002512922,0.9989199932143732,movement
4432,0.9986908002512922,0.998921716139309,movement
4433,0.9986908002512922,0.9989234390642447,movement
4434,0.9986908002512922,0.9989251619891808,movement
4435,0.9986908002512922,0.9989267285223402,movement
4436,0.9986908002512922,0.9989282950554998,movement
4437,0.9986908002512922,0.9989298615886594,movement
4438,0.9986908002512922,0.9989314281218192,movement
4439,0.9986908002512922,0.9989329332620654,movement
4440,0.9987908309569312,0.9989344384023116,movement
4441,0.9987908309569312,0.9989359435425578,movement
4442,0.9987908309569312,0.998937448682804,movement
4443,0.9987908309569312,0.99893895382305,movement
4444,0.9988969086837692,0.9989404589632962,movement
4445,0.9988969086837692,0.9989419641035424,movement
4446,0.9988969086837692,0.9989434692437884,movement
4447,0.9988969086837692,0.99894497375611,movement
4448,0.9988969086837692,0.9989464782684316,movement
4449,0.9988969086837692,0.9989479827807534,movement
4450,0.9988969086837692,0.9989494872930748,movement
4451,0.9988969086837692,0.9989510347820694,movement
4452,0.9988969086837692,0.998952582271064,movement
4453,0.9988969086837692,0.9989541297600586,movement
4454,0.9988969086837692,0.9989556772490532,movement
4455,0.9988969086837692,0.998957224738048,movement
4456,0.9988969086837692,0.9989587722270424,movement
4457,0.9988969086837692,0.9989603197160372,movement
4458,0.9988969086837692,0.9989618672050318,movement
4459,0.9988969086837692,0.9989632000423132,movement
4460,0.9988969086837692,0.9989645328795944,movement
4461,0.9988969086837692,0.9989658657168756,movement
4462,0.9988969086837692,0.9989671985541568,movement
4463,0.9988969086837692,0.9989683870636208,movement
4464,0.9989746815927456,0.9989695755730847,movement
4465,0.9989746815927456,0.9989707640825488,movement
4466,0.9989746815927456,0.9989719525920128,movement
4467,0.9989746815927456,0.9989731411014766,movement
4468,0.9990831839959512,0.9989743296109408,movement
4469,0.9990831839959512,0.9989755181204047,movement
4470,0.9990831839959512,0.9989767066298688,movement
4471,0.9990831839959512,0.9989780139099632,movement
4472,0.9990831839959512,0.9989793211900578,movement
4473,0.9990831839959512,0.9989806284701525,movement
4474,0.9990831839959512,0.998981935750247,movement
4475,0.9990831839959512,0.9989832868510016,movement
4476,0.9990831839959512,0.9989846379517564,movement
4477,0.9990831839959512,0.9989859890525108,movement
4478,0.9990831839959512,0.9989873401532652,movement
4479,0.9990831839959512,0.99898869125402,movement
4480,0.9990831839959512,0.9989900423547744,movement
4481,0.9990831839959512,0.9989913934555292,movement
4482,0.9990831839959512,0.9989927445562836,movement
4483,0.9990831839959512,0.9989938446283604,movement
4484,0.9990831839959512,0.9989949447004368,movement
4485,0.9990831839959512,0.9989960447725136,movement
4486,0.9990831839959512,0.99899714484459,movement
4487,0.9990831839959512,0.9989980256207204,movement
4488,0.9991368624926824,0.9989989063968512,movement
4489,0.9991368624926824,0.9989997871729815,movement
4490,0.9991368624926824,0.999000667949112,movement
4491,0.9991368624926824,0.9990015487252424,movement
4492,0.9992243131986728,0.9990024295013727,movement
4493,0.9992243131986728,0.9990033102775032,movement
4494,0.9992243131986728,0.999004191053634,movement
4495,0.9992243131986728,0.9990053251250806,movement
4496,0.9992243131986728,0.9990064591965272,movement
4497,0.9992243131986728,0.9990075932679736,movement
4498,0.9992243131986728,0.9990087273394204,movement
4499,0.9992243131986728,0.9990099437357086,movement
4500,0.9992243131986728,0.9990111601319972,movement
4501,0.9992243131986728,0.9990123765282856,movement
4502,0.9992243131986728,0.999013592924574,movement
4503,0.9992243131986728,0.9990148093208624,movement
4504,0.9992243131986728,0.9990160257171506,movement
4505,0.9992243131986728,0.9990172421134392,movement
4506,0.9992243131986728,0.9990184585097276,movement
4507,0.9992243131986728,0.9990193689085552,movement
4508,0.9992243131986728,0.9990202793073828,movement
4509,0.9992243131986728,0.9990211897062105,movement
4510,0.9992243131986728,0.9990221001050378,movement
4511,0.9992243131986728,0.9990227430936964,movement
4512,0.9992531075541708,0.999023386082355,movement
4513,0.9992531075541708,0.9990240290710138,movement
4514,0.9992531075541708,0.9990246720596724,movement
4515,0.9992531075541708,0.999025315048331,movement
4516,0.9992991471159772,0.9990259580369898,movement
4517,0.9992991471159772,0.9990266010256488,movement
4518,0.9992991471159772,0.999027244014307,movement
4519,0.9992991471159772,0.9990279570729634,movement
4520,0.9992991471159772,0.99902867013162,movement
4521,0.9992991471159772,0.999029383190276,movement
4522,0.9992991471159772,0.9990300962489324,movement
4523,0.9992991471159772,0.9990309475246651,movement
4524,0.9992991471159772,0.999031798800398,movement
4525,0.9992991471159772,0.9990326500761308,movement
4526,0.9992991471159772,0.9990335013518636,movement
4527,0.9992991471159772,0.999034352627596,movement
4528,0.9992991471159772,0.999035203903329,movement
4529,0.9992991471159772,0.9990360551790618,movement
4530,0.9992991471159772,0.9990369064547946,movement
4531,0.9992991471159772,0.999037419329124,movement
4532,0.9992991471159772,0.9990379322034536,movement
4533,0.9992991471159772,0.9990384450777828,movement
4534,0.9992991471159772,0.9990389579521124,movement
4535,0.9992991471159772,0.9990391765916926,movement
4536,0.999307245649209,0.9990393952312732,movement
4537,0.999307245649209,0.9990396138708534,movement
4538,0.999307245649209,0.999039832510434,movement
4539,0.999307245649209,0.9990400511500142,movement
4540,0.9993363186166396,0.9990402697895948,movement
4541,0.9993363186166396,0.999040488429175,movement
4542,0.9993363186166396,0.9990407070687556,movement
4543,0.9993363186166396,0.9990407898624596,movement
4544,0.9993363186166396,0.9990408726561636,movement
4545,0.9993363186166396,0.9990409554498676,movement
4546,0.9993363186166396,0.9990410382435716,movement
4547,0.9993363186166396,0.99904127507253,movement
4548,0.9993363186166396,0.9990415119014888,movement
4549,0.9993363186166396,0.9990417487304468,movement
4550,0.9993363186166396,0.9990419855594056,movement
4551,0.9993363186166396,0.9990422223883638,movement
4552,0.9993363186166396,0.9990424592173224,movement
4553,0.9993363186166396,0.9990426960462808,movement
4554,0.9993363186166396,0.9990429328752392,movement
4555,0.9993363186166396,0.9990428723447672,movement
4556,0.9993363186166396,0.9990428118142952,movement
4557,0.9993363186166396,0.9990427512838232,movement
4558,0.9993363186166396,0.9990426907533512,movement
4559,0.9993363186166396,0.9990423153606788,movement
4560,0.999317012658786,0.9990419399680068,movement
4561,0.999317012658786,0.9990415645753346,movement
4562,0.999317012658786,0.9990411891826624,movement
4563,0.999317012658786,0.9990408137899904,movement
4564,0.9993248225163196,0.999040438397318,movement
4565,0.9993248225163196,0.999040063004646,movement
4566,0.9993248225163196,0.9990396876119738,movement
4567,0.9993248225163196,0.9990389848091242,movement
4568,0.9993248225163196,0.9990382820062744,movement
4569,0.9993248225163196,0.9990375792034252,movement
4570,0.9993248225163196,0.9990368764005756,movement
4571,0.9993248225163196,0.9990361244538684,movement
4572,0.9993248225163196,0.9990353725071616,movement
4573,0.9993248225163196,0.9990346205604542,movement
4574,0.9993248225163196,0.9990338686137472,movement
4575,0.9993248225163196,0.9990331166670402,movement
4576,0.9993248225163196,0.9990323647203332,movement
4577,0.9993248225163196,0.9990316127736262,movement
4578,0.9993248225163196,0.9990308608269192,movement
4579,0.9993248225163196,0.999029939778692,movement
4580,0.9993248225163196,0.9990290187304643,movement
4581,0.9993248225163196,0.9990280976822372,movement
4582,0.9993248225163196,0.99902717663401,movement
4583,0.9993248225163196,0.9990259549487408,movement
4584,0.9992779049834531,0.999024733263472,movement
4585,0.9992779049834531,0.9990235115782028,movement
4586,0.9992779049834531,0.9990222898929338,movement
4587,0.9992779049834531,0.9990210682076648,movement
4588,0.9992594871094148,0.9990198465223958,movement
4589,0.9992594871094148,0.9990186248371268,movement
4590,0.9992594871094148,0.9990174031518578,movement
4591,0.9992594871094148,0.9990158480309034,movement
4592,0.9992594871094148,0.9990142929099488,movement
4593,0.9992594871094148,0.9990127377889944,movement
4594,0.9992594871094148,0.9990111826680398,movement
4595,0.9992594871094148,0.9990092739546624,movement
4596,0.9992594871094148,0.9990073652412852,movement
4597,0.9992594871094148,0.999005456527908,movement
4598,0.9992594871094148,0.9990035478145308,movement
4599,0.9992594871094148,0.9990016391011536,movement
4600,0.9992594871094148,0.9989997303877762,movement
4601,0.9992594871094148,0.9989978216743988,movement
4602,0.9992594871094148,0.9989959129610216,movement
4603,0.9992594871094148,0.99899410090315,movement
4604,0.9992594871094148,0.998992288845278,movement
4605,0.9992594871094148,0.9989904767874066,movement
4606,0.9992594871094148,0.9989886647295348,movement
4607,0.9992594871094148,0.998986687331372,movement
4608,0.9991950915954118,0.9989847099332092,movement
4609,0.9991950915954118,0.998982732535046,movement
4610,0.9991950915954118,0.9989807551368832,movement
4611,0.9991950915954118,0.9989787777387202,movement
4612,0.999151793250224,0.9989768003405576,movement
4613,0.999151793250224,0.9989748229423944,movement
4614,0.999151793250224,0.9989728455442316,movement
4615,0.999151793250224,0.9989706089030388,movement
4616,0.999151793250224,0.998968372261846,movement
4617,0.999151793250224,0.9989661356206532,movement
4618,0.999151793250224,0.9989638989794604,movement
4619,0.999151793250224,0.99896130066359,movement
4620,0.999151793250224,0.99895870234772,movement
4621,0.999151793250224,0.9989561040318496,movement
4622,0.999151793250224,0.9989535057159796,movement
4623,0.999151793250224,0.9989509074001096,movement
4624,0.999151793250224,0.9989483090842394,movement
4625,0.999151793250224,0.998945710768369,movement
4626,0.999151793250224,0.9989431124524988,movement
4627,0.999151793250224,0.9989406594610716,movement
4628,0.999151793250224,0.9989382064696442,movement
4629,0.999151793250224,0.9989357534782166,movement
4630,0.999151793250224,0.9989333004867892,movement
4631,0.999151793250224,0.9989308610079436,movement
4632,0.9990764846468178,0.9989284215290984,movement
4633,0.9990764846468178,0.9989259820502532,movement
4634,0.9990764846468178,0.9989235425714078,movement
4635,0.9990764846468178,0.9989211030925624,movement
4636,0.999010695862988,0.9989186636137172,movement
4637,0.999010695862988,0.9989162241348718,movement
4638,0.999010695862988,0.9989137846560264,movement
4639,0.999010695862988,0.9989111662488586,movement
4640,0.999010695862988,0.9989085478416908,movement
4641,0.999010695862988,0.998905929434523,movement
4642,0.999010695862988,0.9989033110273552,movement
4643,0.999010695862988,0.9989004011178344,movement
4644,0.999010695862988,0.9988974912083132,movement
4645,0.999010695862988,0.998894581298792,movement
4646,0.999010695862988,0.998891671389271,movement
4647,0.999010695862988,0.9988887614797498,movement
4648,0.999010695862988,0.9988858515702288,movement
4649,0.999010695862988,0.9988829416607076,movement
4650,0.999010695862988,0.9988800317511868,movement
4651,0.999010695862988,0.9988769615052462,movement
4652,0.999010695862988,0.9988738912593056,movement
4653,0.999010695862988,0.9988708210133648,movement
4654,0.999010695862988,0.9988677507674244,movement
4655,0.999010695862988,0.9988647641846784,movement
4656,0.9989188966247284,0.9988617776019328,movement
4657,0.9989188966247284,0.9988587910191872,movement
4658,0.9989188966247284,0.9988558044364416,movement
4659,0.9989188966247284,0.9988528178536956,movement
4660,0.9988386735740676,0.99884983127095,movement
4661,0.9988386735740676,0.9988468446882044,movement
4662,0.9988386735740676,0.9988438581054584,movement
4663,0.9988386735740676,0.998840775541528,movement
4664,0.9988386735740676,0.9988376929775972,movement
4665,0.9988386735740676,0.9988346104136664,movement
4666,0.9988386735740676,0.9988315278497358,movement
4667,0.9988386735740676,0.9988282918205992,movement
4668,0.9988386735740676,0.9988250557914624,movement
4669,0.9988386735740676,0.9988218197623258,movement
4670,0.9988386735740676,0.9988185837331888,movement
4671,0.9988386735740676,0.9988153477040524,movement
4672,0.9988386735740676,0.9988121116749156,movement
4673,0.9988386735740676,0.9988088756457788,movement
4674,0.9988386735740676,0.998805639616642,movement
4675,0.9988386735740676,0.9988017501286934,movement
4676,0.9988386735740676,0.9987978606407448,movement
4677,0.9988386735740676,0.998793971152796,movement
4678,0.9988386735740676,0.9987900816648472,movement
4679,0.9988386735740676,0.9987861261242093,movement
4680,0.9987371531530862,0.9987821705835708,movement
4681,0.9987371531530862,0.9987782150429328,movement
4682,0.9987371531530862,0.9987742595022944,movement
4683,0.9987371531530862,0.9987703039616564,movement
4684,0.9986488827283612,0.998766348421018,movement
4685,0.9986488827283612,0.99876239288038,movement
4686,0.9986488827283612,0.9987584373397416,movement
4687,0.9986488827283612,0.9987544548039924,movement
4688,0.9986488827283612,0.9987504722682436,movement
4689,0.9986488827283612,0.9987464897324948,movement
4690,0.9986488827283612,0.9987425071967456,movement
4691,0.9986488827283612,0.9987384277511052,movement
4692,0.9986488827283612,0.9987343483054646,movement
4693,0.9986488827283612,0.9987302688598244,movement
4694,0.9986488827283612,0.998726189414184,movement
4695,0.9986488827283612,0.9987221099685434,movement
4696,0.9986488827283612,0.998718030522903,movement
4697,0.9986488827283612,0.9987139510772626,movement
4698,0.9986488827283612,0.998709871631622,movement
4699,0.9986488827283612,0.9987044462693204,movement
4700,0.9986488827283612,0.9986990209070188,movement
4701,0.9986488827283612,0.9986935955447171,movement
4702,0.9986488827283612,0.9986881701824156,movement
4703,0.9986488827283612,0.998682111013445,movement
4704,0.9985596748992224,0.9986760518444744,movement
4705,0.9985596748992224,0.9986699926755036,movement
4706,0.9985596748992224,0.9986639335065328,movement
4707,0.9985596748992224,0.9986578743375624,movement
4708,0.9984652162391778,0.9986518151685918,movement
4709,0.9984652162391778,0.9986457559996212,movement
4710,0.9984652162391778,0.9986396968306506,movement
4711,0.9984652162391778,0.9986337020148728,movement
4712,0.9984652162391778,0.998627707199095,movement
4713,0.9984652162391778,0.9986217123833172,movement
4714,0.9984652162391778,0.9986157175675394,movement
4715,0.9984652162391778,0.9986096967189032,movement
4716,0.9984652162391778,0.998603675870267,movement
4717,0.9984652162391778,0.9985976550216308,movement
4718,0.9984652162391778,0.9985916341729946,movement
4719,0.9984652162391778,0.9985856133243584,movement
4720,0.9984652162391778,0.9985795924757224,movement
4721,0.9984652162391778,0.9985735716270858,movement
4722,0.9984652162391778,0.9985675507784496,movement
4723,0.9984652162391778,0.9985592695220769,movement
4724,0.9984652162391778,0.998550988265704,movement
4725,0.9984652162391778,0.9985427070093312,movement
4726,0.9984652162391778,0.9985344257529584,movement
4727,0.9984652162391778,0.99852474347134,movement
4728,0.9984144857831072,0.998515061189722,movement
4729,0.9984144857831072,0.9985053789081036,movement
4730,0.9984144857831072,0.9984956966264852,movement
4731,0.9984144857831072,0.9984860143448672,movement
4732,0.9983242946705856,0.9984763320632488,movement
4733,0.9983242946705856,0.9984666497816304,movement
4734,0.9983242946705856,0.998456967500012,movement
4735,0.9983242946705856,0.9984474416101704,movement
4736,0.9983242946705856,0.9984379157203284,movement
4737,0.9983242946705856,0.9984283898304862,movement
4738,0.9983242946705856,0.9984188639406442,movement
4739,0.9983242946705856,0.9984093994437154,movement
4740,0.9983242946705856,0.9983999349467868,movement
4741,0.9983242946705856,0.9983904704498584,movement
4742,0.9983242946705856,0.9983810059529296,movement
4743,0.9983242946705856,0.9983715414560012,movement
4744,0.9983242946705856,0.9983620769590726,movement
4745,0.9983242946705856,0.998352612462144,movement
4746,0.9983242946705856,0.9983431479652154,movement
4747,0.9983242946705856,0.9983302346071168,movement
4748,0.9983242946705856,0.998317321249018,movement
4749,0.9983242946705856,0.9983044078909196,movement
4750,0.9983242946705856,0.9982914945328208,movement
4751,0.9983242946705856,0.9982763100446946,movement
4752,0.9983532913222576,0.998261125556568,movement
4753,0.9983532913222576,0.9982459410684416,movement
4754,0.9983532913222576,0.9982307565803152,movement
4755,0.9983532913222576,0.9982155720921888,movement
4756,0.9983036892348992,0.9982003876040624,movement
4757,0.9983036892348992,0.998185203115936,movement
4758,0.9983036892348992,0.9981700186278096,movement
4759,0.9983036892348992,0.9981550487913968,movement
4760,0.9983036892348992,0.9981400789549836,movement
4761,0.9983036892348992,0.9981251091185706,movement
4762,0.9983036892348992,0.9981101392821574,movement
4763,0.9983036892348992,0.9980953137735616,movement
4764,0.9983036892348992,0.998080488264966,movement
4765,0.9983036892348992,0.99806566275637,movement
4766,0.9983036892348992,0.9980508372477744,movement
4767,0.9983036892348992,0.9980360117391788,movement
4768,0.9983036892348992,0.998021186230583,movement
4769,0.9983036892348992,0.9980063607219872,movement
4770,0.9983036892348992,0.9979915352133912,movement
4771,0.9983036892348992,0.9979729821719068,movement
4772,0.9983036892348992,0.9979544291304226,movement
4773,0.9983036892348992,0.9979358760889382,movement
4774,0.9983036892348992,0.997917323047454,movement
4775,0.9983036892348992,0.9978956347815094,movement
4776,0.9983472865677115,0.9978739465155648,movement
4777,0.9983472865677115,0.9978522582496206,movement
4778,0.9983472865677115,0.997830569983676,movement
4779,0.9983472865677115,0.9978088817177316,movement
4780,0.9983513403423492,0.9977871934517872,movement
4781,0.9983513403423492,0.9977655051858426,movement
4782,0.9983513403423492,0.9977438169198982,movement
4783,0.9983513403423492,0.9977223796826318,movement
4784,0.9983513403423492,0.9977009424453656,movement
4785,0.9983513403423492,0.997679505208099,movement
4786,0.9983513403423492,0.9976580679708326,movement
4787,0.9983513403423492,0.9976368500295124,movement
4788,0.9983513403423492,0.9976156320881916,movement
4789,0.9983513403423492,0.9975944141468714,movement
4790,0.9983513403423492,0.9975731962055512,movement
4791,0.9983513403423492,0.9975519782642308,movement
4792,0.9983513403423492,0.9975307603229104,movement
4793,0.9983513403423492,0.9975095423815904,movement
4794,0.9983513403423492,0.9974883244402698,movement
4795,0.9983513403423492,0.9974638360876148,movement
4796,0.9983513403423492,0.99743934773496,movement
4797,0.9983513403423492,0.997414859382305,movement
4798,0.9983513403423492,0.99739037102965,movement
4799,0.9983513403423492,0.9973621914937733,movement
4800,0.9983032394165006,0.9973340119578964,movement
4801,0.9983032394165006,0.9973058324220196,movement
4802,0.9983032394165006,0.9972776528861428,movement
4803,0.9983032394165006,0.997249473350266,movement
4804,0.9983283383749592,0.9972212938143896,movement
4805,0.9983283383749592,0.9971931142785124,movement
4806,0.9983283383749592,0.9971649347426356,movement
4807,0.9983283383749592,0.99713706120422,movement
4808,0.9983283383749592,0.997109187665804,movement
4809,0.9983283383749592,0.997081314127388,movement
4810,0.9983283383749592,0.997053440588972,movement
4811,0.9983283383749592,0.9970258344607252,movement
4812,0.9983283383749592,0.996998228332478,movement
4813,0.9983283383749592,0.9969706222042308,movement
4814,0.9983283383749592,0.996943016075984,movement
4815,0.9983283383749592,0.996915409947737,movement
4816,0.9983283383749592,0.9968878038194898,movement
4817,0.9983283383749592,0.9968601976912428,movement
4818,0.9983283383749592,0.996832591562996,movement
4819,0.9983283383749592,0.9968023860056668,movement
4820,0.9983283383749592,0.9967721804483376,movement
4821,0.9983283383749592,0.9967419748910086,movement
4822,0.9983283383749592,0.9967117693336792,movement
4823,0.9983283383749592,0.9966779379847291,movement
4824,0.9981323007313732,0.9966441066357792,movement
4825,0.9981323007313732,0.9966102752868292,movement
4826,0.9981323007313732,0.9965764439378788,movement
4827,0.9981323007313732,0.996542612588929,movement
4828,0.9981124849245104,0.9965087812399788,movement
4829,0.9981124849245104,0.9964749498910286,movement
4830,0.9981124849245104,0.9964411185420784,movement
4831,0.9981124849245104,0.9964076255945316,movement
4832,0.9981124849245104,0.9963741326469848,movement
4833,0.9981124849245104,0.9963406396994382,movement
4834,0.9981124849245104,0.9963071467518912,movement
4835,0.9981124849245104,0.9962739480390936,movement
4836,0.9981124849245104,0.9962407493262956,movement
4837,0.9981124849245104,0.996207550613498,movement
4838,0.9981124849245104,0.9961743519007004,movement
4839,0.9981124849245104,0.9961411531879024,movement
4840,0.9981124849245104,0.9961079544751048,movement
4841,0.9981124849245104,0.9960747557623072,movement
4842,0.9981124849245104,0.9960415570495093,movement
4843,0.9981124849245104,0.996003464165177,movement
4844,0.9981124849245104,0.9959653712808448,movement
4845,0.9981124849245104,0.9959272783965124,movement
4846,0.9981124849245104,0.9958891855121802,movement
4847,0.9981124849245104,0.9958477377704756,movement
4848,0.997708709926151,0.9958062900287706,movement
4849,0.997708709926151,0.995764842287066,movement
4850,0.997708709926151,0.9957233945453612,movement
4851,0.997708709926151,0.9956819468036564,movement
4852,0.9975185679254523,0.9956404990619516,movement
4853,0.9975185679254523,0.995599051320247,movement
4854,0.9975185679254523,0.995557603578542,movement
4855,0.9975185679254523,0.9955164531962678,movement
4856,0.9975185679254523,0.9954753028139934,movement
4857,0.9975185679254523,0.9954341524317192,movement
4858,0.9975185679254523,0.9953930020494448,movement
4859,0.9975185679254523,0.9953521665293704,movement
4860,0.9975185679254523,0.9953113310092964,movement
4861,0.9975185679254523,0.9952704954892224,movement
4862,0.9975185679254523,0.995229659969148,movement
4863,0.9975185679254523,0.9951888244490738,movement
4864,0.9975185679254523,0.9951479889289996,movement
4865,0.9975185679254523,0.9951071534089254,movement
4866,0.9975185679254523,0.9950663178888512,movement
4867,0.9975185679254523,0.9950130707201176,movement
4868,0.9975185679254523,0.9949598235513836,movement
4869,0.9975185679254523,0.9949065763826498,movement
4870,0.9975185679254523,0.994853329213916,movement
4871,0.9975185679254523,0.9947945638987492,movement
4872,0.9968404456044656,0.9947357985835822,movement
4873,0.9968404456044656,0.9946770332684156,movement
4874,0.9968404456044656,0.9946182679532486,movement
4875,0.9968404456044656,0.9945595026380818,movement
4876,0.996420138030842,0.9945007373229152,movement
4877,0.996420138030842,0.994441972007748,movement
4878,0.996420138030842,0.9943832066925812,movement
4879,0.996420138030842,0.9943246104789348,movement
4880,0.996420138030842,0.9942660142652884,movement
4881,0.996420138030842,0.9942074180516416,movement
4882,0.996420138030842,0.9941488218379952,movement
4883,0.996420138030842,0.9940905262613904,movement
4884,0.996420138030842,0.9940322306847852,movement
4885,0.996420138030842,0.9939739351081804,movement
4886,0.996420138030842,0.9939156395315756,movement
4887,0.996420138030842,0.9938573439549708,movement
4888,0.996420138030842,0.993799048378366,movement
4889,0.996420138030842,0.9937407528017612,movement
4890,0.996420138030842,0.9936824572251562,movement
4891,0.996420138030842,0.9936010232226864,movement
4892,0.996420138030842,0.9935195892202168,movement
4893,0.996420138030842,0.9934381552177473,movement
4894,0.996420138030842,0.9933567212152772,movement
4895,0.996420138030842,0.993263749210695,movement
4896,0.9953854796798176,0.9931707772061124,movement
4897,0.9953854796798176,0.99307780520153,movement
4898,0.9953854796798176,0.9929848331969476,movement
4899,0.9953854796798176,0.9928918611923648,movement
4900,0.9947041406714954,0.9927988891877824,movement
4901,0.9947041406714954,0.9927059171832,movement
4902,0.9947041406714954,0.9926129451786176,movement
4903,0.9947041406714954,0.9925198765185296,movement
4904,0.9947041406714954,0.9924268078584416,movement
4905,0.9947041406714954,0.9923337391983534,movement
4906,0.9947041406714954,0.9922406705382654,movement
4907,0.9947041406714954,0.9921477672184684,movement
4908,0.9947041406714954,0.9920548638986716,movement
4909,0.9947041406714954,0.9919619605788748,movement
4910,0.9947041406714954,0.991869057259078,movement
4911,0.9947041406714954,0.9917761539392812,movement
4912,0.9947041406714954,0.991683250619484,movement
4913,0.9947041406714954,0.9915903472996872,movement
4914,0.9947041406714954,0.9914974439798904,movement
4915,0.9947041406714954,0.991368401188596,movement
4916,0.9947041406714954,0.9912393583973018,movement
4917,0.9947041406714954,0.9911103156060074,movement
4918,0.9947041406714954,0.990981272814713,movement
4919,0.9947041406714954,0.9908296743237268,movement
4920,0.9935858808049152,0.9906780758327404,movement
4921,0.9935858808049152,0.9905264773417544,movement
4922,0.9935858808049152,0.990374878850768,movement
4923,0.9935858808049152,0.990223280359782,movement
4924,0.9926453134668868,0.9900716818687956,movement
4925,0.9926453134668868,0.9899200833778092,movement
4926,0.9926453134668868,0.9897684848868232,movement
4927,0.9926453134668868,0.989616741071394,movement
4928,0.9926453134668868,0.989464997255965,movement
4929,0.9926453134668868,0.9893132534405362,movement
4930,0.9926453134668868,0.9891615096251072,movement
4931,0.9926453134668868,0.9890097522970962,movement
4932,0.9926453134668868,0.9888579949690852,movement
4933,0.9926453134668868,0.988706237641074,movement
4934,0.9926453134668868,0.9885544803130628,movement
4935,0.9926453134668868,0.988402722985052,movement
4936,0.9926453134668868,0.9882509656570406,movement
4937,0.9926453134668868,0.9880992083290294,movement
4938,0.9926453134668868,0.9879474510010188,movement
4939,0.9926453134668868,0.9877531542222776,movement
4940,0.9926453134668868,0.9875588574435368,movement
4941,0.9926453134668868,0.987364560664796,movement
4942,0.9926453134668868,0.9871702638860552,movement
4943,0.9926453134668868,0.9869415623532584,movement
4944,0.991664190066506,0.9867128608204616,movement
4945,0.991664190066506,0.9864841592876648,movement
4946,0.991664190066506,0.986255457754868,movement
4947,0.991664190066506,0.9860267562220713,movement
4948,0.9905568350999538,0.9857980546892744,movement
4949,0.9905568350999538,0.9855693531564774,movement
4950,0.9905568350999538,0.9853406516236806,movement
4951,0.9905568350999538,0.9851121104273034,movement
4952,0.9905568350999538,0.984883569230926,movement
4953,0.9905568350999538,0.9846550280345489,movement
4954,0.9905568350999538,0.9844264868381714,movement
4955,0.9905568350999538,0.9841978619785994,movement
4956,0.9905568350999538,0.9839692371190272,movement
4957,0.9905568350999538,0.9837406122594547,movement
4958,0.9905568350999538,0.9835119873998828,movement
4959,0.9905568350999538,0.9832833625403106,movement
4960,0.9905568350999538,0.9830547376807384,movement
4961,0.9905568350999538,0.982826112821166,movement
4962,0.9905568350999538,0.982597487961594,movement
4963,0.9905568350999538,0.982335845659894,movement
4964,0.9905568350999538,0.982074203358194,movement
4965,0.9905568350999538,0.981812561056494,movement
4966,0.9905568350999538,0.981550918754794,movement
4967,0.9905568350999538,0.9812494752536252,movement
4968,0.9897770063753352,0.9809480317524566,movement
4969,0.9897770063753352,0.9806465882512876,movement
4970,0.9897770063753352,0.980345144750119,movement
4971,0.9897770063753352,0.9800437012489502,movement
4972,0.9886892688890392,0.9797422577477816,movement
4973,0.9886892688890392,0.9794408142466128,movement
4974,0.9886892688890392,0.9791393707454442,movement
4975,0.9886892688890392,0.9788385807030876,movement
4976,0.9886892688890392,0.9785377906607304,movement
4977,0.9886892688890392,0.9782370006183736,movement
4978,0.9886892688890392,0.977936210576017,movement
4979,0.9886892688890392,0.97763548658635,movement
4980,0.9886892688890392,0.9773347625966824,movement
4981,0.9886892688890392,0.9770340386070154,movement
4982,0.9886892688890392,0.9767333146173482,movement
4983,0.9886892688890392,0.976432590627681,movement
4984,0.9886892688890392,0.9761318666380138,movement
4985,0.9886892688890392,0.9758311426483464,movement
4986,0.9886892688890392,0.9755304186586792,movement
4987,0.9886892688890392,0.9752198018738472,movement
4988,0.9886892688890392,0.9749091850890153,movement
4989,0.9886892688890392,0.9745985683041836,movement
4990,0.9886892688890392,0.9742879515193515,movement
4991,0.9886892688890392,0.9739430009566722,movement
4992,0.9872210174286838,0.9735980503939928,movement
4993,0.9872210174286838,0.9732530998313136,movement
4994,0.9872210174286838,0.972908149268634,movement
4995,0.9872210174286838,0.9725631987059548,movement
4996,0.9862145602169248,0.9722182481432756,movement
4997,0.9862145602169248,0.9718732975805964,movement
4998,0.9862145602169248,0.9715283470179168,movement
4999,0.9862145602169248,0.9711847423718988,movement
5000,0.9862145602169248,0.9708411377258808,movement
5001,0.9862145602169248,0.9704975330798624,movement
5002,0.9862145602169248,0.9701539284338442,movement
5003,0.9862145602169248,0.9698109575944952,movement
5004,0.9862145602169248,0.969467986755146,movement
5005,0.9862145602169248,0.9691250159157972,movement
5006,0.9862145602169248,0.968782045076448,movement
5007,0.9862145602169248,0.9684390742370989,movement
5008,0.9862145602169248,0.9680961033977497,movement
5009,0.9862145602169248,0.9677531325584005,movement
5010,0.9862145602169248,0.9674101617190513,movement
5011,0.9862145602169248,0.9670778123208912,movement
5012,0.9862145602169248,0.9667454629227312,movement
5013,0.9862145602169248,0.966413113524571,movement
5014,0.9862145602169248,0.966080764126411,movement
5015,0.9862145602169248,0.965733073280274,movement
5016,0.9824910656190242,0.9653853824341372,movement
5017,0.9824910656190242,0.9650376915880002,movement
5018,0.9824910656190242,0.9646900007418634,movement
5019,0.9824910656190242,0.9643423098957266,movement
5020,0.980835621689132,0.9639946190495896,movement
5021,0.980835621689132,0.9636469282034528,movement
5022,0.980835621689132,0.963299237357316,movement
5023,0.980835621689132,0.9629538069189156,movement
5024,0.980835621689132,0.9626083764805152,movement
5025,0.980835621689132,0.962262946042115,movement
5026,0.980835621689132,0.9619175156037147,movement
5027,0.980835621689132,0.96157348619056,movement
5028,0.980835621689132,0.9612294567774052,movement
5029,0.980835621689132,0.9608854273642502,movement
5030,0.980835621689132,0.9605413979510954,movement
5031,0.980835621689132,0.9601973685379404,movement
5032,0.980835621689132,0.9598533391247858,movement
5033,0.980835621689132,0.959509309711631,movement
5034,0.980835621689132,0.959165280298476,movement
5035,0.980835621689132,0.9588490909017066,movement
5036,0.980835621689132,0.9585329015049372,movement
5037,0.980835621689132,0.9582167121081676,movement
5038,0.980835621689132,0.9579005227113984,movement
5039,0.980835621689132,0.9575947902755918,movement
5040,0.97389409392967,0.9572890578397852,movement
5041,0.97389409392967,0.9569833254039788,movement
5042,0.97389409392967,0.9566775929681725,movement
5043,0.97389409392967,0.956371860532366,movement
5044,0.9704326932958418,0.9560661280965594,movement
5045,0.9704326932958418,0.9557603956607532,movement
5046,0.9704326932958418,0.9554546632249468,movement
5047,0.9704326932958418,0.9551523796503102,movement
5048,0.9704326932958418,0.954850096075674,movement
5049,0.9704326932958418,0.9545478125010376,movement
5050,0.9704326932958418,0.9542455289264012,movement
5051,0.9704326932958418,0.9539455164817924,movement
5052,0.9704326932958418,0.953645504037184,movement
5053,0.9704326932958418,0.9533454915925754,movement
5054,0.9704326932958418,0.9530454791479668,movement
5055,0.9704326932958418,0.952745466703358,movement
5056,0.9704326932958418,0.9524454542587496,movement
5057,0.9704326932958418,0.952145441814141,movement
5058,0.9704326932958418,0.9518454293695322,movement
5059,0.9704326932958418,0.951559873897584,movement
5060,0.9704326932958418,0.9512743184256356,movement
5061,0.9704326932958418,0.9509887629536876,movement
5062,0.9704326932958418,0.9507032074817396,movement
5063,0.9704326932958418,0.950441670994604,movement
5064,0.9595908518465917,0.9501801345074689,movement
5065,0.9595908518465917,0.9499185980203332,movement
5066,0.9595908518465917,0.949657061533198,movement
5067,0.9595908518465917,0.9493955250460626,movement
5068,0.9528241419390244,0.9491339885589272,movement
5069,0.9528241419390244,0.9488724520717918,movement
5070,0.9528241419390244,0.9486109155846568,movement
5071,0.9528241419390244,0.94835310663041,movement
5072,0.9528241419390244,0.9480952976761632,movement
5073,0.9528241419390244,0.9478374887219164,movement
5074,0.9528241419390244,0.9475796797676695,movement
5075,0.9528241419390244,0.9473250060378828,movement
5076,0.9528241419390244,0.9470703323080965,movement
5077,0.9528241419390244,0.9468156585783096,movement
5078,0.9528241419390244,0.9465609848485232,movement
5079,0.9528241419390244,0.9463063111187364,movement
5080,0.9528241419390244,0.9460516373889498,movement
5081,0.9528241419390244,0.9457969636591632,movement
5082,0.9528241419390244,0.9455422899293766,movement
5083,0.9528241419390244,0.945275540758537,movement
5084,0.9528241419390244,0.9450087915876976,movement
5085,0.9528241419390244,0.944742042416858,movement
5086,0.9528241419390244,0.9444752932460184,movement
5087,0.9528241419390244,0.944224847797627,movement
5088,0.9400623067200964,0.9439744023492358,movement
5089,0.9400623067200964,0.9437239569008444,movement
5090,0.9400623067200964,0.9434735114524532,movement
5091,0.9400623067200964,0.9432230660040616,movement
5092,0.929740880503305,0.9429726205556704,movement
5093,0.929740880503305,0.942722175107279,movement
5094,0.929740880503305,0.9424717296588876,movement
5095,0.929740880503305,0.9422245546218307,movement
5096,0.929740880503305,0.941977379584774,movement
5097,0.929740880503305,0.9417302045477176,movement
5098,0.929740880503305,0.9414830295106608,movement
5099,0.929740880503305,0.9412395456568258,movement
5100,0.929740880503305,0.9409960618029908,movement
5101,0.929740880503305,0.940752577949156,movement
5102,0.929740880503305,0.9405090940953208,movement
5103,0.929740880503305,0.940265610241486,movement
5104,0.929740880503305,0.9400221263876511,movement
5105,0.929740880503305,0.9397786425338164,movement
5106,0.929740880503305,0.9395351586799814,movement
5107,0.929740880503305,0.939247737957356,movement
5108,0.929740880503305,0.9389603172347308,movement
5109,0.929740880503305,0.9386728965121056,movement
5110,0.929740880503305,0.9383854757894804,movement
5111,0.929740880503305,0.9380928643505284,movement
5112,0.9198356478649584,0.9378002529115766,movement
5113,0.9198356478649584,0.9375076414726248,movement
5114,0.9198356478649584,0.9372150300336728,movement
5115,0.9198356478649584,0.936922418594721,movement
5116,0.9078952880243424,0.936629807155769,movement
5117,0.9078952880243424,0.9363371957168172,movement
5118,0.9078952880243424,0.9360445842778654,movement
5119,0.9078952880243424,0.9357545722679956,movement
5120,0.9078952880243424,0.9354645602581256,movement
5121,0.9078952880243424,0.935174548248256,movement
5122,0.9078952880243424,0.934884536238386,movement
5123,0.9078952880243424,0.9345981500201376,movement
5124,0.9078952880243424,0.9343117638018884,movement
5125,0.9078952880243424,0.9340253775836396,movement
5126,0.9078952880243424,0.933738991365391,movement
5127,0.9078952880243424,0.933452605147142,movement
5128,0.9078952880243424,0.9331662189288932,movement
5129,0.9078952880243424,0.9328798327106445,movement
5130,0.9078952880243424,0.9325934464923956,movement
5131,0.9078952880243424,0.9322431489180444,movement
5132,0.9078952880243424,0.931892851343693,movement
5133,0.9078952880243424,0.9315425537693418,movement
5134,0.9078952880243424,0.9311922561949908,movement
5135,0.9078952880243424,0.930799149168907,movement
5136,0.904927449474933,0.9304060421428234,movement
5137,0.904927449474933,0.93001293511674,movement
5138,0.904927449474933,0.9296198280906562,movement
5139,0.904927449474933,0.9292267210645728,movement
5140,0.8946273161207107,0.9288336140384892,movement
5141,0.8946273161207107,0.9284405070124054,movement
5142,0.8946273161207107,0.928047399986322,movement
5143,0.8946273161207107,0.927659187131773,movement
5144,0.8946273161207107,0.927270974277224,movement
5145,0.8946273161207107,0.9268827614226748,movement
5146,0.8946273161207107,0.9264945485681256,movement
5147,0.8946273161207107,0.9261096905709492,movement
5148,0.8946273161207107,0.9257248325737728,movement
5149,0.8946273161207107,0.925339974576596,movement
5150,0.8946273161207107,0.9249551165794196,movement
5151,0.8946273161207107,0.924570258582243,movement
5152,0.8946273161207107,0.9241854005850664,movement
5153,0.8946273161207107,0.92380054258789,movement
5154,0.8946273161207107,0.9234156845907134,movement
5155,0.8946273161207107,0.922936689761202,movement
5156,0.8946273161207107,0.9224576949316908,movement
5157,0.8946273161207107,0.9219787001021796,movement
5158,0.8946273161207107,0.9214997052726684,movement
5159,0.8946273161207107,0.9209508189807272,movement
5160,0.8978137484774283,0.920401932688786,movement
5161,0.8978137484774283,0.9198530463968446,movement
5162,0.8978137484774283,0.9193041601049032,movement
5163,0.8978137484774283,0.9187552738129622,movement
5164,0.8932113140843878,0.9182063875210208,movement
5165,0.8932113140843878,0.9176575012290796,movement
5166,0.8932113140843878,0.9171086149371384,movement
5167,0.8932113140843878,0.9165721402938568,movement
5168,0.8932113140843878,0.9160356656505751,movement
5169,0.8932113140843878,0.9154991910072936,movement
5170,0.8932113140843878,0.914962716364012,movement
5171,0.8932113140843878,0.9144317598671632,movement
5172,0.8932113140843878,0.9139008033703148,movement
5173,0.8932113140843878,0.913369846873466,movement
5174,0.8932113140843878,0.9128388903766176,movement
5175,0.8932113140843878,0.9123079338797688,movement
5176,0.8932113140843878,0.9117769773829204,movement
5177,0.8932113140843878,0.9112460208860718,movement
5178,0.8932113140843878,0.9107150643892232,movement
5179,0.8932113140843878,0.9100699236145916,movement
5180,0.8932113140843878,0.9094247828399602,movement
5181,0.8932113140843878,0.9087796420653288,movement
5182,0.8932113140843878,0.9081345012906972,movement
5183,0.8932113140843878,0.907396996646356,movement
5184,0.9015633190000044,0.9066594920020145,movement
5185,0.9015633190000044,0.905921987357673,movement
5186,0.9015633190000044,0.9051844827133316,movement
5187,0.9015633190000044,0.9044469780689898,movement
5188,0.9047004072889092,0.9037094734246484,movement
5189,0.9047004072889092,0.9029719687803068,movement
5190,0.9047004072889092,0.9022344641359656,movement
5191,0.9047004072889092,0.901520097917489,movement
5192,0.9047004072889092,0.9008057316990123,movement
5193,0.9047004072889092,0.9000913654805358,movement
5194,0.9047004072889092,0.8993769992620594,movement
5195,0.9047004072889092,0.8986741710456954,movement
5196,0.9047004072889092,0.8979713428293317,movement
5197,0.9047004072889092,0.8972685146129679,movement
5198,0.9047004072889092,0.8965656863966041,movement
5199,0.9047004072889092,0.8958628581802403,movement
5200,0.9047004072889092,0.8951600299638766,movement
5201,0.9047004072889092,0.8944572017475128,movement
5202,0.9047004072889092,0.8937543735311487,movement
5203,0.9047004072889092,0.8929348325728997,movement
5204,0.9047004072889092,0.8921152916146506,movement
5205,0.9047004072889092,0.8912957506564015,movement
5206,0.9047004072889092,0.8904762096981524,movement
5207,0.9047004072889092,0.8895508054316177,movement
5208,0.909037499087028,0.888625401165083,movement
5209,0.909037499087028,0.8876999968985481,movement
5210,0.909037499087028,0.8867745926320132,movement
5211,0.909037499087028,0.8858491883654787,movement
5212,0.9162431945308924,0.8849237840989438,movement
5213,0.9162431945308924,0.883998379832409,movement
5214,0.9162431945308924,0.8830729755658744,movement
5215,0.9162431945308924,0.882183710770837,movement
5216,0.9162431945308924,0.8812944459757996,movement
5217,0.9162431945308924,0.8804051811807623,movement
5218,0.9162431945308924,0.8795159163857251,movement
5219,0.9162431945308924,0.8786492072903798,movement
5220,0.9162431945308924,0.8777824981950344,movement
5221,0.9162431945308924,0.876915789099689,movement
5222,0.9162431945308924,0.8760490800043437,movement
5223,0.9162431945308924,0.8751823709089981,movement
5224,0.9162431945308924,0.8743156618136528,movement
5225,0.9162431945308924,0.8734489527183075,movement
5226,0.9162431945308924,0.872582243622962,movement
5227,0.9162431945308924,0.8716173479031502,movement
5228,0.9162431945308924,0.8706524521833381,movement
5229,0.9162431945308924,0.8696875564635261,movement
5230,0.9162431945308924,0.8687226607437142,movement
5231,0.9162431945308924,0.8676381392378478,movement
5232,0.912620562215043,0.8665536177319811,movement
5233,0.912620562215043,0.8654690962261149,movement
5234,0.912620562215043,0.8643845747202487,movement
5235,0.912620562215043,0.863300053214382,movement
5236,0.9175116789494796,0.8622155317085156,movement
5237,0.9175116789494796,0.8611310102026494,movement
5238,0.9175116789494796,0.8600464886967827,movement
5239,0.9175116789494796,0.8590045066416461,movement
5240,0.9175116789494796,0.8579625245865096,movement
5241,0.9175116789494796,0.856920542531373,movement
5242,0.9175116789494796,0.8558785604762361,movement
5243,0.9175116789494796,0.8548709831751554,movement
5244,0.9175116789494796,0.8538634058740748,movement
5245,0.9175116789494796,0.8528558285729941,movement
5246,0.9175116789494796,0.8518482512719134,movement
5247,0.9175116789494796,0.8508406739708327,movement
5248,0.9175116789494796,0.8498330966697522,movement
5249,0.9175116789494796,0.8488255193686713,movement
5250,0.9175116789494796,0.8478179420675906,movement
5251,0.9175116789494796,0.846700948447336,movement
5252,0.9175116789494796,0.8455839548270812,movement
5253,0.9175116789494796,0.8444669612068264,movement
5254,0.9175116789494796,0.8433499675865718,movement
5255,0.9175116789494796,0.8421205497012045,movement
5256,0.9043306183123744,0.8408911318158373,movement
5257,0.9043306183123744,0.8396617139304701,movement
5258,0.9043306183123744,0.8384322960451029,movement
5259,0.9043306183123744,0.8372028781597357,movement
5260,0.9027734034143932,0.8359734602743686,movement
5261,0.9027734034143932,0.8347440423890014,movement
5262,0.9027734034143932,0.8335146245036341,movement
5263,0.9027734034143932,0.8323182240603947,movement
5264,0.9027734034143932,0.8311218236171554,movement
5265,0.9027734034143932,0.829925423173916,movement
5266,0.9027734034143932,0.8287290227306766,movement
5267,0.9027734034143932,0.827572423486906,movement
5268,0.9027734034143932,0.8264158242431353,movement
5269,0.9027734034143932,0.8252592249993647,movement
5270,0.9027734034143932,0.824102625755594,movement
5271,0.9027734034143932,0.8229460265118234,movement
5272,0.9027734034143932,0.8217894272680527,movement
5273,0.9027734034143932,0.820632828024282,movement
5274,0.9027734034143932,0.8194762287805113,movement
5275,0.9027734034143932,0.818171348900396,movement
5276,0.9027734034143932,0.8168664690202805,movement
5277,0.9027734034143932,0.815561589140165,movement
5278,0.9027734034143932,0.8142567092600496,movement
5279,0.9027734034143932,0.8128402952699587,movement
5280,0.8835999965836667,0.8114238812798678,movement
5281,0.8835999965836667,0.8100074672897769,movement
5282,0.8835999965836667,0.808591053299686,movement
5283,0.8835999965836667,0.8071746393095952,movement
5284,0.8707571610639656,0.8057582253195044,movement
5285,0.8707571610639656,0.8043418113294134,movement
5286,0.8707571610639656,0.8029253973393224,movement
5287,0.8707571610639656,0.8015188761443962,movement
5288,0.8707571610639656,0.8001123549494702,movement
5289,0.8707571610639656,0.798705833754544,no movement
5290,0.8707571610639656,0.7972993125596177,no movement
5291,0.8707571610639656,0.7959271251425389,no movement
5292,0.8707571610639656,0.7945549377254602,no movement
5293,0.8707571610639656,0.7931827503083814,no movement
5294,0.8707571610639656,0.7918105628913026,no movement
5295,0.8707571610639656,0.7904383754742238,no movement
5296,0.8707571610639656,0.789066188057145,no movement
5297,0.8707571610639656,0.7876940006400662,no movement
5298,0.8707571610639656,0.7863218132229874,no movement
5299,0.8707571610639656,0.7847800143358966,no movement
5300,0.8707571610639656,0.7832382154488057,no movement
5301,0.8707571610639656,0.7816964165617147,no movement
5302,0.8707571610639656,0.7801546176746239,no movement
5303,0.8707571610639656,0.7784857958995617,no movement
5304,0.8425161113635401,0.7768169741244997,no movement
5305,0.8425161113635401,0.7751481523494376,no movement
5306,0.8425161113635401,0.7734793305743756,no movement
5307,0.8425161113635401,0.7718105087993136,no movement
5308,0.8215486726345492,0.7701416870242513,no movement
5309,0.8215486726345492,0.7684728652491893,no movement
5310,0.8215486726345492,0.7668040434741272,no movement
5311,0.8215486726345492,0.7651246002578762,no movement
5312,0.8215486726345492,0.7634451570416251,no movement
5313,0.8215486726345492,0.761765713825374,no movement
5314,0.8215486726345492,0.7600862706091228,no movement
5315,0.8215486726345492,0.7584221688408485,no movement
5316,0.8215486726345492,0.7567580670725742,no movement
5317,0.8215486726345492,0.7550939653042998,no movement
5318,0.8215486726345492,0.7534298635360256,no movement
5319,0.8215486726345492,0.7517657617677512,no movement
5320,0.8215486726345492,0.7501016599994769,no movement
5321,0.8215486726345492,0.7484375582312026,no movement
5322,0.8215486726345492,0.7467734564629283,no movement
5323,0.8215486726345492,0.7449582557699859,no movement
5324,0.8215486726345492,0.7431430550770435,no movement
5325,0.8215486726345492,0.741327854384101,no movement
5326,0.8215486726345492,0.7395126536911586,no movement
5327,0.8215486726345492,0.7375333860228547,no movement
5328,0.7872933892996868,0.7355541183545506,no movement
5329,0.7872933892996868,0.7335748506862465,no movement
5330,0.7872933892996868,0.7315955830179425,no movement
5331,0.7872933892996868,0.7296163153496386,no movement
5332,0.759584228386697,0.7276370476813345,no movement
5333,0.759584228386697,0.7256577800130305,no movement
5334,0.759584228386697,0.7236785123447266,no movement
5335,0.759584228386697,0.7216714046600372,no movement
5336,0.759584228386697,0.7196642969753478,no movement
5337,0.759584228386697,0.7176571892906585,no movement
5338,0.759584228386697,0.7156500816059691,no movement
5339,0.759584228386697,0.7136325169603167,no movement
5340,0.759584228386697,0.7116149523146643,no movement
5341,0.759584228386697,0.7095973876690119,no movement
5342,0.759584228386697,0.7075798230233595,no movement
5343,0.759584228386697,0.7055622583777073,no movement
5344,0.759584228386697,0.7035446937320547,no movement
5345,0.759584228386697,0.7015271290864024,no movement
5346,0.759584228386697,0.69950956444075,no movement
5347,0.759584228386697,0.6973947768757701,no movement
5348,0.759584228386697,0.6952799893107903,no movement
5349,0.759584228386697,0.6931652017458105,no movement
5350,0.759584228386697,0.6910504141808306,no movement
5351,0.759584228386697,0.6887747273878315,no movement
5352,0.7245704058211176,0.6864990405948325,no movement
5353,0.7245704058211176,0.6842233538018334,no movement
5354,0.7245704058211176,0.6819476670088344,no movement
5355,0.7245704058211176,0.6796719802158354,no movement
5356,0.6928114133354089,0.6773962934228362,no movement
5357,0.6928114133354089,0.6751206066298372,no movement
5358,0.6928114133354089,0.672844919836838,no movement
5359,0.6928114133354089,0.6705547760711786,no movement
5360,0.6928114133354089,0.6682646323055191,no movement
5361,0.6928114133354089,0.6659744885398597,no movement
5362,0.6928114133354089,0.6636843447742002,no movement
5363,0.6928114133354089,0.661370182023728,no movement
5364,0.6928114133354089,0.6590560192732555,no movement
5365,0.6928114133354089,0.6567418565227832,no movement
5366,0.6928114133354089,0.6544276937723109,no movement
5367,0.6928114133354089,0.6521135310218386,no movement
5368,0.6928114133354089,0.6497993682713662,no movement
5369,0.6928114133354089,0.6474852055208938,no movement
5370,0.6928114133354089,0.6451710427704216,no movement
5371,0.6928114133354089,0.642812162977503,no movement
5372,0.6928114133354089,0.6404532831845845,no movement
5373,0.6928114133354089,0.638094403391666,no movement
5374,0.6928114133354089,0.6357355235987475,no movement
5375,0.6928114133354089,0.6332683810527284,no movement
5376,0.6633554259954312,0.6308012385067094,no movement
5377,0.6633554259954312,0.6283340959606905,no movement
5378,0.6633554259954312,0.6258669534146714,no movement
5379,0.6633554259954312,0.6233998108686524,no movement
5380,0.627467690179099,0.6209326683226333,no movement
5381,0.627467690179099,0.6184655257766143,no movement
5382,0.627467690179099,0.6159983832305952,no movement
5383,0.627467690179099,0.6135433161256291,no movement
5384,0.627467690179099,0.6110882490206628,no movement
5385,0.627467690179099,0.6086331819156967,no movement
5386,0.627467690179099,0.6061781148107305,no movement
5387,0.627467690179099,0.6037067439833163,no movement
5388,0.627467690179099,0.6012353731559019,no movement
5389,0.627467690179099,0.5987640023284876,no movement
5390,0.627467690179099,0.5962926315010733,no movement
5391,0.627467690179099,0.5938212606736589,no movement
5392,0.627467690179099,0.5913498898462446,no movement
5393,0.627467690179099,0.5888785190188303,no movement
5394,0.627467690179099,0.5864071481914159,no movement
5395,0.627467690179099,0.5839136164600311,no movement
5396,0.627467690179099,0.5814200847286464,no movement
5397,0.627467690179099,0.5789265529972615,no movement
5398,0.627467690179099,0.5764330212658767,no movement
5399,0.627467690179099,0.5738902380957878,no movement
5400,0.5946427944268835,0.571347454925699,no movement
5401,0.5946427944268835,0.5688046717556102,no movement
5402,0.5946427944268835,0.5662618885855213,no movement
5403,0.5946427944268835,0.5637191054154325,no movement
5404,0.5609155148931448,0.5611763222453436,no movement
5405,0.5609155148931448,0.5586335390752548,no movement
5406,0.5609155148931448,0.556090755905166,no movement
5407,0.5609155148931448,0.5535919096038674,no movement
5408,0.5609155148931448,0.5510930633025689,no movement
5409,0.5609155148931448,0.5485942170012705,no movement
5410,0.5609155148931448,0.546095370699972,no movement
5411,0.5609155148931448,0.5436017151150002,no movement
5412,0.5609155148931448,0.5411080595300282,no movement
5413,0.5609155148931448,0.5386144039450563,no movement
5414,0.5609155148931448,0.5361207483600845,no movement
5415,0.5609155148931448,0.5336270927751127,no movement
5416,0.5609155148931448,0.5311334371901406,no movement
5417,0.5609155148931448,0.5286397816051688,no movement
5418,0.5609155148931448,0.526146126020197,no movement
5419,0.5609155148931448,0.5236382210185809,no movement
5420,0.5609155148931448,0.5211303160169648,no movement
5421,0.5609155148931448,0.5186224110153487,no movement
5422,0.5609155148931448,0.5161145060137328,no movement
5423,0.5609155148931448,0.5135924922673915,no movement
5424,0.5164313239897089,0.51107047852105,no movement
5425,0.5164313239897089,0.5085484647747087,no movement
5426,0.5164313239897089,0.5060264510283675,no movement
5427,0.5164313239897089,0.5035044372820262,no movement
5428,0.4829710909970768,0.5009824235356848,no movement
5429,0.4829710909970768,0.4984604097893435,no movement
5430,0.4829710909970768,0.4959383960430022,no movement
5431,0.4829710909970768,0.4934802936527633,no movement
5432,0.4829710909970768,0.4910221912625244,no movement
5433,0.4829710909970768,0.4885640888722855,no movement
5434,0.4829710909970768,0.4861059864820466,no movement
5435,0.4829710909970768,0.48369069354354,no movement
5436,0.4829710909970768,0.4812754006050335,no movement
5437,0.4829710909970768,0.478860107666527,no movement
5438,0.4829710909970768,0.4764448147280203,no movement
5439,0.4829710909970768,0.4740295217895138,no movement
5440,0.4829710909970768,0.4716142288510073,no movement
5441,0.4829710909970768,0.4691989359125006,no movement
5442,0.4829710909970768,0.4667836429739942,no movement
5443,0.4829710909970768,0.4643584420428306,no movement
5444,0.4829710909970768,0.4619332411116671,no movement
5445,0.4829710909970768,0.4595080401805038,no movement
5446,0.4829710909970768,0.4570828392493402,no movement
5447,0.4829710909970768,0.4546489718574376,no movement
5448,0.4320876499934336,0.4522151044655348,no movement
5449,0.4320876499934336,0.4497812370736322,no movement
5450,0.4320876499934336,0.4473473696817294,no movement
5451,0.4320876499934336,0.4449135022898267,no movement
5452,0.3939807836020919,0.4424796348979239,no movement
5453,0.3939807836020919,0.4400457675060212,no movement
5454,0.3939807836020919,0.4376119001141185,no movement
5455,0.3939807836020919,0.4352721695545506,no movement
5456,0.3939807836020919,0.4329324389949825,no movement
5457,0.3939807836020919,0.4305927084354147,no movement
5458,0.3939807836020919,0.4282529778758466,no movement
5459,0.3939807836020919,0.4259831387787086,no movement
5460,0.3939807836020919,0.4237132996815707,no movement
5461,0.3939807836020919,0.4214434605844326,no movement
5462,0.3939807836020919,0.4191736214872946,no movement
5463,0.3939807836020919,0.4169037823901567,no movement
5464,0.3939807836020919,0.4146339432930186,no movement
5465,0.3939807836020919,0.4123641041958807,no movement
5466,0.3939807836020919,0.4100942650987427,no movement
5467,0.3939807836020919,0.4078168817388634,no movement
5468,0.3939807836020919,0.405539498378984,no movement
5469,0.3939807836020919,0.4032621150191047,no movement
5470,0.3939807836020919,0.4009847316592254,no movement
5471,0.3939807836020919,0.3986935273484717,no movement
5472,0.3486511062016572,0.3964023230377181,no movement
5473,0.3486511062016572,0.3941111187269644,no movement
5474,0.3486511062016572,0.3918199144162108,no movement
5475,0.3486511062016572,0.3895287101054571,no movement
5476,0.2994310135931914,0.3872375057947035,no movement
5477,0.2994310135931914,0.3849463014839498,no movement
5478,0.2994310135931914,0.3826550971731962,no movement
5479,0.2994310135931914,0.3804780771402254,no movement
5480,0.2994310135931914,0.3783010571072546,no movement
5481,0.2994310135931914,0.3761240370742839,no movement
5482,0.2994310135931914,0.373947017041313,no movement
5483,0.2994310135931914,0.3718623608780522,no movement
5484,0.2994310135931914,0.3697777047147915,no movement
5485,0.2994310135931914,0.3676930485515307,no movement
5486,0.2994310135931914,0.3656083923882698,no movement
5487,0.2994310135931914,0.363523736225009,no movement
5488,0.2994310135931914,0.3614390800617482,no movement
5489,0.2994310135931914,0.3593544238984874,no movement
5490,0.2994310135931914,0.3572697677352267,no movement
5491,0.2994310135931914,0.3551753402048886,no movement
5492,0.2994310135931914,0.3530809126745506,no movement
5493,0.2994310135931914,0.3509864851442126,no movement
5494,0.2994310135931914,0.3488920576138747,no movement
5495,0.2994310135931914,0.3467879608289665,no movement
5496,0.2702641377949563,0.3446838640440585,no movement
5497,0.2702641377949563,0.3425797672591503,no movement
5498,0.2702641377949563,0.3404756704742422,no movement
5499,0.2702641377949563,0.3383715736893342,no movement
5500,0.2219943693891898,0.3362674769044261,no movement
5501,0.2219943693891898,0.3341633801195179,no movement
5502,0.2219943693891898,0.3320592833346098,no movement
5503,0.2219943693891898,0.330071899291587,no movement
5504,0.2219943693891898,0.3280845152485642,no movement
5505,0.2219943693891898,0.3260971312055414,no movement
5506,0.2219943693891898,0.3241097471625185,no movement
5507,0.2219943693891898,0.3222282264277814,no movement
5508,0.2219943693891898,0.3203467056930442,no movement
5509,0.2219943693891898,0.3184651849583071,no movement
5510,0.2219943693891898,0.31658366422357,no movement
5511,0.2219943693891898,0.3147021434888329,no movement
5512,0.2219943693891898,0.3128206227540956,no movement
5513,0.2219943693891898,0.3109391020193585,no movement
5514,0.2219943693891898,0.3090575812846214,no movement
5515,0.2219943693891898,0.3071613009684109,no movement
5516,0.2219943693891898,0.3052650206522003,no movement
5517,0.2219943693891898,0.3033687403359898,no movement
5518,0.2219943693891898,0.3014724600197793,no movement
5519,0.2219943693891898,0.2995683669664984,no movement
5520,0.2085792566553404,0.2976642739132177,no movement
5521,0.2085792566553404,0.2957601808599368,no movement
5522,0.2085792566553404,0.293856087806656,no movement
5523,0.2085792566553404,0.2919519947533752,no movement
5524,0.1761004307251844,0.2900479017000943,no movement
5525,0.1761004307251844,0.2881438086468136,no movement
5526,0.1761004307251844,0.2862397155935327,no movement
5527,0.1761004307251844,0.2844338091647185,no movement
5528,0.1761004307251844,0.2826279027359042,no movement
5529,0.1761004307251844,0.28082199630709,no movement
5530,0.1761004307251844,0.2790160898782758,no movement
5531,0.1761004307251844,0.277329809235516,no movement
5532,0.1761004307251844,0.2756435285927562,no movement
5533,0.1761004307251844,0.2739572479499964,no movement
5534,0.1761004307251844,0.2722709673072366,no movement
5535,0.1761004307251844,0.2705846866644768,no movement
5536,0.1761004307251844,0.268898406021717,no movement
5537,0.1761004307251844,0.2672121253789573,no movement
5538,0.1761004307251844,0.2655258447361974,no movement
5539,0.1761004307251844,0.2638240599779752,no movement
5540,0.1761004307251844,0.262122275219753,no movement
5541,0.1761004307251844,0.2604204904615309,no movement
5542,0.1761004307251844,0.2587187057033087,no movement
5543,0.1761004307251844,0.2570049417552413,no movement
5544,0.1694521595340339,0.255291177807174,no movement
5545,0.1694521595340339,0.2535774138591066,no movement
5546,0.1694521595340339,0.2518636499110392,no movement
5547,0.1694521595340339,0.2501498859629719,no movement
5548,0.1546767279228272,0.2484361220149046,no movement
5549,0.1546767279228272,0.2467223580668372,no movement
5550,0.1546767279228272,0.2450085941187698,no movement
5551,0.1546767279228272,0.2434042464898765,no movement
5552,0.1546767279228272,0.2417998988609832,no movement
5553,0.1546767279228272,0.2401955512320899,no movement
5554,0.1546767279228272,0.2385912036031967,no movement
5555,0.1546767279228272,0.2370992802394158,no movement
5556,0.1546767279228272,0.2356073568756349,no movement
5557,0.1546767279228272,0.2341154335118541,no movement
5558,0.1546767279228272,0.2326235101480733,no movement
5559,0.1546767279228272,0.2311315867842925,no movement
5560,0.1546767279228272,0.2296396634205116,no movement
5561,0.1546767279228272,0.2281477400567308,no movement
5562,0.1546767279228272,0.2266558166929499,no movement
5563,0.1546767279228272,0.2251575991095812,no movement
5564,0.1546767279228272,0.2236593815262124,no movement
5565,0.1546767279228272,0.2221611639428437,no movement
5566,0.1546767279228272,0.220662946359475,no movement
5567,0.1546767279228272,0.2191498701848574,no movement
5568,0.150401902929582,0.2176367940102398,no movement
5569,0.150401902929582,0.2161237178356222,no movement
5570,0.150401902929582,0.2146106416610046,no movement
5571,0.150401902929582,0.213097565486387,no movement
5572,0.146169279511998,0.2115844893117694,no movement
5573,0.146169279511998,0.2100714131371518,no movement
5574,0.146169279511998,0.2085583369625342,no movement
5575,0.146169279511998,0.2071935414242614,no movement
5576,0.146169279511998,0.2058287458859886,no movement
5577,0.146169279511998,0.2044639503477157,no movement
5578,0.146169279511998,0.2030991548094429,no movement
5579,0.146169279511998,0.2018458933811456,no movement
5580,0.146169279511998,0.2005926319528482,no movement
5581,0.146169279511998,0.1993393705245508,no movement
5582,0.146169279511998,0.1980861090962535,no movement
5583,0.146169279511998,0.1968328476679561,no movement
5584,0.146169279511998,0.1955795862396587,no movement
5585,0.146169279511998,0.1943263248113613,no movement
5586,0.146169279511998,0.193073063383064,no movement
5587,0.146169279511998,0.1918237855095058,no movement
5588,0.146169279511998,0.1905745076359477,no movement
5589,0.146169279511998,0.1893252297623895,no movement
5590,0.146169279511998,0.1880759518888313,no movement
5591,0.146169279511998,0.1868172218487206,no movement
5592,0.1431968817149234,0.1855584918086099,no movement
5593,0.1431968817149234,0.1842997617684991,no movement
5594,0.1431968817149234,0.1830410317283884,no movement
5595,0.1431968817149234,0.1817823016882777,no movement
5596,0.1405969434931504,0.180523571648167,no movement
5597,0.1405969434931504,0.1792648416080562,no movement
5598,0.1405969434931504,0.1780061115679455,no movement
5599,0.1405969434931504,0.176916992997847,no movement
5600,0.1405969434931504,0.1758278744277484,no movement
5601,0.1405969434931504,0.1747387558576498,no movement
5602,0.1405969434931504,0.1736496372875512,no movement
5603,0.1405969434931504,0.1726875416054238,no movement
5604,0.1405969434931504,0.1717254459232964,no movement
5605,0.1405969434931504,0.1707633502411689,no movement
5606,0.1405969434931504,0.1698012545590415,no movement
5607,0.1405969434931504,0.1688391588769141,no movement
5608,0.1405969434931504,0.1678770631947866,no movement
5609,0.1405969434931504,0.1669149675126592,no movement
5610,0.1405969434931504,0.1659528718305318,no movement
5611,0.1405969434931504,0.1649851362466601,no movement
5612,0.1405969434931504,0.1640174006627884,no movement
5613,0.1405969434931504,0.1630496650789167,no movement
5614,0.1405969434931504,0.162081929495045,no movement
5615,0.1405969434931504,0.1611120641509536,no movement
5616,0.138333664670752,0.1601421988068622,no movement
5617,0.138333664670752,0.1591723334627708,no movement
5618,0.138333664670752,0.1582024681186795,no movement
5619,0.138333664670752,0.1572326027745881,no movement
5620,0.1341873794084542,0.1562627374304967,no movement
5621,0.1341873794084542,0.1552928720864054,no movement
5622,0.1341873794084542,0.154323006742314,no movement
5623,0.1341873794084542,0.1535042403228907,no movement
5624,0.1341873794084542,0.1526854739034675,no movement
5625,0.1341873794084542,0.1518667074840442,no movement
5626,0.1341873794084542,0.151047941064621,no movement
5627,0.1341873794084542,0.1503932416205593,no movement
5628,0.1341873794084542,0.1497385421764976,no movement
5629,0.1341873794084542,0.1490838427324358,no movement
5630,0.1341873794084542,0.1484291432883742,no movement
5631,0.1341873794084542,0.1477744438443125,no movement
5632,0.1341873794084542,0.1471197444002508,no movement
5633,0.1341873794084542,0.1464650449561891,no movement
5634,0.1341873794084542,0.1458103455121273,no movement
5635,0.1341873794084542,0.1451379151335472,no movement
5636,0.1341873794084542,0.144465484754967,no movement
5637,0.1341873794084542,0.1437930543763868,no movement
5638,0.1341873794084542,0.1431206239978066,no movement
5639,0.1341873794084542,0.1424476724324443,no movement
5640,0.1312559692853003,0.1417747208670821,no movement
5641,0.1312559692853003,0.1411017693017199,no movement
5642,0.1312559692853003,0.1404288177363577,no movement
5643,0.1312559692853003,0.1397558661709955,no movement
5644,0.1283551929142674,0.1390829146056333,no movement
5645,0.1283551929142674,0.1384099630402711,no movement
5646,0.1283551929142674,0.1377370114749089,no movement
5647,0.1283551929142674,0.1371612828288741,no movement
5648,0.1283551929142674,0.1365855541828393,no movement
5649,0.1283551929142674,0.1360098255368046,no movement
5650,0.1283551929142674,0.1354340968907698,no movement
5651,0.1283551929142674,0.1350192674727543,no movement
5652,0.1283551929142674,0.1346044380547388,no movement
5653,0.1283551929142674,0.1341896086367232,no movement
5654,0.1283551929142674,0.1337747792187077,no movement
5655,0.1283551929142674,0.1333599498006921,no movement
5656,0.1283551929142674,0.1329451203826766,no movement
5657,0.1283551929142674,0.1325302909646611,no movement
5658,0.1283551929142674,0.1321154615466455,no movement
5659,0.1283551929142674,0.1316844572904636,no movement
5660,0.1283551929142674,0.1312534530342816,no movement
5661,0.1283551929142674,0.1308224487780996,no movement
5662,0.1283551929142674,0.1303914445219176,no movement
5663,0.1283551929142674,0.1299511035292003,no movement
5664,0.1239273184722496,0.1295107625364829,no movement
5665,0.1239273184722496,0.1290704215437656,no movement
5666,0.1239273184722496,0.1286300805510482,no movement
5667,0.1239273184722496,0.1281897395583309,no movement
5668,0.1215834973511617,0.1277493985656136,no movement
5669,0.1215834973511617,0.1273090575728962,no movement
5670,0.1215834973511617,0.1268687165801789,no movement
5671,0.1215834973511617,0.1264730926299077,no movement
5672,0.1215834973511617,0.1260774686796365,no movement
5673,0.1215834973511617,0.1256818447293653,no movement
5674,0.1215834973511617,0.1252862207790942,no movement
5675,0.1215834973511617,0.1249988595819235,no movement
5676,0.1215834973511617,0.1247114983847528,no movement
5677,0.1215834973511617,0.1244241371875822,no movement
5678,0.1215834973511617,0.1241367759904115,no movement
5679,0.1215834973511617,0.1238494147932408,no movement
5680,0.1215834973511617,0.1235620535960702,no movement
5681,0.1215834973511617,0.1232746923988995,no movement
5682,0.1215834973511617,0.1229873312017289,no movement
5683,0.1215834973511617,0.1226907129953263,no movement
5684,0.1215834973511617,0.1223940947889237,no movement
5685,0.1215834973511617,0.122097476582521,no movement
5686,0.1215834973511617,0.1218008583761184,no movement
5687,0.1215834973511617,0.1214826959815389,no movement
5688,0.1169322627124397,0.1211645335869594,no movement
5689,0.1169322627124397,0.1208463711923799,no movement
5690,0.1169322627124397,0.1205282087978003,no movement
5691,0.1169322627124397,0.1202100464032208,no movement
5692,0.1133385057588934,0.1198918840086414,no movement
5693,0.1133385057588934,0.1195737216140618,no movement
5694,0.1133385057588934,0.1192555592194823,no movement
5695,0.1133385057588934,0.1189595577288733,no movement
5696,0.1133385057588934,0.1186635562382643,no movement
5697,0.1133385057588934,0.1183675547476553,no movement
5698,0.1133385057588934,0.1180715532570463,no movement
5699,0.1133385057588934,0.1178248032051413,no movement
5700,0.1133385057588934,0.1175780531532363,no movement
5701,0.1133385057588934,0.1173313031013313,no movement
5702,0.1133385057588934,0.1170845530494263,no movement
5703,0.1133385057588934,0.1168378029975213,no movement
5704,0.1133385057588934,0.1165910529456163,no movement
5705,0.1133385057588934,0.1163443028937114,no movement
5706,0.1133385057588934,0.1160975528418064,no movement
5707,0.1133385057588934,0.1158545121531657,no movement
5708,0.1133385057588934,0.115611471464525,no movement
5709,0.1133385057588934,0.1153684307758843,no movement
5710,0.1133385057588934,0.1151253900872436,no movement
5711,0.1133385057588934,0.1148697429777556,no movement
5712,0.1114502398825238,0.1146140958682675,no movement
5713,0.1114502398825238,0.1143584487587795,no movement
5714,0.1114502398825238,0.1141028016492914,no movement
5715,0.1114502398825238,0.1138471545398034,no movement
5716,0.1069926625078652,0.1135915074303153,no movement
5717,0.1069926625078652,0.1133358603208273,no movement
5718,0.1069926625078652,0.1130802132113392,no movement
5719,0.1069926625078652,0.1128388155184953,no movement
5720,0.1069926625078652,0.1125974178256514,no movement
5721,0.1069926625078652,0.1123560201328075,no movement
5722,0.1069926625078652,0.1121146224399636,no movement
5723,0.1069926625078652,0.111887333491845,no movement
5724,0.1069926625078652,0.1116600445437264,no movement
5725,0.1069926625078652,0.1114327555956078,no movement
5726,0.1069926625078652,0.1112054666474891,no movement
5727,0.1069926625078652,0.1109781776993705,no movement
5728,0.1069926625078652,0.1107508887512519,no movement
5729,0.1069926625078652,0.1105235998031333,no movement
5730,0.1069926625078652,0.1102963108550147,no movement
5731,0.1069926625078652,0.1100863143730569,no movement
5732,0.1069926625078652,0.1098763178910991,no movement
5733,0.1069926625078652,0.1096663214091412,no movement
5734,0.1069926625078652,0.1094563249271835,no movement
5735,0.1069926625078652,0.1092519497421654,no movement
5736,0.1081877289296261,0.1090475745571474,no movement
5737,0.1081877289296261,0.1088431993721293,no movement
5738,0.1081877289296261,0.1086388241871113,no movement
5739,0.1081877289296261,0.1084344490020932,no movement
5740,0.1053520789638614,0.1082300738170752,no movement
5741,0.1053520789638614,0.1080256986320571,no movement
5742,0.1053520789638614,0.1078213234470391,no movement
5743,0.1053520789638614,0.107626856254678,no movement
5744,0.1053520789638614,0.1074323890623169,no movement
5745,0.1053520789638614,0.1072379218699557,no movement
5746,0.1053520789638614,0.1070434546775946,no movement
5747,0.1053520789638614,0.1068576539459727,no movement
5748,0.1053520789638614,0.1066718532143509,no movement
5749,0.1053520789638614,0.106486052482729,no movement
5750,0.1053520789638614,0.1063002517511071,no movement
5751,0.1053520789638614,0.1061144510194852,no movement
5752,0.1053520789638614,0.1059286502878633,no movement
5753,0.1053520789638614,0.1057428495562414,no movement
5754,0.1053520789638614,0.1055570488246195,no movement
5755,0.1053520789638614,0.1054045914750799,no movement
5756,0.1053520789638614,0.1052521341255402,no movement
5757,0.1053520789638614,0.1050996767760005,no movement
5758,0.1053520789638614,0.1049472194264608,no movement
5759,0.1053520789638614,0.1048127424535014,no movement
5760,0.1036601084405804,0.104678265480542,no movement
5761,0.1036601084405804,0.1045437885075826,no movement
5762,0.1036601084405804,0.1044093115346232,no movement
5763,0.1036601084405804,0.1042748345616638,no movement
5764,0.1030211803746808,0.1041403575887044,no movement
5765,0.1030211803746808,0.104005880615745,no movement
5766,0.1030211803746808,0.1038714036427856,no movement
5767,0.1030211803746808,0.1037444709325676,no movement
5768,0.1030211803746808,0.1036175382223495,no movement
5769,0.1030211803746808,0.1034906055121314,no movement
5770,0.1030211803746808,0.1033636728019134,no movement
5771,0.1030211803746808,0.1032505610425696,no movement
5772,0.1030211803746808,0.1031374492832259,no movement
5773,0.1030211803746808,0.1030243375238822,no movement
5774,0.1030211803746808,0.1029112257645384,no movement
5775,0.1030211803746808,0.1027981140051947,no movement
5776,0.1030211803746808,0.102685002245851,no movement
5777,0.1030211803746808,0.1025718904865072,no movement
5778,0.1030211803746808,0.1024587787271635,no movement
5779,0.1030211803746808,0.1024290569903101,no movement
5780,0.1030211803746808,0.1023993352534567,no movement
5781,0.1030211803746808,0.1023696135166033,no movement
5782,0.1030211803746808,0.1023398917797498,no movement
5783,0.1030211803746808,0.1023512236267518,no movement
5784,0.0977019000191326,0.1019039323620569,no movement
5785,0.0977019000191326,0.1014566410973621,no movement
5786,0.0977019000191326,0.1010093498326672,no movement
5787,0.0977019000191326,0.1005620585679724,no movement
5788,0.0975455439845279,0.1001147673032775,no movement
5789,0.0975455439845279,0.0996674760385827,no movement
5790,0.0975455439845279,0.0992201847738878,no movement
5791,0.0975455439845279,0.0987826648762702,no movement
5792,0.0975455439845279,0.0983451449786525,no movement
5793,0.0975455439845279,0.0979076250810348,no movement
5794,0.0975455439845279,0.0974701051834172,no movement
5795,0.0975455439845279,0.0970422545403696,no movement
5796,0.0975455439845279,0.096614403897322,no movement
5797,0.0975455439845279,0.0961865532542745,no movement
5798,0.0975455439845279,0.0957587026112269,no movement
5799,0.0975455439845279,0.0953308519681794,no movement
5800,0.0975455439845279,0.0949030013251318,no movement
5801,0.0975455439845279,0.0944751506820842,no movement
5802,0.0975455439845279,0.0940473000390367,no movement
5803,0.0975455439845279,0.0936194493959891,no movement
5804,0.0975455439845279,0.0931915987529416,no movement
5805,0.0975455439845279,0.092763748109894,no movement
5806,0.0975455439845279,0.0923358974668464,no movement
5807,0.0975455439845279,0.0919080468237989,no movement
5808,0.0926930925345984,0.0914801961807513,no movement
5809,0.0926930925345984,0.0910523455377038,no movement
5810,0.0926930925345984,0.0906244948946562,no movement
5811,0.0926930925345984,0.0901966442516087,no movement
5812,0.0898920715739865,0.0897687936085611,no movement
5813,0.0898920715739865,0.0893409429655135,no movement
5814,0.0898920715739865,0.088913092322466,no movement
5815,0.0898920715739865,0.0885000012608918,no movement
5816,0.0898920715739865,0.0880869101993177,no movement
5817,0.0898920715739865,0.0876738191377435,no movement
5818,0.0898920715739865,0.0872607280761693,no movement
5819,0.0898920715739865,0.0868554497516655,no movement
5820,0.0898920715739865,0.0864501714271616,no movement
5821,0.0898920715739865,0.0860448931026577,no movement
5822,0.0898920715739865,0.0856396147781538,no movement
5823,0.0898920715739865,0.08523433645365,no movement
5824,0.0898920715739865,0.0848290581291461,no movement
5825,0.0898920715739865,0.0844237798046422,no movement
5826,0.0898920715739865,0.0840185014801384,no movement
5827,0.0898920715739865,0.0836132231556345,no movement
5828,0.0898920715739865,0.0832079448311306,no movement
5829,0.0898920715739865,0.0828026665066267,no movement
5830,0.0898920715739865,0.0823973881821229,no movement
5831,0.0898920715739865,0.081992109857619,no movement
5832,0.0871149688043987,0.0815868315331151,no movement
5833,0.0871149688043987,0.0811815532086112,no movement
5834,0.0871149688043987,0.0807762748841074,no movement
5835,0.0871149688043987,0.0803709965596035,no movement
5836,0.0806517123513309,0.0799657182350996,no movement
5837,0.0806517123513309,0.0795604399105957,no movement
5838,0.0806517123513309,0.0791551615860919,no movement
5839,0.0806517123513309,0.0787653873770504,no movement
5840,0.0806517123513309,0.0783756131680089,no movement
5841,0.0806517123513309,0.0779858389589675,no movement
5842,0.0806517123513309,0.077596064749926,no movement
5843,0.0806517123513309,0.0772182697307297,no movement
5844,0.0806517123513309,0.0768404747115334,no movement
5845,0.0806517123513309,0.0764626796923371,no movement
5846,0.0806517123513309,0.0760848846731408,no movement
5847,0.0806517123513309,0.0757070896539445,no movement
5848,0.0806517123513309,0.0753292946347481,no movement
5849,0.0806517123513309,0.0749514996155518,no movement
5850,0.0806517123513309,0.0745737045963555,no movement
5851,0.0806517123513309,0.0741959095771592,no movement
5852,0.0806517123513309,0.0738181145579629,no movement
5853,0.0806517123513309,0.0734403195387666,no movement
5854,0.0806517123513309,0.0730625245195703,no movement
5855,0.0806517123513309,0.072684729500374,no movement
5856,0.0817645213306211,0.0723069344811777,no movement
5857,0.0817645213306211,0.0719291394619813,no movement
5858,0.0817645213306211,0.071551344442785,no movement
5859,0.0817645213306211,0.0711735494235887,no movement
5860,0.0779825950764123,0.0707957544043924,no movement
5861,0.0779825950764123,0.0704179593851961,no movement
5862,0.0779825950764123,0.0700401643659998,no movement
5863,0.0779825950764123,0.0696686635663914,no movement
5864,0.0779825950764123,0.069297162766783,no movement
5865,0.0779825950764123,0.0689256619671745,no movement
5866,0.0779825950764123,0.0685541611675661,no movement
5867,0.0779825950764123,0.0681975189592066,no movement
5868,0.0779825950764123,0.067840876750847,no movement
5869,0.0779825950764123,0.0674842345424875,no movement
5870,0.0779825950764123,0.0671275923341279,no movement
5871,0.0779825950764123,0.0667709501257684,no movement
5872,0.0779825950764123,0.0664143079174088,no movement
5873,0.0779825950764123,0.0660576657090493,no movement
5874,0.0779825950764123,0.0657010235006897,no movement
5875,0.0779825950764123,0.0653443812923302,no movement
5876,0.0779825950764123,0.0649877390839706,no movement
5877,0.0779825950764123,0.0646310968756111,no movement
5878,0.0779825950764123,0.0642744546672515,no movement
5879,0.0779825950764123,0.063917812458892,no movement
5880,0.0831703349246564,0.0635611702505324,no movement
5881,0.0831703349246564,0.0632045280421729,no movement
5882,0.0831703349246564,0.0628478858338133,no movement
5883,0.0831703349246564,0.0624912436254538,no movement
5884,0.0848567240065854,0.0621346014170942,no movement
5885,0.0848567240065854,0.0617779592087347,no movement
5886,0.0848567240065854,0.0614213170003751,no movement
5887,0.0848567240065854,0.0610606912372764,no movement
5888,0.0848567240065854,0.0607000654741776,no movement
5889,0.0848567240065854,0.0603394397110789,no movement
5890,0.0848567240065854,0.0599788139479801,no movement
5891,0.0848567240065854,0.0596276403514339,no movement
5892,0.0848567240065854,0.0592764667548877,no movement
5893,0.0848567240065854,0.0589252931583415,no movement
5894,0.0848567240065854,0.0585741195617953,no movement
5895,0.0848567240065854,0.0582229459652491,no movement
5896,0.0848567240065854,0.0578717723687029,no movement
5897,0.0848567240065854,0.0575205987721567,no movement
5898,0.0848567240065854,0.0571694251756105,no movement
5899,0.0848567240065854,0.0568182515790643,no movement
5900,0.0848567240065854,0.056467077982518,no movement
5901,0.0848567240065854,0.0561159043859718,no movement
5902,0.0848567240065854,0.0557647307894256,no movement
5903,0.0848567240065854,0.0554135571928794,no movement
5904,0.0948597386312425,0.0550623835963332,no movement
5905,0.0948597386312425,0.054711209999787,no movement
5906,0.0948597386312425,0.0543600364032408,no movement
5907,0.0948597386312425,0.0540088628066946,no movement
5908,0.100253851605333,0.0536576892101484,no movement
5909,0.100253851605333,0.0533065156136022,no movement
5910,0.100253851605333,0.052955342017056,no movement
5911,0.100253851605333,0.0526098083222541,no movement
5912,0.100253851605333,0.0522642746274521,no movement
5913,0.100253851605333,0.0519187409326502,no movement
5914,0.100253851605333,0.0515732072378483,no movement
5915,0.100253851605333,0.051229803303266,no movement
5916,0.100253851605333,0.0508863993686837,no movement
5917,0.100253851605333,0.0505429954341015,no movement
5918,0.100253851605333,0.0501995914995192,no movement
5919,0.100253851605333,0.0498561875649369,no movement
5920,0.100253851605333,0.0495127836303547,no movement
5921,0.100253851605333,0.0491693796957724,no movement
5922,0.100253851605333,0.0488259757611901,no movement
5923,0.100253851605333,0.0484825718266078,no movement
5924,0.100253851605333,0.0481391678920256,no movement
5925,0.100253851605333,0.0477957639574433,no movement
5926,0.100253851605333,0.047452360022861,no movement
5927,0.100253851605333,0.0471089560882788,no movement
5928,0.125270858352431,0.0467655521536965,no movement
5929,0.125270858352431,0.0464221482191142,no movement
5930,0.125270858352431,0.046078744284532,no movement
5931,0.125270858352431,0.0457353403499497,no movement
5932,0.137586933509027,0.0453919364153674,no movement
5933,0.0,0.0450485324807852,no movement
5934,0.0,0.0448546440262905,no movement
5935,0.0,0.0446773042410796,no movement
5936,0.0,0.0444987702485609,no movement
5937,0.0,0.044319029945282,no movement
5938,0.0,0.0441380710636757,no movement
5939,0.0,0.0439564129925163,no movement
5940,0.0,0.0437735149345231,no movement
5941,0.0,0.0435893641501053,no movement
5942,0.0,0.0434039477245575,no movement
5943,0.0,0.0432172525650403,no movement
5944,0.0,0.0430292653974988,no movement
5945,0.0,0.0428399727635161,no movement
5946,0.0,0.0426493610171014,no movement
5947,0.0,0.0424574163214111,no movement
5948,0.0,0.0422641246454002,no movement
5949,0.0,0.0420694717604033,no movement
5950,0.0,0.0418734432366431,no movement
5951,0.0,0.0416760244396648,no movement
5952,0.0,0.0414772005266938,no movement
5953,0.0,0.0412769564429158,no movement
5954,0.0,0.041075276917677,no movement
5955,0.0,0.040872146460602,no movement
5956,0.0,0.0406675493576276,no movement
5957,0.0,0.0404614696669504,no movement
5958,0.0,0.0402538912148865,no movement
5959,0.0,0.0400625072684642,no movement
5960,0.0,0.0398697212418483,no movement
5961,0.0,0.039675517670919,no movement
5962,0.0,0.039479880863304,no movement
5963,0.0,0.039293169045857,no movement
5964,0.0,0.0391050690364588,no movement
5965,0.0,0.0389155652956471,no movement
5966,0.0,0.0387246420511589,no movement
5967,0.0,0.0385322832935543,no movement
5968,0.0,0.0383384727717414,no movement
5969,0.0,0.0381431939883995,no movement
5970,0.0,0.0379464301952984,no movement
5971,0.0,0.0377481643885096,no movement
5972,0.0,0.0375483793035077,no movement
5973,0.0,0.0373470574101597,no movement
5974,0.0,0.0371441809075967,no movement
5975,0.0,0.0369397317189673,no movement
5976,0.0,0.0367336914860684,no movement
5977,0.0,0.0365260415638499,no movement
5978,0.0,0.0363167630147906,no movement
5979,0.0,0.0361058366031402,no movement
5980,0.0,0.0358932427890262,no movement
5981,0.0,0.0356789617224192,no movement
5982,0.0,0.0354629732369548,no movement
5983,0.0,0.035256365254685,no movement
5984,0.0,0.0350480977705496,no movement
5985,0.0,0.0348381507099293,no movement
5986,0.0,0.0346265036731095,no movement
5987,0.0,0.0344394093288891,no movement
5988,0.0,0.0342507876838996,no movement
5989,0.0,0.0340606199598527,no movement
5990,0.0,0.0338688870693528,no movement
5991,0.0,0.0336755696095099,no movement
5992,0.0,0.0334806478553945,no movement
5993,0.0,0.0332841017533281,no movement
5994,0.0,0.0330859109140059,no movement
5995,0.0,0.0328860546054457,no movement
5996,0.0,0.0326845117457584,no movement
5997,0.0,0.0324812608957348,no movement
5998,0.0,0.0322762802512429,no movement
5999,0.0,0.0320695476354306,no movement
6000,0.0,0.0318610404907271,no movement
6001,0.0,0.0316507358706383,no movement
6002,0.0,0.031438610431328,no movement
6003,0.0,0.0312246404229801,no movement
6004,0.0,0.0310088016809349,no movement
6005,0.0,0.0307910696165911,no movement
6006,0.0,0.030571419208068,no movement
6007,0.0,0.0303449010570833,no movement
6008,0.0,0.0301163694114231,no movement
6009,0.0,0.029885797304641,no movement
6010,0.0,0.0296531572865872,no movement
6011,0.0,0.0294354571163628,no movement
6012,0.0,0.0292157868088513,no movement
6013,0.0,0.0289941194985442,no movement
6014,0.0,0.0287704278292388,no movement
6015,0.0,0.0285446839427839,no movement
6016,0.0,0.0283168594675137,no movement
6017,0.0,0.0280869255063614,no movement
6018,0.0,0.0278548526246403,no movement
6019,0.0,0.0276206108374824,no movement
6020,0.0,0.0273841695969241,no movement
6021,0.0,0.0271454977786246,no movement
6022,0.0,0.0269045636682086,no movement
6023,0.0,0.0266613349472171,no movement
6024,0.0,0.0264157786786564,no movement
6025,0.0,0.0261678612921287,no movement
6026,0.0,0.0259175485685331,no movement
6027,0.0,0.0256648056243201,no movement
6028,0.0,0.0254095968952855,no movement
6029,0.0,0.0251518861198878,no movement
6030,0.0,0.0248916363220725,no movement
6031,0.0,0.0246031279131488,no movement
6032,0.0,0.024311748773788,no movement
6033,0.0,0.0240174558430337,no movement
6034,0.0,0.0237202051943823,no movement
6035,0.0,0.023411434897351,no movement
6036,0.0,0.0230995298764919,no movement
6037,0.0,0.0227844421513384,no movement
6038,0.0,0.0224661227572089,no movement
6039,0.0,0.022144521719841,no movement
6040,0.0,0.0218195880292361,no movement
6041,0.0,0.0214912696126874,no movement
6042,0.0,0.0211595133069602,no movement
6043,0.0,0.0208242648295938,no movement
6044,0.0,0.0204854687492922,no movement
6045,0.0,0.0201430684553704,no movement
6046,0.0,0.0197970061262196,no movement
6047,0.0,0.0194472226967552,no movement
6048,0.0,0.0190936578248102,no movement
6049,0.0,0.018736249856431,no movement
6050,0.0,0.0183749357900367,no movement
6051,0.0,0.0180096512393963,no movement
6052,0.0,0.0176403303953787,no movement
6053,0.0,0.0172669059864276,no movement
6054,0.0,0.0168893092377116,no movement
6055,0.0,0.0164512731175232,no movement
6056,0.0,0.0160082874366547,no movement
6057,0.0,0.0155602678275946,no movement
6058,0.0,0.0151071279944309,no movement
6059,0.0,0.0146177790081613,no movement
6060,0.0,0.0141227728081777,no movement
6061,0.0,0.0136220107221477,no movement
6062,0.0,0.0131153917696145,no movement
6063,0.0,0.0126028125941102,no movement
6064,0.0,0.0120841673928604,no movement
6065,0.0,0.0115593478439766,no movement
6066,0.0,0.0110282430310344,no movement
6067,0.0,0.0104907393649241,no movement
6068,0.0,0.0099467205028611,no movement
6069,0.0,0.0093960672644314,no movement
6070,0.0,0.0088386575445485,no movement
6071,0.0,0.0082743662231857,no movement
6072,0.0,0.0077030650717437,no movement
6073,0.0,0.0071246226559088,no movement
6074,0.0,0.0065389042348432,no movement
6075,0.0,0.005945771656549,no movement
6076,0.0,0.0053450832492319,no movement
6077,0.0,0.0047366937084877,no movement
6078,0.0,0.0041204539801209,no movement
6079,0.0,0.0033337630426384,no movement
6080,0.0,0.0025367885634894,no movement
6081,0.0,0.0017293275780359,no movement
6082,0.0,0.0009111717450928,no movement
